10 0.062217 0.876663 0.047511 0.019447
6 0.367081 0.737462 0.105204 0.021494
6 0.368213 0.795803 0.107466 0.023541
6 0.366516 0.824463 0.108597 0.025589
6 0.364819 0.855169 0.105204 0.025589
6 0.363688 0.884852 0.105204 0.023541
6 0.351244 0.915046 0.096154 0.026612
6 0.498303 0.200102 0.116516 0.023541
6 0.505656 0.224667 0.099548 0.025589
6 0.489819 0.281986 0.079186 0.025589
6 0.491516 0.310133 0.078054 0.022518
6 0.516403 0.367451 0.075792 0.024565
6 0.486991 0.394575 0.082579 0.023541
6 0.511312 0.424770 0.076923 0.022518
6 0.512443 0.453429 0.079186 0.026612
6 0.484729 0.479017 0.078054 0.024565
6 0.502828 0.509724 0.082579 0.026612
6 0.494344 0.539918 0.081448 0.027636
6 0.486425 0.568577 0.067873 0.023541
6 0.481335 0.596213 0.082579 0.023541
6 0.496041 0.624360 0.078054 0.026612
6 0.477941 0.653531 0.082579 0.025589
6 0.501697 0.683214 0.071267 0.023541
6 0.496041 0.713408 0.078054 0.022518
6 0.492081 0.742579 0.076923 0.025589
6 0.492647 0.769703 0.073529 0.028659
6 0.498869 0.797851 0.067873 0.021494
6 0.480204 0.828557 0.071267 0.031730
6 0.477941 0.853634 0.071267 0.026612
6 0.477376 0.883316 0.070136 0.026612
6 0.490385 0.915558 0.069005 0.021494
6 0.367081 0.765609 0.105204 0.024565
6 0.366516 0.708802 0.104072 0.025589
10 0.064480 0.781986 0.052036 0.020471
6 0.368778 0.679120 0.106335 0.025589
6 0.154977 0.272774 0.092760 0.025589
6 0.148190 0.329580 0.097285 0.022518
6 0.157805 0.360798 0.111991 0.027636
6 0.160633 0.476970 0.106335 0.024565
6 0.159502 0.506653 0.113122 0.026612
6 0.152715 0.535824 0.110860 0.025589
6 0.156109 0.565507 0.108597 0.023541
6 0.154977 0.594166 0.110860 0.023541
6 0.156109 0.626919 0.092760 0.025589
6 0.146493 0.685261 0.091629 0.023541
6 0.143665 0.715455 0.092760 0.024565
6 0.139140 0.741556 0.095023 0.023541
6 0.139706 0.771750 0.091629 0.022518
6 0.135747 0.801433 0.092760 0.022518
6 0.135747 0.828045 0.072398 0.024565
6 0.130090 0.860798 0.070136 0.020471
6 0.134050 0.887922 0.069005 0.021494
6 0.132353 0.917093 0.067873 0.022518
6 0.373303 0.204708 0.099548 0.022518
6 0.372738 0.238997 0.102941 0.025589
6 0.369910 0.360287 0.101810 0.028659
6 0.371041 0.414023 0.104072 0.027636
6 0.372172 0.445241 0.104072 0.024565
6 0.372172 0.474923 0.101810 0.022518
6 0.371041 0.530706 0.108597 0.029683
6 0.372738 0.563460 0.105204 0.021494
6 0.369344 0.592119 0.107466 0.025589
6 0.364253 0.621290 0.104072 0.024565
6 0.370475 0.651996 0.105204 0.022518
6 0.682127 0.279939 0.056561 0.021494
6 0.680995 0.310645 0.058824 0.021494
6 0.679864 0.336745 0.056561 0.020471
6 0.675905 0.367451 0.057692 0.020471
10 0.047511 0.016888 0.024887 0.031730
10 0.058824 0.057318 0.024887 0.036847
10 0.161765 0.098260 0.052036 0.022518
10 0.232466 0.094166 0.046380 0.020471
10 0.527715 0.048618 0.032805 0.046059
10 0.572398 0.053736 0.027149 0.041965
10 0.592760 0.054759 0.024887 0.044012
10 0.610860 0.053736 0.020362 0.031730
10 0.633484 0.057318 0.024887 0.038895
10 0.662330 0.049130 0.023756 0.042989
10 0.711538 0.049642 0.020362 0.033777
10 0.772624 0.054248 0.027149 0.045036
10 0.501697 0.147902 0.050905 0.021494
10 0.441742 0.150461 0.050905 0.022518
10 0.341629 0.155578 0.045249 0.020471
10 0.290158 0.159161 0.050905 0.023541
10 0.238122 0.162743 0.053167 0.024565
10 0.066176 0.317298 0.050905 0.022518
10 0.068439 0.341863 0.046380 0.016377
10 0.069005 0.375128 0.049774 0.019447
10 0.067308 0.399181 0.048643 0.018424
10 0.064480 0.421699 0.052036 0.020471
10 0.065611 0.445241 0.049774 0.018424
10 0.060520 0.561924 0.062217 0.028659
10 0.066176 0.640737 0.048643 0.022518
10 0.065045 0.688843 0.046380 0.020471
10 0.065045 0.605425 0.044118 0.019447
10 0.061086 0.669396 0.049774 0.020471
10 0.059955 0.716991 0.054299 0.019447
6 0.803167 0.906346 0.058824 0.052201
6 0.799208 0.873593 0.055430 0.052201
6 0.798077 0.838280 0.057692 0.055271
6 0.675339 0.873081 0.061086 0.024565
6 0.675905 0.396111 0.053167 0.020471
6 0.679864 0.425793 0.056561 0.020471
6 0.675339 0.455988 0.054299 0.019447
6 0.678733 0.482600 0.058824 0.019447
6 0.675339 0.509724 0.054299 0.020471
6 0.675905 0.540430 0.055430 0.020471
6 0.671946 0.568577 0.058824 0.025589
6 0.673643 0.598772 0.059955 0.024565
6 0.669683 0.625384 0.058824 0.022518
6 0.678167 0.653531 0.057692 0.021494
6 0.669683 0.682702 0.061086 0.022518
6 0.669118 0.711873 0.057692 0.021494
6 0.676471 0.844422 0.063348 0.022518
6 0.672511 0.902252 0.059955 0.025589
6 0.804299 0.798362 0.056561 0.051177
6 0.670249 0.930399 0.062217 0.024565
6 0.800905 0.334186 0.056561 0.050154
6 0.804299 0.401740 0.056561 0.052201
6 0.802036 0.440635 0.061086 0.048106
6 0.801471 0.476970 0.057692 0.049130
6 0.807127 0.507165 0.059955 0.050154
6 0.805430 0.544524 0.063348 0.049130
6 0.805995 0.581883 0.059955 0.050154
6 0.807127 0.616172 0.059955 0.051177
6 0.803167 0.652508 0.058824 0.050154
6 0.808824 0.685773 0.058824 0.051177
6 0.802036 0.726203 0.056561 0.052201
6 0.805995 0.761003 0.055430 0.052201
6 0.157240 0.239509 0.095023 0.024565
