10 0.986842 0.181764 0.019737 0.013025
10 0.929276 0.233274 0.023026 0.013025
10 0.127467 0.238603 0.023575 0.011841
10 0.127467 0.250444 0.024671 0.013025
10 0.123629 0.264062 0.023575 0.011841
10 0.124178 0.277087 0.022478 0.011841
10 0.126096 0.292185 0.026316 0.012433
10 0.118147 0.310243 0.025768 0.011841
10 0.099232 0.286560 0.026316 0.011841
10 0.096491 0.269390 0.033991 0.014210
10 0.100055 0.256365 0.027961 0.013025
10 0.102248 0.240379 0.023575 0.011841
10 0.100329 0.225873 0.024123 0.011249
10 0.101974 0.200414 0.024123 0.012433
10 0.100603 0.185613 0.023575 0.012433
10 0.101974 0.170515 0.026316 0.013025
10 0.102796 0.157490 0.025768 0.013025
10 0.104715 0.115453 0.025219 0.013025
10 0.103893 0.102724 0.024671 0.012433
10 0.104441 0.088810 0.031250 0.016578
10 0.105811 0.073120 0.024123 0.012433
10 0.103893 0.059503 0.024671 0.012433
10 0.106908 0.045885 0.019737 0.010065
10 0.105811 0.031972 0.023026 0.009473
10 0.134594 0.017170 0.022478 0.011841
10 0.108553 0.019242 0.020833 0.011249
3 0.527412 0.640912 0.866228 0.473061
11 0.525493 0.636471 0.481908 0.298401
14 0.483827 0.249852 0.055373 0.120782
14 0.420230 0.248372 0.055373 0.122558
14 0.355537 0.244819 0.056469 0.123742
10 0.128289 0.225577 0.023026 0.013025
10 0.126371 0.213736 0.022478 0.011841
10 0.126645 0.201303 0.021930 0.010657
10 0.910088 0.048549 0.015351 0.010657
10 0.908717 0.034044 0.023575 0.011249
10 0.907346 0.190645 0.015351 0.010657
10 0.812774 0.955003 0.023575 0.026051
10 0.517818 0.087626 0.009320 0.016578
10 0.574836 0.039076 0.019189 0.027235
10 0.518366 0.068088 0.010417 0.013025
10 0.586623 0.031380 0.020833 0.026051
10 0.916118 0.957667 0.023026 0.026643
10 0.984375 0.258141 0.020285 0.011841
10 0.989309 0.164298 0.016996 0.011249
10 0.988761 0.130255 0.019189 0.010657
10 0.911184 0.133215 0.012061 0.010657
10 0.910910 0.105388 0.014803 0.009473
10 0.907072 0.063351 0.025768 0.013025
10 0.130208 0.187389 0.029057 0.011249
10 0.745066 0.953227 0.023026 0.029603
10 0.677906 0.947306 0.025768 0.013025
10 0.725055 0.955299 0.022478 0.032564
10 0.130757 0.041445 0.022478 0.011841
10 0.132950 0.028419 0.022478 0.010657
10 0.130757 0.052102 0.024671 0.011841
10 0.132401 0.063351 0.023575 0.011841
10 0.132401 0.089698 0.025768 0.012433
10 0.131579 0.102131 0.024123 0.011249
10 0.128838 0.116637 0.023026 0.011841
10 0.130482 0.140024 0.023026 0.011249
10 0.129112 0.151273 0.020285 0.010065
10 0.126371 0.174660 0.023575 0.010657
14 0.290844 0.242747 0.056469 0.121966
