6 0.603191 0.096717 0.027766 0.005862
7 0.456071 0.933763 0.104020 0.054318
7 0.177994 0.242087 0.092416 0.046112
7 0.174264 0.291227 0.094074 0.043962
7 0.163697 0.401036 0.102777 0.045526
7 0.147327 0.460531 0.095731 0.046112
7 0.155615 0.509867 0.103191 0.044353
7 0.142147 0.569363 0.105263 0.044939
7 0.140489 0.618992 0.119354 0.048456
7 0.122876 0.676925 0.123912 0.053732
7 0.129300 0.739449 0.104434 0.044353
7 0.125363 0.796796 0.124741 0.051192
7 0.126399 0.867624 0.118525 0.049824
7 0.107335 0.928195 0.111894 0.055295
7 0.224409 0.929855 0.111479 0.057444
7 0.334438 0.920965 0.074596 0.036147
7 0.571488 0.932689 0.102777 0.055686
6 0.425818 0.114693 0.031910 0.012896
7 0.687526 0.937476 0.105263 0.056272
7 0.806051 0.935717 0.104434 0.055881
7 0.847078 0.822294 0.105263 0.056077
7 0.491504 0.814283 0.104434 0.055295
7 0.374430 0.811645 0.105678 0.055881
7 0.595524 0.676631 0.077911 0.041422
7 0.490261 0.677804 0.077082 0.039859
7 0.537091 0.559789 0.110236 0.057054
7 0.653751 0.561841 0.109822 0.057640
7 0.396187 0.559301 0.121840 0.049824
7 0.405719 0.379640 0.120182 0.047675
7 0.620390 0.069656 0.138417 0.061938
7 0.444260 0.052755 0.009946 0.008597
7 0.653543 0.212681 0.094488 0.047089
7 0.178409 0.107366 0.138002 0.071708
