10 0.573519 0.019481 0.013240 0.010513
10 0.431010 0.037724 0.022300 0.009895
14 0.184321 0.084261 0.035540 0.062152
14 0.233972 0.085343 0.035192 0.061843
14 0.131882 0.176098 0.033798 0.060915
14 0.181359 0.177798 0.034495 0.062461
14 0.231185 0.178726 0.035192 0.061843
11 0.700871 0.624613 0.267944 0.149041
3 0.809059 0.306122 0.254355 0.470625
11 0.807840 0.305504 0.180139 0.261596
0 0.232230 0.363791 0.185017 0.158009
0 0.786934 0.825294 0.232404 0.213976
0 0.418990 0.790971 0.321603 0.273964
10 0.516551 0.112090 0.008014 0.013296
10 0.529617 0.131725 0.007666 0.013605
10 0.523868 0.079314 0.007317 0.014533
10 0.410976 0.226809 0.008711 0.015152
10 0.427700 0.228664 0.010105 0.017007
10 0.446864 0.224490 0.017073 0.007421
10 0.428223 0.255411 0.015331 0.006184
10 0.429094 0.261132 0.014286 0.006494
10 0.413066 0.255257 0.016376 0.007730
10 0.383798 0.254638 0.014983 0.006494
10 0.382753 0.262059 0.015679 0.007112
10 0.123519 0.818491 0.008711 0.013605
10 0.122997 0.791126 0.008362 0.013915
10 0.050000 0.746135 0.015679 0.006803
14 0.134321 0.082560 0.035889 0.061843
