10 0.793137 0.284054 0.005835 0.004650
10 0.714087 0.814415 0.007780 0.009573
6 0.500972 0.611050 0.016116 0.022976
10 0.528758 0.616247 0.007780 0.009300
6 0.451375 0.260531 0.015282 0.022702
6 0.457905 0.253966 0.014448 0.019967
6 0.471103 0.255881 0.019728 0.029267
6 0.497221 0.242205 0.020839 0.026532
6 0.592942 0.183944 0.022784 0.030908
10 0.535427 0.146061 0.006669 0.007659
6 0.535288 0.173277 0.046402 0.031455
6 0.627119 0.121307 0.013893 0.018873
10 0.402751 0.185312 0.010836 0.009026
10 0.616838 0.075766 0.012226 0.009847
10 0.606696 0.109136 0.008614 0.010394
10 0.623507 0.097511 0.009447 0.011214
10 0.718255 0.812500 0.007780 0.007932
10 0.786607 0.269010 0.011114 0.004650
10 0.722840 0.809628 0.007502 0.009847
6 0.688525 0.534874 0.032787 0.022702
10 0.686996 0.217314 0.010836 0.008479
10 0.706724 0.215536 0.008058 0.009300
10 0.691998 0.225520 0.010836 0.009573
10 0.711587 0.257795 0.010558 0.009026
10 0.725063 0.279404 0.009169 0.007932
10 0.764518 0.233178 0.008614 0.010120
10 0.655321 0.055662 0.008614 0.005744
10 0.656432 0.060859 0.008614 0.006291
10 0.658238 0.065509 0.008336 0.007385
10 0.672270 0.082877 0.011392 0.008206
10 0.672687 0.087664 0.009447 0.006838
10 0.674910 0.091904 0.008891 0.006565
6 0.493331 0.611461 0.016393 0.022155
6 0.485690 0.612144 0.016671 0.022429
6 0.480550 0.617752 0.016393 0.022155
6 0.486246 0.641001 0.016116 0.021608
6 0.232565 0.622949 0.019450 0.010667
6 0.240483 0.617888 0.020283 0.010394
6 0.247847 0.613786 0.019450 0.010394
6 0.256182 0.609272 0.016116 0.009026
6 0.262017 0.604896 0.020006 0.009573
6 0.270770 0.599973 0.019728 0.010120
6 0.278550 0.595460 0.020283 0.009847
6 0.286191 0.590263 0.018338 0.009300
6 0.294109 0.586023 0.020839 0.009026
6 0.300778 0.580689 0.020839 0.008753
10 0.268686 0.367068 0.013337 0.010941
10 0.266463 0.361050 0.015560 0.011488
6 0.325924 0.331783 0.019450 0.014223
6 0.322451 0.326313 0.022506 0.016411
6 0.329258 0.337254 0.019450 0.014223
6 0.335788 0.340810 0.015838 0.011488
6 0.338288 0.346143 0.015282 0.011761
6 0.254098 0.282960 0.010281 0.012856
6 0.261739 0.283370 0.011670 0.014770
10 0.562517 0.906729 0.008058 0.009300
6 0.405251 0.662746 0.014726 0.019147
6 0.410809 0.658917 0.014171 0.018600
6 0.419005 0.659190 0.016116 0.021882
6 0.429564 0.647839 0.015004 0.021061
6 0.435677 0.642369 0.015560 0.021061
6 0.442623 0.641138 0.016116 0.020788
6 0.448180 0.635394 0.016116 0.021335
6 0.455543 0.633479 0.015838 0.021335
6 0.473604 0.648249 0.016393 0.022976
10 0.677133 0.095870 0.008336 0.006838
10 0.680328 0.100109 0.008058 0.007112
10 0.682690 0.103665 0.009447 0.007112
10 0.697416 0.125821 0.010003 0.008753
10 0.699083 0.130881 0.008891 0.008479
10 0.707836 0.126094 0.009169 0.007112
10 0.717144 0.119940 0.010558 0.008479
10 0.714643 0.116247 0.008336 0.007112
10 0.710475 0.129513 0.009447 0.007932
10 0.701584 0.134847 0.008336 0.007112
10 0.723673 0.110640 0.010281 0.007932
10 0.719366 0.123906 0.010558 0.008206
10 0.704084 0.138813 0.009447 0.008479
10 0.707280 0.142916 0.008614 0.007932
10 0.723118 0.127188 0.009169 0.007112
10 0.712559 0.133206 0.008614 0.007112
10 0.712559 0.151532 0.008058 0.007112
10 0.710614 0.147155 0.008614 0.007659
10 0.714226 0.156182 0.009169 0.007112
10 0.720200 0.163704 0.008336 0.007932
10 0.716310 0.160011 0.008336 0.007112
10 0.723118 0.149617 0.010281 0.008753
10 0.828425 0.377598 0.010281 0.008479
10 0.836482 0.390181 0.009169 0.006838
10 0.839817 0.394557 0.010281 0.007385
10 0.841484 0.399617 0.009725 0.007659
10 0.846068 0.403173 0.009447 0.007659
10 0.848152 0.407412 0.010836 0.008479
10 0.850514 0.412746 0.010558 0.008206
10 0.849264 0.364880 0.009725 0.007659
10 0.852737 0.368982 0.010003 0.007659
10 0.857460 0.377735 0.010003 0.008206
10 0.858989 0.383069 0.007502 0.006838
10 0.706029 0.120624 0.010003 0.008206
10 0.694915 0.122265 0.009447 0.007112
10 0.684218 0.107905 0.008058 0.006291
10 0.703668 0.117615 0.008614 0.006565
10 0.681300 0.082604 0.008336 0.007112
10 0.683801 0.086570 0.008891 0.007385
10 0.684635 0.090946 0.008891 0.007385
10 0.688802 0.094092 0.008891 0.006565
10 0.692692 0.081783 0.009447 0.007659
10 0.693804 0.086296 0.009447 0.007385
10 0.697555 0.088895 0.009169 0.007112
10 0.707280 0.083835 0.009725 0.007385
10 0.692137 0.098605 0.009447 0.007385
10 0.693248 0.103528 0.009447 0.007385
10 0.702139 0.092861 0.011114 0.007932
10 0.701862 0.099015 0.009447 0.007112
10 0.711309 0.087664 0.008336 0.006838
10 0.718533 0.089032 0.008336 0.006838
10 0.687830 0.111461 0.009725 0.006838
10 0.690470 0.115153 0.009447 0.007112
10 0.692415 0.118435 0.010003 0.007659
10 0.696166 0.106811 0.009725 0.007932
10 0.698944 0.110367 0.009169 0.007385
10 0.700611 0.114059 0.009169 0.007112
10 0.704918 0.102708 0.008336 0.006291
10 0.707974 0.105717 0.008336 0.007385
10 0.709919 0.093545 0.008336 0.007659
10 0.712837 0.097648 0.009169 0.007659
10 0.716310 0.100793 0.008891 0.006838
10 0.721173 0.092861 0.008614 0.006838
10 0.725340 0.095460 0.008614 0.007659
10 0.709086 0.109546 0.009447 0.007932
10 0.712281 0.112555 0.009725 0.007385
6 0.218811 0.625274 0.021951 0.012035
