10 0.953923 0.780465 0.008212 0.016121
10 0.116560 0.630394 0.016880 0.008061
10 0.119297 0.560455 0.015967 0.007587
10 0.213047 0.531057 0.022810 0.007587
10 0.188869 0.517070 0.020073 0.007112
10 0.166971 0.487198 0.016423 0.007112
10 0.176551 0.475818 0.017336 0.007112
10 0.212363 0.432195 0.016880 0.007112
10 0.214872 0.403035 0.022810 0.009483
10 0.038093 0.282361 0.007755 0.015647
10 0.046761 0.283547 0.008668 0.017070
10 0.072536 0.492413 0.007299 0.016596
10 0.063412 0.492176 0.008212 0.015173
10 0.063869 0.468468 0.009124 0.018018
10 0.104927 0.424846 0.008212 0.016121
10 0.066378 0.419867 0.007755 0.014699
10 0.048130 0.419156 0.010493 0.018966
10 0.031022 0.418445 0.008212 0.020389
10 0.043339 0.340209 0.008212 0.019440
10 0.199361 0.273352 0.020073 0.008061
6 0.891651 0.407065 0.029653 0.029872
6 0.611086 0.385728 0.020529 0.092461
6 0.585995 0.555477 0.058850 0.082978
6 0.653741 0.455903 0.060219 0.066856
6 0.663549 0.464201 0.060675 0.068279
6 0.135265 0.938122 0.054288 0.021337
6 0.190237 0.502845 0.080292 0.017544
10 0.117701 0.581081 0.017336 0.008061
10 0.114964 0.655761 0.018248 0.007587
6 0.210538 0.361072 0.046077 0.014699
10 0.115648 0.684211 0.016880 0.009483
10 0.111998 0.768137 0.016880 0.013276
10 0.112911 0.756757 0.019617 0.015173
10 0.065693 0.858938 0.017336 0.016596
10 0.069115 0.848269 0.018704 0.017070
10 0.069571 0.825273 0.018704 0.015647
10 0.067746 0.835230 0.016880 0.014699
10 0.067974 0.810574 0.017336 0.015647
10 0.067518 0.798483 0.016423 0.014225
10 0.065465 0.785680 0.016880 0.014225
10 0.068887 0.775723 0.017336 0.015173
10 0.070255 0.763158 0.018248 0.017544
10 0.015511 0.844476 0.020073 0.016121
10 0.033075 0.809388 0.018704 0.014225
10 0.012774 0.823139 0.016423 0.013276
10 0.015283 0.808440 0.017792 0.015173
10 0.034900 0.795638 0.017792 0.015173
10 0.032847 0.784021 0.020073 0.017544
10 0.014827 0.785680 0.015055 0.013276
10 0.031022 0.773589 0.018248 0.014699
10 0.015967 0.773352 0.016423 0.012328
10 0.030338 0.762921 0.015055 0.013276
10 0.015055 0.763158 0.013686 0.013751
10 0.014599 0.747985 0.012774 0.012802
10 0.033303 0.732101 0.017336 0.009483
10 0.111770 0.694879 0.021898 0.009957
6 0.209854 0.375533 0.049270 0.016121
6 0.166743 0.361309 0.036040 0.015173
10 0.111542 0.792556 0.016880 0.013751
6 0.426323 0.556188 0.090785 0.019915
6 0.426551 0.472736 0.087591 0.017070
6 0.427692 0.456377 0.088047 0.017544
6 0.453239 0.357041 0.042427 0.013276
6 0.448449 0.342105 0.042883 0.015647
6 0.847400 0.196539 0.075274 0.012802
6 0.845119 0.210052 0.083485 0.015173
6 0.825502 0.238502 0.079836 0.017070
6 0.801551 0.265292 0.080292 0.018492
6 0.773951 0.278805 0.036040 0.013276
6 0.781250 0.293504 0.062500 0.017070
6 0.749088 0.318634 0.033759 0.011380
6 0.737454 0.335230 0.023266 0.010431
6 0.721487 0.345899 0.088960 0.021337
6 0.694799 0.219061 0.019161 0.079659
6 0.598084 0.212660 0.017336 0.081081
6 0.473996 0.213134 0.015511 0.082029
6 0.462135 0.216216 0.014599 0.076814
6 0.449589 0.214794 0.018704 0.078710
6 0.435675 0.211000 0.018248 0.084400
6 0.408987 0.199621 0.022354 0.058796
6 0.354927 0.211949 0.020073 0.079659
6 0.341925 0.209341 0.022354 0.094358
6 0.326870 0.204599 0.018704 0.090564
6 0.312500 0.208867 0.020073 0.081081
6 0.298130 0.208630 0.019617 0.080607
6 0.429060 0.527264 0.085310 0.017070
6 0.429973 0.584163 0.042427 0.015173
6 0.193659 0.302750 0.081661 0.012802
6 0.430429 0.597677 0.084398 0.019440
6 0.188641 0.317449 0.092609 0.018492
6 0.279197 0.793504 0.021898 0.083926
6 0.262089 0.793741 0.013230 0.081555
6 0.388230 0.797534 0.017336 0.080607
6 0.375684 0.798009 0.011405 0.076814
6 0.352418 0.798009 0.015055 0.078710
6 0.333942 0.394263 0.059307 0.013751
6 0.346487 0.367947 0.078011 0.014225
6 0.348996 0.383594 0.072993 0.011380
6 0.344434 0.339260 0.079380 0.013751
6 0.403969 0.340209 0.037865 0.011854
6 0.344206 0.353248 0.030566 0.014225
6 0.316378 0.352063 0.026916 0.013751
6 0.362226 0.512091 0.048358 0.014225
6 0.367929 0.498578 0.037865 0.012802
6 0.324361 0.607397 0.043796 0.015173
6 0.325730 0.593409 0.040146 0.014699
6 0.330748 0.565908 0.046533 0.014699
6 0.328011 0.580133 0.041058 0.017544
6 0.369526 0.595306 0.038321 0.012802
6 0.369297 0.582029 0.038777 0.015647
6 0.312728 0.632527 0.042427 0.016121
6 0.367929 0.635609 0.071624 0.019440
6 0.427692 0.623518 0.090785 0.018018
6 0.434535 0.610953 0.031478 0.011854
10 0.111770 0.781650 0.016423 0.012802
10 0.111998 0.817212 0.016880 0.013751
10 0.934307 0.804410 0.020073 0.013751
10 0.655338 0.762210 0.018704 0.012802
10 0.664005 0.745614 0.017792 0.012802
10 0.674042 0.721669 0.015967 0.011380
10 0.681569 0.704599 0.016423 0.013276
10 0.685219 0.695353 0.014599 0.012802
10 0.689781 0.687530 0.015511 0.013276
10 0.801779 0.592461 0.015055 0.014699
10 0.834170 0.672357 0.014142 0.017070
10 0.830292 0.646041 0.008212 0.014699
10 0.820255 0.645567 0.008212 0.016596
10 0.810219 0.645092 0.009124 0.015647
10 0.817518 0.697961 0.007299 0.014225
10 0.807254 0.699384 0.007755 0.016121
10 0.795849 0.697724 0.008668 0.015647
10 0.785584 0.695353 0.011861 0.017544
10 0.775091 0.689426 0.013686 0.017070
10 0.761861 0.678758 0.012774 0.015647
10 0.752509 0.674253 0.015055 0.015173
10 0.807026 0.583689 0.016423 0.014225
10 0.734945 0.594120 0.016423 0.013276
10 0.739507 0.586060 0.013686 0.014225
10 0.745666 0.579184 0.016880 0.014699
10 0.753422 0.572546 0.013230 0.012802
10 0.759352 0.564486 0.015055 0.013751
10 0.772810 0.548364 0.016423 0.013751
10 0.778513 0.541252 0.015967 0.015647
10 0.661040 0.753912 0.017336 0.012328
10 0.652600 0.772404 0.016880 0.013276
10 0.789005 0.526316 0.015967 0.014225
10 0.649179 0.780702 0.015511 0.011854
10 0.915146 0.800142 0.014599 0.009009
10 0.897354 0.785917 0.015511 0.016596
10 0.891423 0.761024 0.009124 0.017070
10 0.877965 0.729967 0.014142 0.016596
10 0.852190 0.722617 0.013686 0.007587
10 0.822308 0.857041 0.007755 0.016596
10 0.812500 0.856567 0.008212 0.016596
10 0.717838 0.855619 0.008668 0.016596
10 0.728786 0.855145 0.007755 0.013751
10 0.792883 0.856093 0.008212 0.013751
10 0.831204 0.803698 0.007299 0.016121
10 0.822308 0.803461 0.008668 0.017544
10 0.811588 0.803461 0.008212 0.016596
10 0.775547 0.804173 0.007299 0.017070
10 0.766651 0.802513 0.007755 0.017544
10 0.757755 0.801565 0.009124 0.016596
10 0.737454 0.801091 0.007755 0.017544
10 0.727190 0.798483 0.006387 0.016121
10 0.774407 0.854908 0.006843 0.016121
10 0.763914 0.855145 0.006843 0.014699
10 0.745438 0.853959 0.007299 0.015173
10 0.689325 0.851826 0.008212 0.017544
10 0.680201 0.851351 0.007299 0.016596
10 0.669024 0.850403 0.008668 0.014699
10 0.644389 0.800616 0.015055 0.009957
10 0.782847 0.534851 0.013686 0.015173
10 0.795164 0.517070 0.013686 0.013751
10 0.135493 0.842817 0.016423 0.020389
10 0.486086 0.940730 0.012318 0.018018
10 0.205520 0.768374 0.016880 0.006164
10 0.223540 0.760076 0.018248 0.009483
10 0.226277 0.729730 0.018248 0.007587
10 0.225821 0.719772 0.017336 0.006638
10 0.204836 0.749407 0.016423 0.008061
10 0.206432 0.729493 0.015055 0.006164
10 0.206661 0.720247 0.017336 0.008535
10 0.226505 0.710289 0.018704 0.007587
10 0.225365 0.688952 0.016423 0.007587
10 0.163093 0.681603 0.014142 0.006164
10 0.164462 0.691086 0.015967 0.006164
10 0.163549 0.702229 0.015055 0.006638
10 0.163321 0.711000 0.015511 0.006164
10 0.161953 0.728781 0.019161 0.007587
10 0.161268 0.738265 0.015055 0.006638
10 0.161268 0.757942 0.015055 0.006164
10 0.161496 0.767662 0.016423 0.005690
10 0.159672 0.777620 0.014599 0.006638
10 0.161268 0.788051 0.015967 0.006638
6 0.214644 0.848743 0.016880 0.024656
10 0.037181 0.943575 0.019617 0.009483
10 0.173358 0.905405 0.012774 0.018492
10 0.190009 0.845187 0.013230 0.016596
10 0.178376 0.845187 0.015511 0.019440
10 0.156478 0.847795 0.012774 0.014225
10 0.201414 0.778094 0.015055 0.006638
10 0.510949 0.882646 0.010949 0.018492
10 0.872947 0.522523 0.015055 0.016121
10 0.513458 0.854196 0.008668 0.012802
10 0.881159 0.511617 0.015055 0.014225
10 0.904881 0.479848 0.009580 0.011380
10 0.866560 0.435514 0.017792 0.015647
10 0.871807 0.427454 0.017336 0.015647
10 0.880018 0.419393 0.017336 0.015647
10 0.915830 0.376956 0.019617 0.018018
10 0.979243 0.246325 0.015967 0.016596
10 0.697765 0.739213 0.013230 0.018018
10 0.622719 0.745851 0.012774 0.017070
10 0.608805 0.963964 0.017792 0.006638
10 0.718978 0.663110 0.016423 0.025130
10 0.698221 0.623044 0.014142 0.015173
10 0.664005 0.611190 0.014142 0.017070
10 0.630931 0.573257 0.017336 0.012328
10 0.832117 0.422001 0.013686 0.016121
10 0.597628 0.371740 0.007299 0.015173
10 0.550867 0.806543 0.010493 0.017070
6 0.505018 0.919393 0.008212 0.024656
10 0.578467 0.931010 0.011861 0.017544
10 0.537865 0.930062 0.006387 0.016596
10 0.530338 0.901138 0.008668 0.015647
10 0.527828 0.927217 0.010036 0.014699
10 0.543111 0.893789 0.009580 0.020863
10 0.535584 0.873874 0.009124 0.016121
10 0.541286 0.845187 0.013230 0.015647
6 0.271898 0.202229 0.021898 0.083926
