13 0.217888 0.270578 0.016140 0.022738
13 0.462845 0.141428 0.017149 0.011824
13 0.678379 0.798772 0.017821 0.020464
13 0.664257 0.968395 0.011096 0.021373
13 0.666274 0.937926 0.013786 0.028649
13 0.557162 0.961573 0.009415 0.023192
13 0.568763 0.937472 0.009079 0.021373
13 0.426026 0.609141 0.014122 0.023192
13 0.475790 0.650750 0.015467 0.014552
13 0.507229 0.650296 0.018494 0.020009
13 0.537828 0.632333 0.018494 0.017735
13 0.531775 0.651887 0.011769 0.023192
13 0.568090 0.663483 0.013114 0.020919
13 0.558675 0.636880 0.021856 0.015916
13 0.589274 0.638699 0.017821 0.014097
13 0.625084 0.658026 0.020175 0.016371
13 0.624075 0.634607 0.014795 0.017735
13 0.657196 0.640973 0.021184 0.019554
13 0.651143 0.800364 0.017821 0.017281
13 0.622394 0.799454 0.016812 0.014552
13 0.605750 0.815143 0.018494 0.021373
13 0.690316 0.639836 0.014795 0.026376
13 0.552286 0.147112 0.015804 0.015007
13 0.557835 0.816053 0.018830 0.017735
13 0.553631 0.173488 0.016476 0.016826
13 0.460995 0.293997 0.010760 0.023192
13 0.478816 0.309914 0.021520 0.016826
13 0.517149 0.308095 0.019502 0.016826
13 0.543040 0.313779 0.022192 0.014552
13 0.584230 0.307867 0.012441 0.024557
13 0.572461 0.332879 0.023874 0.015462
13 0.695192 0.326057 0.021184 0.018190
13 0.663080 0.322647 0.016812 0.020464
13 0.631809 0.317872 0.016812 0.019100
13 0.610121 0.318781 0.016476 0.013643
13 0.647445 0.176216 0.015804 0.016826
13 0.665938 0.180082 0.017149 0.022738
13 0.733692 0.182356 0.021520 0.017281
13 0.733020 0.162347 0.016812 0.015462
13 0.705952 0.163711 0.019839 0.014552
13 0.671991 0.158709 0.014459 0.012733
13 0.647613 0.157344 0.015467 0.014552
13 0.615669 0.155070 0.017485 0.014552
13 0.464694 0.178263 0.012777 0.020919
13 0.594654 0.797181 0.017821 0.017281
13 0.538332 0.812415 0.017485 0.025011
13 0.607095 0.338108 0.015804 0.014097
13 0.356254 0.240109 0.010424 0.029104
13 0.373907 0.154388 0.008070 0.022283
13 0.358104 0.156889 0.014122 0.023647
13 0.375420 0.123010 0.008406 0.024102
13 0.361298 0.087995 0.009751 0.024102
13 0.377606 0.075944 0.012105 0.027285
13 0.378110 0.038427 0.008406 0.020464
13 0.362979 0.030241 0.016476 0.023192
13 0.050101 0.015689 0.010087 0.029559
13 0.050101 0.065030 0.014122 0.030014
13 0.127438 0.130286 0.019502 0.014097
13 0.159886 0.135289 0.017149 0.016826
13 0.216711 0.142792 0.019839 0.013643
13 0.256557 0.139836 0.012777 0.015916
13 0.278581 0.143474 0.018494 0.015007
13 0.283289 0.127103 0.016476 0.015916
13 0.256389 0.125739 0.016476 0.014097
13 0.225622 0.123238 0.016140 0.015462
13 0.177034 0.118918 0.013786 0.017735
13 0.158877 0.119827 0.018494 0.014097
13 0.374075 0.205775 0.011769 0.025011
13 0.369536 0.242156 0.008070 0.022283
13 0.518157 0.783765 0.012105 0.021373
13 0.369200 0.275125 0.012105 0.023647
13 0.499832 0.791724 0.019166 0.013643
13 0.490921 0.808777 0.016812 0.014097
13 0.457633 0.808095 0.019502 0.022738
13 0.456792 0.783993 0.017821 0.025466
13 0.437458 0.785584 0.019502 0.026830
13 0.365333 0.799000 0.017149 0.016371
13 0.339610 0.725784 0.013450 0.024557
13 0.358608 0.680537 0.016476 0.025011
13 0.323302 0.616644 0.020511 0.011824
13 0.357095 0.619827 0.016140 0.013643
13 0.347848 0.443838 0.011096 0.026376
13 0.332717 0.478854 0.009751 0.016371
13 0.360121 0.479081 0.017485 0.015007
13 0.363484 0.452024 0.013450 0.029104
13 0.347176 0.411096 0.012441 0.027285
13 0.366678 0.400637 0.009751 0.023647
13 0.367518 0.360618 0.012777 0.022738
13 0.350874 0.355844 0.011769 0.025011
13 0.356422 0.276489 0.012105 0.023647
13 0.538837 0.332879 0.022529 0.018190
13 0.633995 0.338336 0.023201 0.018190
13 0.206792 0.649386 0.011432 0.027285
13 0.183591 0.291951 0.017485 0.015462
13 0.963013 0.946339 0.013450 0.016371
13 0.883490 0.958390 0.010424 0.031378
13 0.739744 0.805821 0.017485 0.015462
13 0.730834 0.824466 0.019166 0.016371
13 0.769839 0.827876 0.023201 0.015916
13 0.778581 0.809459 0.017821 0.015462
13 0.840787 0.811050 0.012441 0.012278
13 0.858608 0.832651 0.011096 0.013643
13 0.964358 0.836971 0.018830 0.015916
13 0.964022 0.822419 0.016812 0.013188
13 0.969233 0.657799 0.011769 0.018645
13 0.972428 0.682810 0.016140 0.015007
13 0.907700 0.675762 0.018494 0.018190
13 0.909886 0.655298 0.012105 0.017281
13 0.874075 0.652342 0.012441 0.024102
13 0.847512 0.672806 0.015804 0.015007
13 0.837592 0.652797 0.020175 0.018645
13 0.811870 0.668940 0.019166 0.018190
13 0.782112 0.671442 0.016812 0.015916
13 0.174344 0.269895 0.015804 0.016826
13 0.152320 0.292633 0.018830 0.017735
13 0.751009 0.664393 0.019166 0.017281
13 0.120040 0.271032 0.016812 0.014552
13 0.053968 0.942246 0.010424 0.011824
13 0.035642 0.838108 0.020175 0.015462
13 0.052959 0.907231 0.014459 0.021828
13 0.104069 0.945202 0.015131 0.012278
13 0.345326 0.946794 0.014795 0.017281
13 0.201748 0.951796 0.016812 0.009095
13 0.160558 0.941110 0.017149 0.014097
13 0.101715 0.699181 0.012441 0.013188
13 0.136685 0.668031 0.018494 0.017281
13 0.031607 0.622328 0.008742 0.023192
13 0.135340 0.497499 0.010424 0.024557
13 0.242771 0.648477 0.011432 0.022738
13 0.247983 0.571851 0.013786 0.015007
13 0.229489 0.563665 0.010424 0.026830
13 0.249328 0.444065 0.011769 0.025011
13 0.155514 0.267394 0.012441 0.024557
13 0.245965 0.301728 0.017821 0.020464
13 0.252690 0.393815 0.015804 0.022738
13 0.283457 0.299227 0.014795 0.016371
13 0.776564 0.651660 0.017821 0.014552
13 0.723100 0.664393 0.018494 0.018190
13 0.668628 0.341291 0.014459 0.016826
13 0.984869 0.343793 0.012777 0.013643
13 0.976295 0.183492 0.020511 0.014097
13 0.763282 0.167121 0.020847 0.021373
13 0.791863 0.166667 0.019502 0.019554
13 0.804472 0.188722 0.019166 0.019100
13 0.834230 0.191905 0.018157 0.020919
13 0.889038 0.194179 0.020175 0.017281
13 0.866678 0.169168 0.007734 0.029104
13 0.922159 0.357435 0.017821 0.014552
13 0.908036 0.326057 0.007734 0.027285
13 0.892737 0.336744 0.020175 0.020464
13 0.884331 0.355616 0.017485 0.020919
13 0.857263 0.334925 0.019166 0.017735
13 0.849529 0.351978 0.015131 0.016371
13 0.820108 0.331287 0.021520 0.015916
13 0.797579 0.349022 0.018830 0.014097
13 0.790013 0.331060 0.022529 0.014552
13 0.755548 0.349022 0.020175 0.020464
13 0.764795 0.330832 0.016476 0.012278
13 0.690652 0.344475 0.015467 0.021373
13 0.987054 0.201683 0.017149 0.010459
13 0.973941 0.523420 0.019166 0.015462
13 0.441157 0.467940 0.016140 0.017281
13 0.853564 0.495225 0.018494 0.020919
13 0.477976 0.490223 0.016476 0.014552
13 0.506893 0.499773 0.015804 0.018190
13 0.508070 0.472260 0.021520 0.017735
13 0.542535 0.492497 0.021184 0.017281
13 0.543544 0.474079 0.019166 0.015007
13 0.572461 0.496589 0.021184 0.015462
13 0.603396 0.498636 0.020511 0.014097
13 0.596167 0.477490 0.014795 0.012733
13 0.635508 0.481583 0.016812 0.020009
13 0.633490 0.509550 0.018830 0.018645
13 0.657700 0.502046 0.018830 0.017281
13 0.658541 0.485675 0.019166 0.016371
13 0.697882 0.502501 0.017149 0.015462
13 0.722428 0.506139 0.018494 0.020009
13 0.733860 0.484993 0.017821 0.015916
13 0.782280 0.492497 0.021184 0.020009
13 0.787660 0.510005 0.015131 0.015916
13 0.818931 0.513415 0.017149 0.013643
13 0.821453 0.493179 0.017485 0.016826
13 0.123235 0.110960 0.015131 0.016371
