10 0.716757 0.929233 0.017297 0.025274
6 0.851351 0.458719 0.018378 0.039596
10 0.921081 0.197978 0.028108 0.032013
10 0.905946 0.230834 0.025946 0.026959
10 0.875676 0.318450 0.032432 0.047178
10 0.859459 0.367734 0.017297 0.022746
10 0.698919 0.324347 0.022703 0.020219
6 0.852432 0.508425 0.022703 0.037911
10 0.853514 0.546335 0.014054 0.024431
6 0.933514 0.558972 0.059459 0.026116
6 0.907568 0.432603 0.020541 0.046335
10 0.853514 0.402696 0.018378 0.026959
10 0.760541 0.265375 0.027027 0.028644
10 0.856757 0.592671 0.014054 0.027801
10 0.855135 0.623842 0.015135 0.027801
10 0.861081 0.659225 0.018378 0.027801
10 0.920000 0.679865 0.017297 0.028644
10 0.912432 0.618366 0.017297 0.030329
10 0.854054 0.976832 0.041081 0.027801
10 0.785405 0.941870 0.033514 0.011794
10 0.781081 0.927127 0.031351 0.012637
10 0.781081 0.911963 0.035676 0.012637
10 0.924324 0.103201 0.032432 0.036226
10 0.749730 0.188711 0.020541 0.020219
10 0.770811 0.880371 0.038919 0.018534
10 0.341081 0.572030 0.020541 0.033698
10 0.053514 0.331087 0.016216 0.023589
10 0.072973 0.337405 0.016216 0.026116
10 0.092973 0.344987 0.017297 0.026116
10 0.115135 0.353833 0.016216 0.026959
10 0.139459 0.360573 0.015135 0.026959
10 0.181081 0.375316 0.014054 0.027801
10 0.081622 0.486099 0.018378 0.025274
10 0.102703 0.494103 0.017297 0.026116
10 0.124324 0.499579 0.019459 0.025274
10 0.060541 0.477254 0.019459 0.026116
10 0.766486 0.155013 0.021622 0.021904
10 0.038919 0.473041 0.017297 0.024431
10 0.305946 0.836142 0.034595 0.034541
10 0.260000 0.826032 0.020541 0.016007
10 0.231351 0.855097 0.028108 0.025274
10 0.206486 0.892165 0.025946 0.021904
10 0.143784 0.962089 0.028108 0.023589
10 0.822162 0.050126 0.027027 0.027801
10 0.804865 0.081297 0.027027 0.027801
10 0.784865 0.115838 0.025946 0.024431
10 0.777297 0.895114 0.038919 0.016007
10 0.764865 0.863943 0.037838 0.022746
10 0.719459 0.900590 0.016216 0.025274
10 0.600541 0.913227 0.018378 0.030329
10 0.564865 0.976832 0.022703 0.021061
10 0.584324 0.980623 0.022703 0.016849
10 0.545946 0.877843 0.019459 0.026959
10 0.541081 0.907751 0.016216 0.029486
10 0.565405 0.879107 0.017297 0.029486
10 0.561622 0.908593 0.018378 0.027801
10 0.583784 0.879949 0.015135 0.026116
10 0.582703 0.911963 0.019459 0.026116
10 0.602162 0.880792 0.017297 0.027801
10 0.621622 0.882477 0.017297 0.027801
10 0.522162 0.973041 0.021622 0.026959
10 0.620000 0.917018 0.016216 0.026116
10 0.642162 0.883741 0.017297 0.028644
10 0.640000 0.916596 0.019459 0.026959
10 0.662703 0.884583 0.015135 0.028644
10 0.659459 0.922072 0.015135 0.026116
10 0.679459 0.925442 0.018378 0.031171
10 0.699459 0.930918 0.017297 0.028644
10 0.681622 0.889217 0.016216 0.026116
10 0.700541 0.891323 0.019459 0.030329
10 0.544865 0.974305 0.021622 0.022746
10 0.503784 0.969671 0.028108 0.026959
10 0.761622 0.846672 0.037838 0.023589
10 0.551892 0.810868 0.027027 0.031171
10 0.742162 0.831508 0.037838 0.026959
10 0.724865 0.819714 0.027027 0.023589
10 0.698378 0.812553 0.023784 0.029486
10 0.677297 0.805813 0.016216 0.027801
10 0.655676 0.804128 0.018378 0.027801
10 0.634595 0.805392 0.017297 0.026959
10 0.617297 0.809183 0.017297 0.026116
10 0.597838 0.809183 0.019459 0.029486
10 0.574595 0.809604 0.027027 0.032013
10 0.530270 0.821820 0.035676 0.027801
10 0.488108 0.960404 0.027027 0.025274
10 0.509730 0.832772 0.035676 0.026116
10 0.496216 0.846672 0.032432 0.026959
10 0.478919 0.859730 0.038919 0.022746
10 0.466486 0.873631 0.031351 0.016849
10 0.471892 0.891323 0.031351 0.020219
10 0.458378 0.903538 0.028108 0.014322
10 0.447568 0.920388 0.034595 0.010952
10 0.445946 0.938922 0.031351 0.016007
10 0.469730 0.954928 0.027027 0.026116
8 0.554595 0.574979 0.529730 0.437237
