10 0.217063 0.334878 0.017279 0.027801
10 0.624190 0.786858 0.038877 0.021904
10 0.118251 0.442713 0.018359 0.031171
10 0.069654 0.424600 0.020518 0.028644
10 0.140389 0.446083 0.017279 0.026116
10 0.169546 0.455771 0.017279 0.023589
10 0.191685 0.460826 0.014039 0.021904
10 0.274838 0.946504 0.024838 0.022746
10 0.317495 0.887110 0.025918 0.028644
10 0.339633 0.853833 0.031317 0.027801
10 0.371490 0.810025 0.023758 0.026116
10 0.680346 0.741365 0.034557 0.025274
10 0.650108 0.806655 0.025918 0.027801
10 0.726782 0.727885 0.034557 0.016849
10 0.195464 0.328981 0.015119 0.027801
10 0.770518 0.721567 0.037797 0.019377
10 0.768359 0.778854 0.035637 0.010952
10 0.752700 0.613311 0.032397 0.026959
10 0.692765 0.322662 0.035637 0.025274
10 0.713283 0.286858 0.029158 0.022746
10 0.748920 0.205560 0.029158 0.028644
10 0.779158 0.150379 0.026998 0.026116
10 0.818575 0.077085 0.025918 0.027801
10 0.920626 0.123842 0.024838 0.030329
10 0.106911 0.299495 0.012959 0.022746
10 0.168467 0.320135 0.017279 0.028644
8 0.591793 0.502949 0.505400 0.433024
