10 0.673877 0.319227 0.033278 0.040752
10 0.489185 0.483804 0.036606 0.037618
10 0.335275 0.545455 0.044925 0.043887
10 0.396007 0.503135 0.036606 0.040752
10 0.649750 0.365204 0.038270 0.038662
10 0.616473 0.371473 0.038270 0.040752
10 0.589018 0.374608 0.033278 0.036573
10 0.559900 0.378265 0.038270 0.037618
10 0.524958 0.387670 0.038270 0.037618
10 0.638935 0.323929 0.039933 0.039707
10 0.610649 0.333856 0.033278 0.032393
10 0.577371 0.328631 0.033278 0.036573
10 0.544925 0.339080 0.034942 0.040752
10 0.515807 0.344828 0.036606 0.043887
10 0.480033 0.346395 0.041597 0.042842
10 0.334443 0.411703 0.036606 0.041797
10 0.354409 0.363114 0.029950 0.040752
10 0.432612 0.537618 0.029950 0.042842
10 0.455075 0.489028 0.038270 0.035528
10 0.683860 0.363114 0.039933 0.042842
10 0.498336 0.529258 0.038270 0.044932
10 0.680532 0.465517 0.036606 0.040752
10 0.663894 0.512017 0.039933 0.043887
10 0.742097 0.940961 0.056572 0.024033
10 0.396007 0.953501 0.043261 0.036573
10 0.334443 0.933124 0.046589 0.041797
10 0.459235 0.629049 0.033278 0.043887
10 0.648087 0.467607 0.038270 0.038662
10 0.628952 0.513584 0.036606 0.040752
10 0.615641 0.473877 0.033278 0.034483
10 0.595674 0.514107 0.036606 0.035528
10 0.583195 0.475444 0.034942 0.037618
10 0.563228 0.518286 0.034942 0.037618
10 0.530782 0.522466 0.039933 0.037618
10 0.553245 0.477011 0.038270 0.038662
10 0.521631 0.483804 0.041597 0.041797
10 0.371880 0.408046 0.041597 0.044932
