7 0.622577 0.310749 0.018334 0.017633
7 0.707831 0.757246 0.028025 0.027536
7 0.789157 0.377899 0.017810 0.018599
7 0.744500 0.387560 0.024882 0.023430
7 0.733630 0.400604 0.018334 0.015700
7 0.803038 0.443478 0.014144 0.013527
7 0.747512 0.468599 0.017287 0.015459
7 0.738214 0.459662 0.019120 0.017391
7 0.870089 0.496618 0.014144 0.013527
7 0.688711 0.552536 0.018072 0.016184
7 0.666317 0.527295 0.017287 0.014493
7 0.658067 0.517874 0.018072 0.014493
7 0.645233 0.499638 0.014405 0.013285
7 0.601755 0.586836 0.014929 0.013768
7 0.231011 0.816667 0.030382 0.027536
7 0.830932 0.380676 0.023834 0.021739
7 0.257072 0.800725 0.018596 0.018841
7 0.187926 0.839372 0.020168 0.019807
7 0.736118 0.701570 0.030120 0.027778
7 0.604898 0.650242 0.013882 0.012560
7 0.645888 0.573551 0.014667 0.013285
7 0.637114 0.564976 0.014929 0.013527
7 0.629911 0.554348 0.013620 0.012560
7 0.622839 0.544565 0.014144 0.012319
7 0.610398 0.523913 0.013882 0.013043
7 0.813122 0.316184 0.022787 0.019324
7 0.473284 0.354469 0.017810 0.015700
7 0.479963 0.329831 0.020168 0.020531
7 0.806181 0.380314 0.016763 0.018599
7 0.856993 0.358816 0.011001 0.010870
7 0.352017 0.749275 0.016763 0.014976
7 0.715034 0.440097 0.014144 0.018841
7 0.719487 0.334179 0.028287 0.024396
7 0.670115 0.316546 0.034835 0.026329
7 0.733106 0.314251 0.030382 0.026570
7 0.747250 0.296618 0.027763 0.026087
7 0.757727 0.278986 0.027763 0.023188
7 0.690021 0.257126 0.026977 0.022947
7 0.683342 0.298671 0.030382 0.025845
7 0.695521 0.282246 0.028549 0.024879
7 0.680854 0.372464 0.024358 0.023671
7 0.685961 0.402174 0.019382 0.019324
7 0.682032 0.440459 0.015191 0.021498
7 0.699188 0.438768 0.013358 0.018599
7 0.800550 0.471014 0.011786 0.013527
7 0.952200 0.235024 0.010215 0.012560
7 0.787716 0.469444 0.011262 0.011353
7 0.775144 0.469565 0.010739 0.012560
7 0.762048 0.468478 0.008119 0.011353
7 0.811158 0.341184 0.011001 0.012802
7 0.837218 0.342271 0.011786 0.012560
7 0.797800 0.340217 0.013096 0.013285
7 0.780120 0.411473 0.009691 0.010386
7 0.880173 0.413527 0.012310 0.011111
7 0.875196 0.466304 0.013358 0.015700
7 0.912520 0.079227 0.031954 0.027536
7 0.948140 0.050121 0.014667 0.012802
7 0.900340 0.207609 0.013358 0.010386
7 0.668020 0.433816 0.008119 0.012560
7 0.367994 0.745290 0.016239 0.015217
7 0.626244 0.289251 0.022001 0.020048
12 0.804610 0.693720 0.007858 0.007246
12 0.346124 0.286232 0.012310 0.010145
12 0.334468 0.295290 0.011524 0.010386
12 0.345862 0.296377 0.013358 0.011111
8 0.524227 0.880193 0.013358 0.011111
7 0.535490 0.854831 0.028025 0.028019
7 0.573468 0.832971 0.030120 0.027295
7 0.592588 0.821618 0.023834 0.023430
12 0.765060 0.715821 0.009953 0.008454
12 0.775144 0.724275 0.008643 0.007971
12 0.784966 0.732367 0.009429 0.008213
12 0.804872 0.732246 0.009429 0.008937
12 0.814955 0.740459 0.009167 0.008937
12 0.815348 0.698430 0.008381 0.007488
12 0.347826 0.276449 0.012048 0.010870
12 0.805395 0.704710 0.007858 0.007488
12 0.815872 0.709300 0.007858 0.007488
12 0.829230 0.704348 0.008381 0.007729
12 0.829230 0.715097 0.008905 0.007488
12 0.841540 0.709541 0.007858 0.007488
12 0.840361 0.720169 0.008119 0.007488
12 0.839183 0.730676 0.008381 0.007246
12 0.824908 0.748913 0.008643 0.008454
7 0.577920 0.318841 0.023834 0.019324
7 0.573468 0.296618 0.025406 0.022705
7 0.596778 0.267029 0.019644 0.019565
7 0.619565 0.267512 0.025930 0.024879
12 0.334992 0.285628 0.012572 0.009903
12 0.336302 0.275845 0.011524 0.011111
7 0.323992 0.664493 0.020953 0.018357
7 0.429675 0.312923 0.021739 0.020531
7 0.288502 0.634058 0.017025 0.014493
7 0.245024 0.508937 0.023311 0.019807
7 0.244631 0.489734 0.022001 0.018599
7 0.251310 0.286957 0.020691 0.021256
7 0.309193 0.284903 0.023834 0.020048
7 0.306574 0.306401 0.024882 0.020531
7 0.249607 0.335386 0.025144 0.021498
7 0.303562 0.345411 0.025144 0.021739
7 0.301991 0.365338 0.024620 0.017150
7 0.300026 0.384300 0.024882 0.019324
7 0.244631 0.377295 0.021477 0.019807
7 0.425877 0.274155 0.022525 0.021256
7 0.478654 0.310386 0.020691 0.017874
7 0.356600 0.101812 0.018596 0.018116
7 0.477606 0.291425 0.022787 0.019082
7 0.478392 0.271256 0.019644 0.014976
7 0.525537 0.288285 0.018596 0.020048
7 0.526061 0.322947 0.014405 0.012077
7 0.470796 0.639251 0.017548 0.014734
7 0.519644 0.622343 0.014667 0.015700
7 0.526323 0.631884 0.013358 0.012560
7 0.565479 0.596256 0.017287 0.016184
7 0.603981 0.513889 0.014144 0.012319
7 0.019120 0.676812 0.014144 0.014010
7 0.176532 0.443720 0.012572 0.014493
7 0.038502 0.393841 0.012048 0.011836
7 0.760477 0.356522 0.029073 0.022705
