11 0.448408 0.505631 0.052229 0.090097
10 0.415924 0.334175 0.003185 0.001942
10 0.416242 0.330485 0.003185 0.001553
10 0.416242 0.328738 0.003185 0.001942
10 0.416401 0.326796 0.002866 0.001942
10 0.416561 0.324466 0.003185 0.001942
10 0.416401 0.322524 0.002866 0.001942
10 0.416561 0.320583 0.003185 0.001942
10 0.416561 0.318641 0.003185 0.001942
10 0.416561 0.316505 0.003185 0.001553
10 0.416561 0.314757 0.003185 0.001942
10 0.409395 0.314563 0.002866 0.002330
10 0.409713 0.304272 0.002866 0.001942
10 0.416879 0.304466 0.003185 0.002330
10 0.416879 0.300777 0.003185 0.001942
10 0.414331 0.349903 0.002548 0.001553
10 0.414490 0.351845 0.002866 0.001553
10 0.414650 0.355728 0.003185 0.002330
10 0.414172 0.359612 0.002866 0.001553
10 0.413694 0.377670 0.003185 0.001942
10 0.413535 0.371456 0.003503 0.001942
10 0.416242 0.332233 0.003185 0.001942
10 0.415924 0.336311 0.003185 0.001553
6 0.414172 0.366214 0.003503 0.001553
10 0.409236 0.318252 0.003185 0.001942
10 0.663854 0.671068 0.001592 0.003883
10 0.662261 0.671068 0.001592 0.003883
10 0.660191 0.671068 0.001274 0.003883
10 0.658121 0.670874 0.001592 0.004272
10 0.655732 0.670874 0.001911 0.004272
10 0.661465 0.665049 0.001274 0.003495
10 0.659873 0.665437 0.001274 0.004272
10 0.658121 0.665243 0.000955 0.003883
10 0.658599 0.656505 0.001274 0.003495
10 0.655892 0.664854 0.001592 0.003883
10 0.655892 0.656699 0.001592 0.003883
10 0.654140 0.656505 0.001274 0.003495
10 0.652070 0.656117 0.001592 0.004272
10 0.658917 0.652621 0.001274 0.003495
10 0.657006 0.653010 0.001274 0.003495
10 0.660510 0.652621 0.001274 0.004272
10 0.409076 0.326214 0.002866 0.001553
10 0.409076 0.324078 0.003503 0.001942
10 0.409236 0.321942 0.003185 0.001553
6 0.414013 0.368155 0.003185 0.001553
6 0.414172 0.363689 0.003503 0.001942
10 0.657325 0.675728 0.001274 0.003883
10 0.207484 0.332621 0.001592 0.004272
10 0.200159 0.613592 0.001592 0.003883
10 0.163854 0.647573 0.001592 0.004272
6 0.212898 0.637476 0.002229 0.009709
10 0.169745 0.675922 0.001274 0.004272
8 0.183599 0.731068 0.035987 0.045437
10 0.197134 0.833010 0.001274 0.003883
10 0.158121 0.886602 0.001592 0.003883
10 0.161306 0.926214 0.001592 0.003107
10 0.127707 0.033786 0.001911 0.003107
10 0.125796 0.034369 0.001274 0.001942
10 0.124045 0.035728 0.001592 0.003107
6 0.118631 0.034563 0.002866 0.003107
10 0.118790 0.031456 0.002548 0.003107
10 0.116879 0.026214 0.003822 0.004272
10 0.117357 0.029515 0.002229 0.003107
10 0.114650 0.024854 0.004459 0.004660
6 0.113376 0.020194 0.007006 0.006214
6 0.111624 0.016893 0.005414 0.004272
10 0.103981 0.010097 0.002866 0.002330
10 0.197452 0.626019 0.001911 0.003883
10 0.207962 0.311845 0.001911 0.004660
6 0.407325 0.368155 0.003185 0.002330
10 0.129618 0.033010 0.002548 0.003883
6 0.407325 0.365825 0.003185 0.002330
6 0.407325 0.359612 0.003185 0.002330
11 0.296019 0.297087 0.035350 0.028738
10 0.333599 0.249126 0.000955 0.002718
10 0.340605 0.240583 0.002866 0.001942
10 0.333758 0.240583 0.002548 0.001942
10 0.281529 0.243107 0.002548 0.001553
10 0.342834 0.186796 0.002229 0.003883
10 0.340605 0.186602 0.002229 0.003495
10 0.338854 0.186602 0.001911 0.003495
10 0.345064 0.195922 0.002229 0.001942
10 0.341720 0.195534 0.002548 0.001942
10 0.337739 0.195728 0.002866 0.001553
10 0.282643 0.189126 0.003503 0.002330
10 0.276433 0.108932 0.003185 0.004272
10 0.240287 0.139029 0.003503 0.003883
10 0.300318 0.057282 0.002548 0.003495
6 0.301752 0.052039 0.004777 0.006214
10 0.131688 0.031845 0.002229 0.004660
10 0.655573 0.675728 0.001592 0.003883
10 0.660032 0.676311 0.001592 0.003495
8 0.198567 0.211456 0.077389 0.096699
10 0.629140 0.377476 0.002866 0.002330
10 0.609236 0.378447 0.003185 0.001942
10 0.609236 0.373786 0.003185 0.001942
10 0.609236 0.370097 0.003185 0.002330
10 0.669268 0.325049 0.000955 0.003107
10 0.661465 0.263689 0.001274 0.003107
10 0.656529 0.263301 0.000955 0.003107
10 0.654618 0.263107 0.001592 0.003495
10 0.652707 0.263107 0.001592 0.003495
10 0.650637 0.263301 0.001274 0.003107
10 0.648248 0.262913 0.001592 0.003883
10 0.646019 0.262330 0.001592 0.003495
10 0.643631 0.262330 0.001274 0.003495
10 0.655255 0.254563 0.002866 0.001942
10 0.651592 0.253592 0.003185 0.002330
10 0.647452 0.253981 0.002548 0.001553
10 0.641083 0.253398 0.002548 0.001942
10 0.637420 0.253398 0.002866 0.001942
10 0.633121 0.253592 0.002548 0.001553
10 0.617197 0.252621 0.002548 0.001942
10 0.617197 0.370485 0.002548 0.001553
10 0.609713 0.354757 0.002866 0.001942
10 0.605096 0.252233 0.002548 0.001942
6 0.725000 0.165825 0.002229 0.005437
11 0.452548 0.353010 0.051592 0.090874
11 0.513694 0.349320 0.050955 0.090485
11 0.574204 0.358058 0.050955 0.090097
11 0.509076 0.514175 0.042357 0.073010
11 0.570064 0.514369 0.050955 0.088155
11 0.394108 0.684466 0.051911 0.092039
8 0.729140 0.235146 0.078025 0.093592
8 0.966561 0.382524 0.008917 0.010874
10 0.959076 0.489709 0.003503 0.003883
10 0.938694 0.538058 0.001592 0.004272
10 0.939013 0.550680 0.002229 0.004660
10 0.941242 0.562330 0.002866 0.004660
10 0.949682 0.579806 0.002548 0.003883
10 0.964013 0.594175 0.003822 0.003883
8 0.864331 0.383689 0.021019 0.024854
10 0.718153 0.289709 0.002548 0.002330
10 0.715127 0.288932 0.002866 0.002330
10 0.693790 0.272039 0.002866 0.003495
6 0.730414 0.291068 0.003503 0.001942
10 0.613376 0.252816 0.002548 0.001553
6 0.611783 0.416505 0.003822 0.005825
10 0.661943 0.676117 0.001592 0.003883
10 0.629299 0.654369 0.003185 0.001553
10 0.629459 0.650680 0.002866 0.001942
10 0.629459 0.648544 0.003503 0.002330
10 0.629459 0.644660 0.003503 0.001553
10 0.629936 0.642718 0.003185 0.001553
10 0.629777 0.640971 0.002866 0.001942
10 0.629936 0.638641 0.003185 0.001942
10 0.630096 0.636505 0.003503 0.002330
10 0.630096 0.632816 0.002866 0.001942
10 0.630573 0.627573 0.003185 0.002330
10 0.630414 0.709903 0.001592 0.003883
10 0.640924 0.705825 0.001592 0.004272
10 0.637739 0.705631 0.001592 0.003107
10 0.636146 0.705437 0.001592 0.004272
10 0.634236 0.705437 0.001592 0.004272
10 0.632325 0.705437 0.001592 0.003495
8 0.623567 0.686408 0.015924 0.020583
10 0.660828 0.696311 0.001274 0.003883
10 0.666242 0.675922 0.001274 0.004272
10 0.664013 0.676117 0.001274 0.003883
10 0.629299 0.652816 0.003185 0.001553
10 0.629936 0.658641 0.003822 0.002330
10 0.645541 0.655534 0.001274 0.003107
10 0.630255 0.661165 0.003185 0.001942
10 0.644108 0.655340 0.000955 0.003495
10 0.642516 0.655728 0.001592 0.003495
10 0.641083 0.655922 0.001274 0.003883
10 0.639490 0.655922 0.001911 0.003107
10 0.637739 0.655922 0.001592 0.003883
10 0.635828 0.655922 0.001592 0.003883
10 0.645701 0.651650 0.001592 0.003107
10 0.644268 0.651262 0.001274 0.003883
10 0.642357 0.651845 0.001274 0.003495
10 0.640924 0.651845 0.000955 0.003495
10 0.639490 0.651845 0.001911 0.004272
10 0.637898 0.651650 0.001274 0.003883
10 0.635987 0.651650 0.001274 0.003107
10 0.646019 0.643883 0.001592 0.004660
10 0.643153 0.643495 0.001592 0.003883
10 0.641242 0.643495 0.001592 0.003883
10 0.637898 0.643107 0.001274 0.003107
10 0.636306 0.642913 0.001274 0.003495
10 0.636465 0.638835 0.001592 0.003883
10 0.103662 0.008155 0.002866 0.002330
