10 0.401074 0.696101 0.010736 0.011468
10 0.763037 0.984518 0.010736 0.005734
6 0.895706 0.119839 0.030675 0.008028
6 0.904141 0.097477 0.026074 0.006881
6 0.701687 0.240826 0.016871 0.013761
6 0.709356 0.237959 0.013804 0.014908
6 0.713957 0.224197 0.019939 0.019495
6 0.712423 0.231651 0.016871 0.013761
6 0.688650 0.227638 0.015337 0.014908
6 0.700153 0.220757 0.013804 0.014908
6 0.692485 0.222477 0.013804 0.013761
10 0.815951 0.232798 0.015337 0.006881
10 0.628067 0.895642 0.013804 0.004587
10 0.646472 0.901950 0.013804 0.005734
10 0.618098 0.923165 0.015337 0.004587
10 0.662577 0.985665 0.006135 0.010321
10 0.700920 0.984518 0.006135 0.008028
10 0.707822 0.986239 0.007669 0.009174
10 0.716258 0.986239 0.006135 0.009174
10 0.723926 0.986239 0.006135 0.009174
10 0.732362 0.987385 0.007669 0.009174
10 0.741564 0.990826 0.007669 0.011468
10 0.750000 0.991399 0.006135 0.010321
10 0.764571 0.965596 0.013804 0.009174
10 0.763804 0.971330 0.012270 0.006881
6 0.904908 0.128440 0.018405 0.006881
6 0.880368 0.135321 0.024540 0.006881
6 0.884202 0.145069 0.026074 0.008028
6 0.297546 0.212156 0.015337 0.004587
10 0.240031 0.047592 0.007669 0.010321
10 0.195552 0.024656 0.010736 0.005734
10 0.565184 0.064220 0.013804 0.006881
10 0.374233 0.020069 0.012270 0.005734
10 0.408742 0.018922 0.013804 0.005734
10 0.443252 0.017202 0.012270 0.004587
10 0.457822 0.014908 0.013804 0.006881
10 0.475460 0.013188 0.012270 0.005734
10 0.494632 0.013761 0.013804 0.004587
10 0.582055 0.096330 0.013804 0.009174
10 0.224693 0.887041 0.013804 0.008028
6 0.768405 0.328555 0.009202 0.017202
10 0.497699 0.894495 0.013804 0.006881
10 0.440951 0.840023 0.010736 0.010321
10 0.452454 0.835436 0.009202 0.010321
10 0.572086 0.961583 0.009202 0.010321
10 0.564417 0.959862 0.009202 0.009174
10 0.523006 0.956422 0.009202 0.009174
3 0.471626 0.432913 0.286810 0.086009
11 0.473926 0.435206 0.180982 0.060780
10 0.664110 0.118119 0.015337 0.011468
6 0.780675 0.323968 0.012270 0.010321
10 0.764571 0.978784 0.013804 0.008028
10 0.760736 0.990252 0.012270 0.008028
10 0.394172 0.697248 0.009202 0.009174
10 0.785276 0.943234 0.012270 0.008028
10 0.847393 0.987385 0.010736 0.011468
10 0.939417 0.971904 0.013804 0.010321
10 0.948620 0.976491 0.016871 0.012615
10 0.953221 0.981078 0.013804 0.012615
10 0.882669 0.965023 0.007669 0.010321
10 0.904141 0.968463 0.010736 0.008028
10 0.924080 0.977638 0.010736 0.010321
10 0.907975 0.983372 0.009202 0.005734
10 0.876534 0.986812 0.007669 0.010321
10 0.884969 0.987385 0.009202 0.009174
10 0.891104 0.990252 0.009202 0.008028
10 0.925613 0.985092 0.010736 0.009174
10 0.931748 0.990252 0.013804 0.012615
10 0.900307 0.990826 0.009202 0.009174
10 0.914110 0.993693 0.012270 0.010321
10 0.872699 0.967317 0.009202 0.008028
10 0.868098 0.970757 0.009202 0.008028
10 0.866564 0.978784 0.012270 0.008028
10 0.863497 0.991399 0.012270 0.005734
3 0.587423 0.670872 0.487730 0.424312
11 0.587423 0.668005 0.337423 0.310780
10 0.375767 0.704128 0.009202 0.009174
10 0.387270 0.701261 0.013804 0.012615
10 0.838190 0.985665 0.013804 0.012615
10 0.829755 0.983945 0.012270 0.011468
10 0.819785 0.984518 0.010736 0.012615
10 0.850460 0.942661 0.010736 0.011468
10 0.789110 0.948968 0.016871 0.010321
10 0.791411 0.955275 0.015337 0.009174
10 0.792945 0.962729 0.012270 0.008028
10 0.796779 0.967890 0.013804 0.009174
10 0.800613 0.973624 0.015337 0.011468
10 0.805215 0.979931 0.015337 0.012615
10 0.809816 0.943234 0.009202 0.010321
10 0.819018 0.943807 0.012270 0.013761
10 0.829755 0.943807 0.012270 0.013761
10 0.840491 0.943807 0.012270 0.011468
10 0.860429 0.942661 0.012270 0.011468
10 0.845859 0.973050 0.010736 0.008028
10 0.868865 0.943807 0.010736 0.011468
10 0.815184 0.960436 0.010736 0.010321
10 0.824387 0.960436 0.010736 0.010321
10 0.833589 0.961009 0.010736 0.011468
10 0.842025 0.962156 0.012270 0.009174
10 0.849693 0.964450 0.012270 0.009174
10 0.934816 0.945528 0.013804 0.012615
10 0.952454 0.943234 0.015337 0.010321
10 0.824387 0.971330 0.013804 0.009174
10 0.835890 0.970757 0.012270 0.008028
10 0.170245 0.036124 0.009202 0.005734
