7 0.546387 0.876953 0.014648 0.020647
7 0.553345 0.776088 0.018799 0.022042
7 0.646118 0.507394 0.006592 0.007533
7 0.637939 0.505301 0.004883 0.007254
7 0.632935 0.504604 0.005127 0.007533
7 0.667480 0.501535 0.016113 0.018136
7 0.638062 0.782366 0.025635 0.023996
7 0.798584 0.899833 0.010742 0.008929
7 0.806641 0.918527 0.020996 0.020089
7 0.819824 0.936384 0.012695 0.012277
7 0.454590 0.867188 0.020508 0.023996
7 0.474609 0.864955 0.019531 0.022321
7 0.600952 0.829381 0.029053 0.028739
7 0.572876 0.793806 0.023193 0.026786
7 0.531006 0.795061 0.021973 0.024275
7 0.570923 0.219029 0.013916 0.014509
7 0.496582 0.778181 0.022461 0.026228
7 0.457520 0.767997 0.026367 0.030971
7 0.411499 0.809291 0.025146 0.028739
7 0.345703 0.836635 0.024414 0.028739
7 0.386230 0.735352 0.025391 0.025949
7 0.286011 0.792829 0.024170 0.026507
7 0.332275 0.393973 0.023926 0.024554
7 0.364380 0.435407 0.047119 0.044364
7 0.361328 0.523298 0.033691 0.039342
7 0.223267 0.629883 0.024170 0.027623
7 0.243164 0.687779 0.037109 0.039621
7 0.160889 0.672573 0.035156 0.038783
7 0.653442 0.508650 0.007080 0.008929
7 0.653320 0.463449 0.013672 0.015625
7 0.655640 0.426897 0.014404 0.013951
7 0.658325 0.365374 0.027100 0.025391
7 0.460693 0.197126 0.036621 0.039342
7 0.395752 0.177734 0.033691 0.036272
7 0.327759 0.245954 0.039795 0.040458
7 0.377563 0.345424 0.024658 0.025670
7 0.485474 0.814314 0.026611 0.023717
7 0.332153 0.632254 0.023193 0.026786
7 0.305054 0.660993 0.021240 0.023438
7 0.276611 0.667411 0.036621 0.040737
7 0.209717 0.705776 0.036133 0.041016
7 0.295654 0.585100 0.037109 0.041295
7 0.254883 0.607980 0.038086 0.043527
7 0.409546 0.370117 0.022217 0.023158
7 0.340088 0.276786 0.026855 0.025670
7 0.113525 0.148577 0.041992 0.040458
12 0.004395 0.409738 0.007324 0.014788
12 0.016968 0.414481 0.014893 0.016462
12 0.021973 0.398298 0.013184 0.017020
12 0.008301 0.393415 0.012207 0.015625
7 0.427612 0.187081 0.035400 0.039900
7 0.588867 0.224051 0.018066 0.020089
7 0.606689 0.229213 0.017578 0.018136
7 0.625000 0.232980 0.017578 0.018415
7 0.658691 0.239676 0.011230 0.011161
7 0.673828 0.243304 0.010254 0.011161
7 0.634399 0.346401 0.025146 0.033761
7 0.156372 0.122768 0.032959 0.035714
