7 0.663188 0.681690 0.032803 0.101408
7 0.204274 0.230047 0.025514 0.078873
7 0.323724 0.246479 0.025845 0.079812
7 0.297714 0.304225 0.040755 0.120188
7 0.405898 0.684038 0.021869 0.057277
7 0.429920 0.680751 0.024188 0.075117
7 0.453280 0.676526 0.020543 0.055399
7 0.472664 0.676995 0.016899 0.052582
7 0.492545 0.672770 0.018887 0.055399
7 0.519881 0.500000 0.020543 0.055399
7 0.494036 0.512676 0.027833 0.078873
7 0.480782 0.545070 0.013254 0.042254
7 0.449967 0.522535 0.021206 0.062911
7 0.178098 0.227230 0.026176 0.086385
7 0.689032 0.713615 0.017561 0.043192
7 0.162856 0.266197 0.026839 0.109859
7 0.142313 0.236620 0.030815 0.101408
7 0.191186 0.530516 0.037773 0.110798
7 0.159046 0.530047 0.021869 0.072300
7 0.139662 0.515962 0.026176 0.081690
7 0.089132 0.508920 0.039761 0.122066
7 0.027833 0.600000 0.037111 0.120188
7 0.080683 0.216901 0.018887 0.043192
7 0.935719 0.695305 0.050364 0.153052
7 0.716534 0.669953 0.025514 0.109859
7 0.802518 0.682160 0.027170 0.070423
7 0.280318 0.250704 0.020543 0.060094
