10 0.400168 0.369713 0.015164 0.023414
10 0.417439 0.371979 0.014322 0.024924
10 0.462511 0.265483 0.013479 0.023414
10 0.427970 0.264728 0.013479 0.026435
10 0.346251 0.263218 0.015164 0.026435
10 0.294019 0.262840 0.016849 0.025680
10 0.152064 0.231873 0.034541 0.013595
10 0.150379 0.216390 0.031171 0.012840
10 0.230834 0.198640 0.030329 0.015106
10 0.232940 0.167674 0.032856 0.015106
14 0.328559 0.112538 0.069082 0.128399
14 0.437237 0.114804 0.072452 0.128399
14 0.545914 0.117447 0.072452 0.129154
14 0.697978 0.373489 0.068239 0.129154
14 0.806655 0.376133 0.071609 0.129909
14 0.583404 0.591390 0.069924 0.128399
14 0.691660 0.593656 0.070767 0.129909
14 0.802022 0.595544 0.067397 0.129154
13 0.221988 0.888595 0.223252 0.198640
10 0.530750 0.272659 0.015164 0.027190
10 0.435973 0.370468 0.014322 0.024924
10 0.479781 0.469411 0.036226 0.011329
10 0.382898 0.373112 0.014322 0.027190
10 0.277169 0.437689 0.015164 0.029456
10 0.231255 0.243580 0.031171 0.011329
10 0.150800 0.247734 0.032013 0.012085
10 0.232519 0.117447 0.032013 0.012840
10 0.154170 0.118958 0.028644 0.011329
10 0.477254 0.503399 0.031171 0.014350
10 0.379107 0.470921 0.028644 0.014350
10 0.380792 0.486405 0.028644 0.013595
10 0.382056 0.518127 0.029486 0.013595
10 0.380792 0.503021 0.033698 0.015106
10 0.258635 0.438444 0.015164 0.027946
10 0.233783 0.414653 0.032856 0.013595
10 0.235468 0.398792 0.031171 0.013595
10 0.233361 0.384819 0.030329 0.014350
10 0.234204 0.368580 0.033698 0.015106
10 0.333614 0.367825 0.016849 0.028701
10 0.350463 0.369335 0.015164 0.027190
13 0.088037 0.956193 0.123842 0.087613
