7 0.320838 0.822814 0.044101 0.036502
7 0.307056 0.800000 0.034179 0.030418
7 0.776185 0.158555 0.052922 0.035741
7 0.730981 0.185932 0.055127 0.037262
7 0.685226 0.210266 0.051819 0.035741
7 0.635612 0.232700 0.054024 0.034981
7 0.700110 0.293536 0.044101 0.031939
7 0.655458 0.319011 0.049614 0.031179
7 0.577729 0.353232 0.035281 0.034221
7 0.567806 0.391635 0.035281 0.033460
7 0.750827 0.272243 0.052922 0.036502
7 0.798236 0.247909 0.048512 0.033460
7 0.844542 0.221673 0.052922 0.034221
7 0.885336 0.196958 0.063947 0.045627
7 0.308159 0.417871 0.133407 0.093536
7 0.270673 0.498479 0.029768 0.031179
7 0.260750 0.537262 0.036384 0.031179
7 0.385888 0.512167 0.037486 0.035741
7 0.375413 0.549430 0.040794 0.035741
7 0.367144 0.587072 0.033076 0.033460
7 0.244763 0.616350 0.035281 0.032700
7 0.336825 0.645627 0.038589 0.034981
7 0.357773 0.667681 0.031974 0.030418
7 0.240904 0.654753 0.045204 0.036502
7 0.318633 0.721673 0.035281 0.031939
7 0.826902 0.136882 0.037486 0.025856
