7 0.547395 0.303072 0.029379 0.035495
7 0.499169 0.887372 0.051552 0.060068
7 0.338137 0.722526 0.050998 0.066212
7 0.388581 0.550853 0.041020 0.046416
7 0.359756 0.592491 0.048780 0.061433
7 0.269678 0.653242 0.042683 0.049147
7 0.231984 0.562457 0.030488 0.036860
7 0.261641 0.541980 0.029933 0.038225
7 0.292960 0.521502 0.024945 0.028669
7 0.322616 0.503072 0.031042 0.035495
7 0.297395 0.490444 0.030488 0.037543
7 0.268293 0.512287 0.031042 0.036177
7 0.238636 0.529352 0.029379 0.034812
7 0.208703 0.551536 0.030488 0.034130
7 0.171840 0.471672 0.029933 0.035495
7 0.224224 0.404437 0.044900 0.056655
5 0.107539 0.345734 0.034368 0.047099
7 0.416020 0.779181 0.064856 0.081229
7 0.694568 0.795904 0.017738 0.035495
7 0.429601 0.265870 0.027716 0.040273
7 0.693736 0.835836 0.017184 0.032082
7 0.343958 0.362116 0.028271 0.038908
7 0.332317 0.332765 0.027162 0.037543
7 0.345898 0.307167 0.027716 0.036860
7 0.287694 0.290102 0.045455 0.054608
5 0.064024 0.030034 0.041574 0.053242
7 0.853381 0.902730 0.018293 0.029352
7 0.854213 0.861092 0.016630 0.026621
7 0.855599 0.818089 0.018293 0.032082
7 0.859479 0.661092 0.027162 0.036177
7 0.833980 0.654608 0.029379 0.035495
7 0.810144 0.692150 0.029379 0.036860
7 0.785477 0.775768 0.017738 0.033447
7 0.783259 0.817065 0.019956 0.030034
7 0.763581 0.795563 0.019401 0.033447
7 0.760532 0.881229 0.018847 0.035495
7 0.169069 0.317406 0.093126 0.117406
