7 0.361170 0.885572 0.028723 0.043118
7 0.635904 0.528607 0.026064 0.037313
7 0.696011 0.508706 0.027128 0.035655
7 0.706117 0.472222 0.027128 0.037313
7 0.675798 0.483002 0.027128 0.033997
7 0.646277 0.494196 0.026596 0.038143
7 0.616755 0.503317 0.028191 0.036484
7 0.595213 0.370647 0.028723 0.038143
7 0.614894 0.394279 0.026596 0.035655
7 0.707181 0.362355 0.027128 0.034826
7 0.656915 0.347015 0.024468 0.032338
7 0.717553 0.324212 0.026596 0.036484
7 0.682447 0.228856 0.025532 0.034826
7 0.651596 0.240464 0.024468 0.031509
7 0.621543 0.254146 0.023936 0.032338
7 0.560638 0.271559 0.027660 0.035655
5 0.424468 0.223881 0.032979 0.044776
7 0.183511 0.503731 0.025532 0.035655
7 0.307713 0.453566 0.042021 0.056385
7 0.664894 0.517413 0.027660 0.038143
7 0.756915 0.484245 0.025532 0.036484
7 0.423404 0.864428 0.025532 0.035655
7 0.787500 0.474710 0.028191 0.037313
7 0.576862 0.813018 0.026064 0.032338
7 0.684309 0.763682 0.027128 0.038143
7 0.768883 0.339138 0.027128 0.034826
7 0.828723 0.317993 0.028723 0.038972
7 0.810106 0.290216 0.026596 0.033167
7 0.834574 0.174959 0.023404 0.034826
7 0.803989 0.183665 0.028191 0.037313
7 0.653457 0.661692 0.029255 0.038143
7 0.665957 0.626451 0.027660 0.037313
7 0.715691 0.643035 0.027128 0.035655
7 0.726064 0.606965 0.027660 0.038143
7 0.747340 0.630182 0.024468 0.038143
7 0.777394 0.621891 0.025000 0.031509
7 0.786968 0.585406 0.028191 0.036484
7 0.819415 0.573383 0.028191 0.038972
7 0.828723 0.428690 0.028723 0.038143
7 0.800000 0.439469 0.030851 0.038143
7 0.225266 0.483831 0.028191 0.037313
