10 0.689384 0.226879 0.018349 0.024855
10 0.137287 0.592486 0.024246 0.024277
10 0.080275 0.557225 0.025557 0.025434
10 0.099934 0.571965 0.024246 0.023699
10 0.128440 0.581792 0.020970 0.023699
10 0.151704 0.526590 0.021625 0.023121
10 0.141219 0.520231 0.021625 0.021965
10 0.129423 0.513873 0.021625 0.023121
10 0.106815 0.500000 0.023591 0.024277
14 0.874181 0.613584 0.110092 0.117341
14 0.807012 0.575723 0.112058 0.117919
14 0.738532 0.537572 0.110092 0.116763
14 0.671035 0.500289 0.112713 0.116185
14 0.603211 0.462428 0.112058 0.116763
14 0.698231 0.726590 0.112058 0.115607
14 0.765727 0.763873 0.112058 0.117341
1 0.665793 0.856936 0.132372 0.106936
14 0.630734 0.689017 0.112058 0.116763
14 0.562582 0.651156 0.112058 0.116185
14 0.496068 0.613295 0.112713 0.115607
8 0.308322 0.618786 0.110747 0.084971
14 0.486894 0.297399 0.110092 0.116185
14 0.412189 0.255491 0.112713 0.116763
14 0.344364 0.218208 0.113368 0.115029
14 0.277195 0.180636 0.114024 0.116185
10 0.072739 0.479191 0.024902 0.026590
10 0.036697 0.461272 0.023591 0.024277
10 0.012779 0.448844 0.024246 0.024855
10 0.664155 0.202601 0.017693 0.026012
10 0.115662 0.577457 0.024246 0.026590
10 0.174312 0.540751 0.019659 0.023699
10 0.162189 0.533237 0.021625 0.023699
10 0.096003 0.491908 0.021625 0.023121
10 0.058650 0.474566 0.021625 0.023121
10 0.048165 0.465896 0.022936 0.024277
6 0.713958 0.254913 0.022936 0.030058
6 0.702490 0.239017 0.019659 0.028324
6 0.723132 0.269364 0.020315 0.028902
6 0.677261 0.211850 0.019004 0.028324
10 0.653014 0.191618 0.016383 0.024855
10 0.161533 0.604624 0.024246 0.024277
10 0.638925 0.182948 0.011796 0.019075
10 0.626147 0.173699 0.012451 0.022543
10 0.610419 0.165318 0.013761 0.023121
10 0.592398 0.154335 0.015727 0.021965
10 0.575688 0.147399 0.016383 0.024277
10 0.561599 0.141908 0.015727 0.022543
10 0.542595 0.132370 0.019659 0.023121
10 0.524574 0.127746 0.021625 0.026590
10 0.504260 0.126012 0.021625 0.025434
10 0.378113 0.717052 0.024902 0.021387
14 0.208060 0.141908 0.113368 0.115029
