10 0.663281 0.948242 0.050000 0.041016
6 0.404297 0.585938 0.082031 0.042969
6 0.405859 0.250977 0.083594 0.048828
6 0.398047 0.280273 0.083594 0.042969
6 0.399219 0.310059 0.085938 0.041992
6 0.402344 0.334961 0.084375 0.046875
6 0.401172 0.360840 0.085156 0.045898
6 0.401562 0.391113 0.084375 0.045898
6 0.399219 0.417480 0.085938 0.041992
6 0.402344 0.448242 0.085938 0.033203
6 0.403906 0.474609 0.084375 0.039062
6 0.405469 0.501953 0.082812 0.041016
6 0.401172 0.555664 0.085156 0.044922
6 0.400781 0.612305 0.087500 0.042969
6 0.401172 0.126465 0.082031 0.057617
6 0.396484 0.638672 0.085156 0.042969
6 0.405078 0.666016 0.085156 0.044922
6 0.399609 0.693848 0.089844 0.047852
6 0.402734 0.718262 0.085156 0.045898
6 0.568750 0.123535 0.081250 0.059570
6 0.562109 0.201172 0.063281 0.054688
6 0.567187 0.343750 0.079687 0.056641
6 0.575391 0.432617 0.080469 0.054688
6 0.579297 0.489258 0.078906 0.060547
6 0.569531 0.513672 0.081250 0.054688
6 0.570312 0.599609 0.078125 0.060547
6 0.408203 0.217773 0.088281 0.054688
6 0.305859 0.777344 0.064844 0.033203
10 0.905078 0.122070 0.022656 0.046875
6 0.308984 0.308594 0.085156 0.041016
6 0.130859 0.247559 0.082031 0.059570
6 0.120313 0.365723 0.076563 0.061523
6 0.121875 0.416016 0.078125 0.056641
6 0.121875 0.472168 0.078125 0.059570
6 0.123438 0.497070 0.076563 0.058594
6 0.119141 0.529785 0.064844 0.049805
6 0.126953 0.553223 0.080469 0.055664
6 0.129297 0.580078 0.063281 0.044922
6 0.298047 0.176758 0.083594 0.056641
6 0.301563 0.255859 0.090625 0.044922
6 0.301172 0.281738 0.088281 0.040039
6 0.305078 0.337402 0.086719 0.041992
6 0.303516 0.750000 0.082031 0.042969
6 0.304297 0.362793 0.086719 0.041992
6 0.300000 0.392090 0.085938 0.041992
6 0.307422 0.419922 0.085156 0.044922
6 0.303516 0.446777 0.086719 0.041992
6 0.307422 0.474609 0.082031 0.041016
6 0.309766 0.500488 0.083594 0.038086
6 0.307422 0.528320 0.083594 0.041016
6 0.302734 0.585449 0.086719 0.038086
6 0.302734 0.613770 0.088281 0.043945
6 0.304688 0.640625 0.087500 0.044922
6 0.307812 0.669434 0.085938 0.040039
6 0.568750 0.652832 0.079687 0.055664
6 0.566016 0.681641 0.077344 0.056641
6 0.568750 0.708008 0.084375 0.052734
10 0.014453 0.379883 0.027344 0.015625
6 0.403125 0.527832 0.067187 0.036133
6 0.812109 0.361328 0.082031 0.056641
6 0.888281 0.817383 0.082812 0.054688
10 0.016016 0.074707 0.030469 0.020508
10 0.015625 0.094238 0.029687 0.020508
10 0.013281 0.236816 0.026562 0.012695
10 0.012109 0.162598 0.022656 0.014648
10 0.013281 0.272461 0.026562 0.015625
10 0.013672 0.290039 0.025781 0.015625
10 0.014453 0.307129 0.028906 0.016602
10 0.012500 0.324219 0.025000 0.015625
10 0.012500 0.398438 0.025000 0.015625
6 0.574609 0.792969 0.077344 0.060547
10 0.016016 0.362793 0.030469 0.020508
10 0.014453 0.484375 0.027344 0.015625
10 0.014844 0.502930 0.029687 0.015625
10 0.014453 0.522461 0.027344 0.015625
10 0.014063 0.541992 0.026562 0.017578
10 0.013281 0.575195 0.026562 0.015625
10 0.012891 0.593750 0.025781 0.013672
10 0.011328 0.627441 0.021094 0.014648
10 0.013672 0.610840 0.027344 0.016602
10 0.842969 0.112305 0.015625 0.039062
10 0.873047 0.114746 0.016406 0.036133
6 0.816406 0.830566 0.082812 0.057617
6 0.807422 0.807617 0.075781 0.054688
6 0.807813 0.776855 0.082812 0.057617
6 0.893359 0.730957 0.083594 0.059570
6 0.564844 0.819824 0.081250 0.059570
6 0.634375 0.214355 0.076563 0.053711
6 0.652344 0.557617 0.084375 0.054688
6 0.653125 0.616211 0.082812 0.058594
6 0.651563 0.642578 0.084375 0.056641
6 0.655469 0.669434 0.082812 0.051758
6 0.657031 0.697266 0.078125 0.058594
6 0.654687 0.728027 0.081250 0.059570
6 0.646484 0.776855 0.082031 0.057617
6 0.654297 0.808105 0.078906 0.059570
6 0.658984 0.840820 0.075781 0.056641
6 0.802734 0.447266 0.080469 0.056641
6 0.893359 0.309570 0.078906 0.060547
6 0.895312 0.339844 0.081250 0.056641
6 0.900000 0.367676 0.079687 0.055664
6 0.879297 0.509277 0.078906 0.053711
6 0.893359 0.559082 0.083594 0.055664
6 0.892969 0.593750 0.079687 0.056641
6 0.893750 0.619141 0.078125 0.056641
6 0.813281 0.661621 0.084375 0.059570
6 0.807422 0.696777 0.080469 0.055664
6 0.893359 0.672852 0.082031 0.058594
6 0.810937 0.746582 0.084375 0.063477
6 0.120313 0.225586 0.081250 0.058594
