10 0.981688 0.882096 0.020701 0.023290
14 0.348726 0.382824 0.066879 0.144105
14 0.241773 0.382824 0.067410 0.144105
14 0.154193 0.642649 0.067410 0.142649
14 0.225318 0.617540 0.067410 0.143377
14 0.194002 0.855895 0.068471 0.144105
14 0.265393 0.830422 0.066879 0.145560
14 0.394108 0.862082 0.067410 0.143377
14 0.465764 0.838792 0.067410 0.141921
14 0.353238 0.632824 0.065287 0.143377
14 0.424628 0.609170 0.066879 0.142649
14 0.420382 0.358806 0.066879 0.142649
10 0.935510 0.738719 0.028132 0.029112
14 0.536359 0.348617 0.066348 0.142649
14 0.608015 0.324964 0.067410 0.143377
14 0.605626 0.591339 0.066879 0.143377
14 0.574045 0.872271 0.066348 0.143377
14 0.645966 0.848617 0.064756 0.142649
14 0.747611 0.812955 0.066348 0.144105
14 0.819002 0.789301 0.066879 0.143377
13 0.764331 0.248908 0.102972 0.109170
1 0.918790 0.201965 0.077495 0.133188
14 0.170117 0.407205 0.068471 0.144833
