10 0.228762 0.492936 0.050154 0.069074
6 0.611054 0.604396 0.079836 0.156986
6 0.341863 0.521193 0.036847 0.160126
6 0.399181 0.507064 0.040942 0.169545
6 0.435517 0.496075 0.031730 0.160126
6 0.467758 0.501570 0.024565 0.155416
6 0.515353 0.525903 0.027636 0.160126
6 0.579324 0.580848 0.073695 0.150706
6 0.663767 0.654631 0.084954 0.150706
10 0.195496 0.582418 0.047083 0.059655
6 0.366428 0.843799 0.096213 0.095761
10 0.076254 0.149922 0.054248 0.067504
10 0.147902 0.277865 0.046059 0.059655
10 0.092119 0.396389 0.049130 0.064364
10 0.055271 0.488226 0.055271 0.072214
10 0.160184 0.668760 0.050154 0.065934
6 0.308598 0.555730 0.031730 0.166405
