10 0.960457 0.646653 0.036907 0.031746
6 0.411687 0.618703 0.079965 0.048999
10 0.188928 0.491718 0.029877 0.028295
10 0.112917 0.406832 0.032513 0.028295
6 0.500439 0.258109 0.118629 0.069013
6 0.653339 0.204279 0.064148 0.057971
6 0.776362 0.340235 0.055360 0.051070
6 0.735062 0.293996 0.053603 0.052450
6 0.612478 0.302968 0.065026 0.062112
6 0.627856 0.427881 0.067663 0.041408
6 0.612917 0.410973 0.064148 0.040718
6 0.713533 0.500000 0.117750 0.069703
6 0.736819 0.590062 0.062390 0.038647
6 0.797452 0.673913 0.134446 0.076605
6 0.466169 0.662526 0.069420 0.044168
6 0.437170 0.629745 0.086995 0.053140
6 0.405536 0.599379 0.083480 0.058661
10 0.949033 0.660455 0.031634 0.027605
6 0.393673 0.582471 0.065026 0.042788
6 0.365114 0.573154 0.081722 0.051760
6 0.364236 0.548654 0.081722 0.049689
6 0.340510 0.536922 0.081722 0.051070
6 0.326011 0.520014 0.087873 0.057281
6 0.311072 0.505521 0.087873 0.054520
6 0.257030 0.416839 0.072935 0.045549
6 0.241652 0.399586 0.072056 0.044168
6 0.216169 0.365424 0.068541 0.042098
6 0.200791 0.349206 0.065905 0.044168
6 0.170914 0.317805 0.065905 0.043478
6 0.155097 0.302968 0.065905 0.045549
6 0.140158 0.286059 0.069420 0.042098
6 0.127417 0.269496 0.070299 0.043478
10 0.102373 0.526225 0.036028 0.025535
10 0.072935 0.489303 0.040422 0.027605
10 0.038225 0.456867 0.039543 0.027605
10 0.053163 0.517598 0.037786 0.026225
10 0.793937 0.595238 0.034271 0.033816
10 0.824692 0.577985 0.030756 0.031056
10 0.845343 0.570738 0.036907 0.033126
10 0.604130 0.851622 0.050088 0.028986
10 0.645431 0.830573 0.037786 0.024155
10 0.630931 0.819876 0.038664 0.026225
10 0.779438 0.290890 0.038664 0.028295
10 0.593146 0.083161 0.038664 0.026915
10 0.428822 0.791580 0.033392 0.030366
10 0.325132 0.846101 0.038664 0.034507
10 0.265817 0.880607 0.036028 0.031746
10 0.163884 0.929262 0.030756 0.032436
10 0.181459 0.775362 0.036028 0.024155
10 0.163005 0.804003 0.034271 0.024845
10 0.020650 0.813665 0.034271 0.024845
10 0.030316 0.824362 0.037786 0.026915
10 0.090510 0.842650 0.038664 0.026225
10 0.071617 0.819186 0.037786 0.026225
10 0.048330 0.796756 0.035149 0.024155
10 0.036467 0.787095 0.030756 0.021394
10 0.027241 0.775017 0.036907 0.026225
10 0.018453 0.762595 0.031634 0.023464
10 0.099297 0.735680 0.038664 0.026225
10 0.111599 0.693927 0.040422 0.028295
10 0.068102 0.699793 0.039543 0.027605
10 0.058875 0.688406 0.036907 0.025535
10 0.028998 0.653209 0.035149 0.024155
10 0.122583 0.549344 0.037786 0.024845
10 0.028559 0.443409 0.032513 0.022774
6 0.112478 0.252243 0.070299 0.046239
