10 0.197439 0.815470 0.053362 0.046409
6 0.297759 0.608840 0.081110 0.061878
6 0.372999 0.217680 0.062967 0.090608
6 0.399146 0.228177 0.059765 0.087293
6 0.421025 0.240884 0.062967 0.086188
6 0.488260 0.582320 0.069370 0.050829
6 0.411953 0.709392 0.076841 0.048619
6 0.400213 0.737017 0.076841 0.041989
6 0.390608 0.764088 0.072572 0.043094
6 0.315368 0.776243 0.062967 0.096133
6 0.291355 0.642541 0.104589 0.067403
6 0.400747 0.571271 0.056564 0.081768
6 0.705977 0.566851 0.088581 0.141436
6 0.471718 0.273481 0.055496 0.078453
10 0.159552 0.768508 0.035219 0.049724
10 0.143010 0.880663 0.055496 0.037569
10 0.200107 0.851381 0.039488 0.032044
10 0.106190 0.964641 0.050160 0.037569
10 0.113661 0.941989 0.045891 0.036464
10 0.970651 0.106630 0.041622 0.032044
6 0.328175 0.197238 0.065101 0.087293
