6 0.234966 0.741221 0.066151 0.069398
6 0.446735 0.333612 0.068729 0.030100
10 0.220361 0.230769 0.055842 0.023411
10 0.442440 0.143813 0.030928 0.035117
10 0.421392 0.146321 0.036942 0.038462
6 0.514175 0.701087 0.081615 0.132943
6 0.549828 0.667224 0.091065 0.135452
6 0.439863 0.311873 0.070447 0.035117
6 0.253866 0.677258 0.134880 0.081940
6 0.354381 0.483696 0.035223 0.072742
6 0.222079 0.279682 0.155498 0.056020
6 0.842784 0.217809 0.159794 0.022575
6 0.841924 0.244565 0.154639 0.022575
6 0.841495 0.276756 0.150344 0.023411
6 0.810137 0.367475 0.156357 0.032609
6 0.438144 0.287625 0.075601 0.035117
10 0.216924 0.336957 0.026632 0.040134
10 0.496564 0.296405 0.032646 0.042642
10 0.217354 0.383779 0.024055 0.040134
10 0.193729 0.408863 0.033505 0.016722
10 0.254296 0.441472 0.018900 0.033445
9 0.175687 0.376254 0.028351 0.046823
9 0.186856 0.548077 0.064433 0.032609
10 0.297251 0.678512 0.032646 0.029264
10 0.330326 0.720736 0.033505 0.031773
10 0.612543 0.577759 0.036082 0.035117
10 0.629296 0.122074 0.031787 0.031773
10 0.647766 0.109532 0.030928 0.035117
10 0.666667 0.102007 0.030928 0.035117
10 0.685567 0.092809 0.027491 0.036789
10 0.619416 0.549749 0.036082 0.024247
6 0.670962 0.571070 0.077320 0.041806
6 0.451031 0.356187 0.079038 0.031773
6 0.433849 0.260870 0.073883 0.033445
