10 0.850374 0.093148 0.038238 0.034261
6 0.616791 0.321199 0.031588 0.087794
6 0.827515 0.491970 0.034081 0.082441
6 0.805486 0.496788 0.034913 0.087794
6 0.681214 0.612955 0.032419 0.099572
6 0.656692 0.615096 0.033250 0.101713
6 0.464672 0.645075 0.034913 0.093148
6 0.437240 0.640257 0.038238 0.081370
6 0.252286 0.641328 0.150457 0.070664
6 0.650457 0.346360 0.050707 0.159529
6 0.588113 0.331906 0.034081 0.092077
6 0.890690 0.468951 0.032419 0.087794
6 0.534081 0.348501 0.032419 0.088865
6 0.505403 0.356531 0.031588 0.087794
6 0.479634 0.366702 0.031588 0.091006
6 0.394015 0.387580 0.029925 0.079229
6 0.366584 0.396681 0.031588 0.080300
6 0.312552 0.421306 0.033250 0.088865
6 0.284289 0.423983 0.031588 0.077088
6 0.257689 0.439507 0.033250 0.086724
6 0.849543 0.486617 0.031588 0.078158
6 0.911056 0.463062 0.033250 0.086724
10 0.769742 0.102784 0.038238 0.032120
10 0.766002 0.312099 0.037406 0.028908
10 0.775561 0.144540 0.033250 0.029979
10 0.865337 0.169165 0.038238 0.032120
10 0.788030 0.217880 0.038238 0.028908
10 0.792602 0.241435 0.039069 0.031049
10 0.806733 0.312099 0.032419 0.024625
10 0.803824 0.288544 0.036575 0.024625
10 0.799667 0.263919 0.034913 0.026767
10 0.758936 0.281049 0.036575 0.026767
10 0.071072 0.864561 0.035744 0.033191
6 0.562760 0.342077 0.034913 0.093148
10 0.061929 0.814775 0.035744 0.032120
10 0.060266 0.789079 0.040732 0.027837
10 0.052785 0.769807 0.039069 0.027837
10 0.128429 0.498929 0.022444 0.047109
10 0.152120 0.517666 0.021613 0.046039
6 0.704904 0.602248 0.036575 0.093148
6 0.933084 0.456103 0.030756 0.066381
6 0.869493 0.476981 0.033250 0.088865
6 0.207814 0.449143 0.031588 0.076017
