10 0.936966 0.470399 0.008764 0.008559
4 0.865618 0.256419 0.044045 0.161912
9 0.647303 0.235021 0.009663 0.019258
9 0.573371 0.206491 0.011461 0.028531
9 0.485843 0.398359 0.010337 0.022111
10 0.446404 0.779422 0.010112 0.016762
10 0.449438 0.970934 0.007640 0.013195
10 0.337416 0.951141 0.006517 0.017832
9 0.257978 0.565264 0.010337 0.021398
4 0.921910 0.231990 0.049213 0.187233
4 0.711685 0.332561 0.044494 0.099501
10 0.591685 0.627318 0.004045 0.014265
4 0.654270 0.312054 0.060449 0.174037
4 0.593146 0.309736 0.073034 0.244294
4 0.552584 0.420649 0.053483 0.128031
4 0.440899 0.429743 0.063371 0.205421
4 0.510112 0.442047 0.048090 0.133738
4 0.383596 0.466655 0.088090 0.202924
4 0.274382 0.593973 0.035056 0.093081
4 0.196404 0.764800 0.041348 0.155136
9 0.535056 0.382489 0.010787 0.023894
10 0.512472 0.679922 0.009213 0.013195
10 0.912472 0.463802 0.007416 0.014622
10 0.747978 0.517297 0.006966 0.013909
10 0.920562 0.457739 0.006966 0.014622
10 0.896742 0.863231 0.010562 0.011056
10 0.919775 0.993581 0.009888 0.011412
10 0.919663 0.983773 0.009663 0.011056
10 0.792584 0.915656 0.008539 0.008916
10 0.790562 0.896041 0.009888 0.015335
9 0.858764 0.194900 0.007416 0.018902
9 0.714494 0.311163 0.010562 0.023181
10 0.697303 0.595399 0.007191 0.016049
10 0.563820 0.702568 0.008090 0.012839
10 0.693933 0.578459 0.006742 0.014979
10 0.699551 0.577211 0.008090 0.019615
10 0.700337 0.555100 0.007416 0.016049
10 0.575281 0.880171 0.009438 0.010699
10 0.543596 0.846291 0.010337 0.010699
10 0.583820 0.765157 0.009888 0.010342
10 0.593596 0.761234 0.009663 0.011056
10 0.591798 0.752675 0.008764 0.010342
4 0.152921 0.794579 0.054607 0.178317
