6 0.478172 0.120293 0.070941 0.100418
6 0.216235 0.638598 0.046385 0.103556
6 0.539563 0.345711 0.058663 0.111925
6 0.525580 0.326883 0.059345 0.105649
6 0.457367 0.373431 0.072988 0.089958
6 0.094134 0.532427 0.045020 0.108787
6 0.131992 0.549686 0.045703 0.114017
6 0.148363 0.564854 0.042974 0.106695
6 0.202592 0.610879 0.032742 0.077406
6 0.248977 0.683577 0.045020 0.118201
6 0.376194 0.814854 0.047067 0.110879
6 0.278649 0.727510 0.044338 0.111925
6 0.396658 0.836820 0.045703 0.108787
6 0.419168 0.454498 0.077080 0.084728
6 0.704980 0.503138 0.078445 0.079498
6 0.750000 0.368724 0.077080 0.063808
6 0.513302 0.301778 0.057981 0.105649
6 0.464870 0.146967 0.068895 0.086820
6 0.559004 0.364017 0.055252 0.115063
6 0.187244 0.591004 0.032060 0.075314
10 0.756480 0.323745 0.043656 0.051255
10 0.356753 0.666841 0.030014 0.038703
10 0.636426 0.496339 0.031378 0.036611
10 0.612210 0.538703 0.033424 0.035565
10 0.592087 0.589958 0.038199 0.035565
10 0.422578 0.745293 0.030696 0.038703
10 0.406889 0.729079 0.032060 0.039749
10 0.382333 0.698745 0.033424 0.041841
10 0.370737 0.681485 0.032060 0.040795
10 0.324693 0.642259 0.030014 0.035565
6 0.169168 0.576360 0.040928 0.112971
10 0.299454 0.607218 0.032742 0.038703
10 0.272510 0.578452 0.029332 0.035565
10 0.241814 0.552301 0.030696 0.039749
10 0.230559 0.532950 0.028649 0.036611
10 0.328786 0.537134 0.032742 0.040795
10 0.276603 0.480649 0.032060 0.040795
6 0.089700 0.106172 0.057981 0.051255
6 0.156207 0.140167 0.080491 0.150628
