10 0.965745 0.227432 0.054087 0.028922
10 0.177885 0.823839 0.043269 0.029798
14 0.505409 0.512708 0.215144 0.171779
14 0.659856 0.671779 0.237981 0.155127
14 0.739183 0.592463 0.237981 0.156004
14 0.817909 0.513585 0.234375 0.156004
10 0.203726 0.033742 0.061298 0.030675
10 0.435096 0.050833 0.045673 0.033304
10 0.340144 0.105171 0.052885 0.033304
10 0.274639 0.076687 0.051683 0.025416
10 0.311899 0.096407 0.056490 0.043821
10 0.599760 0.175723 0.052885 0.037686
10 0.685697 0.194566 0.044471 0.035057
10 0.721154 0.197634 0.050481 0.035933
10 0.149639 0.697195 0.051683 0.032428
10 0.192308 0.809816 0.050481 0.035057
10 0.157452 0.837862 0.050481 0.035057
10 0.900841 0.229623 0.034856 0.036810
10 0.457933 0.856266 0.043269 0.028046
10 0.441106 0.871604 0.043269 0.032428
10 0.092548 0.908414 0.045673 0.030675
10 0.031250 0.824277 0.050481 0.034181
10 0.018029 0.839614 0.033654 0.029798
10 0.729567 0.972831 0.043269 0.038563
10 0.945913 0.914549 0.048077 0.032428
10 0.976562 0.852761 0.042067 0.035057
10 0.807091 0.085890 0.056490 0.028046
10 0.813702 0.067923 0.052885 0.023663
10 0.967548 0.120070 0.050481 0.028046
10 0.972957 0.102542 0.051683 0.026293
10 0.809495 0.122699 0.044471 0.024540
10 0.945312 0.165206 0.051683 0.025416
14 0.401442 0.456179 0.211538 0.174408
