10 0.551223 0.390572 0.077982 0.031425
10 0.582569 0.470258 0.091743 0.035915
10 0.934251 0.217172 0.070336 0.057239
6 0.763761 0.768799 0.133028 0.047138
6 0.718654 0.687991 0.103976 0.044893
6 0.708716 0.659371 0.105505 0.041526
6 0.699541 0.631874 0.102446 0.040404
6 0.583333 0.558361 0.090214 0.032548
6 0.595566 0.500000 0.087156 0.039282
6 0.570336 0.444444 0.097859 0.038159
6 0.571865 0.413580 0.088685 0.039282
6 0.549694 0.360831 0.099388 0.043771
6 0.478593 0.313131 0.088685 0.038159
6 0.431193 0.175084 0.088685 0.038159
