6 0.381197 0.708855 0.027350 0.062657
6 0.584615 0.875104 0.034188 0.071011
6 0.311966 0.693400 0.020513 0.050125
6 0.335470 0.693818 0.023077 0.047619
6 0.446581 0.701754 0.023077 0.070175
6 0.507692 0.736424 0.025641 0.069340
6 0.554274 0.724728 0.028205 0.071011
6 0.297009 0.616959 0.021368 0.050961
6 0.208547 0.767753 0.020513 0.068505
6 0.230769 0.784461 0.023932 0.073517
6 0.251282 0.790727 0.027350 0.065998
6 0.277350 0.800334 0.028205 0.068505
6 0.297436 0.807018 0.025641 0.066834
6 0.480342 0.850459 0.030769 0.068505
6 0.502137 0.855472 0.029915 0.070175
6 0.255128 0.653718 0.045299 0.025898
6 0.317521 0.815372 0.031624 0.056809
6 0.036752 0.343358 0.027350 0.055138
6 0.517521 0.659983 0.026496 0.063492
6 0.540598 0.663743 0.023077 0.052632
6 0.583333 0.670844 0.024786 0.070175
6 0.568376 0.796575 0.076923 0.029240
6 0.605556 0.665831 0.026496 0.061821
6 0.474359 0.647870 0.027350 0.065998
6 0.342308 0.630744 0.023077 0.048454
6 0.494017 0.657477 0.027350 0.071846
6 0.567094 0.476190 0.031624 0.046784
6 0.599145 0.559315 0.027350 0.042607
6 0.581624 0.547619 0.026496 0.039265
6 0.403419 0.713868 0.022222 0.052632
6 0.289744 0.685046 0.027350 0.071846
6 0.562393 0.544695 0.027350 0.041771
6 0.544872 0.536759 0.036752 0.071011
6 0.487179 0.523392 0.034188 0.067669
6 0.232051 0.309524 0.079487 0.047619
6 0.164103 0.345029 0.071795 0.026734
6 0.160684 0.365497 0.064957 0.024227
6 0.158547 0.389307 0.064103 0.023392
6 0.057265 0.665414 0.029060 0.071011
6 0.099573 0.676692 0.023077 0.051796
6 0.026923 0.720969 0.023077 0.063492
6 0.034188 0.649958 0.027350 0.056809
6 0.286325 0.445280 0.078632 0.026734
6 0.285470 0.422723 0.073504 0.025063
6 0.275641 0.470760 0.072650 0.030911
6 0.504274 0.329992 0.042735 0.080201
6 0.544444 0.341688 0.035897 0.073517
6 0.620940 0.369674 0.045299 0.074353
6 0.674359 0.395572 0.042735 0.076023
6 0.719658 0.420635 0.039316 0.072682
6 0.763248 0.444444 0.042735 0.073517
6 0.805983 0.459064 0.037607 0.067669
6 0.794017 0.535505 0.071795 0.045113
6 0.690171 0.545530 0.041880 0.071846
6 0.414530 0.449875 0.034188 0.059315
6 0.442308 0.450292 0.028205 0.045113
6 0.505128 0.467419 0.027350 0.044277
6 0.599573 0.500835 0.029915 0.044277
6 0.617521 0.510025 0.029915 0.045948
6 0.492735 0.579365 0.074359 0.025898
6 0.620940 0.612364 0.055556 0.041771
6 0.136325 0.276525 0.050427 0.033417
6 0.647436 0.841270 0.070940 0.035088
6 0.563248 0.864662 0.023932 0.071846
10 0.519231 0.476190 0.028205 0.040100
10 0.329060 0.496241 0.039316 0.020050
10 0.332051 0.513784 0.041880 0.020050
10 0.261538 0.614453 0.042735 0.017544
10 0.260256 0.596491 0.035043 0.016708
10 0.216239 0.614871 0.032479 0.013367
10 0.220513 0.577277 0.029060 0.015038
10 0.220085 0.592314 0.029915 0.015038
10 0.423504 0.567669 0.041880 0.019215
10 0.359402 0.825397 0.031624 0.053467
10 0.379915 0.829574 0.026496 0.046784
10 0.483333 0.798663 0.043590 0.026734
10 0.462393 0.724728 0.023932 0.052632
10 0.252137 0.672097 0.035897 0.014202
10 0.778632 0.573517 0.035897 0.034252
10 0.691880 0.721805 0.047009 0.030075
10 0.799573 0.507519 0.040171 0.027569
10 0.786752 0.432331 0.029915 0.039265
10 0.772650 0.470760 0.030769 0.042607
10 0.714957 0.063074 0.041880 0.030911
10 0.697863 0.095656 0.043590 0.027569
10 0.696154 0.113200 0.043590 0.025898
10 0.720085 0.030911 0.052137 0.031746
6 0.729487 0.642439 0.076068 0.033417
6 0.561966 0.657477 0.024786 0.048454
6 0.485043 0.728070 0.028205 0.062657
6 0.616239 0.730576 0.034188 0.071011
6 0.738034 0.434837 0.038462 0.064327
10 0.503846 0.527569 0.028205 0.039265
10 0.477778 0.468672 0.029060 0.045113
6 0.523077 0.858814 0.027350 0.051796
10 0.460256 0.455305 0.031624 0.050125
6 0.398718 0.840017 0.026496 0.049290
6 0.420085 0.840434 0.023077 0.048454
6 0.594017 0.736842 0.027350 0.066834
6 0.386325 0.634921 0.020513 0.061821
6 0.566239 0.589808 0.048718 0.028404
6 0.619658 0.562657 0.027350 0.044277
6 0.605556 0.447786 0.072650 0.036759
6 0.524786 0.535088 0.029060 0.050961
6 0.465385 0.321637 0.038462 0.075188
6 0.161538 0.413116 0.059829 0.019215
6 0.058974 0.337093 0.022222 0.062657
6 0.270085 0.492481 0.073504 0.030911
6 0.399573 0.523810 0.024786 0.041771
6 0.421795 0.516291 0.031624 0.066834
6 0.464103 0.528822 0.023932 0.043442
6 0.362821 0.635756 0.019658 0.068505
6 0.412393 0.638262 0.024786 0.070175
6 0.426923 0.705931 0.024786 0.073517
6 0.338889 0.819549 0.033333 0.070175
6 0.274359 0.851713 0.058120 0.029240
6 0.114530 0.736842 0.025641 0.070175
10 0.257265 0.036341 0.030769 0.039265
10 0.297863 0.109440 0.033333 0.048454
10 0.127350 0.320802 0.042735 0.020050
10 0.344444 0.426065 0.034188 0.016708
10 0.333761 0.480368 0.036752 0.018379
10 0.345726 0.444862 0.043590 0.020886
6 0.046154 0.181287 0.037607 0.075188
