10 0.058150 0.306593 0.017621 0.043956
10 0.052423 0.220879 0.020264 0.041758
10 0.966520 0.379670 0.040529 0.029670
10 0.891630 0.010989 0.033480 0.021978
10 0.809692 0.032967 0.022907 0.046154
10 0.695154 0.013736 0.040529 0.025275
10 0.611013 0.024725 0.039648 0.023077
10 0.570925 0.029121 0.038767 0.027473
10 0.497357 0.036813 0.037885 0.027473
10 0.291189 0.057143 0.037885 0.021978
10 0.173128 0.069231 0.036123 0.019780
10 0.252423 0.062088 0.036123 0.023077
10 0.127753 0.072527 0.037004 0.021978
11 0.334802 0.874176 0.264317 0.249451
1 0.222907 0.554396 0.188546 0.157143
14 0.707489 0.258791 0.096916 0.225275
14 0.601322 0.270330 0.096035 0.221978
14 0.496035 0.279670 0.093392 0.223077
14 0.391189 0.288462 0.096916 0.223077
10 0.954626 0.925824 0.025551 0.023077
10 0.970044 0.984066 0.037004 0.025275
10 0.857709 0.077473 0.023789 0.056044
10 0.085903 0.685165 0.020264 0.042857
10 0.055507 0.262637 0.021145 0.039560
10 0.061674 0.363187 0.019383 0.049451
10 0.066079 0.426374 0.017621 0.046154
10 0.069604 0.473626 0.019383 0.046154
10 0.073128 0.528022 0.021145 0.049451
10 0.078414 0.580220 0.017621 0.048352
10 0.081498 0.631868 0.014978 0.050549
10 0.086784 0.748901 0.020264 0.051648
10 0.874009 0.252747 0.021145 0.048352
10 0.090749 0.808791 0.021145 0.048352
10 0.094273 0.857143 0.022907 0.046154
10 0.100881 0.905495 0.023789 0.046154
10 0.103084 0.962637 0.022907 0.057143
10 0.891630 0.565934 0.019383 0.046154
10 0.888546 0.513187 0.018502 0.041758
10 0.885903 0.455495 0.018502 0.045055
14 0.285022 0.300000 0.096035 0.224176
