10 0.397357 0.977423 0.031718 0.042952
10 0.248899 0.015969 0.030837 0.027533
14 0.340529 0.494493 0.173568 0.233480
14 0.419824 0.573238 0.173568 0.234581
14 0.497797 0.655286 0.172687 0.233480
14 0.576211 0.733480 0.170925 0.231278
14 0.655507 0.814978 0.172687 0.233480
11 0.778414 0.234581 0.446696 0.466960
10 0.248899 0.042401 0.041410 0.036344
10 0.163436 0.957048 0.034361 0.044053
10 0.225110 0.109581 0.037885 0.040749
10 0.068722 0.508260 0.031718 0.047357
10 0.113216 0.770925 0.032599 0.044053
10 0.130837 0.784141 0.029075 0.046256
10 0.186784 0.741189 0.029956 0.044053
10 0.159471 0.871696 0.037004 0.045154
1 0.242291 0.382709 0.199119 0.261013
