9 0.963971 0.263702 0.023529 0.017071
10 0.744485 0.147799 0.011029 0.018868
4 0.390441 0.166217 0.019118 0.073675
4 0.941544 0.241240 0.062500 0.036837
4 0.917647 0.787511 0.054412 0.079964
4 0.690074 0.708446 0.097794 0.150045
4 0.600000 0.684187 0.077941 0.115903
13 0.327941 0.727314 0.054412 0.045822
4 0.447059 0.526954 0.097059 0.141060
4 0.173162 0.323899 0.036029 0.076370
10 0.436765 0.506739 0.019118 0.017969
10 0.268382 0.796496 0.017647 0.026056
10 0.280147 0.808176 0.014706 0.022462
10 0.436397 0.952830 0.013971 0.024259
10 0.733088 0.154537 0.016176 0.023360
10 0.741912 0.170261 0.014706 0.009883
10 0.772426 0.199012 0.006618 0.017071
4 0.094118 0.083558 0.054412 0.079066
