10 0.798565 0.068698 0.013150 0.020311
10 0.267782 0.137993 0.011955 0.029869
4 0.053497 0.419355 0.053198 0.107527
4 0.138673 0.662485 0.075314 0.154122
4 0.266587 0.826165 0.044232 0.158901
4 0.484758 0.659498 0.071727 0.176822
4 0.535266 0.499403 0.059175 0.162485
4 0.741184 0.489845 0.043036 0.152927
4 0.855947 0.476105 0.051405 0.151732
4 0.924088 0.369176 0.034668 0.109916
10 0.190675 0.053763 0.015541 0.021505
10 0.302152 0.130824 0.012552 0.015532
10 0.719665 0.105137 0.014345 0.028674
10 0.268679 0.208483 0.014943 0.034648
10 0.259713 0.247312 0.008966 0.028674
10 0.283323 0.272401 0.014345 0.035842
10 0.272265 0.301673 0.017334 0.029869
10 0.349970 0.398447 0.014943 0.032258
10 0.519426 0.155317 0.016736 0.019116
10 0.518231 0.051374 0.015541 0.016726
10 0.774955 0.108722 0.007770 0.031063
10 0.812313 0.046595 0.009564 0.028674
4 0.018231 0.164277 0.035266 0.056153
