10 0.973224 0.110345 0.025137 0.031034
10 0.878142 0.906034 0.042623 0.015517
10 0.279235 0.387069 0.046995 0.018966
10 0.342077 0.392672 0.045902 0.019828
9 0.482514 0.304741 0.057923 0.023276
6 0.332787 0.466379 0.084153 0.018966
10 0.092896 0.523707 0.054645 0.023276
10 0.096175 0.546552 0.045902 0.020690
10 0.088525 0.615948 0.054645 0.021552
10 0.520765 0.652586 0.040437 0.015517
10 0.300000 0.806034 0.049180 0.022414
10 0.638798 0.832328 0.049180 0.018103
10 0.697268 0.891379 0.043716 0.015517
10 0.691257 0.837500 0.053552 0.023276
10 0.696175 0.955172 0.043716 0.018966
10 0.703825 0.934914 0.041530 0.018103
10 0.595082 0.956897 0.044809 0.020690
10 0.662842 0.966810 0.049180 0.019828
10 0.524044 0.632759 0.036066 0.015517
10 0.647541 0.321121 0.042623 0.019828
10 0.540984 0.311207 0.048087 0.017241
10 0.633333 0.030172 0.042623 0.013793
6 0.868306 0.435776 0.066667 0.018103
6 0.324590 0.416810 0.100546 0.025000
6 0.875410 0.368966 0.091803 0.020690
6 0.740437 0.749138 0.066667 0.017241
6 0.296721 0.664224 0.101639 0.021552
6 0.868852 0.391379 0.098361 0.024138
6 0.873770 0.415948 0.075410 0.019828
6 0.609290 0.398276 0.090710 0.022414
6 0.315301 0.491379 0.064481 0.015517
10 0.646448 0.046121 0.042623 0.016379
6 0.316940 0.515948 0.063388 0.014655
6 0.308197 0.540517 0.087432 0.015517
6 0.303279 0.565948 0.110383 0.023276
6 0.303825 0.590948 0.109290 0.019828
6 0.301093 0.615517 0.112568 0.024138
6 0.295082 0.640086 0.107104 0.019828
6 0.313115 0.692672 0.062295 0.021552
10 0.801093 0.871121 0.059016 0.023276
10 0.890164 0.852586 0.038251 0.017241
10 0.931694 0.076724 0.036066 0.015517
10 0.736066 0.839655 0.033880 0.015517
10 0.931148 0.523276 0.050273 0.017241
10 0.932240 0.506034 0.048087 0.015517
10 0.880874 0.529310 0.041530 0.017241
10 0.878142 0.475431 0.042623 0.014655
10 0.940437 0.471121 0.049180 0.016379
10 0.936066 0.487931 0.046995 0.017241
10 0.868306 0.455172 0.046995 0.015517
10 0.944809 0.435345 0.046995 0.015517
10 0.881421 0.493103 0.044809 0.015517
10 0.880874 0.512500 0.043716 0.014655
10 0.946995 0.415517 0.049180 0.017241
10 0.862842 0.346121 0.060109 0.021552
10 0.794536 0.105172 0.024044 0.029310
10 0.839891 0.104741 0.018579 0.028448
10 0.859563 0.107328 0.022951 0.030172
10 0.788525 0.046983 0.046995 0.019828
10 0.933333 0.118966 0.024044 0.031034
10 0.930055 0.541379 0.048087 0.018966
10 0.926776 0.556466 0.043716 0.018103
10 0.877049 0.550000 0.040437 0.015517
10 0.909836 0.716379 0.042623 0.017241
10 0.928415 0.907759 0.038251 0.018966
10 0.886339 0.953017 0.048087 0.019828
10 0.884699 0.987069 0.046995 0.022414
10 0.844262 0.958190 0.025137 0.037069
10 0.903279 0.751293 0.044809 0.018103
10 0.903279 0.772414 0.040437 0.017241
10 0.904372 0.732759 0.042623 0.018966
10 0.916393 0.685776 0.053552 0.021552
10 0.872131 0.568534 0.043716 0.019828
10 0.918033 0.666379 0.043716 0.018966
10 0.866667 0.610776 0.045902 0.019828
10 0.917486 0.627586 0.044809 0.018966
10 0.922951 0.610345 0.046995 0.020690
10 0.925683 0.592672 0.052459 0.016379
10 0.925683 0.575862 0.045902 0.018966
10 0.870492 0.588793 0.046995 0.018966
6 0.344262 0.368103 0.085246 0.020690
