10 0.942136 0.659722 0.056380 0.072917
10 0.921365 0.872396 0.062315 0.067708
14 0.405786 0.389757 0.256677 0.362847
14 0.546736 0.293403 0.259644 0.368056
10 0.882789 0.214410 0.056380 0.032986
10 0.735163 0.568576 0.043027 0.074653
10 0.704006 0.586806 0.048961 0.072917
10 0.679525 0.608507 0.056380 0.081597
10 0.502967 0.706597 0.056380 0.079861
10 0.828635 0.671875 0.069733 0.065972
10 0.867211 0.731771 0.057864 0.050347
10 0.890208 0.801215 0.068249 0.064236
10 0.905786 0.835938 0.063798 0.060764
10 0.735905 0.862847 0.050445 0.065972
10 0.956973 0.713542 0.059347 0.079861
10 0.675074 0.808160 0.053412 0.081597
10 0.703264 0.875868 0.053412 0.074653
10 0.589021 0.848958 0.047478 0.072917
10 0.672107 0.893229 0.047478 0.074653
10 0.644659 0.903646 0.054896 0.078125
10 0.618694 0.921875 0.050445 0.069444
10 0.590504 0.941840 0.050445 0.074653
10 0.531899 0.888021 0.048961 0.074653
10 0.499258 0.909722 0.051929 0.076389
10 0.557122 0.952257 0.051929 0.078125
10 0.976261 0.746528 0.050445 0.076389
14 0.264095 0.486979 0.258160 0.369792
