6 0.657579 0.598882 0.067612 0.052451
6 0.440567 0.582545 0.067612 0.052451
10 0.471101 0.546432 0.047983 0.036973
10 0.522356 0.536113 0.041439 0.031814
10 0.467285 0.480224 0.044711 0.038693
10 0.525627 0.509028 0.043621 0.036113
10 0.583424 0.472915 0.043621 0.034394
10 0.623773 0.474205 0.039258 0.033534
10 0.593239 0.450559 0.039258 0.032674
10 0.642857 0.440241 0.040349 0.034394
10 0.687023 0.417885 0.043621 0.034394
10 0.652672 0.418315 0.049073 0.042132
10 0.454744 0.440671 0.047983 0.036973
10 0.502726 0.417885 0.041439 0.034394
10 0.529444 0.386930 0.033806 0.027515
10 0.556161 0.411006 0.041439 0.032674
10 0.581243 0.399398 0.037077 0.028375
10 0.552890 0.375752 0.037077 0.029235
10 0.582334 0.366724 0.050164 0.038693
10 0.603599 0.351677 0.053435 0.042992
10 0.649400 0.345658 0.049073 0.041273
10 0.688659 0.315133 0.055616 0.040413
10 0.707197 0.281599 0.040349 0.031814
6 0.392585 0.512898 0.071974 0.055890
6 0.414940 0.498710 0.077426 0.058469
6 0.809706 0.320722 0.079607 0.053310
6 0.774264 0.329321 0.080698 0.058469
6 0.426390 0.759673 0.069793 0.057610
6 0.449836 0.741187 0.073064 0.060189
6 0.588877 0.654342 0.052345 0.039553
6 0.713740 0.552021 0.070883 0.056750
10 0.505453 0.575236 0.038168 0.029235
10 0.330425 0.525365 0.037077 0.029235
10 0.354417 0.503009 0.039258 0.032674
10 0.549618 0.770851 0.045802 0.033534
6 0.356052 0.575666 0.068702 0.054170
6 0.385496 0.535254 0.053435 0.043852
10 0.838059 0.361995 0.049073 0.025795
10 0.736641 0.399398 0.042530 0.033534
10 0.716467 0.414875 0.043621 0.035254
10 0.757361 0.473345 0.040349 0.033534
10 0.721919 0.651763 0.045802 0.036113
10 0.681570 0.964746 0.050164 0.039553
10 0.702290 0.637575 0.047983 0.035254
10 0.606870 0.640585 0.046892 0.039553
10 0.509815 0.703353 0.049073 0.039553
10 0.482552 0.742476 0.038168 0.033534
10 0.452563 0.714961 0.039258 0.030095
10 0.531625 0.756664 0.044711 0.037833
10 0.415485 0.619948 0.047983 0.041273
10 0.485823 0.787618 0.046892 0.034394
10 0.500545 0.803095 0.045802 0.036113
10 0.515812 0.818143 0.047983 0.036973
10 0.603053 0.894239 0.050164 0.036113
10 0.581243 0.874033 0.050164 0.038693
10 0.483097 0.889080 0.039258 0.030954
10 0.429117 0.846948 0.046892 0.037833
10 0.225736 0.954858 0.041439 0.033534
10 0.538168 0.490972 0.040349 0.030954
10 0.272083 0.595443 0.044711 0.031814
10 0.234460 0.622098 0.039258 0.031814
10 0.318430 0.675838 0.054526 0.029235
10 0.307525 0.623388 0.034896 0.027515
6 0.690294 0.567498 0.069793 0.055030
