9 0.721022 0.968638 0.013752 0.026882
9 0.813605 0.890681 0.015226 0.032258
9 0.193026 0.705197 0.018664 0.030466
9 0.784381 0.450717 0.014735 0.037634
9 0.449165 0.210275 0.023084 0.046595
4 0.950884 0.579152 0.021611 0.075866
4 0.919450 0.547491 0.028487 0.154719
4 0.805992 0.528375 0.031434 0.197730
4 0.681483 0.548686 0.056483 0.159498
4 0.495334 0.397551 0.181238 0.461768
4 0.470776 0.561529 0.079077 0.224612
4 0.388752 0.603047 0.082024 0.232378
4 0.293959 0.617682 0.099705 0.292712
4 0.195727 0.770311 0.060413 0.151135
4 0.108055 0.770012 0.094303 0.192354
4 0.022839 0.826165 0.045678 0.172043
