6 0.437367 0.192818 0.070064 0.062983
6 0.485669 0.093923 0.066879 0.046409
6 0.288217 0.690608 0.090234 0.059669
6 0.303079 0.660221 0.100849 0.062983
6 0.313694 0.635359 0.098726 0.064088
6 0.190552 0.638122 0.090234 0.060773
6 0.353503 0.553039 0.095541 0.065193
6 0.365180 0.524862 0.097665 0.059669
6 0.434713 0.869613 0.083864 0.050829
6 0.451168 0.844199 0.084926 0.055249
6 0.214968 0.582873 0.088110 0.060773
6 0.202760 0.610497 0.084926 0.056354
6 0.470807 0.118232 0.073248 0.046409
6 0.186837 0.669613 0.084926 0.057459
6 0.502654 0.769061 0.081741 0.064088
6 0.227707 0.556906 0.088110 0.053039
6 0.245223 0.524309 0.087049 0.056354
6 0.529724 0.360773 0.067941 0.043094
6 0.252123 0.493923 0.100849 0.064088
6 0.618365 0.485635 0.113588 0.060773
6 0.605096 0.517127 0.106157 0.066298
6 0.559448 0.630387 0.095541 0.069613
6 0.488854 0.792265 0.081741 0.059669
6 0.471868 0.813812 0.081741 0.058564
6 0.429406 0.902762 0.088110 0.055249
6 0.409766 0.933149 0.091295 0.058564
6 0.274947 0.715470 0.084926 0.058564
6 0.165074 0.860221 0.073248 0.045304
10 0.973461 0.512155 0.036093 0.056354
10 0.593949 0.415470 0.028662 0.041989
10 0.245754 0.920442 0.032909 0.046409
10 0.105626 0.855249 0.043524 0.033149
10 0.140658 0.891160 0.035032 0.043094
10 0.197983 0.722099 0.020170 0.047514
10 0.177813 0.718785 0.026539 0.049724
10 0.144374 0.720442 0.053079 0.037569
10 0.288217 0.765746 0.035032 0.044199
10 0.413482 0.469061 0.039278 0.025414
10 0.521231 0.438674 0.036093 0.053039
10 0.639066 0.402762 0.029724 0.047514
10 0.614119 0.412707 0.024416 0.043094
10 0.573248 0.402210 0.040340 0.039779
6 0.600849 0.347514 0.055202 0.034254
10 0.468684 0.353591 0.045648 0.033149
10 0.474522 0.336464 0.046709 0.036464
10 0.533439 0.041989 0.035032 0.048619
10 0.552548 0.053591 0.039278 0.049724
10 0.571125 0.066851 0.033970 0.047514
10 0.547771 0.146409 0.029724 0.045304
10 0.502654 0.079558 0.043524 0.028729
6 0.527601 0.707735 0.089172 0.060773
6 0.542463 0.686188 0.084926 0.064088
6 0.461253 0.145304 0.077495 0.054144
6 0.676221 0.433702 0.067941 0.047514
6 0.326964 0.609945 0.089172 0.057459
