4 0.423358 0.903278 0.294404 0.053735
4 0.381995 0.876948 0.206813 0.042988
4 0.354015 0.846857 0.248175 0.047286
4 0.270073 0.775658 0.175182 0.037077
4 0.239659 0.746642 0.158151 0.024181
4 0.259124 0.693176 0.104623 0.012896
4 0.276764 0.510210 0.164234 0.040301
4 0.302920 0.468565 0.163017 0.033315
4 0.326642 0.427458 0.156934 0.026330
4 0.504258 0.271897 0.156934 0.063407
4 0.572993 0.242880 0.199513 0.065556
4 0.619221 0.211177 0.167883 0.066631
4 0.658151 0.186996 0.175182 0.077378
4 0.802920 0.134336 0.150852 0.069855
4 0.954988 0.039764 0.090024 0.072004
