10 0.338736 0.291533 0.037406 0.047160
6 0.646301 0.721329 0.054032 0.081458
6 0.592269 0.815113 0.050707 0.078242
6 0.582294 0.785638 0.055694 0.087889
6 0.580216 0.740622 0.058188 0.090032
6 0.424356 0.595927 0.065669 0.102894
6 0.322527 0.666131 0.049875 0.080386
6 0.212386 0.636120 0.067332 0.101822
6 0.160848 0.575027 0.065669 0.099678
6 0.465087 0.669346 0.067332 0.095391
6 0.456775 0.641479 0.060682 0.095391
6 0.532419 0.666131 0.070657 0.028939
6 0.689111 0.651125 0.048213 0.071811
6 0.652535 0.664523 0.059850 0.087889
6 0.620532 0.630225 0.059019 0.085745
6 0.596426 0.627010 0.054032 0.077170
6 0.468412 0.405681 0.072319 0.065380
6 0.272652 0.519293 0.069825 0.101822
6 0.234414 0.646838 0.061513 0.091104
6 0.148795 0.551447 0.064838 0.099678
6 0.637573 0.643087 0.059850 0.085745
6 0.531588 0.565916 0.060682 0.085745
6 0.347465 0.582529 0.073150 0.041801
6 0.363674 0.554662 0.073982 0.041801
6 0.388612 0.523580 0.073982 0.050375
6 0.443890 0.422294 0.066500 0.051447
6 0.504572 0.746517 0.074813 0.026795
6 0.733583 0.684352 0.035744 0.054662
6 0.178720 0.592176 0.068163 0.103966
6 0.612635 0.550375 0.054863 0.058950
10 0.628429 0.487138 0.038238 0.046088
10 0.554447 0.432476 0.019950 0.035370
10 0.583126 0.400322 0.024106 0.046088
10 0.660848 0.516077 0.033250 0.037513
10 0.964256 0.736334 0.034913 0.049303
10 0.893599 0.830654 0.031588 0.047160
10 0.669160 0.982315 0.048213 0.024652
10 0.563591 0.969989 0.038238 0.023580
10 0.269742 0.930332 0.035744 0.027867
10 0.093516 0.883173 0.037406 0.030011
10 0.199917 0.482851 0.032419 0.043944
10 0.515794 0.449089 0.037406 0.019293
10 0.263508 0.274384 0.028263 0.042872
10 0.251455 0.258307 0.025769 0.038585
10 0.291771 0.220257 0.033250 0.046088
10 0.245220 0.086281 0.039900 0.043944
6 0.436825 0.623258 0.067332 0.103966
6 0.473400 0.815648 0.067332 0.019293
6 0.466750 0.779743 0.068994 0.035370
6 0.501247 0.717578 0.071488 0.026795
6 0.366168 0.696677 0.057357 0.096463
6 0.198670 0.606645 0.069825 0.107181
6 0.436409 0.455520 0.084788 0.070740
