10 0.955241 0.757366 0.056537 0.037753
9 0.277974 0.974678 0.032980 0.048803
9 0.368080 0.966851 0.045936 0.046041
9 0.574794 0.530847 0.056537 0.039595
9 0.755595 0.273020 0.062426 0.046961
9 0.350412 0.198435 0.062426 0.052486
4 0.936985 0.132136 0.128386 0.153775
4 0.806243 0.305709 0.114252 0.082873
4 0.687868 0.437385 0.117786 0.116022
4 0.607185 0.576888 0.170789 0.093002
4 0.493522 0.761510 0.247350 0.138122
4 0.405771 0.963168 0.095406 0.073665
4 0.113074 0.765654 0.096584 0.074586
4 0.149588 0.469153 0.214370 0.124309
4 0.337456 0.169429 0.104829 0.093923
