9 0.659749 0.369863 0.072092 0.072708
4 0.397870 0.664910 0.160022 0.167545
9 0.787275 0.347734 0.025669 0.026344
4 0.079738 0.952318 0.097215 0.095364
9 0.158110 0.705216 0.020208 0.023709
9 0.164664 0.701528 0.020208 0.021602
9 0.176406 0.688883 0.020754 0.021602
9 0.181868 0.684141 0.021846 0.021602
4 0.243037 0.772129 0.172583 0.181770
4 0.287275 0.722076 0.163845 0.172287
4 0.352540 0.701264 0.143637 0.150685
4 0.458220 0.613541 0.144184 0.150158
9 0.926270 0.048736 0.018569 0.022655
4 0.506281 0.569810 0.141999 0.149104
4 0.554615 0.523973 0.138176 0.143836
4 0.608411 0.484721 0.147460 0.154900
4 0.659203 0.442044 0.147460 0.154900
4 0.709721 0.399631 0.150191 0.158588
4 0.755871 0.350896 0.141999 0.148577
4 0.806936 0.309800 0.145822 0.152792
4 0.857455 0.265806 0.146368 0.154373
4 0.914255 0.205743 0.158383 0.162803
9 0.919716 0.052424 0.018569 0.023709
9 0.933097 0.044784 0.018023 0.022129
9 0.725560 0.439937 0.072638 0.071654
9 0.412070 0.694679 0.019115 0.018440
9 0.674222 0.482086 0.071546 0.072708
9 0.647187 0.503688 0.069907 0.072708
9 0.598853 0.548736 0.068269 0.073235
9 0.576461 0.571918 0.072638 0.072181
9 0.481158 0.520548 0.070999 0.073762
9 0.428727 0.600369 0.033861 0.034247
9 0.442927 0.727608 0.018569 0.018967
9 0.430912 0.714436 0.018569 0.016860
9 0.418078 0.701791 0.019115 0.017914
9 0.367559 0.649631 0.019661 0.020021
9 0.949208 0.068757 0.016384 0.016333
9 0.361824 0.643836 0.020208 0.018967
9 0.355543 0.636459 0.021846 0.020021
9 0.323321 0.685195 0.020754 0.021602
9 0.706991 0.360116 0.025669 0.025817
9 0.682414 0.334036 0.025669 0.026344
9 0.973239 0.087987 0.019661 0.022129
9 0.966685 0.092993 0.020754 0.022655
9 0.960950 0.096944 0.020208 0.023182
9 0.953031 0.065595 0.016384 0.016333
4 0.953850 0.051897 0.093392 0.102740
