10 0.244928 0.832579 0.021739 0.036199
10 0.174638 0.795475 0.021739 0.038009
7 0.133696 0.452941 0.064493 0.093213
7 0.353986 0.603167 0.054348 0.078733
7 0.785870 0.928507 0.063043 0.086878
7 0.814855 0.843439 0.064493 0.094118
7 0.848551 0.759276 0.066667 0.097738
7 0.873913 0.666063 0.071014 0.099548
7 0.737319 0.490045 0.061594 0.091403
7 0.705797 0.578733 0.065217 0.096833
7 0.679348 0.509502 0.061594 0.088688
7 0.590217 0.771946 0.060145 0.092308
7 0.643116 0.749321 0.058696 0.090498
7 0.619928 0.687330 0.061594 0.091403
7 0.650725 0.601357 0.065217 0.096833
10 0.077899 0.550679 0.034058 0.031674
10 0.110145 0.765611 0.023188 0.038009
10 0.128986 0.772851 0.023188 0.038009
10 0.144565 0.780995 0.022464 0.038009
10 0.159420 0.790045 0.021739 0.038009
10 0.440217 0.971041 0.032609 0.028959
10 0.402536 0.561538 0.025362 0.026244
6 0.364855 0.295928 0.047101 0.038009
7 0.074638 0.307692 0.071014 0.085068
