9 0.166311 0.305278 0.025586 0.015469
9 0.576048 0.856688 0.024876 0.030027
9 0.522743 0.704732 0.022033 0.024568
9 0.514570 0.690628 0.017058 0.020018
9 0.506752 0.680164 0.021322 0.024568
9 0.480455 0.643312 0.029851 0.036397
9 0.464463 0.656961 0.010661 0.016379
9 0.453092 0.671975 0.024876 0.026388
9 0.491471 0.656506 0.019190 0.017288
9 0.587065 0.873066 0.015636 0.019108
9 0.568941 0.842129 0.023454 0.028207
9 0.347548 0.691083 0.061123 0.070064
9 0.559346 0.826206 0.025586 0.021838
9 0.550817 0.813922 0.028429 0.031847
9 0.542644 0.798908 0.029140 0.034577
9 0.534115 0.786169 0.024876 0.027298
9 0.566809 0.772066 0.022033 0.024568
9 0.560057 0.760692 0.019900 0.021838
9 0.523810 0.773430 0.028429 0.032757
9 0.515281 0.761146 0.029851 0.031847
9 0.530917 0.715651 0.024165 0.028207
9 0.537669 0.728844 0.020611 0.025478
9 0.545131 0.739763 0.019900 0.025478
9 0.552950 0.750227 0.021322 0.024568
9 0.467662 0.921292 0.029851 0.035487
9 0.456290 0.904459 0.029851 0.034577
9 0.445274 0.891265 0.036247 0.040946
9 0.437456 0.874431 0.031983 0.040036
9 0.427505 0.857598 0.033404 0.039126
9 0.416134 0.843494 0.036247 0.043676
9 0.405828 0.823476 0.032694 0.038217
9 0.395878 0.808462 0.034115 0.044586
9 0.386283 0.792084 0.030561 0.039126
9 0.373134 0.776160 0.035537 0.041856
9 0.364961 0.759327 0.031983 0.039126
9 0.343639 0.726115 0.034826 0.029117
9 0.609808 0.838490 0.018479 0.019108
9 0.605544 0.827571 0.024165 0.028207
9 0.597015 0.817106 0.021322 0.025478
9 0.589908 0.806642 0.019900 0.024568
9 0.582090 0.793904 0.022743 0.020928
9 0.506752 0.748863 0.029851 0.036397
9 0.498934 0.736124 0.028429 0.036397
9 0.491471 0.720655 0.026297 0.029117
9 0.658493 0.737034 0.019190 0.023658
9 0.646055 0.714741 0.022743 0.026388
9 0.638237 0.702912 0.021322 0.024568
9 0.630064 0.692903 0.019190 0.022748
9 0.624023 0.680164 0.024165 0.028207
9 0.616560 0.669700 0.019190 0.021838
9 0.608387 0.658781 0.021322 0.025478
9 0.603767 0.645132 0.024876 0.027298
9 0.734186 0.616470 0.015636 0.015469
9 0.736674 0.623749 0.016347 0.017288
9 0.743070 0.649227 0.019190 0.019108
9 0.755153 0.655596 0.016347 0.017288
9 0.758706 0.661510 0.016347 0.016379
9 0.762260 0.672429 0.014925 0.016379
9 0.741294 0.673339 0.012793 0.009099
9 0.765458 0.694268 0.017058 0.018198
9 0.779318 0.681984 0.014925 0.017288
9 0.786070 0.650591 0.017058 0.018198
9 0.651741 0.726570 0.019900 0.026388
9 0.666311 0.748408 0.020611 0.024568
9 0.482587 0.710191 0.022743 0.026388
9 0.673419 0.761146 0.019190 0.022748
9 0.474058 0.696997 0.022743 0.025478
9 0.465885 0.683348 0.029140 0.032757
9 0.660625 0.798453 0.019190 0.019108
9 0.653518 0.787079 0.019190 0.021838
9 0.644989 0.777070 0.020611 0.025478
9 0.637527 0.764786 0.021322 0.024568
9 0.631841 0.752502 0.021322 0.025478
9 0.613362 0.731119 0.019900 0.024568
9 0.598081 0.707916 0.024876 0.027298
9 0.593817 0.694268 0.022033 0.027298
9 0.585999 0.682894 0.022033 0.028207
9 0.577470 0.671975 0.022033 0.026388
9 0.570362 0.660146 0.023454 0.028207
9 0.562189 0.645587 0.022743 0.026388
9 0.584222 0.622839 0.021322 0.024568
9 0.687278 0.781165 0.019900 0.022748
9 0.681237 0.770701 0.020611 0.023658
9 0.488984 0.953594 0.034115 0.041856
9 0.381308 0.706551 0.029140 0.033667
9 0.793532 0.661510 0.014925 0.016379
9 0.090974 0.152411 0.031272 0.035487
9 0.022388 0.040491 0.023454 0.026388
9 0.029495 0.052320 0.024876 0.028207
9 0.038735 0.061874 0.020611 0.029117
9 0.045487 0.074613 0.021322 0.025478
9 0.051528 0.086442 0.023454 0.027298
9 0.058280 0.101456 0.029851 0.035487
9 0.066098 0.114195 0.028429 0.035487
9 0.073205 0.128753 0.032694 0.039126
9 0.099147 0.166060 0.027719 0.033667
9 0.389837 0.720655 0.027719 0.032757
9 0.108031 0.178344 0.028429 0.034577
9 0.116915 0.190628 0.029140 0.035487
9 0.126510 0.203367 0.025586 0.031847
9 0.159204 0.247953 0.021322 0.013649
9 0.188344 0.240673 0.021322 0.013649
9 0.191187 0.253867 0.024165 0.014559
9 0.163113 0.276160 0.020611 0.013649
9 0.191542 0.268881 0.022033 0.015469
9 0.015636 0.028662 0.019900 0.024568
4 0.014925 0.476342 0.028429 0.040946
4 0.025231 0.518653 0.049041 0.061874
4 0.035537 0.562784 0.069652 0.084622
4 0.183369 0.289809 0.056859 0.126479
4 0.296375 0.355778 0.099502 0.307552
4 0.386283 0.341674 0.093106 0.308462
4 0.475835 0.317106 0.097370 0.292084
4 0.588842 0.316652 0.098792 0.254777
4 0.704691 0.297543 0.100213 0.227480
4 0.247690 0.774795 0.334755 0.446770
4 0.817697 0.222475 0.063255 0.053685
4 0.831557 0.318926 0.068230 0.090082
4 0.833689 0.446315 0.096660 0.073703
4 0.860341 0.575978 0.076048 0.032757
4 0.868870 0.510464 0.043355 0.020018
4 0.427150 0.822566 0.213220 0.302093
4 0.530917 0.752502 0.174840 0.254777
4 0.625800 0.715651 0.142857 0.197452
4 0.780739 0.643767 0.152807 0.199272
13 0.144279 0.832120 0.045487 0.046406
9 0.195096 0.283894 0.022033 0.014559
9 0.098081 0.560965 0.041222 0.048226
9 0.111585 0.573703 0.034115 0.040946
9 0.287491 0.850318 0.031983 0.037307
9 0.267946 0.818471 0.028429 0.033667
9 0.255864 0.801638 0.032694 0.036397
9 0.245203 0.785714 0.035537 0.040946
9 0.516702 0.918562 0.024165 0.030027
9 0.512082 0.904004 0.029140 0.031847
9 0.502132 0.892630 0.027719 0.032757
9 0.495380 0.879436 0.024165 0.031847
9 0.485785 0.866697 0.029140 0.033667
9 0.477967 0.853503 0.029140 0.034577
9 0.459844 0.828480 0.025586 0.030027
9 0.454513 0.813467 0.031983 0.034577
9 0.443141 0.801638 0.023454 0.027298
9 0.434613 0.790264 0.027719 0.031847
9 0.425018 0.776615 0.028429 0.033667
9 0.418621 0.760237 0.027008 0.030027
9 0.411158 0.746588 0.033404 0.035487
9 0.400498 0.733394 0.027719 0.034577
9 0.276475 0.834395 0.032694 0.038217
9 0.298152 0.866697 0.034826 0.042766
9 0.117982 0.592812 0.031272 0.037307
9 0.308458 0.881711 0.031272 0.036397
9 0.129709 0.610555 0.033404 0.040036
9 0.139659 0.623749 0.031983 0.039126
9 0.151031 0.639672 0.033404 0.040036
9 0.162047 0.655141 0.035537 0.041856
9 0.170931 0.672884 0.031983 0.037307
9 0.184080 0.685623 0.036958 0.042766
9 0.195451 0.702912 0.039801 0.044586
9 0.208600 0.717925 0.041933 0.049136
9 0.216418 0.735214 0.033404 0.040036
9 0.225302 0.754322 0.032694 0.040036
9 0.235252 0.770246 0.031272 0.037307
9 0.369936 0.980437 0.030561 0.035487
9 0.360697 0.961783 0.036247 0.040036
9 0.349680 0.948590 0.029851 0.037307
9 0.341862 0.929026 0.036958 0.043676
9 0.329424 0.916288 0.031983 0.036397
9 0.320896 0.897179 0.030561 0.036397
9 0.789979 0.655596 0.014925 0.017288
9 0.796375 0.667880 0.014925 0.016379
9 0.197584 0.297543 0.025586 0.018198
9 0.386994 0.452229 0.022033 0.012739
9 0.394812 0.302548 0.022033 0.011829
9 0.393390 0.287989 0.020611 0.011829
9 0.390903 0.274340 0.021322 0.013649
9 0.390192 0.258872 0.018479 0.011829
9 0.386638 0.244768 0.019900 0.014559
9 0.385572 0.229754 0.019190 0.013649
9 0.382729 0.214741 0.022033 0.014559
9 0.388770 0.466333 0.021322 0.013649
9 0.384861 0.438126 0.023454 0.017288
9 0.464819 0.375796 0.022743 0.014559
9 0.382729 0.424022 0.022033 0.012739
9 0.378109 0.409463 0.027008 0.016379
9 0.380952 0.394449 0.019900 0.015469
9 0.376688 0.380346 0.018479 0.012739
9 0.374911 0.365787 0.022033 0.016379
9 0.373490 0.353048 0.022033 0.010919
9 0.369581 0.338944 0.022743 0.013649
9 0.368870 0.324386 0.021322 0.015469
9 0.396944 0.315742 0.022033 0.014559
9 0.400142 0.331665 0.021322 0.013649
9 0.402274 0.344859 0.021322 0.010919
9 0.403696 0.359418 0.019900 0.012739
9 0.461620 0.346224 0.023454 0.015469
9 0.458067 0.316652 0.017768 0.012739
9 0.454513 0.303913 0.023454 0.014559
9 0.452026 0.289809 0.024165 0.013649
9 0.450959 0.275250 0.024876 0.013649
9 0.449538 0.259782 0.023454 0.013649
9 0.443852 0.232029 0.023454 0.014559
9 0.441365 0.217470 0.024165 0.014559
9 0.439588 0.203822 0.023454 0.016379
9 0.394812 0.484986 0.026297 0.018198
9 0.423596 0.476342 0.021322 0.011829
9 0.418266 0.460874 0.022033 0.013649
9 0.415423 0.445405 0.020611 0.013649
9 0.414001 0.430846 0.020611 0.013649
9 0.410448 0.402639 0.024876 0.013649
9 0.409737 0.388990 0.023454 0.013649
9 0.406539 0.373521 0.024165 0.015469
9 0.365316 0.294813 0.021322 0.014559
9 0.362118 0.280710 0.023454 0.015469
9 0.359630 0.265241 0.022743 0.011829
9 0.301350 0.265696 0.022743 0.016379
9 0.297441 0.236124 0.020611 0.010009
9 0.293532 0.223840 0.021322 0.012739
9 0.296020 0.468608 0.029140 0.016379
9 0.292822 0.452229 0.032694 0.020018
9 0.291045 0.432666 0.029140 0.019108
9 0.287846 0.414923 0.031272 0.018198
9 0.285359 0.398544 0.030561 0.018198
9 0.282161 0.379891 0.029851 0.019108
9 0.278962 0.359873 0.024876 0.017288
9 0.278252 0.344859 0.029140 0.016379
9 0.277186 0.326661 0.027008 0.016379
9 0.273276 0.306642 0.030561 0.020018
9 0.271144 0.289809 0.027719 0.017288
9 0.267946 0.272975 0.031272 0.018198
9 0.265103 0.254777 0.029851 0.016379
9 0.260128 0.237944 0.025586 0.017288
9 0.259417 0.221565 0.031272 0.019108
9 0.299574 0.251592 0.024876 0.015469
9 0.303838 0.279800 0.023454 0.013649
9 0.357854 0.251592 0.024876 0.011829
9 0.305259 0.295723 0.023454 0.014559
9 0.355366 0.236579 0.022743 0.014559
9 0.352878 0.223840 0.022033 0.012739
9 0.352168 0.208371 0.026297 0.016379
9 0.317342 0.509554 0.056148 0.032757
9 0.332623 0.482712 0.022743 0.015469
9 0.298507 0.487261 0.034115 0.020928
9 0.330135 0.466788 0.024876 0.016379
9 0.328358 0.453139 0.022743 0.016379
9 0.325871 0.437671 0.023454 0.016379
9 0.322672 0.423112 0.021322 0.012739
9 0.321606 0.410373 0.020611 0.012739
9 0.319474 0.394904 0.023454 0.018198
9 0.318763 0.381256 0.022033 0.014559
9 0.315565 0.367152 0.021322 0.015469
9 0.312367 0.351683 0.019190 0.013649
9 0.311656 0.337580 0.020611 0.012739
9 0.308102 0.323931 0.023454 0.016379
9 0.464108 0.361237 0.024165 0.014559
9 0.476901 0.219290 0.031272 0.018198
9 0.827647 0.637398 0.031983 0.030027
9 0.680881 0.278435 0.027008 0.018198
9 0.720327 0.257962 0.036247 0.019108
9 0.718195 0.238399 0.037669 0.023658
9 0.712864 0.218380 0.035537 0.023658
9 0.667733 0.197452 0.026297 0.014559
9 0.669154 0.212921 0.030561 0.016379
9 0.674485 0.228844 0.027008 0.017288
9 0.673419 0.245223 0.031983 0.019108
9 0.675195 0.261601 0.028429 0.019108
9 0.684080 0.294813 0.027719 0.020018
9 0.481521 0.236124 0.033404 0.019108
9 0.683724 0.311647 0.029851 0.017288
9 0.687278 0.326206 0.027008 0.017288
9 0.687989 0.343949 0.031272 0.018198
9 0.688344 0.360328 0.030561 0.018198
9 0.694741 0.376706 0.033404 0.020018
9 0.695451 0.393540 0.033404 0.020928
9 0.625089 0.430391 0.027719 0.016379
9 0.622246 0.412648 0.027719 0.019108
9 0.724236 0.279345 0.039801 0.021838
9 0.723881 0.299818 0.034826 0.022748
9 0.727790 0.321201 0.032694 0.021838
9 0.729922 0.342129 0.032694 0.021838
9 0.847548 0.592357 0.047619 0.029117
9 0.887349 0.578253 0.029140 0.019108
9 0.893390 0.545496 0.011372 0.030027
9 0.820540 0.485441 0.077470 0.042766
9 0.848614 0.433576 0.014215 0.035487
9 0.793888 0.451774 0.014215 0.031847
9 0.870291 0.417652 0.022033 0.056415
9 0.859275 0.333030 0.017058 0.041856
9 0.845416 0.335760 0.013504 0.036397
9 0.829780 0.340764 0.014925 0.037307
9 0.854300 0.287989 0.014215 0.031847
9 0.842217 0.290264 0.017058 0.034577
9 0.818763 0.295723 0.011372 0.030937
9 0.796020 0.309372 0.017058 0.038217
9 0.743426 0.401729 0.028429 0.017288
9 0.735252 0.382166 0.033404 0.021838
9 0.732409 0.361692 0.034826 0.022748
9 0.617626 0.396269 0.028429 0.019108
9 0.615494 0.378526 0.028429 0.016379
9 0.613717 0.362147 0.027719 0.020018
9 0.574627 0.355323 0.031983 0.017288
9 0.581023 0.404004 0.031983 0.020018
9 0.583866 0.422657 0.030561 0.019108
9 0.509950 0.439035 0.024876 0.017288
9 0.475835 0.447225 0.023454 0.013649
9 0.504620 0.422657 0.028429 0.019108
9 0.503909 0.405369 0.029851 0.019108
9 0.473703 0.433121 0.023454 0.016379
9 0.472281 0.418562 0.024876 0.016379
9 0.501421 0.388990 0.026297 0.017288
9 0.469439 0.404459 0.026297 0.015469
9 0.498223 0.355323 0.031272 0.017288
9 0.493959 0.338944 0.031272 0.017288
9 0.489694 0.323931 0.025586 0.016379
9 0.489339 0.308462 0.026297 0.016379
9 0.485430 0.289809 0.027008 0.011829
9 0.484364 0.272520 0.030561 0.017288
9 0.482232 0.254777 0.027719 0.012739
9 0.578536 0.387625 0.031272 0.020018
9 0.573205 0.338035 0.031983 0.020928
9 0.611585 0.344404 0.023454 0.015469
9 0.569652 0.322566 0.033404 0.019108
9 0.609453 0.329845 0.027719 0.019108
9 0.606965 0.313467 0.028429 0.017288
9 0.603412 0.295723 0.025586 0.016379
9 0.601990 0.279345 0.027008 0.016379
9 0.600924 0.263421 0.030561 0.019108
9 0.598436 0.247043 0.028429 0.017288
9 0.596660 0.230664 0.027719 0.019108
9 0.591684 0.214286 0.027719 0.019108
9 0.590263 0.200182 0.024876 0.016379
9 0.550107 0.192448 0.025586 0.017288
9 0.553660 0.207006 0.028429 0.019108
9 0.556503 0.222930 0.027008 0.016379
9 0.558280 0.239308 0.029140 0.018198
9 0.560412 0.255687 0.027719 0.016379
9 0.563611 0.273430 0.027008 0.020928
9 0.565032 0.289354 0.028429 0.018198
9 0.568230 0.305732 0.030561 0.016379
4 0.073561 0.111465 0.145700 0.219290
