10 0.466212 0.301985 0.035495 0.018809
6 0.607167 0.346395 0.055290 0.090909
6 0.419113 0.673459 0.046416 0.067921
6 0.395563 0.679206 0.038908 0.062696
6 0.684983 0.657785 0.053925 0.076280
6 0.796928 0.640543 0.052560 0.075235
6 0.765529 0.637409 0.051195 0.079415
6 0.756314 0.425287 0.057338 0.094044
6 0.668601 0.503657 0.071672 0.031348
6 0.639249 0.439916 0.058020 0.089864
6 0.835154 0.405956 0.014334 0.061651
6 0.719454 0.347962 0.034130 0.054336
6 0.551877 0.356322 0.056655 0.094044
10 0.466212 0.280042 0.032765 0.020899
6 0.921502 0.392372 0.042321 0.070010
6 0.924573 0.337513 0.044369 0.073145
6 0.912969 0.173981 0.051195 0.084639
6 0.683959 0.125914 0.055973 0.080460
6 0.426280 0.146813 0.053925 0.078370
6 0.405802 0.159352 0.055290 0.080460
6 0.342662 0.155695 0.054608 0.077325
6 0.292150 0.169279 0.060068 0.085684
6 0.254608 0.161964 0.054608 0.079415
6 0.176792 0.179206 0.055973 0.074190
6 0.593515 0.658830 0.045734 0.067921
6 0.617406 0.648903 0.047099 0.073145
6 0.598294 0.591954 0.060751 0.028213
6 0.223208 0.698537 0.034130 0.055381
10 0.017065 0.958725 0.031399 0.019854
10 0.239590 0.586729 0.031399 0.021944
10 0.239249 0.315047 0.014334 0.042842
10 0.317747 0.314525 0.012969 0.043887
10 0.302730 0.318182 0.012969 0.042842
10 0.272014 0.321317 0.014334 0.040752
10 0.256655 0.316092 0.016382 0.044932
6 0.726621 0.291536 0.036177 0.058516
6 0.688055 0.355799 0.046416 0.076280
6 0.635154 0.141588 0.055290 0.076280
6 0.654608 0.129572 0.054608 0.077325
6 0.832423 0.341170 0.017065 0.057471
6 0.747782 0.300940 0.033447 0.054336
6 0.610922 0.438871 0.055973 0.091954
6 0.810580 0.579937 0.041638 0.029258
6 0.740956 0.648380 0.055290 0.078370
6 0.536860 0.665099 0.047099 0.072100
6 0.310922 0.687565 0.037543 0.058516
6 0.290444 0.699060 0.034812 0.054336
6 0.272014 0.704284 0.036177 0.056426
6 0.243345 0.696447 0.036177 0.057471
6 0.146416 0.181296 0.056655 0.080460
