12 0.902180 0.042629 0.017984 0.018946
9 0.458583 0.130551 0.012534 0.005329
9 0.543052 0.224097 0.012534 0.005329
9 0.523706 0.235346 0.015259 0.006513
9 0.523161 0.241859 0.014169 0.006513
9 0.542507 0.238307 0.014714 0.007697
9 0.524523 0.248668 0.013624 0.007105
9 0.522343 0.256069 0.015804 0.007697
9 0.545504 0.252220 0.016349 0.007105
9 0.546049 0.276791 0.019619 0.007697
9 0.519346 0.276199 0.021798 0.008881
9 0.459401 0.108940 0.010899 0.004737
9 0.459128 0.124630 0.011444 0.005329
9 0.458583 0.136175 0.011444 0.005921
9 0.543869 0.211368 0.015259 0.005921
9 0.458583 0.146536 0.013624 0.006513
9 0.458856 0.151865 0.010899 0.004144
9 0.458856 0.158378 0.011989 0.005329
9 0.458856 0.170219 0.011989 0.005329
9 0.458856 0.176140 0.011989 0.006513
9 0.456676 0.182652 0.014169 0.006513
9 0.458311 0.189165 0.013079 0.006513
9 0.456948 0.195974 0.015804 0.007105
9 0.458038 0.209888 0.014714 0.007697
9 0.456403 0.217288 0.015804 0.007105
9 0.451226 0.225873 0.025068 0.010065
9 0.543869 0.218176 0.015259 0.006513
9 0.541962 0.204855 0.012534 0.005921
9 0.521798 0.180284 0.019074 0.005329
9 0.541689 0.120485 0.009809 0.005329
9 0.525341 0.191533 0.014169 0.005329
9 0.524251 0.198342 0.014169 0.005921
9 0.524251 0.204559 0.014169 0.005329
9 0.525341 0.211072 0.011989 0.005329
9 0.524251 0.217288 0.015259 0.005921
9 0.525886 0.222913 0.011989 0.005329
9 0.541144 0.095027 0.008719 0.004144
9 0.541417 0.098579 0.009264 0.004144
9 0.541417 0.103020 0.010354 0.004737
9 0.542779 0.108052 0.013079 0.006513
9 0.541417 0.113677 0.009264 0.004737
9 0.543324 0.125518 0.011989 0.004737
9 0.541962 0.198046 0.011444 0.005329
9 0.543597 0.131735 0.011444 0.005329
9 0.542507 0.136767 0.011444 0.004737
9 0.542779 0.142984 0.011989 0.005329
9 0.543597 0.149497 0.013624 0.006513
9 0.542779 0.155121 0.011989 0.005921
9 0.543324 0.160746 0.013079 0.005329
9 0.543052 0.166371 0.011444 0.005921
9 0.544687 0.173179 0.013624 0.006513
9 0.542507 0.179988 0.011444 0.007105
9 0.543324 0.185909 0.013079 0.005921
9 0.542779 0.192422 0.010899 0.005921
9 0.451771 0.237715 0.026158 0.010065
9 0.474932 0.111604 0.009264 0.005329
9 0.474387 0.116045 0.009264 0.005921
9 0.171935 0.366785 0.008174 0.021906
9 0.267847 0.396092 0.009264 0.028419
9 0.249046 0.396092 0.009809 0.024867
9 0.238147 0.396684 0.008719 0.027235
9 0.229428 0.395204 0.008719 0.023091
9 0.218801 0.396092 0.007084 0.023683
9 0.209809 0.396388 0.009809 0.025459
9 0.197820 0.398165 0.010899 0.030195
9 0.188828 0.395796 0.008174 0.024275
9 0.179564 0.392540 0.007084 0.017762
9 0.171390 0.397573 0.009264 0.024275
9 0.162398 0.393428 0.005450 0.012433
9 0.180381 0.366489 0.007629 0.021314
9 0.476022 0.121078 0.011444 0.005329
9 0.189373 0.366193 0.008174 0.021906
9 0.197003 0.367673 0.007084 0.018946
9 0.206540 0.365601 0.007629 0.021906
9 0.214986 0.363529 0.008174 0.024867
9 0.224251 0.364417 0.007084 0.024275
9 0.232970 0.365009 0.008174 0.021906
9 0.242507 0.366193 0.007629 0.020722
9 0.260490 0.364417 0.007629 0.023091
9 0.268937 0.364121 0.008174 0.023683
9 0.278747 0.364713 0.008174 0.022499
9 0.287193 0.362937 0.007629 0.023683
9 0.276839 0.394908 0.009809 0.026051
9 0.295095 0.394612 0.010354 0.025459
9 0.305995 0.394612 0.009264 0.025459
9 0.314986 0.394612 0.009809 0.027827
9 0.477112 0.126702 0.012534 0.005921
9 0.476567 0.132623 0.011444 0.005921
9 0.477112 0.144464 0.012534 0.005921
9 0.475749 0.149793 0.011989 0.005921
9 0.477112 0.167555 0.013624 0.007105
9 0.476839 0.174067 0.015259 0.005921
9 0.477657 0.180876 0.013624 0.006513
9 0.477384 0.186797 0.013079 0.006513
9 0.477657 0.193606 0.013624 0.007105
9 0.477929 0.199822 0.013079 0.005329
9 0.477112 0.206927 0.013624 0.006513
9 0.477929 0.220841 0.014169 0.005921
9 0.479292 0.229426 0.017984 0.007697
9 0.480109 0.238603 0.019619 0.008289
9 0.476022 0.105980 0.011444 0.004737
9 0.474387 0.092362 0.009264 0.004737
9 0.474932 0.087330 0.009264 0.004144
9 0.458583 0.086146 0.010354 0.005329
9 0.378202 0.394020 0.009809 0.026643
9 0.368120 0.396980 0.011444 0.031380
9 0.356403 0.394908 0.009809 0.027235
9 0.344687 0.393724 0.007084 0.023683
9 0.325068 0.393132 0.008174 0.023683
9 0.525341 0.185909 0.011989 0.004737
9 0.524251 0.174660 0.013079 0.004737
9 0.305722 0.364417 0.007629 0.021906
9 0.674114 0.234162 0.010899 0.006513
9 0.674659 0.146536 0.010899 0.005329
9 0.674932 0.151865 0.011444 0.005329
9 0.675204 0.158378 0.011989 0.005329
9 0.674387 0.164298 0.011444 0.005329
9 0.674932 0.170515 0.012534 0.005921
9 0.674932 0.176436 0.011444 0.005921
9 0.674387 0.183245 0.010354 0.005329
9 0.674387 0.188573 0.011444 0.005329
9 0.674932 0.201007 0.011444 0.005329
9 0.674659 0.220545 0.013079 0.006513
9 0.675477 0.227057 0.012534 0.006513
9 0.675204 0.240675 0.013079 0.006513
9 0.675477 0.127886 0.011444 0.004737
9 0.675204 0.247484 0.011989 0.005921
9 0.676022 0.253996 0.013624 0.007105
9 0.676022 0.261397 0.013624 0.006513
9 0.674932 0.268206 0.012534 0.005921
9 0.677929 0.281528 0.017439 0.007697
9 0.592371 0.102131 0.009809 0.005329
9 0.591826 0.110420 0.011989 0.005329
9 0.592371 0.114861 0.009809 0.004737
9 0.592371 0.123150 0.009809 0.004737
9 0.592098 0.132327 0.010354 0.005329
9 0.592371 0.137951 0.010899 0.004737
9 0.676567 0.134103 0.014714 0.006513
9 0.674932 0.122262 0.011444 0.005329
9 0.523978 0.169035 0.013624 0.005329
9 0.657766 0.207519 0.010899 0.005329
9 0.658038 0.135879 0.012534 0.006513
9 0.657766 0.141208 0.011989 0.004144
9 0.675204 0.140320 0.010899 0.004737
9 0.658311 0.145944 0.009809 0.005329
9 0.658583 0.156306 0.009264 0.004737
9 0.658856 0.161042 0.008719 0.003552
9 0.658583 0.166075 0.010354 0.005329
9 0.658311 0.171107 0.009809 0.004737
9 0.657766 0.176140 0.011989 0.005329
9 0.658038 0.181468 0.011444 0.005329
9 0.659128 0.202191 0.009264 0.006513
9 0.658311 0.212552 0.010899 0.004737
9 0.675204 0.116045 0.011989 0.005921
9 0.657493 0.218472 0.011444 0.005921
9 0.657766 0.224393 0.011989 0.004737
9 0.656948 0.235642 0.012534 0.004737
9 0.656948 0.241267 0.013624 0.005329
9 0.656676 0.246892 0.014169 0.005921
9 0.656948 0.257253 0.011444 0.005329
9 0.657221 0.262581 0.011989 0.005329
9 0.657221 0.269390 0.013079 0.005921
9 0.674659 0.097691 0.010899 0.005921
9 0.675749 0.103908 0.011989 0.005329
9 0.675477 0.109828 0.011444 0.005329
9 0.593460 0.142096 0.008719 0.003552
9 0.592643 0.151569 0.009264 0.003552
9 0.592916 0.165483 0.008719 0.004144
9 0.612534 0.261989 0.017439 0.006513
9 0.608447 0.181764 0.011444 0.007105
9 0.610082 0.187981 0.014714 0.005329
9 0.610354 0.194494 0.014169 0.006513
9 0.609537 0.201599 0.013624 0.005329
9 0.610354 0.208407 0.014169 0.007105
9 0.609537 0.215512 0.013624 0.007105
9 0.611989 0.222321 0.015259 0.006513
9 0.609537 0.235346 0.013624 0.007697
9 0.608447 0.242155 0.012534 0.004737
9 0.612534 0.248964 0.017439 0.006513
9 0.610899 0.255773 0.015259 0.005921
9 0.608719 0.268206 0.011989 0.004737
9 0.592371 0.169923 0.010899 0.004737
9 0.591826 0.276495 0.010899 0.004737
9 0.611989 0.275607 0.016349 0.006513
9 0.588283 0.283008 0.016894 0.007105
9 0.615804 0.284192 0.023978 0.009473
9 0.526158 0.094435 0.011444 0.004144
9 0.525341 0.108940 0.010899 0.005921
9 0.526158 0.140616 0.011444 0.005329
9 0.525613 0.145944 0.012534 0.005329
9 0.525341 0.151865 0.011989 0.005329
9 0.525886 0.157490 0.010899 0.005921
9 0.523706 0.163410 0.013079 0.005921
9 0.609537 0.175548 0.013624 0.006513
9 0.608719 0.168739 0.010899 0.005921
9 0.607629 0.162522 0.011989 0.007697
9 0.612262 0.156009 0.015804 0.006513
9 0.591826 0.175548 0.011989 0.005329
9 0.591553 0.185021 0.011444 0.004144
9 0.592643 0.195678 0.010354 0.005329
9 0.591826 0.211960 0.011989 0.005921
9 0.590463 0.217880 0.012534 0.005921
9 0.592098 0.233866 0.011444 0.004737
9 0.592643 0.238603 0.009264 0.004737
9 0.592371 0.249556 0.010899 0.005329
9 0.591826 0.255181 0.010899 0.004737
9 0.591553 0.260805 0.011444 0.005329
9 0.592916 0.265838 0.008719 0.003552
9 0.591553 0.270574 0.010354 0.004737
9 0.592098 0.096803 0.010354 0.004144
9 0.607629 0.096507 0.009809 0.004737
9 0.608719 0.102131 0.010899 0.005329
9 0.607902 0.106868 0.010354 0.005329
9 0.609264 0.112789 0.013079 0.006513
9 0.609809 0.118709 0.013079 0.005329
9 0.609537 0.124926 0.013624 0.005921
9 0.610082 0.131439 0.013624 0.005921
9 0.608992 0.137063 0.012534 0.005329
9 0.610627 0.143872 0.014714 0.005921
9 0.609809 0.149793 0.013079 0.005921
9 0.297275 0.362641 0.009264 0.024275
9 0.314714 0.364121 0.009264 0.022499
12 0.901907 0.023387 0.018529 0.018354
9 0.279292 0.146536 0.005995 0.012433
9 0.366757 0.142984 0.005450 0.013618
9 0.361580 0.144168 0.004905 0.011249
9 0.356131 0.145352 0.004905 0.014802
9 0.344687 0.144168 0.003815 0.011249
9 0.339237 0.145056 0.004905 0.011841
9 0.328610 0.144760 0.005450 0.012433
9 0.322888 0.144760 0.004905 0.012433
9 0.311444 0.145648 0.004905 0.013025
9 0.306267 0.145648 0.004360 0.011841
9 0.300545 0.144464 0.004905 0.010657
9 0.289373 0.146832 0.005450 0.014210
9 0.273025 0.146536 0.005450 0.012433
9 0.377929 0.144168 0.004905 0.011249
9 0.267302 0.145944 0.004905 0.011249
9 0.262125 0.146536 0.005450 0.012433
9 0.251499 0.148017 0.005995 0.015394
9 0.245777 0.145944 0.005450 0.011249
9 0.240327 0.146832 0.005450 0.011841
9 0.235150 0.146832 0.004905 0.011841
9 0.229700 0.147425 0.005995 0.014210
9 0.224251 0.148017 0.004905 0.013025
9 0.218801 0.147721 0.004905 0.012433
9 0.207629 0.147721 0.005450 0.013618
9 0.201907 0.146536 0.004905 0.011249
9 0.372207 0.143872 0.005450 0.011841
9 0.248774 0.127886 0.004905 0.011841
9 0.217166 0.219361 0.005995 0.014802
9 0.374932 0.126406 0.005450 0.011249
9 0.260218 0.196566 0.005995 0.017762
9 0.247956 0.197750 0.006540 0.015394
9 0.244142 0.218769 0.006540 0.014802
9 0.271390 0.218176 0.006540 0.013618
9 0.266213 0.196862 0.005995 0.017170
9 0.278747 0.195086 0.005995 0.018354
9 0.285559 0.218472 0.006540 0.016578
9 0.306540 0.217880 0.005995 0.015394
9 0.333787 0.217288 0.005995 0.015394
9 0.377929 0.195086 0.005995 0.015986
9 0.349864 0.146536 0.005450 0.014802
9 0.370027 0.125222 0.005450 0.013618
9 0.254768 0.128478 0.004905 0.009473
9 0.364033 0.125518 0.005450 0.011841
9 0.358311 0.127294 0.004905 0.010657
9 0.353406 0.126998 0.004905 0.010065
9 0.343869 0.126702 0.004360 0.009473
9 0.339237 0.126998 0.004905 0.010065
9 0.329700 0.127294 0.005450 0.011841
9 0.325068 0.126702 0.004905 0.013025
9 0.306267 0.127886 0.004360 0.010657
9 0.301362 0.128478 0.004360 0.009473
9 0.297003 0.127886 0.004360 0.010657
9 0.268937 0.128478 0.004905 0.010657
9 0.196458 0.147128 0.004905 0.011249
9 0.191008 0.147425 0.004905 0.013025
9 0.185559 0.147721 0.004905 0.012433
4 0.467030 0.166963 0.037057 0.155121
9 0.191826 0.090586 0.004360 0.010657
9 0.196458 0.091474 0.004905 0.011249
9 0.172480 0.092362 0.004905 0.009473
9 0.167302 0.092362 0.006540 0.014210
9 0.160218 0.092066 0.005450 0.012433
4 0.876022 0.176436 0.036512 0.156306
4 0.798093 0.187389 0.034332 0.195974
4 0.728883 0.187093 0.031063 0.201303
4 0.666485 0.186501 0.032698 0.202487
4 0.601907 0.187389 0.034332 0.200710
4 0.532698 0.187685 0.037602 0.191829
4 0.789918 0.811427 0.098638 0.338070
9 0.180109 0.148017 0.004905 0.011841
4 0.673297 0.821788 0.070300 0.307874
4 0.544142 0.817052 0.011444 0.294849
4 0.469210 0.797809 0.010899 0.255181
4 0.399728 0.783008 0.011444 0.222025
4 0.329700 0.765838 0.010899 0.187685
4 0.260218 0.751332 0.009264 0.156306
4 0.205177 0.740675 0.007084 0.131439
4 0.271935 0.378626 0.225613 0.050326
4 0.269482 0.279751 0.227248 0.043221
4 0.266485 0.208703 0.232153 0.040853
4 0.265123 0.138247 0.230518 0.036116
9 0.187466 0.091474 0.004360 0.010065
9 0.209809 0.090882 0.004360 0.008881
9 0.214986 0.091474 0.004905 0.011249
9 0.224251 0.092658 0.004905 0.011249
9 0.163215 0.147721 0.005995 0.012433
9 0.315259 0.127886 0.004905 0.010657
9 0.292371 0.128182 0.004905 0.011249
9 0.287193 0.128182 0.005450 0.011249
9 0.282561 0.126998 0.004905 0.011249
9 0.277929 0.127886 0.005450 0.010657
9 0.264033 0.128478 0.004905 0.010657
9 0.240054 0.129070 0.004905 0.010657
9 0.226158 0.129070 0.004360 0.009473
9 0.207357 0.128774 0.004905 0.012433
9 0.202997 0.130255 0.003815 0.009473
9 0.198638 0.128478 0.003815 0.013025
9 0.193460 0.129959 0.004360 0.010065
9 0.188556 0.128774 0.004360 0.012433
9 0.170027 0.129959 0.005450 0.011249
9 0.163760 0.129070 0.004905 0.013025
9 0.303542 0.094139 0.005450 0.014210
9 0.288011 0.093843 0.005995 0.014802
9 0.282289 0.093843 0.005450 0.013618
9 0.276567 0.093546 0.005995 0.013025
9 0.254223 0.091770 0.005995 0.011841
9 0.249046 0.092954 0.005450 0.013025
9 0.229155 0.092362 0.003815 0.009473
9 0.251499 0.216992 0.005995 0.013618
9 0.224251 0.219065 0.005995 0.015394
9 0.323161 0.362345 0.008719 0.023683
9 0.356948 0.266430 0.006540 0.017762
9 0.319891 0.290409 0.006540 0.015986
9 0.326158 0.291001 0.005995 0.018354
9 0.334877 0.292777 0.005995 0.018354
9 0.341417 0.291297 0.005995 0.018946
9 0.349319 0.290705 0.006540 0.016578
9 0.356131 0.291297 0.007084 0.020130
9 0.363760 0.290112 0.005995 0.017762
9 0.370845 0.290112 0.007084 0.018946
9 0.380381 0.264062 0.007629 0.020130
9 0.372207 0.266726 0.006540 0.015986
9 0.364578 0.265246 0.006540 0.017762
9 0.341689 0.266430 0.006540 0.015394
9 0.304360 0.290705 0.007084 0.018946
9 0.334877 0.265838 0.007084 0.017762
9 0.326703 0.266134 0.007084 0.018354
9 0.319619 0.267910 0.005995 0.015986
9 0.311717 0.265542 0.006540 0.019538
9 0.304087 0.268502 0.005450 0.014802
9 0.297548 0.265838 0.006540 0.016578
9 0.284196 0.268798 0.005995 0.014210
9 0.277112 0.267022 0.007084 0.017762
9 0.270027 0.267022 0.007084 0.017762
9 0.262943 0.267022 0.007084 0.018946
9 0.250409 0.267318 0.007084 0.018354
9 0.311444 0.290705 0.008174 0.017762
9 0.295913 0.292481 0.006540 0.020130
9 0.174932 0.148905 0.005450 0.013618
9 0.191008 0.295441 0.007084 0.018946
9 0.332970 0.364713 0.007629 0.020130
9 0.341962 0.363529 0.007084 0.022499
9 0.351499 0.363233 0.007629 0.020722
9 0.360218 0.364121 0.007629 0.020130
9 0.368937 0.363529 0.007629 0.021314
9 0.378474 0.362049 0.008174 0.023091
9 0.160763 0.332149 0.007629 0.004737
9 0.159401 0.324156 0.008174 0.005329
9 0.168937 0.292777 0.006540 0.017170
9 0.176294 0.293073 0.007084 0.015394
9 0.183924 0.292185 0.007084 0.017170
9 0.199728 0.294257 0.007084 0.020130
9 0.289101 0.291001 0.005995 0.019538
9 0.205995 0.293073 0.006540 0.018946
9 0.214169 0.292185 0.006540 0.017170
9 0.221253 0.292185 0.006540 0.017170
9 0.229428 0.292481 0.007629 0.018946
9 0.236512 0.292481 0.006540 0.017762
9 0.244414 0.292185 0.005995 0.020722
9 0.251499 0.291297 0.007084 0.016578
9 0.259401 0.293073 0.006540 0.021314
9 0.266757 0.290705 0.007084 0.017762
9 0.273842 0.291889 0.007084 0.020130
9 0.280926 0.294849 0.007084 0.022499
9 0.243597 0.268798 0.005450 0.016578
9 0.236785 0.267910 0.007084 0.017170
9 0.229428 0.268798 0.006540 0.016578
9 0.341144 0.195974 0.006540 0.016578
9 0.272752 0.198046 0.005995 0.014802
9 0.265123 0.219361 0.005995 0.015986
9 0.285014 0.197750 0.005450 0.014210
9 0.290463 0.197158 0.005450 0.014210
9 0.297548 0.197750 0.006540 0.014210
9 0.303542 0.197454 0.005450 0.013618
9 0.309809 0.198342 0.005995 0.013025
9 0.314986 0.198638 0.004360 0.011249
9 0.321253 0.195382 0.009264 0.017762
9 0.312534 0.216992 0.005995 0.013618
9 0.334605 0.197158 0.005450 0.014210
9 0.325886 0.218769 0.006540 0.018354
9 0.223433 0.268502 0.006540 0.015986
9 0.340054 0.219065 0.006540 0.015394
9 0.348229 0.216992 0.005450 0.013618
9 0.353678 0.217584 0.005450 0.014802
9 0.360763 0.218176 0.005450 0.015986
9 0.366485 0.217880 0.005995 0.016578
9 0.372480 0.217584 0.005995 0.014802
9 0.379019 0.217584 0.007084 0.017170
9 0.347411 0.196862 0.005995 0.014802
9 0.353406 0.196270 0.005995 0.013618
9 0.365395 0.196270 0.005995 0.015986
9 0.213079 0.146240 0.005450 0.010657
9 0.257493 0.219361 0.005995 0.015986
9 0.237602 0.221137 0.006540 0.017170
9 0.241417 0.198638 0.006540 0.014802
9 0.235150 0.197750 0.007084 0.017762
9 0.216621 0.270574 0.005995 0.014210
9 0.208992 0.269390 0.005995 0.015394
9 0.202452 0.269094 0.005995 0.017170
9 0.195640 0.268798 0.006540 0.017762
9 0.188556 0.268798 0.006540 0.017762
9 0.168120 0.271462 0.005995 0.015986
9 0.162398 0.271462 0.006540 0.015986
9 0.160490 0.200710 0.005995 0.014210
9 0.166213 0.199822 0.006540 0.014802
9 0.162125 0.219953 0.007084 0.014802
9 0.169210 0.221137 0.005995 0.015986
9 0.175477 0.218769 0.005450 0.013618
9 0.182561 0.221433 0.006540 0.017762
9 0.189101 0.220249 0.005450 0.015394
9 0.185286 0.198638 0.006540 0.017170
9 0.191826 0.198342 0.006540 0.020130
9 0.198093 0.198046 0.005995 0.014802
9 0.204087 0.200414 0.005995 0.013618
9 0.197003 0.220545 0.005995 0.015986
9 0.210354 0.199230 0.005450 0.014802
9 0.216621 0.198934 0.005995 0.014210
9 0.227793 0.197454 0.005450 0.015986
9 0.210354 0.221433 0.006540 0.015394
9 0.658856 0.130551 0.009809 0.005329
9 0.658038 0.120189 0.011444 0.005921
9 0.658038 0.110716 0.010354 0.004737
9 0.382561 0.697750 0.017439 0.007697
9 0.342507 0.798105 0.013624 0.005921
9 0.342234 0.804322 0.014169 0.006513
9 0.342779 0.815275 0.014169 0.007105
9 0.341962 0.822084 0.012534 0.006513
9 0.342507 0.832741 0.014714 0.007697
9 0.341417 0.839254 0.011444 0.005329
9 0.342779 0.845175 0.011989 0.006513
9 0.340599 0.850799 0.011989 0.005921
9 0.382016 0.674660 0.020708 0.008881
9 0.383106 0.682652 0.018529 0.008289
9 0.383924 0.690349 0.017984 0.007105
9 0.386649 0.716992 0.013624 0.005921
9 0.342507 0.786264 0.014714 0.005921
9 0.387193 0.723505 0.014714 0.005921
9 0.386376 0.729722 0.015259 0.006513
9 0.385014 0.742747 0.015804 0.006513
9 0.386376 0.748372 0.014169 0.005921
9 0.386376 0.754885 0.015259 0.005921
9 0.385831 0.761397 0.015259 0.005921
9 0.386649 0.767318 0.015804 0.005921
9 0.387193 0.773535 0.015804 0.005329
9 0.387193 0.780047 0.014714 0.006513
9 0.387466 0.785672 0.015259 0.005921
9 0.387193 0.791889 0.015804 0.006513
9 0.342234 0.792481 0.011989 0.005329
9 0.343324 0.780047 0.015259 0.006513
9 0.319074 0.772054 0.010354 0.005921
9 0.342507 0.681468 0.015804 0.007105
9 0.320708 0.783600 0.011444 0.006513
9 0.320436 0.788928 0.009809 0.005329
9 0.320163 0.794257 0.011444 0.005329
9 0.318256 0.800178 0.013079 0.005329
9 0.319074 0.805506 0.011444 0.005329
9 0.318801 0.813499 0.011989 0.005921
9 0.319619 0.818532 0.011444 0.005329
9 0.320436 0.824748 0.009809 0.004737
9 0.320436 0.830373 0.009809 0.005329
9 0.319074 0.835998 0.012534 0.005921
9 0.318529 0.841326 0.012534 0.004737
9 0.341962 0.693606 0.015804 0.006513
9 0.342779 0.774127 0.014169 0.006513
9 0.340054 0.699230 0.013079 0.005921
9 0.340327 0.711072 0.012534 0.005921
9 0.341144 0.716992 0.014169 0.007105
9 0.342507 0.728242 0.015804 0.005921
9 0.340327 0.733866 0.012534 0.005329
9 0.342507 0.739787 0.014714 0.008881
9 0.341144 0.745708 0.011989 0.005329
9 0.341689 0.751628 0.013079 0.005329
9 0.340599 0.757253 0.011989 0.005921
9 0.340599 0.763173 0.013079 0.005921
9 0.341689 0.768502 0.010899 0.005921
9 0.386649 0.798105 0.015804 0.005921
9 0.386649 0.804026 0.015804 0.005921
9 0.386649 0.809947 0.014714 0.007105
9 0.558311 0.739491 0.019074 0.008289
9 0.414441 0.810539 0.016894 0.007105
9 0.414169 0.824748 0.016349 0.007105
9 0.415259 0.831853 0.019619 0.007105
9 0.415531 0.838958 0.020163 0.007105
9 0.414169 0.846063 0.016349 0.007105
9 0.416076 0.853464 0.016894 0.006513
9 0.414714 0.860864 0.018529 0.007105
9 0.415531 0.875666 0.019074 0.007105
9 0.416894 0.883363 0.020708 0.007105
9 0.558856 0.721729 0.023433 0.008289
9 0.563488 0.730610 0.028338 0.009473
9 0.562125 0.750148 0.025613 0.008289
9 0.386376 0.816755 0.016349 0.006513
9 0.564033 0.759917 0.029428 0.010065
9 0.561853 0.768798 0.022888 0.008881
9 0.768392 0.941978 0.010899 0.033156
9 0.560490 0.783304 0.023433 0.009473
9 0.562943 0.800178 0.030518 0.010065
9 0.564033 0.823564 0.029428 0.011841
9 0.561308 0.837182 0.023978 0.010657
9 0.558311 0.844879 0.016894 0.010657
9 0.565668 0.862937 0.029428 0.011249
9 0.561308 0.878034 0.022888 0.009473
9 0.562125 0.888099 0.023433 0.009473
9 0.412262 0.803434 0.014714 0.005921
9 0.412262 0.797217 0.014714 0.006513
9 0.411989 0.791297 0.015259 0.005329
9 0.412807 0.785376 0.015804 0.006513
9 0.388283 0.822972 0.012534 0.005921
9 0.388011 0.829189 0.014169 0.006513
9 0.387738 0.835406 0.013624 0.005921
9 0.387738 0.841326 0.014714 0.005921
9 0.387193 0.847543 0.015804 0.006513
9 0.389101 0.853168 0.014169 0.005921
9 0.388011 0.859680 0.015259 0.007105
9 0.387466 0.866193 0.016349 0.005921
9 0.389646 0.872410 0.013079 0.005329
9 0.389101 0.878626 0.009809 0.004737
9 0.414169 0.674364 0.022888 0.008289
9 0.411989 0.682060 0.018529 0.008289
9 0.413079 0.689461 0.018529 0.008881
9 0.411989 0.698342 0.019619 0.008881
9 0.413351 0.713736 0.019074 0.007697
9 0.413896 0.720841 0.017984 0.007697
9 0.414169 0.728242 0.017439 0.007105
9 0.413896 0.734754 0.016894 0.007105
9 0.412534 0.741563 0.015259 0.006513
9 0.412807 0.748964 0.019074 0.008289
9 0.413079 0.764062 0.016349 0.008881
9 0.413351 0.772054 0.016894 0.007105
9 0.412807 0.779159 0.016894 0.007105
9 0.319891 0.777679 0.010899 0.005329
9 0.318256 0.765838 0.010899 0.006513
9 0.657766 0.105388 0.010899 0.004737
9 0.214169 0.753404 0.010899 0.005329
9 0.213624 0.730610 0.010899 0.005921
9 0.212807 0.761989 0.009264 0.003552
9 0.196730 0.781528 0.009809 0.004737
9 0.196185 0.787448 0.010899 0.004737
9 0.250136 0.804618 0.010899 0.005921
9 0.213079 0.712552 0.009809 0.005329
9 0.212807 0.717584 0.009264 0.004737
9 0.214441 0.735642 0.010354 0.005329
9 0.214714 0.740379 0.010899 0.004144
9 0.214169 0.744227 0.009809 0.003552
9 0.214441 0.748076 0.010354 0.004144
9 0.214169 0.757845 0.009809 0.004737
9 0.195913 0.776791 0.011444 0.004737
9 0.214169 0.765838 0.010899 0.004144
9 0.214986 0.769982 0.010354 0.005329
9 0.214986 0.775607 0.010354 0.004737
9 0.213624 0.780047 0.008719 0.004144
9 0.213896 0.783896 0.009264 0.004737
9 0.214986 0.788336 0.011444 0.005329
9 0.214986 0.793369 0.010354 0.005921
9 0.213896 0.700118 0.011444 0.006513
9 0.213351 0.694790 0.011444 0.006513
9 0.339782 0.705151 0.011444 0.005921
9 0.250409 0.793665 0.011444 0.005329
9 0.214169 0.681764 0.011989 0.006513
9 0.184741 0.772943 0.005450 0.010065
9 0.318529 0.759621 0.012534 0.004737
9 0.193188 0.683541 0.015804 0.005329
12 0.871935 0.029307 0.038147 0.034932
9 0.672480 0.941681 0.006540 0.014802
9 0.677657 0.940201 0.007084 0.014210
9 0.683106 0.940793 0.007084 0.014210
9 0.688283 0.941681 0.007629 0.015986
9 0.693188 0.939905 0.006540 0.013618
9 0.698093 0.941385 0.005450 0.015394
9 0.702725 0.939609 0.005995 0.013025
9 0.656131 0.934281 0.008719 0.005921
9 0.768937 0.835998 0.011989 0.030787
9 0.192643 0.677028 0.016894 0.007697
9 0.193188 0.688573 0.013624 0.005921
9 0.193460 0.771758 0.010899 0.005329
9 0.191826 0.694494 0.016349 0.007105
9 0.191826 0.700118 0.015259 0.006513
9 0.192643 0.705743 0.014714 0.005921
9 0.193733 0.712552 0.012534 0.005329
9 0.195640 0.728538 0.013079 0.007697
9 0.194005 0.734754 0.011989 0.007105
9 0.195640 0.743635 0.010899 0.005921
9 0.195913 0.748372 0.011444 0.004737
9 0.194823 0.753404 0.011444 0.005329
9 0.195095 0.758437 0.011989 0.004737
9 0.195095 0.766726 0.011989 0.005921
9 0.243869 0.677324 0.016894 0.005921
9 0.246594 0.682948 0.013624 0.006513
9 0.246594 0.688573 0.014714 0.005921
9 0.272752 0.810539 0.013624 0.005921
9 0.272480 0.735050 0.011989 0.005329
9 0.273297 0.740675 0.014714 0.004737
9 0.272480 0.746300 0.013079 0.006513
9 0.271662 0.756957 0.013624 0.005329
9 0.272480 0.762877 0.013079 0.005329
9 0.273025 0.768798 0.015259 0.007697
9 0.273025 0.780639 0.014169 0.007697
9 0.272207 0.787152 0.012534 0.005329
9 0.271935 0.793073 0.013079 0.005329
9 0.271935 0.799290 0.013079 0.005921
9 0.273025 0.804618 0.013079 0.004737
9 0.272207 0.815867 0.013624 0.004737
9 0.248774 0.694790 0.011444 0.005329
9 0.314441 0.677620 0.017439 0.007697
9 0.316621 0.684133 0.011989 0.005329
9 0.316349 0.695382 0.012534 0.006513
9 0.317984 0.701007 0.012534 0.005921
9 0.316621 0.707815 0.013079 0.006513
9 0.317166 0.717880 0.011989 0.005329
9 0.317711 0.724393 0.014169 0.005329
9 0.317439 0.730018 0.013624 0.005921
9 0.317984 0.736234 0.013624 0.006513
9 0.318256 0.742747 0.011989 0.005329
9 0.317711 0.748076 0.011989 0.005329
9 0.271935 0.723209 0.013079 0.007697
9 0.271117 0.717288 0.012534 0.005329
9 0.271117 0.711664 0.011444 0.005921
9 0.270845 0.705151 0.014169 0.007105
9 0.247956 0.701007 0.013079 0.005921
9 0.247411 0.706927 0.011989 0.005921
9 0.247684 0.711960 0.012534 0.005329
9 0.250409 0.717288 0.011444 0.005329
9 0.249319 0.722913 0.011444 0.004737
9 0.249591 0.729130 0.011989 0.005329
9 0.247684 0.734754 0.012534 0.005921
9 0.249319 0.746300 0.012534 0.006513
9 0.249319 0.752220 0.012534 0.005329
9 0.248774 0.764358 0.013624 0.007105
9 0.249046 0.798993 0.011989 0.005329
9 0.270845 0.729130 0.011989 0.005329
9 0.403270 0.643280 0.014169 0.006513
9 0.247956 0.740083 0.013079 0.004737
9 0.249319 0.757253 0.011444 0.004737
9 0.248774 0.769686 0.012534 0.004737
9 0.249591 0.775311 0.010899 0.005329
9 0.249864 0.781528 0.011444 0.005921
9 0.248774 0.787448 0.011444 0.005921
9 0.272752 0.820900 0.013624 0.005329
9 0.270572 0.681764 0.013624 0.006513
9 0.272207 0.688869 0.012534 0.006513
9 0.271390 0.694790 0.014169 0.006513
9 0.557221 0.932800 0.014714 0.006513
9 0.559401 0.940201 0.019074 0.007105
9 0.662398 0.671699 0.027793 0.010065
9 0.808174 0.214624 0.013079 0.005329
9 0.807902 0.107460 0.012534 0.005329
9 0.806540 0.126110 0.010899 0.007105
9 0.809264 0.132623 0.014169 0.005921
9 0.807084 0.145648 0.013079 0.005921
9 0.808992 0.152161 0.013624 0.005921
9 0.808174 0.164594 0.013079 0.005921
9 0.808447 0.170811 0.012534 0.005329
9 0.808174 0.177028 0.013079 0.005921
9 0.807902 0.183541 0.011444 0.005921
9 0.807357 0.195678 0.011444 0.006513
9 0.810899 0.208407 0.017439 0.005921
9 0.808447 0.221137 0.012534 0.006513
9 0.807084 0.095915 0.008719 0.004737
9 0.808174 0.227649 0.013079 0.006513
9 0.808447 0.233866 0.012534 0.005921
9 0.809264 0.240083 0.014169 0.006513
9 0.810082 0.253404 0.016894 0.005921
9 0.807902 0.260213 0.013624 0.006513
9 0.807902 0.266430 0.013624 0.005921
9 0.809264 0.273831 0.017439 0.006513
9 0.786376 0.280935 0.017439 0.007697
9 0.811717 0.281231 0.020163 0.007105
9 0.721798 0.097099 0.009264 0.004737
9 0.720436 0.102724 0.010899 0.005329
9 0.806267 0.100947 0.009264 0.005329
9 0.790191 0.273831 0.011989 0.005329
9 0.663760 0.681468 0.025068 0.010657
9 0.789646 0.170219 0.015259 0.006513
9 0.862398 0.251332 0.022343 0.011249
9 0.890191 0.251036 0.023433 0.015394
9 0.791553 0.096211 0.011444 0.005329
9 0.789646 0.107756 0.014169 0.005921
9 0.788828 0.114269 0.014714 0.005921
9 0.788828 0.126998 0.014714 0.005329
9 0.789373 0.133807 0.013624 0.005921
9 0.790736 0.140320 0.011989 0.005921
9 0.788011 0.146240 0.015259 0.005921
9 0.789101 0.158082 0.015259 0.005921
9 0.790736 0.164298 0.011989 0.005329
9 0.789918 0.176732 0.012534 0.005329
9 0.789918 0.266726 0.012534 0.007697
9 0.788283 0.183541 0.014714 0.005921
9 0.789646 0.190349 0.014169 0.006513
9 0.791281 0.196862 0.013079 0.005329
9 0.791008 0.202783 0.011444 0.005329
9 0.789918 0.208999 0.013624 0.005921
9 0.789918 0.215216 0.014714 0.005329
9 0.789373 0.221729 0.014714 0.005329
9 0.789918 0.227946 0.012534 0.005921
9 0.788556 0.233866 0.015259 0.005921
9 0.789101 0.247188 0.014169 0.006513
9 0.788556 0.253700 0.015259 0.006513
9 0.720163 0.108348 0.012534 0.005921
9 0.720708 0.113973 0.010354 0.005329
9 0.720163 0.119005 0.011444 0.004737
9 0.739237 0.202191 0.013624 0.006513
9 0.737875 0.132623 0.013079 0.005921
9 0.737330 0.138840 0.010899 0.005329
9 0.737057 0.143872 0.010354 0.004737
9 0.740054 0.149793 0.015259 0.005921
9 0.738965 0.155713 0.010899 0.004737
9 0.738692 0.161634 0.013624 0.005921
9 0.737875 0.173179 0.011989 0.005329
9 0.737602 0.178508 0.010354 0.005329
9 0.737875 0.184429 0.013079 0.006513
9 0.738965 0.190053 0.013079 0.005921
9 0.739237 0.195974 0.013624 0.005921
9 0.736512 0.214032 0.010354 0.004144
9 0.720436 0.125518 0.013079 0.005921
9 0.739510 0.219953 0.016349 0.006513
9 0.737057 0.225577 0.010354 0.004737
9 0.737057 0.230610 0.012534 0.005329
9 0.737602 0.236530 0.011444 0.006513
9 0.739237 0.242451 0.013624 0.005329
9 0.738692 0.248668 0.014714 0.005921
9 0.737057 0.254885 0.012534 0.006513
9 0.737875 0.268206 0.013079 0.007105
9 0.737330 0.275607 0.010899 0.005329
9 0.740872 0.283008 0.017984 0.008289
9 0.658856 0.096211 0.009809 0.005329
9 0.738147 0.126110 0.012534 0.004737
9 0.739782 0.120485 0.015804 0.005329
9 0.737602 0.114565 0.011444 0.005329
9 0.737057 0.108940 0.010354 0.005921
9 0.721526 0.131143 0.008719 0.004144
9 0.719074 0.136471 0.013624 0.005329
9 0.720981 0.142392 0.009809 0.004144
9 0.717984 0.147425 0.012534 0.004737
9 0.719619 0.153049 0.012534 0.005329
9 0.719346 0.159266 0.013079 0.005921
9 0.720436 0.170515 0.009809 0.004737
9 0.720163 0.181764 0.012534 0.004737
9 0.718801 0.192422 0.014169 0.005921
9 0.720436 0.204263 0.010899 0.004737
9 0.720163 0.209888 0.011444 0.005329
9 0.719891 0.220841 0.011989 0.005921
9 0.720163 0.226761 0.011444 0.004737
9 0.720708 0.232682 0.010354 0.005921
9 0.721526 0.237715 0.009809 0.005329
9 0.720436 0.243635 0.011989 0.005329
9 0.720708 0.249556 0.011444 0.005329
9 0.720708 0.255181 0.011444 0.004737
9 0.718529 0.260509 0.011444 0.004737
9 0.719346 0.272054 0.014169 0.007697
9 0.717166 0.283304 0.018529 0.007697
9 0.736785 0.097691 0.010899 0.004737
9 0.737602 0.103612 0.011444 0.005921
9 0.864578 0.243043 0.015804 0.006513
9 0.866485 0.235938 0.013079 0.006513
9 0.866213 0.228834 0.014714 0.006513
9 0.622888 0.691237 0.025068 0.008881
9 0.654496 0.861753 0.004360 0.011249
9 0.701907 0.918295 0.005450 0.016578
9 0.695368 0.916815 0.006540 0.019538
9 0.688556 0.917703 0.005995 0.017762
9 0.681744 0.916815 0.006540 0.019538
9 0.673842 0.915631 0.007084 0.021906
9 0.667030 0.916815 0.008719 0.020722
9 0.657766 0.921847 0.006540 0.011841
9 0.667030 0.941089 0.007629 0.017170
9 0.617984 0.671995 0.032698 0.010657
9 0.620708 0.681764 0.029428 0.008881
9 0.626431 0.699526 0.022343 0.007697
9 0.624796 0.816459 0.021253 0.009473
9 0.626703 0.708703 0.020708 0.009473
9 0.624796 0.715808 0.023433 0.010657
9 0.624251 0.724689 0.027793 0.009473
9 0.623433 0.733866 0.023978 0.011249
9 0.625613 0.743635 0.022888 0.009473
9 0.626975 0.752812 0.022343 0.008881
9 0.622343 0.761989 0.028338 0.008289
9 0.622616 0.771166 0.024523 0.008881
9 0.623978 0.780935 0.025068 0.009473
9 0.625613 0.790112 0.022888 0.008881
9 0.626431 0.798697 0.021253 0.008289
9 0.663488 0.867377 0.007084 0.020130
9 0.670027 0.866489 0.007084 0.019538
9 0.676294 0.863529 0.006540 0.017170
9 0.684196 0.864417 0.007084 0.017762
9 0.659673 0.690349 0.024523 0.009473
9 0.662398 0.700414 0.029973 0.010657
9 0.650681 0.728834 0.008719 0.023683
9 0.699183 0.747780 0.007629 0.018946
9 0.692916 0.746300 0.009264 0.023091
9 0.685559 0.746892 0.008719 0.021906
9 0.679019 0.746004 0.009809 0.024867
9 0.670027 0.746596 0.007084 0.022499
9 0.664305 0.748668 0.005450 0.020722
9 0.660490 0.777975 0.011989 0.023683
9 0.667575 0.776791 0.010899 0.022499
9 0.674659 0.775903 0.009809 0.018354
9 0.681199 0.775903 0.009809 0.019538
9 0.701907 0.774423 0.013079 0.022499
9 0.704087 0.835406 0.007629 0.022499
9 0.697003 0.837774 0.007629 0.018946
9 0.690463 0.837774 0.006540 0.018946
9 0.676294 0.838662 0.007629 0.019538
9 0.667030 0.842510 0.006540 0.014210
9 0.653951 0.847839 0.011989 0.005921
9 0.704632 0.862641 0.006540 0.018946
9 0.698365 0.863529 0.007084 0.017170
9 0.691281 0.864417 0.007084 0.018946
9 0.625341 0.807578 0.022343 0.009473
9 0.627793 0.825340 0.020708 0.009473
9 0.865668 0.221137 0.013624 0.005329
9 0.867575 0.106572 0.011989 0.005921
9 0.887738 0.211368 0.016349 0.007105
9 0.888011 0.202191 0.016894 0.007697
9 0.888828 0.184429 0.019619 0.007697
9 0.888283 0.176732 0.019619 0.007697
9 0.888011 0.166667 0.019074 0.007697
9 0.886649 0.158674 0.017439 0.008289
9 0.887466 0.142688 0.016894 0.009473
9 0.888556 0.132919 0.019074 0.007697
9 0.886649 0.125222 0.017439 0.007697
9 0.888283 0.115453 0.020708 0.008289
9 0.885831 0.108348 0.015804 0.007105
9 0.867847 0.114269 0.011444 0.008289
9 0.625886 0.834517 0.023433 0.010065
9 0.864305 0.127590 0.017439 0.007697
9 0.867030 0.135583 0.013079 0.007105
9 0.865668 0.142392 0.014714 0.006513
9 0.866485 0.156306 0.014169 0.008289
9 0.864305 0.171107 0.016349 0.008289
9 0.865940 0.178212 0.014169 0.007105
9 0.866213 0.185317 0.013624 0.005921
9 0.864850 0.192718 0.016349 0.006513
9 0.867030 0.199822 0.014169 0.006513
9 0.866757 0.206927 0.013624 0.006513
9 0.865668 0.214328 0.013624 0.005921
9 0.888011 0.220545 0.019074 0.007697
9 0.923433 0.101539 0.008174 0.012433
9 0.943052 0.118709 0.008174 0.013618
9 0.948229 0.118117 0.005450 0.014802
9 0.627520 0.843398 0.020163 0.008881
9 0.625613 0.851983 0.025068 0.009473
9 0.625886 0.861456 0.024523 0.008289
9 0.624251 0.870337 0.031063 0.010657
9 0.627248 0.879218 0.022888 0.007105
9 0.623978 0.887803 0.028338 0.010065
9 0.630518 0.897869 0.019619 0.007697
9 0.629428 0.905565 0.019619 0.007697
9 0.628338 0.914446 0.020708 0.007697
9 0.624251 0.924216 0.027793 0.009473
9 0.625341 0.933985 0.025613 0.008881
9 0.624523 0.943754 0.026158 0.010657
9 0.628610 0.954115 0.021253 0.010065
9 0.631063 0.966252 0.021798 0.008289
9 0.482289 0.908822 0.011989 0.009473
9 0.543869 0.244523 0.015259 0.007105
9 0.459128 0.114269 0.011444 0.005921
9 0.719619 0.175844 0.013624 0.005921
9 0.674659 0.214328 0.011989 0.005921
9 0.952861 0.118413 0.004905 0.010657
9 0.928610 0.122262 0.006540 0.008881
9 0.985286 0.156306 0.008719 0.007105
9 0.954223 0.107756 0.009809 0.015394
4 0.227793 0.089402 0.158038 0.020130
