14 0.938397 0.255556 0.120813 0.095873
10 0.751794 0.336190 0.032297 0.023492
9 0.302033 0.370794 0.063397 0.025397
9 0.236244 0.326349 0.106459 0.035556
9 0.177033 0.268889 0.136364 0.047619
9 0.135766 0.254286 0.053828 0.017143
9 0.190789 0.240317 0.056220 0.022222
9 0.044258 0.161905 0.050239 0.017778
9 0.117225 0.167937 0.057416 0.023492
10 0.614833 0.032063 0.043062 0.017143
10 0.466507 0.034286 0.045455 0.013968
4 0.827153 0.941905 0.254785 0.117460
4 0.720096 0.828889 0.224880 0.093333
4 0.671053 0.768571 0.224880 0.084444
4 0.630981 0.722222 0.211722 0.079365
4 0.591507 0.677778 0.211722 0.075556
4 0.555622 0.637460 0.218900 0.076190
4 0.514354 0.593333 0.212919 0.081905
4 0.464115 0.539365 0.229665 0.089524
4 0.413278 0.482540 0.235646 0.091429
4 0.379187 0.424762 0.203349 0.082540
4 0.317584 0.375238 0.235646 0.097778
4 0.266148 0.317778 0.230861 0.094603
4 0.215311 0.258413 0.215311 0.080000
4 0.183612 0.205079 0.185407 0.067302
9 0.413278 0.491746 0.063397 0.023492
9 0.430622 0.591429 0.052632 0.019683
9 0.477871 0.607937 0.151914 0.055238
9 0.111842 0.636190 0.063397 0.053333
10 0.960526 0.572698 0.038278 0.025397
10 0.836124 0.435556 0.033493 0.024127
10 0.711124 0.203492 0.032297 0.023492
10 0.733254 0.194286 0.031100 0.022857
10 0.404306 0.063175 0.050239 0.020952
9 0.444378 0.934286 0.080144 0.064127
9 0.248804 0.924762 0.066986 0.065397
9 0.275718 0.797460 0.132775 0.085079
9 0.127990 0.670476 0.028708 0.016508
9 0.107057 0.661905 0.020335 0.019683
10 0.775120 0.362857 0.031100 0.023492
9 0.525718 0.641270 0.058612 0.022857
10 0.691986 0.362857 0.034689 0.024762
10 0.667464 0.337778 0.031100 0.021587
9 0.734450 0.919048 0.074163 0.028571
9 0.659091 0.835873 0.055024 0.018413
9 0.708134 0.824762 0.055024 0.020317
9 0.614234 0.772698 0.149522 0.050794
9 0.592703 0.737143 0.125598 0.046984
9 0.556818 0.721587 0.056220 0.020952
9 0.613636 0.693333 0.055024 0.022857
9 0.558612 0.681905 0.129187 0.046984
4 0.134569 0.166349 0.221292 0.088889
