10 0.981001 0.198087 0.031966 0.028233
9 0.194813 0.317395 0.021713 0.062842
9 0.152593 0.288251 0.030157 0.071949
9 0.126055 0.271403 0.036188 0.092896
9 0.098010 0.259107 0.018697 0.046448
9 0.038601 0.246812 0.021713 0.049180
9 0.091074 0.165756 0.018094 0.045537
4 0.967431 0.653005 0.065139 0.278689
4 0.926417 0.617486 0.084439 0.242259
4 0.889023 0.605647 0.065139 0.234973
4 0.815440 0.562386 0.101327 0.254098
4 0.747889 0.520036 0.080820 0.205829
4 0.712002 0.494991 0.076598 0.217668
4 0.667672 0.469490 0.059107 0.184882
4 0.629373 0.449454 0.075392 0.204918
4 0.584138 0.433060 0.071773 0.228597
4 0.538601 0.412568 0.071170 0.220401
4 0.499095 0.386157 0.079011 0.216758
4 0.455368 0.364299 0.078408 0.216758
4 0.412545 0.328324 0.065139 0.195811
4 0.372738 0.332423 0.066345 0.236794
4 0.311821 0.299636 0.080820 0.205829
4 0.242762 0.270036 0.086248 0.215847
4 0.186972 0.244536 0.075995 0.195811
4 0.125754 0.196721 0.065742 0.214936
9 0.179131 0.291439 0.030157 0.069217
9 0.232207 0.322860 0.030157 0.081056
10 0.946924 0.182605 0.031363 0.031876
9 0.279252 0.336521 0.019300 0.050091
10 0.691797 0.065574 0.025332 0.025501
10 0.720145 0.079235 0.025332 0.025501
10 0.828709 0.128871 0.024125 0.024590
10 0.792823 0.113388 0.024729 0.024590
9 0.926116 0.714481 0.019903 0.050091
9 0.937575 0.652550 0.023522 0.061020
9 0.876960 0.697177 0.019300 0.050091
9 0.903197 0.692623 0.052473 0.155738
9 0.797346 0.600182 0.016888 0.051002
9 0.759650 0.588798 0.029554 0.079235
9 0.742159 0.523224 0.018697 0.037341
9 0.660434 0.488160 0.016888 0.049180
9 0.617310 0.491803 0.017491 0.047359
9 0.572376 0.488160 0.018094 0.045537
9 0.521110 0.459927 0.016888 0.043716
9 0.487334 0.421220 0.020507 0.050091
9 0.456574 0.386157 0.019300 0.049180
9 0.428830 0.379781 0.024125 0.065574
9 0.410133 0.364299 0.021713 0.051002
9 0.364897 0.413024 0.025332 0.071949
9 0.353739 0.346084 0.018697 0.047359
9 0.341978 0.403461 0.022919 0.056466
9 0.260253 0.326047 0.018697 0.045537
4 0.038299 0.160747 0.076598 0.212204
