10 0.977143 0.985375 0.048571 0.025594
10 0.839286 0.893053 0.055714 0.027422
10 0.075714 0.948812 0.057143 0.036563
10 0.137857 0.952468 0.055714 0.047532
10 0.198571 0.963437 0.054286 0.040219
10 0.068571 0.829068 0.051429 0.034735
10 0.327857 0.837294 0.041429 0.032907
10 0.542857 0.849177 0.051429 0.034735
10 0.462143 0.846435 0.050000 0.032907
10 0.357143 0.922303 0.051429 0.038391
14 0.767143 0.563071 0.131429 0.329068
14 0.578571 0.557587 0.131429 0.325411
14 0.390000 0.550274 0.140000 0.332724
14 0.200000 0.541133 0.137143 0.336380
14 0.641429 0.190128 0.265714 0.168190
14 0.255000 0.159963 0.264286 0.166362
