6 0.841228 0.864828 0.087719 0.107586
6 0.595614 0.820690 0.068421 0.041379
6 0.494737 0.560000 0.129825 0.073103
6 0.507456 0.612759 0.128947 0.075172
6 0.518421 0.641724 0.131579 0.079310
6 0.544298 0.701034 0.130702 0.079310
6 0.564474 0.759310 0.130702 0.077241
6 0.561842 0.778276 0.130702 0.076552
6 0.568860 0.830345 0.135965 0.080000
6 0.471053 0.500345 0.128070 0.073793
6 0.606140 0.941724 0.133333 0.077931
6 0.197368 0.934483 0.143860 0.046897
6 0.476316 0.932759 0.131579 0.071034
6 0.479386 0.908966 0.130702 0.071724
6 0.422807 0.740690 0.131579 0.075862
6 0.144298 0.752069 0.144737 0.037931
6 0.494298 0.535862 0.130702 0.074483
6 0.459211 0.468966 0.128947 0.075862
6 0.158333 0.807931 0.144737 0.044828
6 0.391667 0.202414 0.120175 0.072414
6 0.372807 0.121034 0.131579 0.076552
6 0.367982 0.141034 0.130702 0.073793
6 0.390351 0.178621 0.129825 0.073103
6 0.600000 0.080690 0.087719 0.103448
6 0.421930 0.286552 0.135088 0.077931
6 0.353947 0.088621 0.130702 0.072414
6 0.398684 0.230345 0.132456 0.077241
6 0.461404 0.447931 0.128070 0.075172
6 0.400000 0.253103 0.129825 0.074483
6 0.421053 0.311724 0.131579 0.075862
6 0.431140 0.338621 0.123684 0.071724
6 0.434649 0.364828 0.123684 0.071724
6 0.453070 0.398621 0.128947 0.074483
6 0.450877 0.419310 0.131579 0.075862
6 0.151316 0.770345 0.146491 0.041379
6 0.406140 0.663448 0.136842 0.078621
6 0.649123 0.653448 0.047368 0.115172
6 0.726316 0.484483 0.087719 0.104138
6 0.685526 0.311724 0.088596 0.107586
6 0.685088 0.351724 0.085965 0.104828
6 0.699561 0.371034 0.088596 0.104828
6 0.698684 0.408621 0.086842 0.106897
6 0.708333 0.431379 0.088596 0.106897
6 0.721491 0.455862 0.086842 0.106207
6 0.731140 0.521379 0.090351 0.106207
6 0.657895 0.276207 0.089474 0.104138
6 0.745614 0.537931 0.085965 0.102069
6 0.750877 0.566207 0.089474 0.106207
6 0.764912 0.587241 0.080702 0.091724
6 0.767982 0.625172 0.092105 0.106897
6 0.789912 0.670690 0.085088 0.102759
6 0.807895 0.796897 0.089474 0.101379
6 0.684211 0.277241 0.089474 0.104828
6 0.666228 0.223103 0.074561 0.090345
6 0.376754 0.599655 0.132456 0.077931
6 0.267544 0.239310 0.128070 0.074483
6 0.356579 0.542069 0.128947 0.075862
6 0.332895 0.462414 0.130702 0.075172
6 0.310088 0.425517 0.074561 0.044138
6 0.341228 0.419310 0.100000 0.059310
6 0.324561 0.387586 0.108772 0.062069
6 0.275877 0.268966 0.132456 0.075862
6 0.227193 0.151379 0.131579 0.075172
6 0.654825 0.202414 0.088596 0.106897
6 0.224561 0.100345 0.135088 0.076552
6 0.218421 0.074828 0.133333 0.073793
6 0.628509 0.080690 0.090351 0.108966
6 0.627193 0.123448 0.091228 0.108966
6 0.639474 0.142759 0.084211 0.107586
6 0.651316 0.167586 0.085088 0.107586
6 0.336842 0.056552 0.131579 0.075862
