10 0.433353 0.698998 0.019903 0.024590
10 0.083233 0.520492 0.016888 0.035519
9 0.339264 0.215847 0.058504 0.114754
9 0.307600 0.205373 0.024125 0.050091
9 0.288299 0.178051 0.047045 0.086521
9 0.262063 0.164845 0.027141 0.051002
9 0.236429 0.152550 0.056695 0.115665
9 0.218034 0.100182 0.027141 0.052823
9 0.141435 0.042350 0.053679 0.082878
9 0.177925 0.085155 0.021713 0.044627
4 0.825694 0.715847 0.095296 0.178506
4 0.885706 0.772769 0.111580 0.193989
4 0.760555 0.653005 0.102533 0.187614
4 0.677021 0.578324 0.145356 0.227687
4 0.556695 0.467668 0.090470 0.177596
4 0.506031 0.425319 0.091677 0.180328
4 0.457177 0.382514 0.100121 0.187614
4 0.385404 0.314663 0.139928 0.215847
4 0.302171 0.238160 0.068758 0.157559
4 0.264777 0.208106 0.095296 0.177596
4 0.217732 0.164845 0.090470 0.169399
4 0.176417 0.120219 0.059710 0.142077
4 0.128166 0.076503 0.099517 0.153005
9 0.401086 0.287796 0.054282 0.103825
9 0.427322 0.303279 0.058504 0.111111
9 0.465320 0.323315 0.070567 0.132969
10 0.053076 0.423042 0.025332 0.030055
10 0.590772 0.974044 0.021110 0.035519
10 0.537394 0.876594 0.022919 0.033698
10 0.031665 0.687158 0.023522 0.048270
10 0.065742 0.658925 0.020507 0.040984
10 0.076297 0.620674 0.023522 0.042805
10 0.167370 0.527322 0.024729 0.030965
10 0.108866 0.494536 0.012666 0.036430
10 0.537093 0.793260 0.025935 0.034608
10 0.487033 0.748634 0.027141 0.032787
10 0.389324 0.658925 0.019903 0.028233
9 0.489445 0.346084 0.024729 0.047359
10 0.281665 0.633424 0.026538 0.037341
10 0.238540 0.524590 0.028347 0.036430
9 0.901086 0.761840 0.026538 0.053734
9 0.771110 0.642077 0.064536 0.138434
9 0.739445 0.615665 0.028951 0.051002
9 0.575995 0.496812 0.027744 0.055556
9 0.596502 0.443534 0.025332 0.049180
9 0.556393 0.448087 0.028347 0.054645
9 0.528347 0.406193 0.055489 0.112933
4 0.068154 0.056922 0.083233 0.113843
