9 0.769439 0.790984 0.012658 0.035519
9 0.780892 0.805556 0.019892 0.057377
9 0.361664 0.644353 0.015672 0.008197
9 0.388487 0.642077 0.017480 0.009107
9 0.387884 0.627049 0.015069 0.010018
9 0.386076 0.612477 0.013864 0.010018
9 0.384268 0.596084 0.013864 0.008197
9 0.383665 0.579235 0.019892 0.010929
9 0.384870 0.561475 0.018686 0.011840
9 0.384870 0.545993 0.022303 0.013661
9 0.380952 0.529599 0.021700 0.015483
9 0.379445 0.514572 0.017480 0.012750
9 0.380350 0.495446 0.019289 0.010929
9 0.380350 0.479508 0.020494 0.011840
9 0.381254 0.464026 0.022303 0.011840
9 0.381857 0.448087 0.018686 0.012750
9 0.377336 0.430783 0.022905 0.012750
9 0.375226 0.413934 0.022303 0.013661
9 0.374322 0.397086 0.022905 0.016393
9 0.374925 0.377049 0.022905 0.012750
9 0.373418 0.359745 0.027125 0.016393
9 0.374623 0.339709 0.024714 0.014572
9 0.398131 0.315118 0.029536 0.023679
9 0.301688 0.453097 0.016275 0.010018
9 0.089210 0.601548 0.022905 0.013661
9 0.092827 0.632514 0.016878 0.011840
9 0.132610 0.538251 0.014467 0.010929
9 0.160338 0.569217 0.020494 0.016393
9 0.158228 0.550546 0.012658 0.010018
9 0.158831 0.536885 0.018686 0.011840
9 0.160036 0.519581 0.021097 0.013661
9 0.156420 0.503643 0.016275 0.010929
9 0.153406 0.484062 0.023508 0.011840
9 0.129898 0.488160 0.023508 0.012750
9 0.128993 0.508197 0.018083 0.012750
9 0.133213 0.519581 0.016878 0.010018
9 0.139843 0.671220 0.015672 0.010929
9 0.094937 0.647086 0.013864 0.010018
9 0.138939 0.658470 0.016275 0.009107
9 0.139542 0.645719 0.012658 0.009107
9 0.138939 0.629326 0.016275 0.010929
9 0.135021 0.613388 0.018083 0.011840
9 0.136227 0.599727 0.015672 0.010018
9 0.135021 0.584244 0.020494 0.013661
9 0.135322 0.566940 0.016275 0.010018
9 0.097951 0.677140 0.018686 0.010018
9 0.095841 0.663479 0.015672 0.010018
9 0.374020 0.299636 0.033153 0.018215
9 0.371007 0.280055 0.025919 0.017304
9 0.348403 0.258652 0.045811 0.018215
9 0.467450 0.444900 0.016275 0.013661
9 0.448463 0.596539 0.024111 0.020036
9 0.450271 0.580146 0.028933 0.020036
9 0.451477 0.561475 0.026522 0.019126
9 0.431887 0.547814 0.010247 0.026412
9 0.454491 0.544627 0.026522 0.021858
9 0.455696 0.528689 0.024111 0.017304
9 0.459916 0.492714 0.026522 0.020036
9 0.463532 0.476321 0.026522 0.021858
9 0.463532 0.458106 0.024111 0.018215
9 0.466847 0.425319 0.022303 0.018215
9 0.445148 0.631603 0.017480 0.013661
9 0.470766 0.407104 0.024111 0.020036
9 0.474985 0.373406 0.026522 0.021858
9 0.474985 0.355647 0.024111 0.019126
9 0.480711 0.321949 0.025919 0.020947
9 0.482218 0.304645 0.024111 0.019126
9 0.485835 0.286885 0.025316 0.020036
9 0.487643 0.269581 0.024111 0.020036
9 0.454189 0.251366 0.028330 0.023679
9 0.448764 0.272313 0.035564 0.027322
9 0.444545 0.613843 0.024714 0.020036
9 0.442134 0.646630 0.016275 0.014572
9 0.341772 0.282332 0.019289 0.010929
9 0.351417 0.469490 0.020494 0.011840
9 0.342676 0.295082 0.013864 0.012750
9 0.343279 0.310565 0.021097 0.012750
9 0.359554 0.624772 0.018686 0.010929
9 0.359554 0.611566 0.015069 0.013661
9 0.358348 0.596084 0.013864 0.008197
9 0.356239 0.579690 0.019289 0.010018
9 0.357143 0.563752 0.019892 0.012750
9 0.355636 0.547814 0.019289 0.011840
9 0.354430 0.530055 0.016878 0.012750
9 0.350512 0.451730 0.015069 0.010929
9 0.422544 0.634335 0.008439 0.022769
9 0.350211 0.436703 0.016878 0.013661
9 0.349608 0.420765 0.020494 0.012750
9 0.347197 0.406648 0.021700 0.011840
9 0.346896 0.374317 0.018686 0.010929
9 0.344786 0.358834 0.019289 0.012750
9 0.344485 0.340164 0.016275 0.010018
9 0.342978 0.326503 0.022905 0.013661
13 0.336046 0.714936 0.023508 0.020036
9 0.428873 0.577413 0.009042 0.025501
9 0.161242 0.586066 0.022303 0.011840
9 0.162749 0.602914 0.015672 0.010929
9 0.162749 0.616120 0.016878 0.011840
9 0.285413 0.591075 0.016275 0.009107
9 0.307715 0.566485 0.016275 0.010929
9 0.309222 0.578324 0.015672 0.010929
9 0.310729 0.594718 0.015069 0.009107
9 0.310428 0.630237 0.016878 0.012750
9 0.314346 0.651184 0.015069 0.009107
9 0.239602 0.642987 0.021097 0.012750
9 0.286016 0.623406 0.017480 0.013661
9 0.286920 0.651639 0.015672 0.008197
9 0.285714 0.637978 0.016878 0.011840
9 0.283906 0.576958 0.019289 0.011840
9 0.306811 0.532787 0.016878 0.012750
9 0.283303 0.560109 0.020494 0.012750
9 0.280591 0.527778 0.019892 0.011840
9 0.278481 0.513206 0.020494 0.013661
9 0.276371 0.465392 0.017480 0.010929
9 0.275467 0.450820 0.022905 0.012750
9 0.274563 0.434426 0.022303 0.012750
9 0.272453 0.417577 0.019289 0.011840
9 0.275166 0.403461 0.017480 0.010929
9 0.273659 0.387523 0.015672 0.011840
9 0.309222 0.547814 0.019289 0.013661
9 0.305907 0.514572 0.019892 0.012750
9 0.270946 0.372495 0.016275 0.010929
4 0.448764 0.451275 0.098252 0.418033
4 0.149488 0.586521 0.053044 0.196721
4 0.216094 0.475865 0.065702 0.387067
4 0.291441 0.465847 0.066908 0.385246
4 0.364979 0.450820 0.068113 0.378871
4 0.534358 0.462659 0.104280 0.422587
4 0.627486 0.495446 0.108499 0.397086
4 0.741410 0.507286 0.106088 0.326047
4 0.865883 0.729508 0.066908 0.373406
4 0.948162 0.741348 0.062688 0.371585
9 0.278180 0.268215 0.041591 0.020947
9 0.306510 0.498179 0.016275 0.010929
9 0.267330 0.291894 0.021097 0.013661
9 0.294153 0.287796 0.021700 0.012750
9 0.293852 0.307832 0.013864 0.010929
9 0.295359 0.320128 0.015672 0.010018
9 0.295359 0.340164 0.020494 0.011840
9 0.302592 0.405282 0.020494 0.012750
9 0.300482 0.418488 0.016275 0.010018
9 0.301989 0.437614 0.014467 0.010018
9 0.304400 0.481330 0.015672 0.010018
9 0.297468 0.355647 0.018686 0.011840
9 0.271248 0.356102 0.018083 0.012750
9 0.165160 0.634791 0.021700 0.010929
9 0.212176 0.619763 0.014467 0.008197
9 0.208559 0.537341 0.016878 0.012750
9 0.237492 0.627960 0.015672 0.008197
9 0.238095 0.612933 0.013261 0.009107
9 0.235986 0.596539 0.015069 0.009107
9 0.235081 0.581056 0.014467 0.009107
9 0.233876 0.562386 0.019289 0.013661
9 0.213080 0.661658 0.016275 0.010018
9 0.212477 0.646630 0.016275 0.010929
9 0.211875 0.633880 0.021097 0.010929
9 0.209464 0.602914 0.012658 0.009107
9 0.233273 0.530510 0.015672 0.010018
9 0.210669 0.585155 0.017480 0.011840
9 0.208559 0.553734 0.019289 0.012750
9 0.207052 0.523679 0.017480 0.012750
9 0.230259 0.498179 0.013261 0.009107
9 0.226643 0.410291 0.018083 0.011840
9 0.198312 0.277778 0.037372 0.018215
9 0.223327 0.280055 0.011453 0.008197
9 0.166667 0.668944 0.015069 0.008197
9 0.163954 0.650729 0.020494 0.013661
9 0.232670 0.545993 0.020494 0.013661
9 0.206148 0.505464 0.021700 0.012750
9 0.268535 0.321949 0.019892 0.011840
9 0.197408 0.380692 0.021097 0.012750
9 0.267631 0.307377 0.019289 0.011840
9 0.194093 0.300091 0.020494 0.010018
9 0.220012 0.297359 0.018083 0.011840
9 0.220916 0.313752 0.021097 0.011840
9 0.221218 0.329235 0.020494 0.011840
9 0.221820 0.347450 0.016878 0.010018
9 0.196805 0.331967 0.019892 0.011840
9 0.198312 0.347450 0.019289 0.011840
9 0.197107 0.364754 0.021700 0.013661
9 0.224533 0.395264 0.017480 0.010929
9 0.232670 0.513206 0.021700 0.011840
9 0.199216 0.413024 0.021097 0.011840
9 0.227848 0.427596 0.021700 0.011840
9 0.200422 0.427596 0.018686 0.013661
9 0.201326 0.443989 0.021700 0.013661
9 0.199216 0.459927 0.022303 0.012750
9 0.229054 0.462659 0.016878 0.012750
9 0.230862 0.478597 0.024111 0.013661
9 0.202833 0.472678 0.016275 0.010929
9 0.204641 0.490893 0.018686 0.012750
9 0.445148 0.293260 0.035564 0.027322
9 0.446655 0.313752 0.030139 0.026412
9 0.447860 0.333789 0.024111 0.019126
9 0.879445 0.801002 0.020494 0.011840
9 0.886980 0.614299 0.021097 0.011840
9 0.884870 0.632514 0.021700 0.011840
9 0.885473 0.648452 0.025316 0.012750
9 0.884569 0.700364 0.023508 0.016393
9 0.880651 0.717668 0.020494 0.014572
9 0.880651 0.735428 0.015672 0.010018
9 0.880651 0.750000 0.021700 0.013661
9 0.880048 0.767760 0.022905 0.014572
9 0.879747 0.783242 0.021097 0.014572
9 0.877336 0.818306 0.022303 0.015483
9 0.886377 0.598816 0.021097 0.017304
9 0.876432 0.833789 0.022905 0.013661
9 0.844485 0.868852 0.027728 0.016393
9 0.847498 0.853825 0.021700 0.011840
9 0.848403 0.836521 0.022303 0.015483
9 0.849005 0.821949 0.022303 0.015483
9 0.850211 0.805556 0.021097 0.013661
9 0.851718 0.789162 0.021700 0.013661
9 0.851115 0.773224 0.024111 0.014572
9 0.852321 0.757741 0.022905 0.012750
9 0.857746 0.593807 0.024111 0.014572
9 0.859253 0.576047 0.025919 0.017304
9 0.850512 0.726776 0.025316 0.016393
9 0.730259 0.424863 0.035564 0.026412
9 0.767932 0.442623 0.038577 0.025501
9 0.770645 0.419399 0.031947 0.026412
9 0.773056 0.399818 0.037975 0.030965
9 0.775166 0.378871 0.034961 0.025501
9 0.781495 0.357013 0.034358 0.021858
9 0.744424 0.340164 0.033755 0.026412
9 0.738095 0.361111 0.035564 0.028233
9 0.736588 0.382514 0.032550 0.021858
9 0.733876 0.404827 0.033153 0.024590
9 0.727245 0.444444 0.035564 0.025501
9 0.887583 0.581512 0.019892 0.013661
9 0.726944 0.467668 0.031344 0.022769
9 0.722423 0.487250 0.027125 0.020036
9 0.721218 0.505920 0.031947 0.024590
9 0.717300 0.548725 0.030139 0.022769
9 0.714286 0.568761 0.032550 0.026412
9 0.711875 0.590619 0.030139 0.020947
9 0.707052 0.610656 0.031344 0.024590
9 0.877336 0.536430 0.048825 0.023679
9 0.862266 0.558288 0.021097 0.014572
9 0.852622 0.743169 0.021097 0.012750
9 0.853828 0.711749 0.016275 0.010018
9 0.761603 0.483151 0.034358 0.026412
9 0.924051 0.894809 0.018083 0.011840
9 0.960518 0.810109 0.022303 0.011840
9 0.956600 0.827869 0.020494 0.010929
9 0.957203 0.844718 0.018083 0.011840
9 0.955395 0.859745 0.022905 0.012750
9 0.954491 0.877505 0.023508 0.013661
9 0.953285 0.895719 0.022303 0.013661
9 0.953888 0.912113 0.022303 0.013661
9 0.952381 0.926685 0.018083 0.011840
9 0.924653 0.908015 0.016878 0.012750
9 0.929174 0.831967 0.021097 0.011840
9 0.957203 0.775501 0.019289 0.011840
9 0.930078 0.814663 0.022905 0.013661
9 0.931284 0.799180 0.022905 0.013661
9 0.930380 0.782787 0.023508 0.013661
9 0.931585 0.767304 0.023508 0.013661
9 0.933092 0.736794 0.019289 0.010929
9 0.933092 0.721767 0.015672 0.013661
9 0.934901 0.704463 0.021700 0.011840
9 0.936407 0.688069 0.021097 0.011840
9 0.772453 0.871585 0.016275 0.051002
9 0.958409 0.791894 0.022905 0.013661
9 0.959313 0.759107 0.021097 0.011840
9 0.855636 0.696721 0.021097 0.014572
9 0.940325 0.585155 0.022905 0.017304
9 0.855937 0.679872 0.020494 0.011840
9 0.853225 0.661202 0.025919 0.020036
9 0.856841 0.645264 0.023508 0.015483
9 0.859554 0.628871 0.020494 0.013661
9 0.859855 0.612022 0.022303 0.014572
9 0.958710 0.545537 0.046414 0.020036
9 0.969259 0.569672 0.021700 0.017304
9 0.943038 0.567395 0.023508 0.016393
9 0.971067 0.590164 0.022905 0.012750
9 0.940627 0.603370 0.022303 0.013661
9 0.964135 0.725865 0.023508 0.014572
9 0.969259 0.606557 0.022905 0.012750
9 0.967752 0.624317 0.022303 0.011840
9 0.938216 0.620674 0.022303 0.011840
9 0.937613 0.637523 0.024714 0.014572
9 0.965341 0.640255 0.019892 0.014572
9 0.965943 0.657104 0.023508 0.013661
9 0.966847 0.675319 0.025316 0.015483
9 0.965943 0.691712 0.023508 0.015483
9 0.964738 0.708561 0.023508 0.012750
9 0.764014 0.462204 0.033153 0.022769
9 0.764919 0.507286 0.038577 0.025501
9 0.445449 0.353825 0.026522 0.024590
9 0.502411 0.611111 0.024714 0.020036
9 0.570826 0.298725 0.030139 0.023679
9 0.571730 0.277778 0.024714 0.018215
9 0.560579 0.250000 0.049427 0.033698
9 0.538577 0.268670 0.028330 0.023679
9 0.539783 0.286430 0.027125 0.022769
9 0.540386 0.305100 0.023508 0.018215
9 0.494274 0.659381 0.021700 0.018215
9 0.498794 0.644809 0.017480 0.014572
9 0.500301 0.627505 0.022905 0.016393
9 0.504822 0.595628 0.024714 0.018215
9 0.566004 0.336976 0.028933 0.023679
9 0.506631 0.576958 0.024714 0.017304
9 0.509343 0.561020 0.021700 0.014572
9 0.510247 0.544627 0.022303 0.014572
9 0.510247 0.524590 0.025919 0.023679
9 0.514467 0.507741 0.025919 0.019126
9 0.516275 0.492259 0.023508 0.015483
9 0.518686 0.472678 0.025919 0.020036
9 0.520494 0.456284 0.024714 0.020036
9 0.521097 0.421676 0.025919 0.020036
9 0.569620 0.317851 0.030139 0.021858
9 0.562990 0.356102 0.025316 0.020036
9 0.528933 0.386612 0.023508 0.019126
9 0.532248 0.647086 0.028933 0.020947
9 0.443038 0.371585 0.027728 0.023679
9 0.438216 0.389800 0.028933 0.023679
9 0.438819 0.409381 0.027728 0.020947
9 0.437914 0.426685 0.025919 0.020947
9 0.436407 0.443534 0.024111 0.020036
9 0.431585 0.459927 0.025316 0.021858
9 0.433695 0.480419 0.016275 0.013661
9 0.431585 0.494991 0.022905 0.019126
9 0.530440 0.667122 0.027728 0.019126
9 0.535865 0.607923 0.030139 0.020947
9 0.561483 0.377505 0.024714 0.019126
9 0.536166 0.586976 0.024714 0.020947
9 0.539482 0.569217 0.027728 0.021858
9 0.539783 0.549180 0.025919 0.021858
9 0.543098 0.530965 0.027728 0.021858
9 0.544605 0.510474 0.027125 0.020947
9 0.552140 0.492259 0.030139 0.022769
9 0.552743 0.472222 0.027728 0.020947
9 0.557866 0.434882 0.029536 0.020947
9 0.561483 0.396175 0.031947 0.025501
9 0.526522 0.405282 0.024714 0.020036
9 0.530741 0.370219 0.024714 0.019126
9 0.758891 0.527322 0.036166 0.027322
9 0.630199 0.618852 0.029536 0.022769
9 0.656721 0.408470 0.031947 0.024590
9 0.651597 0.429417 0.030139 0.022769
9 0.652803 0.450820 0.036166 0.027322
9 0.650693 0.471311 0.035564 0.024590
9 0.644967 0.491803 0.028933 0.020036
9 0.644967 0.512295 0.031344 0.022769
9 0.644665 0.535064 0.033153 0.024590
9 0.639843 0.555556 0.035564 0.027322
9 0.641049 0.576503 0.033153 0.025501
9 0.630199 0.640710 0.039180 0.028233
9 0.668174 0.324681 0.039180 0.026412
9 0.625075 0.661202 0.028933 0.023679
9 0.621157 0.677596 0.023508 0.016393
9 0.745931 0.661202 0.042797 0.029144
9 0.704641 0.631603 0.033755 0.024590
9 0.742315 0.636157 0.031947 0.024590
9 0.747438 0.614299 0.036166 0.024590
9 0.749849 0.591985 0.034961 0.025501
9 0.753466 0.571494 0.038577 0.028233
9 0.752863 0.547814 0.032550 0.024590
9 0.664557 0.367486 0.036769 0.028233
9 0.639843 0.292350 0.034358 0.029144
9 0.532851 0.353370 0.024111 0.018215
9 0.605184 0.545082 0.025316 0.020947
9 0.530741 0.336066 0.027125 0.021858
9 0.621760 0.691712 0.017480 0.017304
9 0.588306 0.682605 0.028933 0.022769
9 0.591621 0.662568 0.027125 0.020947
9 0.593430 0.641621 0.028330 0.022769
9 0.595841 0.620674 0.025919 0.017304
9 0.598553 0.602914 0.028933 0.023679
9 0.600663 0.582423 0.027125 0.020947
9 0.600060 0.563297 0.028330 0.022769
9 0.607294 0.523679 0.027125 0.020036
9 0.629596 0.313297 0.029536 0.023679
9 0.610006 0.504098 0.025316 0.017304
9 0.609102 0.486794 0.025919 0.020947
9 0.615431 0.468124 0.026522 0.020036
9 0.618445 0.450364 0.025316 0.019126
9 0.617541 0.429417 0.027125 0.020947
9 0.620253 0.410291 0.028933 0.022769
9 0.622664 0.391166 0.026522 0.020947
9 0.626582 0.351548 0.028330 0.021858
9 0.628692 0.332423 0.026522 0.020036
4 0.091019 0.649362 0.028933 0.089253
