10 0.305867 0.888617 0.012755 0.046512
9 0.122959 0.336597 0.013265 0.056304
4 0.975255 0.874541 0.049490 0.236230
4 0.880357 0.862301 0.060714 0.246022
4 0.836224 0.835985 0.061224 0.261934
4 0.776786 0.785802 0.093367 0.276622
4 0.715561 0.736842 0.060714 0.259486
4 0.638776 0.679315 0.066327 0.235006
4 0.590306 0.649327 0.061224 0.233782
4 0.542857 0.605263 0.035714 0.206854
4 0.510204 0.591187 0.054082 0.225214
4 0.468622 0.567931 0.053571 0.237454
4 0.429337 0.543452 0.053571 0.247246
4 0.380612 0.499388 0.051020 0.227662
4 0.291582 0.451652 0.051531 0.232558
4 0.250765 0.435129 0.055612 0.246022
4 0.212755 0.409425 0.046939 0.231334
4 0.161990 0.376989 0.051531 0.230110
4 0.122194 0.362301 0.039286 0.232558
4 0.077806 0.338433 0.032143 0.231334
4 0.040051 0.323133 0.039286 0.227662
9 0.013776 0.264382 0.017347 0.068543
9 0.170153 0.310282 0.021939 0.108935
10 0.278316 0.864137 0.016837 0.068543
9 0.190561 0.293758 0.016837 0.066095
10 0.184439 0.966340 0.028061 0.035496
10 0.148469 0.949816 0.020408 0.029376
10 0.125000 0.933293 0.021429 0.030600
10 0.327296 0.965116 0.019898 0.030600
10 0.061735 0.812729 0.020408 0.031824
10 0.092347 0.918605 0.020408 0.033048
9 0.974745 0.780294 0.017857 0.062424
9 0.893112 0.804774 0.018878 0.064871
9 0.848214 0.762546 0.026020 0.110159
9 0.822959 0.728886 0.015306 0.062424
9 0.751531 0.671359 0.017347 0.064871
9 0.650000 0.629131 0.041837 0.171359
9 0.596684 0.600979 0.032143 0.134639
9 0.562245 0.591799 0.043878 0.214198
9 0.518112 0.533660 0.018878 0.075887
9 0.424745 0.460220 0.028061 0.112607
9 0.386735 0.435129 0.018367 0.069767
9 0.295153 0.397797 0.019898 0.090575
9 0.184184 0.361689 0.017347 0.067319
4 0.010459 0.279070 0.020918 0.188494
