9 0.083534 0.858379 0.011460 0.020947
9 0.053679 0.863843 0.010856 0.013661
9 0.616405 0.524135 0.027744 0.031876
9 0.610374 0.540984 0.022919 0.025501
9 0.601930 0.556011 0.020507 0.022769
9 0.598010 0.571494 0.030760 0.033698
9 0.591074 0.586521 0.028951 0.032787
9 0.584138 0.602459 0.027141 0.031876
9 0.556996 0.627049 0.051267 0.059199
9 0.640531 0.675319 0.031363 0.037341
9 0.647165 0.654827 0.032569 0.036430
9 0.661339 0.619308 0.031966 0.036430
9 0.671291 0.602004 0.027744 0.030965
9 0.683052 0.564663 0.027141 0.030965
9 0.677624 0.583333 0.033172 0.037341
9 0.707479 0.615209 0.030157 0.035519
9 0.697829 0.629326 0.026538 0.032787
9 0.692099 0.650273 0.031966 0.036430
9 0.678830 0.666211 0.016285 0.017304
9 0.677322 0.682605 0.025332 0.028233
9 0.672195 0.703552 0.031966 0.037341
9 0.623341 0.508652 0.019903 0.024590
9 0.584741 0.512750 0.023522 0.027322
9 0.579614 0.527322 0.019300 0.021858
9 0.535585 0.474044 0.019300 0.022769
9 0.430639 0.509107 0.041013 0.043716
9 0.484318 0.537341 0.015682 0.020036
9 0.489747 0.525501 0.016888 0.020036
9 0.494572 0.514117 0.016888 0.020947
9 0.499397 0.502277 0.016888 0.020947
9 0.512967 0.462204 0.016285 0.020947
9 0.528951 0.424408 0.018094 0.021858
9 0.547346 0.446266 0.013872 0.018215
9 0.530157 0.489526 0.014475 0.015483
9 0.572376 0.538251 0.019300 0.023679
9 0.525332 0.503188 0.015682 0.019126
9 0.520808 0.517304 0.018697 0.021858
9 0.515380 0.529144 0.017491 0.020036
9 0.504825 0.553279 0.015682 0.019126
9 0.489445 0.563752 0.045235 0.049180
9 0.551870 0.595628 0.022919 0.027322
9 0.556393 0.582423 0.023522 0.026412
9 0.563028 0.568306 0.025935 0.030965
9 0.631484 0.690801 0.030157 0.037341
9 0.663148 0.719490 0.029554 0.032787
9 0.729795 0.779599 0.031363 0.034608
4 0.586550 0.556922 0.092280 0.166667
9 0.902895 0.903461 0.030157 0.061931
9 0.917370 0.913479 0.028951 0.058288
9 0.930639 0.928051 0.030157 0.060109
9 0.948733 0.929872 0.032569 0.065574
4 0.909228 0.894353 0.089867 0.123862
4 0.865199 0.825137 0.079011 0.138434
4 0.770507 0.729053 0.106755 0.173953
4 0.674306 0.637067 0.103739 0.177596
4 0.514777 0.495446 0.080217 0.154827
9 0.873341 0.877960 0.026538 0.051002
4 0.455368 0.440346 0.078408 0.152095
4 0.359168 0.370219 0.122437 0.164845
4 0.237636 0.271858 0.060314 0.102914
4 0.203860 0.241348 0.037394 0.081967
4 0.171894 0.212204 0.072376 0.114754
4 0.062123 0.120219 0.124246 0.169399
13 0.955669 0.779144 0.058504 0.075592
13 0.833534 0.641166 0.033776 0.045537
9 0.891134 0.886157 0.025935 0.052823
9 0.835947 0.878871 0.036188 0.041894
9 0.735826 0.763206 0.027744 0.030965
9 0.773522 0.773224 0.028347 0.034608
9 0.741858 0.744536 0.031363 0.035519
9 0.746080 0.725865 0.030157 0.036430
9 0.756031 0.710838 0.028347 0.031876
9 0.763872 0.693078 0.029554 0.034608
9 0.769300 0.675774 0.028347 0.032787
9 0.798251 0.722222 0.031966 0.036430
9 0.785887 0.739071 0.022919 0.028233
9 0.781062 0.755464 0.031363 0.035519
9 0.767189 0.791439 0.028951 0.032787
9 0.846502 0.859745 0.039204 0.043716
9 0.760253 0.810565 0.039204 0.043716
9 0.878166 0.777322 0.036188 0.046448
9 0.871532 0.796448 0.036188 0.042805
9 0.937877 0.833333 0.016888 0.020036
9 0.911339 0.855191 0.015682 0.018215
9 0.926719 0.869763 0.017491 0.020036
9 0.863993 0.819672 0.031966 0.038251
9 0.853136 0.837887 0.035585 0.040073
9 0.444210 0.499545 0.016285 0.019126
9 0.451448 0.487705 0.017491 0.020947
9 0.465923 0.448087 0.013872 0.018215
9 0.344994 0.342896 0.010856 0.013661
9 0.387214 0.394353 0.012063 0.012750
9 0.383896 0.402550 0.011460 0.014572
9 0.327503 0.413479 0.030157 0.034608
9 0.332328 0.375683 0.010856 0.013661
9 0.334439 0.370219 0.010253 0.013661
9 0.337153 0.363843 0.010856 0.013661
9 0.339566 0.357013 0.010856 0.014572
9 0.342581 0.349727 0.010856 0.012750
9 0.347407 0.336976 0.010856 0.012750
9 0.393848 0.377505 0.012063 0.013661
9 0.350422 0.329690 0.010856 0.014572
9 0.335645 0.317851 0.016285 0.018215
9 0.339867 0.306922 0.015078 0.020036
9 0.342883 0.290984 0.028347 0.031876
9 0.333233 0.325137 0.015078 0.016393
9 0.329011 0.334244 0.015078 0.018215
9 0.319662 0.367486 0.021713 0.046448
9 0.271110 0.357468 0.025935 0.031876
9 0.389324 0.387067 0.012666 0.012750
9 0.398673 0.366120 0.013269 0.012750
9 0.285283 0.328780 0.020507 0.021858
9 0.461098 0.461293 0.017491 0.020947
9 0.044029 0.800546 0.007238 0.018215
4 0.029855 0.910291 0.045235 0.088342
9 0.443908 0.435337 0.015682 0.020036
9 0.439385 0.448543 0.016285 0.019126
9 0.434560 0.460838 0.015078 0.018215
9 0.430036 0.472222 0.014475 0.019126
9 0.425513 0.484517 0.015078 0.018215
9 0.455368 0.470856 0.015682 0.018215
9 0.448733 0.424863 0.015682 0.019126
9 0.401086 0.355647 0.012063 0.011840
9 0.453559 0.412113 0.015682 0.019126
9 0.475271 0.423953 0.016888 0.020947
9 0.458384 0.401184 0.014475 0.017304
9 0.431242 0.360656 0.013269 0.027322
9 0.414656 0.407559 0.025935 0.053734
9 0.373945 0.330146 0.009650 0.017304
9 0.382388 0.336976 0.008444 0.016393
9 0.387817 0.343807 0.009650 0.017304
9 0.282268 0.335610 0.020507 0.022769
9 0.288902 0.317851 0.020507 0.021858
9 0.502111 0.488160 0.017491 0.021858
9 0.048854 0.139800 0.019300 0.039162
9 0.069662 0.117486 0.007841 0.014572
9 0.065742 0.114299 0.007238 0.015483
9 0.061821 0.110656 0.007841 0.015483
9 0.100422 0.183515 0.017491 0.033698
9 0.093185 0.176230 0.015078 0.033698
9 0.078106 0.161658 0.016285 0.031876
9 0.069964 0.153916 0.012063 0.023679
9 0.062123 0.147086 0.012063 0.022769
9 0.023824 0.091075 0.021110 0.043716
9 0.076900 0.123862 0.007841 0.016393
9 0.012063 0.087432 0.020507 0.043716
9 0.462304 0.389344 0.015078 0.017304
9 0.468637 0.373862 0.016888 0.020947
9 0.484017 0.399818 0.013872 0.016393
9 0.478890 0.410291 0.015682 0.019126
9 0.469240 0.434882 0.016888 0.020947
9 0.523824 0.435792 0.015078 0.019126
9 0.518396 0.448998 0.016285 0.020036
9 0.072979 0.121585 0.008444 0.015483
9 0.080519 0.127049 0.007841 0.015483
9 0.291918 0.310109 0.020507 0.020947
9 0.139023 0.209016 0.018697 0.037341
9 0.295537 0.299636 0.020507 0.021858
9 0.299457 0.292350 0.021110 0.021858
9 0.297346 0.273224 0.025332 0.029144
9 0.298854 0.250455 0.024729 0.029144
9 0.265078 0.311020 0.047648 0.102914
9 0.151990 0.256831 0.042220 0.051002
9 0.149879 0.224954 0.007841 0.016393
9 0.154101 0.228597 0.010253 0.012750
9 0.115501 0.160291 0.006634 0.014572
9 0.084439 0.129781 0.008444 0.015483
9 0.112183 0.158015 0.007238 0.013661
9 0.108866 0.154827 0.007841 0.014572
9 0.105247 0.151184 0.007841 0.014572
9 0.101930 0.147541 0.007238 0.014572
9 0.098613 0.145264 0.006634 0.013661
9 0.095296 0.142532 0.007238 0.015483
9 0.091074 0.137978 0.008444 0.015483
9 0.087455 0.133880 0.008444 0.014572
13 0.753317 0.091985 0.034982 0.040073
