10 0.300460 0.861163 0.012076 0.086304
4 0.715929 0.878049 0.054054 0.146341
9 0.181426 0.447467 0.010926 0.073171
9 0.122484 0.383677 0.032202 0.054409
9 0.089132 0.354597 0.032202 0.052533
9 0.052329 0.325516 0.031052 0.065666
9 0.013801 0.299250 0.026452 0.065666
4 0.725992 0.187617 0.060380 0.063790
4 0.828062 0.191370 0.065555 0.071295
4 0.913168 0.182927 0.041403 0.118199
4 0.968373 0.638837 0.021852 0.129456
4 0.936458 0.687617 0.040828 0.155722
4 0.901955 0.769231 0.041978 0.153846
4 0.866878 0.845216 0.043128 0.159475
4 0.797585 0.964353 0.027602 0.075047
4 0.834100 0.926829 0.039678 0.146341
4 0.688327 0.526266 0.059804 0.046904
10 0.167625 0.956848 0.024727 0.033771
4 0.607821 0.545966 0.028752 0.142589
4 0.568143 0.535647 0.029902 0.133208
4 0.524439 0.529081 0.031052 0.131332
4 0.485336 0.519700 0.026452 0.146341
4 0.443646 0.509381 0.022427 0.125704
4 0.397930 0.501876 0.027602 0.136961
4 0.353939 0.494371 0.030477 0.140713
4 0.274008 0.486867 0.025877 0.121951
4 0.225704 0.480300 0.036228 0.131332
4 0.158424 0.469981 0.036228 0.125704
4 0.117884 0.450281 0.028752 0.123827
4 0.081081 0.427767 0.031052 0.138837
4 0.044853 0.403377 0.032202 0.150094
4 0.010063 0.371482 0.018976 0.150094
9 0.163312 0.395872 0.037953 0.045028
9 0.168488 0.482176 0.025302 0.048780
9 0.225992 0.401501 0.031052 0.045028
9 0.280909 0.409944 0.036228 0.069418
10 0.240368 0.976548 0.021852 0.039400
10 0.138010 0.952158 0.023002 0.035647
9 0.057792 0.042214 0.031627 0.069418
9 0.165612 0.099437 0.027602 0.045028
9 0.423519 0.087242 0.032777 0.088180
9 0.460610 0.044090 0.027602 0.088180
9 0.453422 0.113508 0.031627 0.136961
9 0.711903 0.226079 0.031052 0.043152
9 0.729442 0.150094 0.020127 0.037523
9 0.741518 0.228893 0.025877 0.033771
9 0.810811 0.224203 0.034503 0.054409
9 0.915756 0.253283 0.027027 0.037523
9 0.925819 0.612570 0.032202 0.084428
9 0.886141 0.703565 0.032202 0.090056
9 0.853652 0.777674 0.025877 0.076923
9 0.843013 0.882739 0.026452 0.103189
9 0.816561 0.924953 0.025302 0.097561
9 0.809086 0.958724 0.023002 0.082552
9 0.731167 0.803002 0.039678 0.105066
9 0.678551 0.543152 0.029902 0.039400
9 0.676538 0.481238 0.040828 0.046904
9 0.604083 0.500000 0.007476 0.069418
9 0.627372 0.520638 0.012651 0.091932
9 0.526164 0.446529 0.026452 0.033771
9 0.469523 0.484991 0.012076 0.091932
9 0.460610 0.506567 0.013801 0.071295
9 0.429270 0.491557 0.013226 0.086304
9 0.357389 0.406191 0.028177 0.035647
9 0.397642 0.418386 0.031627 0.060038
4 0.158999 0.044090 0.046578 0.084428
