10 0.204856 0.874222 0.033384 0.054795
10 0.594082 0.275841 0.053111 0.026152
14 0.431715 0.240971 0.171472 0.232877
14 0.326252 0.594645 0.169954 0.232877
14 0.503794 0.567870 0.172989 0.234122
14 0.715478 0.542964 0.171472 0.234122
14 0.911988 0.512453 0.166920 0.230386
10 0.097876 0.019303 0.065250 0.028643
10 0.352807 0.041096 0.034901 0.047323
10 0.319423 0.045455 0.025797 0.043587
10 0.264795 0.054172 0.028832 0.048568
10 0.200303 0.064134 0.030349 0.048568
10 0.100910 0.042964 0.056146 0.031133
10 0.169954 0.067248 0.027314 0.049813
10 0.602428 0.301370 0.054628 0.027397
10 0.877845 0.124533 0.034901 0.047323
10 0.797420 0.184932 0.031866 0.051059
10 0.841426 0.122042 0.031866 0.049813
10 0.956753 0.180573 0.031866 0.047323
10 0.726100 0.140100 0.028832 0.046077
10 0.707891 0.196139 0.028832 0.046077
10 0.736722 0.188667 0.031866 0.046077
10 0.853566 0.172478 0.028832 0.043587
10 0.233687 0.061021 0.033384 0.052304
10 0.580425 0.202366 0.074355 0.038605
10 0.562974 0.150062 0.060698 0.031133
10 0.594082 0.243462 0.065250 0.028643
10 0.823976 0.179328 0.027314 0.042341
14 0.252656 0.267746 0.171472 0.234122
