9 0.650597 0.655467 0.019625 0.020770
9 0.237415 0.468235 0.020904 0.009163
9 0.236988 0.439524 0.020904 0.011607
9 0.237415 0.426390 0.020904 0.012217
9 0.236988 0.412951 0.019198 0.012217
9 0.239121 0.399511 0.024317 0.013439
9 0.238268 0.385767 0.020904 0.012828
9 0.239974 0.372022 0.020904 0.010996
9 0.239761 0.358277 0.021331 0.012828
9 0.239548 0.346671 0.019198 0.009163
9 0.216297 0.334759 0.029010 0.013439
9 0.212031 0.350641 0.021331 0.012217
9 0.212031 0.364997 0.020478 0.011607
9 0.210538 0.379658 0.020904 0.011607
9 0.211391 0.393403 0.023464 0.010996
9 0.209898 0.407758 0.023038 0.012828
9 0.212244 0.421503 0.021758 0.012217
9 0.208618 0.435858 0.024744 0.012828
9 0.210111 0.450825 0.022611 0.010996
9 0.208191 0.464264 0.027304 0.013439
9 0.231869 0.497557 0.022611 0.012828
9 0.233362 0.511912 0.027304 0.013439
9 0.233788 0.525657 0.029010 0.015272
9 0.232935 0.540012 0.029010 0.013439
9 0.232082 0.553757 0.029010 0.015272
9 0.231442 0.568418 0.025171 0.012828
9 0.230589 0.583690 0.026024 0.014050
9 0.232082 0.598962 0.029863 0.012828
9 0.241681 0.614539 0.022611 0.012217
9 0.241254 0.628283 0.019198 0.011607
9 0.240614 0.641417 0.020478 0.010996
9 0.236775 0.452963 0.023038 0.011607
9 0.237628 0.481979 0.017918 0.008552
9 0.646544 0.645388 0.019198 0.021381
9 0.321672 0.514661 0.019625 0.011607
9 0.367108 0.429444 0.016638 0.009774
9 0.365828 0.440745 0.016638 0.010385
9 0.364548 0.451741 0.020051 0.011607
9 0.364548 0.463348 0.018345 0.010385
9 0.364974 0.474343 0.019198 0.009163
9 0.364548 0.485644 0.015785 0.008552
9 0.318259 0.476481 0.015358 0.009774
9 0.319966 0.464875 0.020478 0.010996
9 0.318259 0.454184 0.017065 0.009163
9 0.319326 0.443800 0.017491 0.010385
9 0.320179 0.433415 0.019198 0.009163
9 0.319966 0.422724 0.017918 0.009774
9 0.321672 0.412034 0.019625 0.010385
9 0.320606 0.400428 0.018345 0.010385
9 0.321672 0.389432 0.019625 0.010385
9 0.322099 0.377825 0.019625 0.009163
9 0.322739 0.367746 0.020051 0.009774
9 0.295009 0.357972 0.026024 0.013439
9 0.293302 0.373549 0.022611 0.012828
9 0.295009 0.388210 0.022611 0.011607
9 0.294369 0.402566 0.022184 0.010996
9 0.293515 0.416616 0.023891 0.012217
9 0.293942 0.430971 0.022184 0.011607
9 0.292235 0.444716 0.023038 0.012217
9 0.292022 0.459682 0.023464 0.012828
9 0.291596 0.472816 0.024317 0.012217
9 0.292235 0.485950 0.017065 0.010385
9 0.294582 0.501222 0.025171 0.012828
9 0.322312 0.502138 0.020051 0.010996
9 0.240188 0.655773 0.022184 0.011607
9 0.239548 0.670128 0.020904 0.010996
9 0.239334 0.685095 0.021331 0.012828
9 0.221203 0.728161 0.018345 0.019548
9 0.112628 0.309713 0.023891 0.013439
9 0.147184 0.310629 0.027304 0.014050
9 0.017491 0.413256 0.011945 0.039707
9 0.006826 0.412645 0.009386 0.040929
9 0.013439 0.445632 0.025171 0.014050
9 0.348336 0.855223 0.037969 0.040318
9 0.345563 0.835675 0.027304 0.030544
9 0.345350 0.819792 0.023464 0.024435
9 0.306101 0.848503 0.008959 0.021991
9 0.352389 0.875993 0.046075 0.042761
9 0.349403 0.782529 0.035836 0.035431
9 0.362841 0.789554 0.015785 0.016494
9 0.366681 0.799023 0.015785 0.017104
9 0.370307 0.809102 0.016212 0.017715
9 0.372014 0.819181 0.015358 0.017104
9 0.377133 0.828039 0.015358 0.017715
9 0.380973 0.838424 0.015358 0.016494
9 0.383746 0.848198 0.015785 0.017715
9 0.387799 0.857972 0.016212 0.017715
9 0.390785 0.867135 0.016212 0.017715
9 0.395691 0.877214 0.014078 0.017104
9 0.369454 0.890348 0.010239 0.018937
9 0.358362 0.898290 0.010239 0.018937
9 0.341937 0.911423 0.010666 0.020770
9 0.340230 0.942578 0.022611 0.010996
9 0.337031 0.956323 0.021331 0.011607
9 0.338097 0.969456 0.023464 0.012217
9 0.337671 0.982590 0.025171 0.011607
9 0.401451 0.744349 0.028157 0.028711
9 0.118814 0.329566 0.038823 0.015272
9 0.119667 0.347282 0.033703 0.016494
9 0.156783 0.328955 0.020904 0.011607
9 0.174061 0.496335 0.046075 0.018937
9 0.231869 0.734881 0.023464 0.025657
9 0.219923 0.717166 0.014932 0.015883
9 0.216724 0.710446 0.011092 0.012217
9 0.211817 0.691814 0.022611 0.010385
9 0.211604 0.678070 0.022184 0.010996
9 0.210964 0.664020 0.026024 0.012217
9 0.206911 0.648442 0.034130 0.015272
9 0.204565 0.631338 0.031997 0.015272
9 0.206911 0.614844 0.035836 0.014050
9 0.192833 0.578192 0.037543 0.016494
9 0.187500 0.558338 0.043089 0.015883
9 0.195179 0.539707 0.032850 0.017715
9 0.192406 0.517715 0.036689 0.016494
9 0.146758 0.474343 0.026451 0.014050
9 0.156783 0.342089 0.020904 0.010996
9 0.168089 0.450519 0.010239 0.036042
9 0.141425 0.442578 0.035410 0.016494
9 0.144838 0.459682 0.031143 0.014050
9 0.156570 0.423946 0.020478 0.009774
9 0.155717 0.410812 0.021331 0.011607
9 0.129693 0.425168 0.020478 0.010996
9 0.127773 0.411423 0.020051 0.011607
9 0.126493 0.397679 0.025171 0.013439
9 0.155717 0.396762 0.022184 0.011607
9 0.123720 0.381491 0.029863 0.014050
9 0.123933 0.364081 0.029437 0.014661
9 0.155290 0.368357 0.020478 0.012217
9 0.157423 0.355223 0.023038 0.011607
9 0.365828 0.406842 0.019198 0.012217
9 0.368814 0.394319 0.016638 0.009163
9 0.366894 0.382101 0.020478 0.011607
9 0.199232 0.248015 0.018771 0.009774
4 0.426621 0.811546 0.075939 0.148442
4 0.358148 0.860415 0.107935 0.169212
9 0.074019 0.119731 0.008959 0.031765
9 0.086177 0.118204 0.007679 0.031155
9 0.056314 0.109041 0.007679 0.027489
9 0.012159 0.094380 0.024317 0.021381
9 0.014292 0.079108 0.026024 0.020159
9 0.045222 0.179902 0.039249 0.093464
9 0.095563 0.183262 0.011945 0.037874
9 0.094070 0.236103 0.010666 0.045816
9 0.110282 0.271228 0.026024 0.014661
9 0.115188 0.254429 0.022184 0.012828
9 0.114334 0.239768 0.021331 0.011607
9 0.114548 0.224496 0.022611 0.012828
9 0.115188 0.208308 0.023038 0.013439
9 0.115401 0.193341 0.022611 0.011607
9 0.115614 0.178681 0.023038 0.011607
9 0.116681 0.163409 0.022611 0.011607
9 0.098336 0.147831 0.006399 0.019548
9 0.116681 0.148137 0.020051 0.012828
9 0.117961 0.133781 0.026877 0.014661
9 0.200939 0.169517 0.017065 0.007941
9 0.200085 0.158216 0.014505 0.008552
9 0.201578 0.148442 0.011519 0.006109
9 0.200085 0.179597 0.016212 0.008552
9 0.199659 0.190593 0.017065 0.007330
9 0.199445 0.201894 0.016638 0.007941
9 0.198379 0.212584 0.016212 0.009774
9 0.198379 0.223274 0.015358 0.010385
4 0.479096 0.772755 0.075939 0.147831
4 0.524317 0.739157 0.072526 0.144166
4 0.569326 0.704643 0.072099 0.142334
4 0.212671 0.652108 0.080631 0.100794
4 0.112841 0.189676 0.031997 0.156995
4 0.184514 0.213806 0.045648 0.146610
4 0.251280 0.237630 0.035836 0.139279
4 0.306101 0.245877 0.040529 0.132560
4 0.371800 0.285583 0.026877 0.137447
4 0.368601 0.427917 0.024744 0.131338
4 0.304608 0.426390 0.052901 0.130727
4 0.224829 0.408980 0.052048 0.137447
4 0.134386 0.395541 0.068259 0.165547
4 0.305887 0.600794 0.048635 0.193647
4 0.015572 0.569640 0.030290 0.364692
4 0.342363 0.965791 0.028584 0.065974
4 0.229309 0.716249 0.043089 0.053146
4 0.187713 0.535736 0.122867 0.112401
4 0.636732 0.655162 0.082338 0.152108
4 0.365614 0.530238 0.021331 0.072083
4 0.366894 0.601710 0.050341 0.074527
4 0.529437 0.485339 0.297782 0.249847
13 0.502346 0.433720 0.022611 0.039096
14 0.521758 0.419976 0.020478 0.038485
14 0.536263 0.409285 0.020478 0.037874
14 0.574445 0.379963 0.020904 0.037874
14 0.553114 0.380269 0.020904 0.038485
4 0.878413 0.480757 0.062287 0.119731
4 0.839164 0.502749 0.070819 0.145388
4 0.795648 0.536347 0.071672 0.145388
4 0.749573 0.571167 0.073379 0.146610
4 0.696459 0.609346 0.078925 0.149664
9 0.198592 0.235797 0.014932 0.008552
9 0.198166 0.259927 0.018345 0.010385
9 0.369454 0.370800 0.017065 0.010996
9 0.198166 0.270006 0.017491 0.009774
9 0.317406 0.204643 0.017918 0.009774
9 0.318046 0.215944 0.016638 0.009163
9 0.295009 0.216249 0.012372 0.007330
9 0.294369 0.225412 0.010239 0.007330
9 0.316553 0.229078 0.017918 0.008552
9 0.316980 0.241906 0.016212 0.009774
9 0.315273 0.253207 0.018771 0.010385
9 0.315913 0.266035 0.020904 0.010385
9 0.315913 0.278558 0.020051 0.009774
9 0.317619 0.291387 0.020051 0.012217
9 0.316553 0.302993 0.022184 0.008552
9 0.315700 0.315822 0.025597 0.013439
9 0.293302 0.301466 0.012372 0.006720
9 0.293942 0.291081 0.011945 0.006720
9 0.293729 0.282529 0.014078 0.009163
9 0.293515 0.272144 0.013652 0.009163
9 0.293515 0.262981 0.011945 0.007941
9 0.294155 0.252902 0.014078 0.008552
9 0.368814 0.214417 0.015785 0.009774
9 0.368601 0.226329 0.017065 0.010385
9 0.370520 0.240073 0.020051 0.010996
9 0.369881 0.253513 0.021331 0.012217
9 0.370307 0.266952 0.020478 0.010996
9 0.371160 0.280391 0.018771 0.010996
9 0.370307 0.294136 0.020478 0.009163
9 0.369881 0.306353 0.021331 0.011607
9 0.369881 0.319181 0.021331 0.011607
9 0.368814 0.332010 0.020051 0.011607
9 0.368601 0.344533 0.020478 0.010996
9 0.294369 0.196396 0.015358 0.007941
9 0.242961 0.209530 0.015785 0.009774
9 0.242321 0.220525 0.015358 0.009774
9 0.262799 0.218082 0.014505 0.008552
9 0.183020 0.285278 0.033276 0.019548
9 0.171928 0.262981 0.025597 0.014050
9 0.171715 0.246793 0.025171 0.012217
9 0.173422 0.232132 0.023464 0.012217
9 0.172782 0.215638 0.023891 0.010996
9 0.173422 0.200977 0.022611 0.012217
9 0.174701 0.186011 0.021758 0.012828
9 0.173848 0.170434 0.025171 0.013439
9 0.174275 0.153024 0.024317 0.009163
9 0.242321 0.167685 0.010239 0.006720
9 0.242108 0.177459 0.014932 0.007941
9 0.241681 0.199145 0.017491 0.008552
9 0.263012 0.207086 0.015785 0.008552
9 0.262372 0.229078 0.013652 0.007330
9 0.242534 0.231521 0.014078 0.007330
9 0.261732 0.239768 0.014932 0.007941
9 0.261945 0.250153 0.013652 0.007941
9 0.261519 0.261759 0.008532 0.005498
9 0.261092 0.272144 0.013652 0.007941
9 0.260452 0.284056 0.011519 0.007330
9 0.260452 0.293525 0.010666 0.007941
9 0.259386 0.309102 0.017918 0.014661
9 0.238055 0.303299 0.018771 0.010385
9 0.241041 0.288638 0.017918 0.012828
9 0.239974 0.274893 0.014078 0.007330
9 0.241254 0.263897 0.016638 0.009774
9 0.242108 0.252902 0.015785 0.008552
9 0.242108 0.241600 0.014932 0.007941
9 0.397611 0.762676 0.017918 0.020159
9 0.401664 0.773060 0.014078 0.015272
9 0.415742 0.748931 0.016638 0.017104
9 0.520265 0.494197 0.018345 0.036652
9 0.319753 0.573305 0.020051 0.010385
9 0.319966 0.562004 0.018771 0.009774
9 0.320392 0.550703 0.016212 0.009163
9 0.320819 0.538180 0.016212 0.008552
9 0.320179 0.527184 0.015785 0.009774
9 0.294795 0.515883 0.022184 0.012828
9 0.295435 0.530849 0.021758 0.013439
9 0.295222 0.545205 0.023038 0.011607
9 0.294795 0.559560 0.018771 0.010996
9 0.294369 0.573610 0.020478 0.010996
9 0.293515 0.587355 0.022184 0.012828
9 0.293729 0.602627 0.020904 0.011607
9 0.293515 0.615455 0.021331 0.012828
9 0.292235 0.628589 0.023038 0.013439
9 0.293515 0.642334 0.018771 0.010385
9 0.293089 0.655162 0.019625 0.011607
9 0.291169 0.674099 0.020904 0.023824
9 0.296288 0.685706 0.024317 0.028711
9 0.411263 0.574527 0.020478 0.036042
9 0.420862 0.569334 0.020051 0.039096
9 0.431314 0.563531 0.020478 0.039707
9 0.440486 0.557422 0.015785 0.031155
9 0.447952 0.547037 0.017065 0.033598
9 0.456911 0.542761 0.019625 0.038485
9 0.466084 0.535125 0.016638 0.034209
9 0.474189 0.528406 0.015785 0.032987
9 0.482509 0.523213 0.017918 0.036042
9 0.491894 0.517410 0.021331 0.041539
9 0.501706 0.508858 0.018771 0.036652
9 0.319326 0.584606 0.017491 0.009774
9 0.319326 0.596213 0.019198 0.009774
9 0.318046 0.607208 0.020051 0.009774
9 0.362628 0.521686 0.016212 0.008552
9 0.698166 0.575443 0.017491 0.019548
9 0.694539 0.565058 0.018771 0.020770
9 0.690273 0.555589 0.017918 0.018937
9 0.686860 0.546426 0.017065 0.018937
9 0.681954 0.534820 0.019198 0.021381
9 0.663396 0.548564 0.023038 0.024435
9 0.667449 0.560782 0.019198 0.019548
9 0.671288 0.569945 0.019198 0.019548
9 0.675128 0.580024 0.018345 0.020159
9 0.681527 0.600183 0.019198 0.020159
9 0.684940 0.609957 0.020051 0.020159
9 0.688993 0.619120 0.017918 0.018937
9 0.364121 0.510385 0.012372 0.007941
9 0.363695 0.533903 0.016638 0.008552
9 0.318473 0.618509 0.019198 0.009163
9 0.362201 0.546121 0.018771 0.010996
9 0.361775 0.558033 0.017918 0.010385
9 0.360708 0.576054 0.019198 0.019548
9 0.364761 0.587355 0.023038 0.025046
9 0.369667 0.617288 0.031143 0.032376
9 0.376920 0.631643 0.029437 0.031765
9 0.388865 0.596213 0.015785 0.030544
9 0.394838 0.591326 0.021758 0.042761
9 0.402944 0.582162 0.019198 0.037874
9 0.318259 0.669517 0.022184 0.021991
9 0.315486 0.657911 0.016638 0.014661
9 0.314846 0.640195 0.012799 0.007330
9 0.318899 0.630116 0.020051 0.010385
9 0.510666 0.501833 0.017065 0.034820
9 0.529224 0.489615 0.016638 0.033598
9 0.705205 0.594685 0.017918 0.018937
9 0.537969 0.483201 0.018771 0.037874
9 0.651451 0.321319 0.007679 0.015883
9 0.629053 0.354612 0.009812 0.018937
9 0.633959 0.353390 0.009386 0.018937
9 0.638439 0.349725 0.008959 0.018937
9 0.576365 0.756567 0.011945 0.012828
9 0.532850 0.789249 0.011092 0.012217
9 0.502346 0.705254 0.012372 0.014050
9 0.588097 0.726023 0.014078 0.015272
9 0.640785 0.704032 0.019625 0.020159
9 0.665529 0.699450 0.015358 0.015883
9 0.663183 0.687233 0.019198 0.018326
9 0.658703 0.676542 0.019625 0.020159
9 0.654437 0.665852 0.019625 0.019548
9 0.636092 0.693036 0.021331 0.021381
9 0.632466 0.682651 0.020051 0.020159
9 0.627773 0.672572 0.021758 0.023213
9 0.623933 0.661271 0.020051 0.021381
9 0.620307 0.650275 0.022184 0.022602
9 0.615828 0.640195 0.020904 0.023213
9 0.612201 0.628894 0.022184 0.021381
9 0.608148 0.618815 0.020904 0.021991
9 0.604309 0.607514 0.020904 0.021381
9 0.602176 0.593769 0.022611 0.024435
9 0.622654 0.580024 0.019198 0.017715
9 0.626067 0.591936 0.018345 0.019548
9 0.630333 0.602321 0.018345 0.019548
9 0.633319 0.613622 0.019198 0.021381
9 0.638225 0.624007 0.019625 0.021381
9 0.642278 0.633781 0.019198 0.021381
9 0.647398 0.320098 0.006399 0.017104
9 0.643985 0.318876 0.006399 0.017104
9 0.640145 0.317043 0.006399 0.017104
9 0.617108 0.366524 0.009812 0.019548
9 0.547568 0.474343 0.018345 0.036042
9 0.555461 0.468235 0.016212 0.036042
9 0.562927 0.460904 0.013225 0.023824
9 0.569753 0.456017 0.017491 0.032376
9 0.578285 0.448687 0.018345 0.033598
9 0.587671 0.441967 0.017491 0.033598
9 0.596416 0.436775 0.016212 0.031765
9 0.603456 0.428528 0.014078 0.028711
9 0.613055 0.425779 0.014505 0.030544
9 0.620947 0.418754 0.016638 0.033598
9 0.637372 0.405620 0.014505 0.029322
9 0.646118 0.398900 0.018345 0.035431
9 0.687287 0.394930 0.021331 0.021381
9 0.620947 0.363164 0.008959 0.018937
9 0.636945 0.315516 0.005973 0.017715
9 0.625427 0.359194 0.009386 0.018326
9 0.588524 0.342700 0.012372 0.014661
9 0.591084 0.349114 0.012372 0.012828
9 0.594283 0.354918 0.011092 0.012217
9 0.595776 0.360721 0.012372 0.011607
9 0.597910 0.372938 0.009812 0.011607
9 0.600683 0.378742 0.012799 0.014661
9 0.591297 0.300855 0.007679 0.018937
9 0.595990 0.301466 0.006826 0.017715
9 0.600256 0.302688 0.006826 0.017715
9 0.604522 0.304215 0.006826 0.018326
9 0.629693 0.313378 0.005973 0.018326
9 0.633106 0.314600 0.005973 0.018326
9 0.701365 0.584911 0.017065 0.018937
9 0.708191 0.605070 0.016212 0.017715
9 0.420222 0.759010 0.017065 0.017715
9 0.876280 0.453879 0.011092 0.012217
9 0.857295 0.524435 0.010666 0.012828
9 0.861775 0.532376 0.012799 0.014050
9 0.865188 0.540623 0.011092 0.012217
9 0.867747 0.548870 0.011092 0.011607
9 0.851536 0.561393 0.014505 0.014661
9 0.848123 0.553451 0.013652 0.014661
9 0.845350 0.544288 0.014932 0.015883
9 0.841724 0.536042 0.014505 0.015272
9 0.838737 0.527489 0.013652 0.014050
9 0.836177 0.519243 0.014505 0.017104
9 0.832978 0.510690 0.014078 0.014661
9 0.830631 0.501222 0.012799 0.014050
9 0.827432 0.493280 0.013225 0.014050
9 0.823166 0.485644 0.013225 0.014661
9 0.819966 0.476787 0.015358 0.015272
9 0.817193 0.468845 0.014078 0.015272
9 0.814420 0.459682 0.013652 0.014050
9 0.856655 0.448687 0.011092 0.012828
9 0.859855 0.456323 0.011519 0.012217
9 0.863055 0.464875 0.011945 0.013439
9 0.865828 0.473427 0.011519 0.012217
9 0.869241 0.481674 0.011519 0.011607
9 0.872227 0.490837 0.013225 0.014050
9 0.875853 0.499084 0.011092 0.012217
9 0.879053 0.507330 0.011519 0.011607
9 0.882466 0.515883 0.011519 0.011607
9 0.885239 0.525351 0.011945 0.013439
9 0.866894 0.428833 0.011092 0.013439
9 0.870094 0.436775 0.011519 0.013439
9 0.850683 0.507330 0.011092 0.012828
9 0.848123 0.499389 0.011945 0.012828
9 0.845137 0.490226 0.011945 0.012828
9 0.455631 0.855834 0.015358 0.017104
9 0.422568 0.769090 0.015785 0.017104
9 0.426195 0.779475 0.016212 0.017104
9 0.431101 0.788027 0.017491 0.017104
9 0.433020 0.798412 0.016212 0.017104
9 0.437500 0.807575 0.015785 0.017104
9 0.403584 0.783445 0.017918 0.018937
9 0.407850 0.792914 0.016212 0.017104
9 0.411903 0.801772 0.016638 0.017715
9 0.414462 0.812156 0.019198 0.018937
9 0.418302 0.821625 0.015785 0.015883
9 0.420862 0.832315 0.015785 0.016494
9 0.425341 0.841478 0.016212 0.016494
9 0.432381 0.861332 0.016638 0.018326
9 0.448805 0.836897 0.017065 0.018326
9 0.841084 0.482285 0.011519 0.012828
9 0.444753 0.827428 0.015785 0.016494
9 0.440700 0.817960 0.015358 0.017104
9 0.451792 0.707086 0.028157 0.029933
9 0.456698 0.744044 0.017491 0.018326
9 0.479735 0.743739 0.013225 0.014050
9 0.854096 0.439829 0.011092 0.012217
9 0.810794 0.437996 0.024317 0.025657
9 0.810367 0.452352 0.014078 0.015272
9 0.825085 0.440745 0.009386 0.010385
9 0.828925 0.448992 0.011092 0.012217
9 0.832978 0.456323 0.012372 0.013439
9 0.835111 0.465791 0.011519 0.012828
9 0.838311 0.474038 0.011945 0.013439
9 0.873507 0.445938 0.012372 0.013439
9 0.879480 0.463348 0.010666 0.011607
9 0.711604 0.615455 0.015358 0.016494
9 0.882679 0.471289 0.010239 0.011607
9 0.777730 0.614233 0.013652 0.015272
9 0.774531 0.604154 0.013225 0.014661
9 0.770904 0.595296 0.014505 0.016494
9 0.759812 0.628894 0.016212 0.017715
9 0.757039 0.618815 0.014932 0.015883
9 0.753626 0.608430 0.015785 0.017104
9 0.767278 0.585522 0.014932 0.016494
9 0.764078 0.575748 0.015358 0.017715
9 0.760452 0.566585 0.014078 0.015272
9 0.757253 0.556506 0.014505 0.015883
9 0.753413 0.546732 0.015358 0.017104
9 0.749787 0.537263 0.014078 0.015272
9 0.746160 0.526268 0.014505 0.016494
9 0.742108 0.517715 0.013225 0.015272
9 0.739548 0.506720 0.015785 0.016494
9 0.726536 0.501527 0.023891 0.024435
9 0.721843 0.520159 0.015358 0.016494
9 0.724829 0.530238 0.017065 0.018326
9 0.727816 0.541234 0.016212 0.017104
9 0.732295 0.549786 0.015785 0.017104
9 0.736135 0.558949 0.016638 0.017104
9 0.739334 0.569029 0.016212 0.017715
9 0.742747 0.579108 0.017065 0.017104
9 0.745520 0.589798 0.018345 0.018937
9 0.749360 0.598962 0.018345 0.018937
9 0.727176 0.652413 0.014078 0.014661
9 0.722696 0.643555 0.012799 0.015272
9 0.719283 0.633781 0.017918 0.018937
9 0.715870 0.624313 0.017065 0.018326
9 0.796502 0.567502 0.014505 0.014661
9 0.793089 0.558338 0.014505 0.015883
9 0.790742 0.549175 0.013225 0.014661
9 0.806741 0.536958 0.013652 0.013439
9 0.885239 0.480147 0.011092 0.012217
9 0.889078 0.488088 0.011945 0.013439
9 0.892918 0.496335 0.011945 0.014050
9 0.897184 0.504276 0.011945 0.012828
9 0.901237 0.512828 0.011519 0.012828
9 0.904224 0.521075 0.011519 0.014661
9 0.823805 0.580330 0.015358 0.015883
9 0.804394 0.595296 0.014932 0.016494
9 0.802901 0.585828 0.013652 0.014661
9 0.799275 0.576359 0.014932 0.016494
9 0.815486 0.564753 0.011519 0.012828
9 0.812073 0.555589 0.011519 0.012828
9 0.808874 0.546732 0.012799 0.013439
9 0.802688 0.528711 0.011519 0.014050
9 0.786689 0.539401 0.015358 0.015883
9 0.800128 0.518937 0.010666 0.011607
9 0.796715 0.509774 0.014078 0.015272
9 0.793089 0.500305 0.015358 0.017104
9 0.788823 0.492059 0.013652 0.015272
9 0.786903 0.482285 0.014932 0.016494
9 0.783063 0.474038 0.013225 0.014661
9 0.771118 0.467013 0.027730 0.029933
9 0.766638 0.485644 0.011945 0.013439
9 0.770051 0.494808 0.015358 0.017104
9 0.773464 0.504887 0.014505 0.015272
9 0.777517 0.512828 0.013225 0.014050
9 0.780930 0.521686 0.014078 0.014661
9 0.783703 0.530849 0.013652 0.014661
4 0.033276 0.147526 0.064846 0.169212
