10 0.939520 0.136364 0.031283 0.073756
10 0.847758 0.556604 0.027112 0.070326
10 0.049009 0.562607 0.052138 0.061750
10 0.090719 0.735849 0.041710 0.048027
10 0.392596 0.922813 0.049009 0.058319
10 0.433785 0.945969 0.045881 0.056604
10 0.809698 0.722985 0.028154 0.077187
10 0.862357 0.489708 0.027112 0.066895
14 0.686653 0.526587 0.155370 0.360206
14 0.580813 0.462264 0.156413 0.358491
14 0.450991 0.381647 0.155370 0.358491
14 0.344108 0.318182 0.160584 0.365352
14 0.201773 0.256432 0.157456 0.358491
