10 0.625786 0.907579 0.050314 0.016636
10 0.049528 0.286044 0.042453 0.039741
10 0.112421 0.097967 0.039308 0.042514
13 0.871069 0.454251 0.220126 0.082255
14 0.717767 0.744917 0.158805 0.168207
14 0.518082 0.730129 0.161950 0.166359
14 0.284591 0.712569 0.160377 0.166359
14 0.085692 0.698706 0.161950 0.168207
14 0.156447 0.463956 0.158805 0.168207
14 0.352201 0.476895 0.160377 0.168207
14 0.241352 0.207486 0.161950 0.167283
14 0.432390 0.220425 0.160377 0.167283
14 0.623428 0.235213 0.161950 0.165434
