10 0.766628 0.431470 0.047018 0.035167
10 0.825688 0.419748 0.036697 0.031560
10 0.643922 0.179441 0.044725 0.034265
10 0.689794 0.221821 0.042431 0.032462
10 0.452982 0.129396 0.038991 0.033363
10 0.499427 0.177187 0.042431 0.018936
10 0.415711 0.152390 0.040138 0.032462
10 0.364679 0.190261 0.041284 0.036069
10 0.176606 0.414788 0.036697 0.032462
10 0.100917 0.463931 0.038991 0.035167
10 0.052752 0.498197 0.036697 0.033363
10 0.066514 0.487376 0.036697 0.033363
10 0.029817 0.582958 0.043578 0.031560
10 0.205849 0.752480 0.042431 0.031560
10 0.190367 0.737151 0.043578 0.031560
10 0.175459 0.723625 0.041284 0.031560
10 0.162844 0.708296 0.041284 0.029757
10 0.103784 0.655095 0.042431 0.031560
10 0.068807 0.625789 0.045872 0.032462
10 0.056766 0.610911 0.040138 0.029757
1 0.862959 0.771867 0.241972 0.198377
1 0.750000 0.845356 0.240826 0.199279
14 0.742546 0.550045 0.205275 0.173129
14 0.646789 0.614067 0.204128 0.173129
14 0.526376 0.690712 0.201835 0.171326
14 0.430619 0.752480 0.202982 0.172227
14 0.544151 0.361587 0.202982 0.173129
14 0.448968 0.424256 0.205275 0.174031
14 0.328555 0.502705 0.205275 0.174031
10 0.572248 0.248873 0.041284 0.030658
10 0.615826 0.292155 0.038991 0.028855
10 0.725344 0.391344 0.042431 0.032462
10 0.087156 0.358882 0.038991 0.034265
10 0.780390 0.446799 0.049312 0.036970
10 0.970183 0.491885 0.052752 0.036970
10 0.958142 0.474301 0.047018 0.036069
10 0.232798 0.782236 0.048165 0.036970
10 0.215596 0.768711 0.048165 0.033363
10 0.088303 0.640216 0.050459 0.037872
10 0.041858 0.597385 0.049312 0.036970
10 0.434633 0.139315 0.038991 0.031560
10 0.287271 0.343553 0.042431 0.036069
10 0.215023 0.392245 0.040138 0.034265
10 0.141055 0.436429 0.038991 0.032462
10 0.119839 0.452209 0.040138 0.035167
10 0.161697 0.314698 0.038991 0.036069
10 0.800459 0.461226 0.038991 0.027953
10 0.215023 0.280884 0.044725 0.035167
10 0.377867 0.176285 0.037844 0.031560
10 0.290138 0.230839 0.043578 0.036069
10 0.938073 0.681695 0.043578 0.034265
10 0.918005 0.668170 0.042431 0.032462
10 0.708716 0.373309 0.043578 0.032462
10 0.737959 0.403968 0.042431 0.032462
10 0.232225 0.382777 0.042431 0.036970
10 0.248853 0.372858 0.043578 0.038774
10 0.142775 0.324617 0.040138 0.034265
10 0.759748 0.413436 0.042431 0.031560
10 0.814220 0.476555 0.041284 0.029757
14 0.231651 0.563571 0.204128 0.171326
