6 0.528125 0.178050 0.028125 0.015120
9 0.362891 0.543796 0.049219 0.042753
9 0.324219 0.377737 0.053125 0.046403
9 0.385937 0.356882 0.050000 0.045360
9 0.442578 0.395464 0.053906 0.046403
9 0.387109 0.416319 0.055469 0.047445
9 0.332031 0.434828 0.048438 0.042753
9 0.277734 0.459072 0.052344 0.044317
9 0.522266 0.483837 0.047656 0.040667
9 0.473438 0.504692 0.048438 0.042753
9 0.421484 0.523201 0.049219 0.040146
9 0.397656 0.536236 0.042188 0.037018
9 0.591016 0.511992 0.039844 0.034411
9 0.216016 0.434046 0.069531 0.068300
9 0.575391 0.523983 0.025781 0.021898
9 0.545312 0.532065 0.042188 0.035975
9 0.516016 0.542231 0.041406 0.035454
9 0.472656 0.556830 0.040625 0.035454
9 0.445312 0.566736 0.039062 0.034411
9 0.427344 0.581856 0.042188 0.037539
9 0.399219 0.584463 0.039062 0.034411
9 0.635938 0.609228 0.043750 0.039103
9 0.607422 0.618613 0.052344 0.045360
9 0.560547 0.638686 0.039844 0.035454
9 0.267188 0.399635 0.053125 0.047445
9 0.090625 0.302920 0.090625 0.090719
6 0.537500 0.187956 0.031250 0.017205
9 0.233594 0.221324 0.037500 0.032847
4 0.367969 0.391814 0.331250 0.175704
4 0.476172 0.527633 0.299219 0.162669
4 0.597656 0.656674 0.304688 0.172576
4 0.745313 0.826382 0.307812 0.189781
9 0.096484 0.149374 0.058594 0.025547
9 0.107422 0.265641 0.038281 0.035975
9 0.133984 0.258081 0.044531 0.036496
9 0.160547 0.248957 0.046094 0.037018
9 0.185547 0.238790 0.049219 0.040667
9 0.210156 0.228102 0.043750 0.041189
9 0.261719 0.210636 0.046875 0.038582
9 0.382031 0.225756 0.054688 0.053180
9 0.287500 0.200991 0.043750 0.037018
9 0.312500 0.193170 0.028125 0.022419
9 0.333594 0.186392 0.040625 0.035975
9 0.350391 0.170490 0.049219 0.045881
9 0.142578 0.310480 0.055469 0.048488
9 0.174219 0.298749 0.053125 0.047967
9 0.208203 0.289364 0.055469 0.049009
9 0.267188 0.265641 0.060937 0.051616
9 0.326172 0.244526 0.053906 0.045881
9 0.354687 0.233577 0.051562 0.044838
9 0.526563 0.648853 0.031250 0.025547
9 0.454297 0.686913 0.060156 0.054745
9 0.726172 0.639729 0.061719 0.056309
6 0.605859 0.264859 0.033594 0.022941
10 0.647266 0.288843 0.027344 0.022941
10 0.750000 0.275547 0.028125 0.020334
10 0.598828 0.165537 0.027344 0.015120
6 0.544141 0.089937 0.027344 0.017205
6 0.557813 0.082117 0.026562 0.020334
6 0.693750 0.072732 0.021875 0.021376
6 0.513672 0.135036 0.027344 0.010428
6 0.510547 0.146767 0.024219 0.009906
6 0.574219 0.230709 0.032813 0.017205
6 0.614844 0.275808 0.035937 0.026069
6 0.668750 0.288321 0.015625 0.018770
9 0.607422 0.681439 0.061719 0.055266
6 0.702734 0.287539 0.019531 0.018248
6 0.766016 0.267727 0.027344 0.019291
6 0.778906 0.256778 0.029687 0.018248
6 0.792578 0.235923 0.028906 0.015120
6 0.796094 0.193952 0.037500 0.012513
6 0.654297 0.221846 0.036719 0.021376
6 0.640234 0.213764 0.033594 0.017727
6 0.698828 0.144161 0.030469 0.018248
6 0.712500 0.160845 0.031250 0.014077
6 0.728516 0.205162 0.039844 0.013034
10 0.594141 0.257821 0.028906 0.020334
10 0.626953 0.200991 0.028906 0.016163
10 0.786328 0.164755 0.028906 0.013556
10 0.785547 0.246872 0.027344 0.014077
9 0.548438 0.703076 0.062500 0.058916
9 0.519922 0.717935 0.063281 0.059437
9 0.635156 0.829510 0.059375 0.055266
9 0.694531 0.807351 0.056250 0.049531
9 0.761719 0.784150 0.056250 0.051095
9 0.681641 0.885036 0.058594 0.055787
9 0.751563 0.864181 0.065625 0.059958
9 0.801562 0.836288 0.051562 0.044838
9 0.821094 0.819604 0.032813 0.029197
9 0.843750 0.811001 0.035937 0.038060
9 0.625000 0.882169 0.090625 0.078206
10 0.537891 0.102450 0.032031 0.019291
10 0.519922 0.123566 0.035156 0.013556
10 0.516406 0.157456 0.029687 0.013556
10 0.521875 0.168405 0.031250 0.015641
10 0.571875 0.182221 0.018750 0.020334
10 0.609766 0.183525 0.028906 0.016684
10 0.721094 0.217414 0.029687 0.014599
10 0.716016 0.231491 0.028906 0.020855
10 0.630078 0.283629 0.027344 0.020855
10 0.735156 0.283889 0.026562 0.020334
4 0.241016 0.248175 0.327344 0.178311
