9 0.844458 0.648274 0.013880 0.018960
4 0.308941 0.558824 0.039804 0.135634
4 0.584915 0.761303 0.006736 0.097229
4 0.571647 0.754011 0.011227 0.108896
4 0.549806 0.723870 0.014493 0.123481
4 0.534089 0.748906 0.012043 0.116189
4 0.517861 0.738211 0.008165 0.109383
4 0.505715 0.733836 0.009186 0.136607
4 0.468871 0.736023 0.015513 0.116675
4 0.388140 0.670880 0.031231 0.134176
4 0.365789 0.651920 0.025311 0.125425
4 0.348745 0.596986 0.022249 0.102090
4 0.324148 0.574623 0.034701 0.126398
4 0.285364 0.541322 0.048581 0.161886
9 0.744131 0.691541 0.016534 0.020904
4 0.266789 0.570005 0.040008 0.182304
4 0.262094 0.484686 0.040008 0.117647
4 0.240559 0.500000 0.018983 0.076325
4 0.230761 0.476665 0.030414 0.105493
4 0.213615 0.454059 0.029598 0.097229
4 0.200347 0.451872 0.022249 0.073408
4 0.188508 0.420758 0.028781 0.085075
4 0.085630 0.189840 0.065932 0.111327
4 0.178302 0.388916 0.032456 0.102090
4 0.173913 0.339572 0.033068 0.076325
4 0.153705 0.317939 0.032251 0.079728
4 0.599306 0.749635 0.007757 0.095284
4 0.621862 0.782693 0.006736 0.080700
4 0.647377 0.750365 0.012043 0.100632
4 0.661768 0.769324 0.024903 0.114244
9 0.554705 0.701021 0.006736 0.033058
9 0.537048 0.707584 0.006124 0.029655
9 0.527863 0.710987 0.009798 0.042295
9 0.498979 0.716578 0.005511 0.032086
9 0.491631 0.712445 0.005103 0.033544
9 0.467136 0.725085 0.006736 0.029655
9 0.469892 0.692027 0.005307 0.032572
9 0.397530 0.736023 0.009594 0.034030
9 0.376505 0.676471 0.011227 0.046184
9 0.312207 0.540593 0.010002 0.030141
9 0.318943 0.491006 0.012452 0.022363
9 0.304144 0.471317 0.015513 0.027710
9 0.125230 0.247205 0.014493 0.024793
9 0.095632 0.191298 0.012452 0.022849
9 0.068585 0.145600 0.018779 0.030627
4 0.920188 0.737239 0.017555 0.155080
4 0.866605 0.717550 0.021841 0.111813
4 0.847214 0.701507 0.007144 0.092368
4 0.824658 0.751337 0.013472 0.078269
4 0.790876 0.746232 0.012452 0.102090
4 0.745764 0.748906 0.033272 0.110355
4 0.709839 0.765921 0.022249 0.087992
4 0.681874 0.792416 0.006328 0.089451
4 0.122168 0.310647 0.049602 0.131259
