10 0.888311 0.287846 0.031212 0.006839
4 0.827723 0.803699 0.037332 0.030152
4 0.659119 0.570252 0.044064 0.041965
4 0.677173 0.639571 0.038556 0.028287
4 0.689412 0.705782 0.039780 0.032639
4 0.697674 0.772770 0.031824 0.027976
4 0.707160 0.841623 0.038556 0.027666
4 0.717258 0.909077 0.033048 0.027666
4 0.844553 0.938763 0.040392 0.027976
4 0.835679 0.871775 0.039780 0.027666
4 0.816095 0.737177 0.038556 0.028909
10 0.945838 0.344420 0.021420 0.006217
4 0.805998 0.668169 0.034272 0.030774
4 0.794064 0.607243 0.031212 0.018340
4 0.787638 0.545850 0.042840 0.041032
9 0.421053 0.211999 0.073439 0.032950
9 0.316095 0.252720 0.047124 0.021759
9 0.233170 0.233603 0.040392 0.017718
9 0.414627 0.167703 0.066707 0.027666
9 0.678091 0.140814 0.041616 0.019273
4 0.645655 0.504663 0.034272 0.028287
4 0.776010 0.466584 0.034272 0.026111
4 0.637393 0.437675 0.038556 0.028598
4 0.765912 0.399130 0.041004 0.027976
4 0.069155 0.324837 0.062424 0.034193
4 0.218482 0.309139 0.074663 0.036991
4 0.328641 0.264221 0.088127 0.041032
4 0.202264 0.231893 0.088739 0.039789
4 0.438800 0.221946 0.091799 0.040410
4 0.321909 0.187597 0.061200 0.029531
4 0.416769 0.152471 0.073439 0.033261
13 0.186047 0.127137 0.044064 0.023624
13 0.047430 0.243084 0.055692 0.027355
13 0.482558 0.100249 0.091187 0.036991
4 0.495716 0.119832 0.051408 0.026422
4 0.536720 0.112216 0.042840 0.020516
4 0.683905 0.128380 0.076499 0.035437
4 0.741738 0.196145 0.039168 0.028598
4 0.745410 0.263910 0.037944 0.030463
4 0.756120 0.331365 0.041004 0.033572
4 0.625765 0.367423 0.037332 0.034815
9 0.665545 0.501088 0.015300 0.019273
9 0.685741 0.587659 0.012852 0.013988
9 0.771726 0.600715 0.018360 0.021449
10 0.013158 0.385141 0.023868 0.010569
10 0.190636 0.393534 0.023868 0.008704
10 0.226438 0.401927 0.025704 0.009947
10 0.251224 0.406435 0.021420 0.009015
10 0.323133 0.390426 0.023256 0.011812
10 0.031518 0.863848 0.018972 0.012434
10 0.049878 0.854212 0.020196 0.012434
10 0.011322 0.869599 0.020196 0.011501
10 0.036414 0.813025 0.017748 0.012745
10 0.025092 0.815667 0.018360 0.011812
10 0.013158 0.819086 0.018972 0.012434
10 0.363525 0.442182 0.025704 0.012123
10 0.396879 0.423376 0.016524 0.010569
10 0.383721 0.362760 0.025704 0.011191
10 0.506732 0.443426 0.019584 0.013366
10 0.529070 0.732981 0.029988 0.008082
10 0.542534 0.762201 0.026316 0.006217
10 0.993268 0.545073 0.011016 0.010880
10 0.144737 0.393379 0.010404 0.012123
10 0.014994 0.398508 0.025092 0.011812
9 0.787638 0.676562 0.015912 0.018962
10 0.419217 0.037768 0.022032 0.012123
9 0.803856 0.807585 0.020196 0.021759
9 0.740208 0.909698 0.022644 0.030152
9 0.183599 0.912185 0.029376 0.020827
9 0.146267 0.920112 0.034272 0.025490
9 0.123317 0.927728 0.023868 0.017097
10 0.197368 0.078489 0.023868 0.011501
10 0.037026 0.153248 0.020196 0.010569
10 0.439412 0.040255 0.019584 0.012745
10 0.538250 0.030463 0.025092 0.010569
10 0.993574 0.527976 0.011628 0.012123
10 0.988984 0.674697 0.012240 0.012123
10 0.942472 0.720392 0.022032 0.010258
10 0.961444 0.793441 0.011016 0.011501
10 0.058446 0.145477 0.023868 0.011812
10 0.102815 0.073671 0.026928 0.011812
10 0.139535 0.049736 0.024480 0.011191
10 0.163709 0.041032 0.028764 0.013056
4 0.100367 0.263910 0.067319 0.034193
