9 0.855317 0.619898 0.023908 0.025510
9 0.829143 0.643707 0.020198 0.022109
9 0.282358 0.570153 0.014015 0.017857
9 0.263809 0.582483 0.014839 0.018707
9 0.283800 0.585034 0.012778 0.017007
9 0.286480 0.598214 0.014015 0.017857
9 0.288541 0.611395 0.014839 0.017007
9 0.289365 0.625850 0.011542 0.015306
9 0.274938 0.647109 0.014015 0.017007
9 0.277411 0.660289 0.012366 0.016156
9 0.295548 0.651786 0.014839 0.017857
9 0.278648 0.673469 0.017312 0.018707
9 0.280915 0.686224 0.013603 0.017007
9 0.281533 0.699405 0.014839 0.016156
9 0.284625 0.713010 0.013603 0.016156
9 0.286892 0.725765 0.014015 0.017857
9 0.305441 0.721088 0.014015 0.017007
9 0.288335 0.739371 0.013603 0.016156
9 0.289984 0.753401 0.009481 0.011905
9 0.280297 0.557398 0.014839 0.017857
9 0.278442 0.543793 0.013603 0.016156
9 0.260923 0.555272 0.014015 0.017007
9 0.270404 0.487670 0.014015 0.017857
9 0.173537 0.461735 0.010717 0.015306
9 0.242993 0.436650 0.013603 0.017857
9 0.259068 0.421344 0.013603 0.017857
9 0.261954 0.434524 0.014427 0.018707
9 0.263809 0.448129 0.014839 0.018707
9 0.266282 0.461735 0.014839 0.018707
9 0.268549 0.475340 0.013603 0.018707
9 0.245054 0.450680 0.013603 0.017007
9 0.259275 0.541241 0.013190 0.016156
9 0.246702 0.463861 0.014427 0.017857
9 0.248763 0.476190 0.012778 0.017007
9 0.251855 0.488946 0.012366 0.017007
9 0.253092 0.502126 0.011542 0.016156
9 0.271228 0.502976 0.013190 0.017857
9 0.274526 0.516156 0.015664 0.020408
9 0.256389 0.528486 0.014839 0.017857
9 0.292663 0.765306 0.014839 0.017007
9 0.311212 0.761905 0.014015 0.017007
9 0.313273 0.777211 0.012366 0.015306
9 0.346455 0.508078 0.021022 0.026361
9 0.342951 0.645833 0.015664 0.019558
9 0.362943 0.614371 0.017725 0.022959
9 0.339448 0.616922 0.016076 0.017857
9 0.335944 0.604592 0.014015 0.017007
9 0.351608 0.542517 0.019786 0.023810
9 0.329761 0.546344 0.014839 0.019558
9 0.348516 0.524660 0.019373 0.023810
9 0.342745 0.490221 0.019373 0.022959
9 0.372630 0.684949 0.021434 0.026361
9 0.339654 0.471939 0.017312 0.023810
9 0.338005 0.454082 0.018961 0.023810
9 0.316364 0.462160 0.016076 0.021259
9 0.313891 0.447704 0.017725 0.022959
9 0.308739 0.420068 0.018961 0.022109
9 0.306059 0.405612 0.016900 0.018707
9 0.305853 0.391156 0.015664 0.020408
9 0.347692 0.673895 0.016076 0.019558
9 0.354699 0.715986 0.015251 0.020408
9 0.317601 0.803997 0.013603 0.016156
9 0.386851 0.874150 0.034213 0.040816
9 0.300495 0.817177 0.014015 0.017007
9 0.304617 0.843963 0.014839 0.017857
9 0.323372 0.846939 0.014427 0.018707
9 0.325845 0.860969 0.014427 0.017857
9 0.315540 0.894133 0.022671 0.038265
9 0.376340 0.859694 0.014839 0.017007
9 0.373042 0.845238 0.014839 0.017007
9 0.394889 0.826531 0.018137 0.022109
9 0.375103 0.701105 0.018137 0.019558
9 0.371393 0.829507 0.015664 0.019558
9 0.367065 0.801446 0.016076 0.017857
9 0.388706 0.790391 0.021434 0.026361
9 0.386026 0.772534 0.021847 0.026361
9 0.360264 0.758929 0.014839 0.017857
9 0.381286 0.737670 0.018137 0.022959
9 0.378401 0.721514 0.018137 0.019558
9 0.177246 0.474065 0.019786 0.022959
9 0.179308 0.491497 0.017312 0.022109
9 0.199505 0.465561 0.018961 0.021259
9 0.154369 0.690051 0.013603 0.017857
9 0.118302 0.602466 0.025556 0.029762
9 0.121599 0.622449 0.022259 0.027211
9 0.122424 0.645408 0.028854 0.030612
9 0.145301 0.614796 0.014427 0.018707
9 0.148392 0.644133 0.015664 0.017857
9 0.150660 0.659439 0.016076 0.021259
9 0.129843 0.690901 0.025556 0.029762
9 0.132110 0.715986 0.030091 0.032313
9 0.139118 0.583759 0.014427 0.017857
9 0.137675 0.736395 0.024732 0.028912
9 0.162407 0.733844 0.015664 0.018707
9 0.138293 0.761480 0.024320 0.028061
9 0.167766 0.764456 0.017312 0.020408
9 0.142209 0.787415 0.029678 0.030612
9 0.146950 0.809524 0.027617 0.032313
9 0.171888 0.795068 0.016488 0.020408
9 0.141179 0.597789 0.015251 0.020408
9 0.137881 0.568027 0.016076 0.020408
9 0.176422 0.827806 0.016488 0.019558
4 0.670239 0.549745 0.122836 0.689626
4 0.142003 0.693027 0.096043 0.384354
4 0.218054 0.673044 0.103050 0.454932
4 0.285243 0.648810 0.100577 0.486395
4 0.352638 0.619473 0.115004 0.519558
4 0.426628 0.585884 0.123660 0.542517
4 0.059563 0.736395 0.058120 0.263605
4 0.605523 0.539116 0.106348 0.602041
4 0.776587 0.755102 0.083265 0.372449
9 0.135202 0.552296 0.016488 0.019558
4 0.860470 0.750425 0.089448 0.325680
9 0.057502 0.543793 0.009481 0.026361
9 0.055441 0.673469 0.013603 0.017007
9 0.056884 0.687500 0.009893 0.014456
8 0.038747 0.872874 0.007420 0.014456
9 0.131080 0.522109 0.018961 0.023810
9 0.132935 0.538690 0.017725 0.022959
9 0.174979 0.811224 0.016900 0.020408
9 0.179101 0.845238 0.015251 0.018707
9 0.199918 0.479167 0.015664 0.021259
9 0.208986 0.535289 0.016488 0.021259
9 0.224650 0.636905 0.015664 0.020408
9 0.204040 0.651786 0.020610 0.024660
9 0.201360 0.636480 0.019373 0.022959
9 0.213932 0.578656 0.012366 0.016156
9 0.194147 0.587585 0.019786 0.025510
9 0.213932 0.563350 0.014839 0.019558
9 0.211459 0.548895 0.015664 0.019558
9 0.191467 0.570578 0.019373 0.023810
9 0.211665 0.700255 0.017725 0.021259
9 0.190231 0.555272 0.017725 0.022109
9 0.187139 0.539116 0.018961 0.022109
9 0.204040 0.522959 0.010717 0.015306
9 0.205070 0.507228 0.014427 0.019558
9 0.184872 0.523810 0.019373 0.023810
9 0.182811 0.506378 0.020198 0.024660
9 0.203215 0.493197 0.014015 0.018707
9 0.228153 0.667942 0.015251 0.019558
9 0.213932 0.716412 0.020610 0.022959
9 0.149629 0.834184 0.032152 0.030612
9 0.247321 0.796344 0.015664 0.019558
9 0.154988 0.857143 0.026381 0.028912
9 0.170445 0.876276 0.040808 0.046769
9 0.252267 0.892857 0.036274 0.040816
9 0.238664 0.877976 0.020610 0.022959
9 0.233718 0.846088 0.017312 0.020408
9 0.230008 0.830782 0.018961 0.023810
9 0.228359 0.813776 0.017312 0.022109
9 0.245466 0.778061 0.016900 0.022109
9 0.232275 0.698980 0.014427 0.018707
9 0.243199 0.761905 0.015664 0.020408
9 0.223825 0.779337 0.017312 0.019558
9 0.227329 0.797194 0.014427 0.017857
9 0.238252 0.731293 0.015664 0.020408
9 0.220322 0.765306 0.018549 0.022109
9 0.218054 0.749150 0.016488 0.018707
9 0.236191 0.714286 0.015664 0.020408
9 0.329349 0.383929 0.020610 0.022959
9 0.375721 0.353316 0.024320 0.028061
9 0.400041 0.333759 0.023495 0.028061
9 0.746702 0.578231 0.026793 0.025510
9 0.625309 0.282313 0.018137 0.022109
9 0.641591 0.259779 0.012778 0.016156
9 0.639736 0.245748 0.011542 0.015306
9 0.637675 0.232143 0.013190 0.017007
9 0.636645 0.219813 0.011954 0.014456
9 0.618920 0.235544 0.018549 0.022109
9 0.622218 0.250850 0.016076 0.018707
9 0.748145 0.599915 0.027205 0.028061
9 0.648599 0.311650 0.012778 0.016156
9 0.751649 0.619048 0.025969 0.027211
9 0.753916 0.640731 0.022259 0.024660
9 0.754328 0.659439 0.020610 0.019558
9 0.777205 0.653486 0.020198 0.021259
9 0.783800 0.629252 0.013603 0.015306
9 0.780091 0.671769 0.017725 0.022109
9 0.782358 0.688776 0.020610 0.023810
9 0.647156 0.299320 0.009893 0.013605
9 0.650041 0.325255 0.012366 0.016156
9 0.784213 0.705782 0.016900 0.018707
9 0.648186 0.454932 0.016900 0.022109
9 0.664056 0.569303 0.015664 0.019558
9 0.680544 0.542092 0.014839 0.017857
9 0.676834 0.512755 0.015664 0.018707
9 0.674155 0.498299 0.014427 0.018707
9 0.670239 0.468537 0.014015 0.018707
9 0.652102 0.486395 0.016488 0.020408
9 0.667148 0.453231 0.012778 0.017007
9 0.664468 0.423895 0.014015 0.017857
9 0.652308 0.338861 0.011129 0.014456
9 0.659728 0.395408 0.012778 0.017007
9 0.658491 0.381378 0.014427 0.017857
9 0.641385 0.406037 0.017312 0.021259
9 0.639118 0.389031 0.019373 0.022959
9 0.637263 0.373724 0.015664 0.019558
9 0.634584 0.358418 0.017725 0.021259
9 0.633553 0.342687 0.018137 0.022109
9 0.758450 0.696003 0.023083 0.024660
9 0.786274 0.725340 0.020198 0.022109
9 0.685697 0.572704 0.015251 0.017857
9 0.844394 0.781463 0.025144 0.027211
9 0.855730 0.871173 0.014839 0.014456
9 0.853875 0.856293 0.020198 0.020408
9 0.882110 0.821429 0.026381 0.027211
9 0.850577 0.836735 0.023495 0.025510
9 0.848722 0.818452 0.023908 0.024660
9 0.879225 0.797194 0.032976 0.034864
9 0.847073 0.800595 0.020610 0.022959
9 0.842333 0.762755 0.021022 0.023810
9 0.885614 0.871599 0.028442 0.028912
9 0.840478 0.745323 0.023908 0.026361
9 0.869951 0.721939 0.028442 0.027211
9 0.838623 0.726616 0.018549 0.022959
9 0.836768 0.709609 0.018961 0.022959
9 0.834707 0.693452 0.019786 0.022959
9 0.862943 0.669218 0.028442 0.028912
9 0.831616 0.677721 0.016900 0.018707
9 0.857791 0.892432 0.022259 0.024660
9 0.889530 0.898384 0.023083 0.024660
9 0.760923 0.735969 0.017312 0.019558
9 0.777617 0.863520 0.021847 0.024660
9 0.764839 0.750425 0.017725 0.019558
9 0.790190 0.761054 0.018961 0.020408
9 0.792251 0.778912 0.018961 0.022109
9 0.766900 0.771259 0.022671 0.023810
9 0.771022 0.806548 0.017725 0.017857
9 0.794724 0.798044 0.018137 0.021259
9 0.775556 0.844813 0.022671 0.024660
9 0.800907 0.850765 0.019786 0.024660
9 0.861500 0.912415 0.026381 0.027211
9 0.802762 0.870323 0.019373 0.021259
9 0.780091 0.881803 0.021847 0.023810
9 0.804617 0.890306 0.018137 0.020408
9 0.780709 0.902636 0.020610 0.021259
9 0.783388 0.920068 0.020198 0.020408
9 0.808326 0.907313 0.017312 0.020408
9 0.801937 0.933248 0.034213 0.033163
9 0.665499 0.584609 0.016076 0.019558
9 0.686727 0.589711 0.014839 0.017857
9 0.403751 0.354167 0.020198 0.026361
9 0.556059 0.302721 0.007420 0.025510
9 0.468879 0.775510 0.021847 0.025510
9 0.445589 0.815476 0.023083 0.027211
9 0.448887 0.836735 0.017312 0.022109
9 0.476298 0.838861 0.022671 0.024660
9 0.453215 0.859269 0.022671 0.038265
9 0.537304 0.913690 0.024320 0.029762
9 0.551731 0.267857 0.008656 0.027211
9 0.569868 0.263180 0.024320 0.026361
9 0.431162 0.722364 0.016488 0.021259
9 0.575227 0.303997 0.023495 0.026361
9 0.563891 0.358844 0.008244 0.028912
9 0.578318 0.325255 0.021434 0.026361
9 0.581204 0.344813 0.022259 0.024660
9 0.583059 0.365221 0.022671 0.026361
9 0.585738 0.385204 0.020610 0.023810
9 0.589242 0.404762 0.024320 0.025510
9 0.460635 0.738520 0.021022 0.026361
9 0.454246 0.698554 0.021434 0.028061
9 0.595012 0.448129 0.024320 0.027211
9 0.396950 0.495748 0.023083 0.027211
9 0.378813 0.371599 0.023908 0.027211
9 0.406224 0.372024 0.025144 0.028061
9 0.384378 0.405612 0.024320 0.027211
9 0.413232 0.414966 0.021847 0.027211
9 0.416117 0.434949 0.023495 0.029762
9 0.389736 0.440901 0.022671 0.026361
9 0.394683 0.477466 0.021022 0.024660
9 0.400453 0.512755 0.021847 0.025510
9 0.450948 0.658163 0.021434 0.023810
9 0.422918 0.475765 0.023083 0.028061
9 0.426010 0.493622 0.023495 0.028061
9 0.407461 0.565476 0.021847 0.027211
9 0.434460 0.555697 0.020610 0.024660
9 0.440437 0.595663 0.024320 0.029762
9 0.443322 0.616071 0.023495 0.028061
9 0.422300 0.652636 0.021022 0.024660
9 0.593364 0.425170 0.023495 0.025510
9 0.578112 0.468963 0.008656 0.031463
9 0.669621 0.620323 0.016076 0.019558
9 0.686521 0.737245 0.017725 0.022109
9 0.724237 0.784864 0.014839 0.054422
9 0.700536 0.790816 0.028442 0.030612
9 0.708986 0.755527 0.013190 0.016156
9 0.689613 0.769133 0.017312 0.019558
9 0.686933 0.754677 0.017725 0.021259
9 0.706307 0.745323 0.012778 0.016156
9 0.704864 0.727466 0.015664 0.017857
9 0.683430 0.721514 0.015664 0.019558
9 0.706925 0.840561 0.029678 0.034864
9 0.681987 0.701956 0.019373 0.022959
9 0.696208 0.665391 0.014839 0.017857
9 0.694971 0.649660 0.013190 0.017007
9 0.676010 0.669643 0.017312 0.021259
9 0.673537 0.651361 0.014839 0.017007
9 0.690849 0.619048 0.015664 0.018707
9 0.672094 0.636480 0.016900 0.021259
9 0.730214 0.838010 0.013603 0.048469
9 0.711047 0.863095 0.029678 0.030612
9 0.596867 0.468112 0.024732 0.028061
9 0.619744 0.631803 0.023495 0.027211
9 0.603669 0.509779 0.022671 0.028061
9 0.605936 0.529337 0.021434 0.028061
9 0.609233 0.548895 0.023908 0.026361
9 0.591921 0.574830 0.016488 0.066327
9 0.610882 0.568452 0.023083 0.024660
9 0.613768 0.590136 0.023908 0.025510
9 0.616653 0.609269 0.023083 0.028061
9 0.622012 0.650510 0.023083 0.027211
9 0.715993 0.886480 0.033800 0.033163
9 0.627576 0.692177 0.025144 0.027211
9 0.630256 0.713010 0.019786 0.022959
9 0.637057 0.752976 0.020198 0.024660
9 0.610470 0.723214 0.014015 0.039966
9 0.643034 0.814201 0.023908 0.028061
9 0.644064 0.837160 0.025144 0.029762
9 0.622836 0.817177 0.014839 0.042517
8 0.129019 0.336310 0.023908 0.051871
