10 0.882028 0.817952 0.027650 0.033886
10 0.283410 0.496395 0.032258 0.022350
10 0.873272 0.899063 0.023041 0.028839
10 0.592166 0.809301 0.034101 0.020908
10 0.581106 0.796683 0.030415 0.020187
10 0.565899 0.786229 0.033180 0.023792
10 0.554839 0.774333 0.035023 0.021629
10 0.545161 0.762797 0.030415 0.021629
10 0.534562 0.751983 0.031336 0.023071
10 0.503687 0.721341 0.030415 0.022350
10 0.480645 0.699351 0.032258 0.024513
10 0.470507 0.689978 0.030415 0.023071
10 0.460829 0.680245 0.035023 0.022350
10 0.447465 0.668349 0.034101 0.023071
10 0.427189 0.644557 0.035945 0.025955
10 0.268664 0.487022 0.034101 0.023792
10 0.530415 0.060923 0.037788 0.022350
10 0.237327 0.469358 0.028571 0.025955
10 0.221198 0.460707 0.027650 0.027397
10 0.105991 0.378515 0.036866 0.023071
10 0.176037 0.269286 0.031336 0.020908
10 0.121198 0.270368 0.035945 0.028839
13 0.595392 0.591204 0.211982 0.164384
14 0.430876 0.841024 0.163134 0.137707
14 0.228571 0.647441 0.162212 0.138428
14 0.534562 0.262076 0.154839 0.140591
14 0.443318 0.214852 0.152995 0.139870
14 0.393088 0.366258 0.179724 0.121125
14 0.335945 0.433670 0.179724 0.121846
14 0.161290 0.151045 0.154839 0.140591
10 0.907373 0.889690 0.024885 0.028839
10 0.393548 0.138789 0.036866 0.025234
10 0.827189 0.829128 0.023041 0.031723
10 0.139171 0.309661 0.036866 0.028118
10 0.845161 0.825883 0.022120 0.032444
10 0.980645 0.873468 0.027650 0.028118
10 0.491705 0.710526 0.034101 0.025234
10 0.340092 0.556236 0.042396 0.032444
10 0.305991 0.521990 0.038710 0.028839
10 0.292166 0.509012 0.036866 0.027397
10 0.252074 0.477650 0.034101 0.029560
10 0.132719 0.532084 0.018433 0.027397
10 0.111521 0.533886 0.018433 0.029560
10 0.121198 0.407354 0.043318 0.025955
10 0.111982 0.392934 0.043318 0.027397
10 0.054378 0.306417 0.044240 0.025955
10 0.152995 0.297404 0.042396 0.028118
10 0.162212 0.282624 0.036866 0.024513
10 0.403687 0.126893 0.036866 0.024513
10 0.252074 0.313627 0.035945 0.025955
10 0.260829 0.298846 0.033180 0.022350
10 0.303226 0.248738 0.035023 0.023071
10 0.233641 0.196107 0.037788 0.024513
10 0.346544 0.198270 0.040553 0.025955
10 0.090783 0.371305 0.035945 0.023071
10 0.197696 0.372747 0.035945 0.023071
10 0.207834 0.361572 0.041475 0.028118
10 0.229493 0.335977 0.035023 0.025955
10 0.273272 0.148882 0.034101 0.022350
10 0.223041 0.209084 0.036866 0.025955
10 0.193548 0.245494 0.035023 0.025234
10 0.279724 0.273973 0.035945 0.024513
4 0.865899 0.058399 0.111521 0.049027
