9 0.640415 0.565739 0.009822 0.003351
9 0.382321 0.605697 0.014551 0.004383
9 0.383048 0.586105 0.013823 0.003867
9 0.400873 0.593323 0.016733 0.004383
9 0.382139 0.590358 0.013459 0.004125
9 0.401055 0.598995 0.017097 0.004383
9 0.382321 0.595643 0.013823 0.004383
9 0.400327 0.609049 0.016370 0.004383
9 0.382321 0.600155 0.013823 0.004125
9 0.400327 0.613947 0.016370 0.004898
9 0.383048 0.580691 0.013823 0.003867
9 0.381957 0.610338 0.013096 0.004383
9 0.399054 0.624774 0.017461 0.005414
9 0.380866 0.620134 0.013096 0.003867
9 0.379593 0.625290 0.014187 0.004383
9 0.398690 0.630188 0.016733 0.004383
9 0.399418 0.634957 0.016006 0.004125
9 0.397963 0.640887 0.016733 0.004125
9 0.401964 0.588167 0.016006 0.004383
9 0.401964 0.583269 0.016733 0.004898
9 0.378683 0.644367 0.014551 0.003867
9 0.334121 0.563805 0.012732 0.004125
9 0.348308 0.585589 0.012004 0.003867
9 0.333030 0.584687 0.012004 0.003609
9 0.349400 0.577340 0.012732 0.003867
9 0.333758 0.572312 0.013459 0.004125
9 0.349764 0.572699 0.012004 0.003351
9 0.349945 0.568703 0.011641 0.003609
9 0.350855 0.564450 0.013459 0.004383
9 0.334849 0.567930 0.012004 0.004125
9 0.383594 0.576051 0.013459 0.004383
9 0.402874 0.562129 0.017097 0.004898
9 0.403419 0.567543 0.018916 0.004898
9 0.385413 0.560840 0.012732 0.003867
9 0.383776 0.566383 0.015278 0.004640
9 0.402328 0.577597 0.016006 0.004383
9 0.403056 0.572570 0.017461 0.004640
9 0.384867 0.570895 0.013096 0.004383
9 0.378501 0.639340 0.013459 0.003609
9 0.398145 0.645398 0.017097 0.004383
9 0.214987 0.625935 0.010186 0.003609
9 0.443434 0.762568 0.026919 0.005672
9 0.392506 0.708172 0.016733 0.004640
9 0.375227 0.707657 0.014187 0.003609
9 0.373590 0.712684 0.014551 0.003867
9 0.393234 0.713457 0.015278 0.004383
9 0.384322 0.719000 0.033103 0.007218
9 0.435613 0.720418 0.018552 0.004383
9 0.457439 0.720933 0.020007 0.004898
9 0.449618 0.772622 0.012368 0.003094
9 0.394143 0.703274 0.014915 0.004640
9 0.449072 0.776231 0.012004 0.003094
9 0.447435 0.780614 0.011641 0.003094
9 0.448345 0.784481 0.011277 0.003609
9 0.448345 0.788734 0.012004 0.003351
9 0.432157 0.804589 0.010913 0.003609
9 0.447254 0.821475 0.012004 0.002836
9 0.431975 0.816705 0.012004 0.003609
9 0.375227 0.703403 0.014187 0.003867
9 0.375591 0.698247 0.013459 0.004383
9 0.395417 0.650941 0.014551 0.004125
9 0.377410 0.668858 0.014915 0.003867
9 0.397781 0.656097 0.016370 0.004125
9 0.378138 0.649394 0.015642 0.004125
9 0.378319 0.654937 0.013823 0.004383
9 0.396326 0.666022 0.015642 0.003867
9 0.377774 0.659835 0.013459 0.003867
9 0.377774 0.664346 0.014915 0.004640
9 0.396508 0.671565 0.015278 0.003609
9 0.395417 0.676850 0.016006 0.004898
9 0.375773 0.693349 0.016006 0.004383
9 0.377956 0.674014 0.013096 0.004383
9 0.376319 0.678525 0.014915 0.003609
9 0.394143 0.681490 0.014915 0.004383
9 0.394871 0.687033 0.017097 0.005156
9 0.375955 0.684326 0.014915 0.003867
9 0.375591 0.688708 0.014915 0.003867
9 0.393961 0.692447 0.016733 0.004125
9 0.333030 0.589327 0.012004 0.003609
9 0.348127 0.589972 0.010913 0.003351
9 0.332121 0.597577 0.013096 0.003609
9 0.296835 0.670405 0.011641 0.003351
9 0.283376 0.639727 0.013096 0.003867
9 0.298472 0.644625 0.012732 0.004383
9 0.283558 0.643852 0.012732 0.003351
9 0.282103 0.648234 0.013459 0.003867
9 0.298472 0.648879 0.012732 0.003609
9 0.297563 0.661768 0.012368 0.003609
9 0.281739 0.666280 0.012732 0.003351
9 0.281011 0.669889 0.012732 0.003351
9 0.283740 0.635086 0.013096 0.003351
9 0.296471 0.675432 0.011641 0.003609
9 0.281011 0.678912 0.013459 0.003351
9 0.295926 0.679557 0.011277 0.003609
9 0.296108 0.684326 0.011641 0.003351
9 0.280466 0.683552 0.013096 0.003351
9 0.295380 0.692962 0.012368 0.003609
9 0.279920 0.692318 0.012732 0.003867
9 0.299018 0.640242 0.011641 0.003351
9 0.283558 0.630962 0.013459 0.003351
9 0.349036 0.598092 0.013459 0.003609
9 0.301564 0.609435 0.013096 0.003609
9 0.287195 0.583784 0.013459 0.004383
9 0.303201 0.588296 0.013459 0.003609
9 0.302656 0.592679 0.013096 0.003609
9 0.286286 0.596288 0.012368 0.003609
9 0.285922 0.600284 0.013096 0.003867
9 0.301019 0.605311 0.012004 0.003609
9 0.285377 0.604537 0.013459 0.003609
9 0.285013 0.608662 0.012004 0.003094
9 0.283921 0.626450 0.014187 0.004125
9 0.300655 0.613818 0.012004 0.003609
9 0.284467 0.613431 0.011641 0.003351
9 0.300109 0.618072 0.013823 0.003867
9 0.299745 0.622583 0.012368 0.003609
9 0.285013 0.617556 0.012732 0.003351
9 0.283558 0.622196 0.012004 0.003351
9 0.300109 0.631606 0.013096 0.003609
9 0.279556 0.696571 0.012004 0.003609
9 0.295380 0.702114 0.012368 0.003351
9 0.279192 0.701341 0.012732 0.003867
9 0.330302 0.627610 0.013096 0.003867
9 0.329393 0.645398 0.013459 0.003867
9 0.330120 0.641402 0.012732 0.003094
9 0.346308 0.637407 0.013096 0.003867
9 0.329756 0.636504 0.012732 0.003094
9 0.346126 0.633153 0.012732 0.003094
9 0.329938 0.632251 0.013096 0.004383
9 0.345944 0.628384 0.011641 0.003351
9 0.346853 0.624259 0.012732 0.003867
9 0.279192 0.705079 0.012004 0.003094
9 0.346672 0.619618 0.012368 0.003351
9 0.330848 0.614849 0.012732 0.003609
9 0.347399 0.610724 0.012368 0.003609
9 0.347945 0.606857 0.011277 0.003094
9 0.331939 0.606213 0.013459 0.003867
9 0.348127 0.602475 0.013096 0.004125
9 0.331939 0.601701 0.012732 0.003609
9 0.344671 0.650554 0.013459 0.004383
9 0.328483 0.662929 0.012368 0.003867
9 0.343943 0.663573 0.012732 0.003609
9 0.343398 0.668085 0.012368 0.003867
9 0.294471 0.705594 0.011277 0.003609
9 0.245180 0.714102 0.018188 0.005156
9 0.334667 0.716937 0.024009 0.005672
9 0.324845 0.711524 0.012368 0.003609
9 0.341215 0.707528 0.012368 0.003867
9 0.342124 0.698763 0.012732 0.004383
9 0.326119 0.697989 0.012732 0.003351
9 0.343216 0.689740 0.013459 0.003351
9 0.327210 0.689224 0.012732 0.003867
9 0.342670 0.685744 0.012368 0.003609
9 0.343034 0.680846 0.012368 0.003609
9 0.327574 0.680588 0.012004 0.003609
9 0.343034 0.676979 0.012368 0.003609
9 0.328301 0.676592 0.011277 0.003351
9 0.343943 0.672596 0.013459 0.004125
9 0.431430 0.820830 0.010913 0.003609
9 0.446162 0.829466 0.012004 0.002836
9 0.445980 0.833720 0.011641 0.003609
9 0.963077 0.844676 0.014915 0.004383
9 0.904147 0.841712 0.014915 0.003609
9 0.886504 0.841067 0.013096 0.003351
9 0.887050 0.835654 0.012732 0.003867
9 0.903965 0.836169 0.013096 0.003867
9 0.953438 0.830369 0.032012 0.006703
9 0.963805 0.837974 0.014915 0.004383
9 0.943252 0.837329 0.015278 0.004125
9 0.942343 0.843903 0.015642 0.004383
9 0.903783 0.846739 0.015642 0.004383
9 0.961622 0.850348 0.015642 0.004383
9 0.941979 0.849446 0.015642 0.004125
9 0.962168 0.856793 0.016733 0.004383
9 0.941251 0.856277 0.017097 0.003867
9 0.961259 0.862593 0.015642 0.004125
9 0.940888 0.861691 0.017097 0.003351
9 0.960713 0.868652 0.016006 0.004383
9 0.886322 0.845965 0.012732 0.003867
9 0.885959 0.851637 0.012732 0.003351
9 0.882866 0.907966 0.011641 0.003609
9 0.902146 0.882831 0.014551 0.003351
9 0.901237 0.903841 0.015642 0.004125
9 0.882866 0.903197 0.013096 0.003351
9 0.900691 0.898299 0.013096 0.003867
9 0.883412 0.897654 0.012004 0.003609
9 0.901419 0.888115 0.013823 0.004125
9 0.883594 0.887471 0.013823 0.003867
9 0.883412 0.893143 0.011277 0.003351
9 0.883776 0.882573 0.013459 0.003351
9 0.902874 0.851766 0.013096 0.004125
9 0.901782 0.877546 0.013823 0.003609
9 0.902328 0.872390 0.015642 0.004125
9 0.901964 0.867363 0.013459 0.003867
9 0.885413 0.862078 0.012368 0.003609
9 0.903238 0.862336 0.014551 0.003094
9 0.903601 0.856922 0.014551 0.004125
9 0.886140 0.856277 0.013096 0.003867
9 0.941251 0.868781 0.014915 0.004125
9 0.961804 0.874452 0.013096 0.003094
9 0.961441 0.881413 0.013823 0.003609
9 0.938341 0.917633 0.014915 0.003867
9 0.936704 0.960041 0.016006 0.004640
9 0.936340 0.954241 0.016733 0.004383
9 0.935795 0.947925 0.015642 0.004640
9 0.937432 0.941866 0.016006 0.004898
9 0.937250 0.935550 0.016370 0.004640
9 0.937432 0.929621 0.014551 0.004640
9 0.938523 0.923305 0.016733 0.004383
9 0.078938 0.137278 0.007275 0.012117
9 0.939433 0.880897 0.017097 0.003609
9 0.217170 0.590745 0.011641 0.003351
9 0.218079 0.582753 0.012004 0.003351
9 0.216806 0.594096 0.010186 0.002836
9 0.217534 0.598608 0.010186 0.003094
9 0.216806 0.602346 0.010186 0.003351
9 0.203165 0.604795 0.009094 0.003094
9 0.203347 0.611111 0.008003 0.002836
9 0.936522 0.966357 0.015642 0.004383
9 0.956530 0.967904 0.016370 0.004383
9 0.956712 0.960686 0.018188 0.005414
9 0.958348 0.954370 0.016370 0.004640
9 0.961077 0.886955 0.014551 0.003867
9 0.940706 0.886569 0.015278 0.004125
9 0.958894 0.893400 0.015278 0.004383
9 0.939796 0.892885 0.016370 0.004383
9 0.959258 0.898943 0.016733 0.004125
9 0.939978 0.898685 0.016006 0.004125
9 0.961986 0.905646 0.015642 0.004125
9 0.939614 0.905001 0.015278 0.004383
9 0.939069 0.910802 0.015642 0.003609
9 0.959622 0.917376 0.018188 0.004898
9 0.958712 0.923692 0.017825 0.005156
9 0.959622 0.929750 0.018916 0.005414
9 0.959440 0.936066 0.018552 0.004125
9 0.958348 0.942124 0.017825 0.004898
9 0.957621 0.948698 0.017825 0.005156
9 0.899964 0.908610 0.013823 0.003867
9 0.900146 0.914282 0.014915 0.003867
9 0.445071 0.837587 0.011277 0.003094
9 0.439978 0.952178 0.011277 0.002836
9 0.441797 0.924852 0.012004 0.003351
9 0.441433 0.928719 0.012004 0.003351
9 0.441069 0.932586 0.011277 0.002836
9 0.440342 0.936710 0.011277 0.003867
9 0.440524 0.940577 0.012368 0.003351
9 0.441251 0.944444 0.010186 0.003351
9 0.440342 0.948440 0.011277 0.003094
9 0.440342 0.957205 0.012004 0.003609
9 0.425973 0.916731 0.011641 0.003094
9 0.489814 0.950503 0.015642 0.004125
9 0.511641 0.950632 0.014187 0.003351
9 0.511095 0.955272 0.016006 0.003867
9 0.510731 0.961072 0.020371 0.005156
9 0.487632 0.955659 0.017825 0.004640
9 0.486904 0.961717 0.019280 0.005414
9 0.485085 0.967260 0.025100 0.005156
9 0.442161 0.921114 0.012732 0.003609
9 0.441251 0.916860 0.011641 0.003351
9 0.882503 0.918536 0.012368 0.003609
9 0.443798 0.885538 0.011641 0.003609
9 0.445798 0.841712 0.012004 0.003609
9 0.445253 0.845837 0.011641 0.003609
9 0.445071 0.857953 0.011277 0.003609
9 0.444343 0.862078 0.012004 0.003094
9 0.443798 0.866074 0.010186 0.003351
9 0.443980 0.870070 0.010549 0.003094
9 0.443980 0.877675 0.012004 0.003351
9 0.428701 0.889662 0.012004 0.003094
9 0.442525 0.913251 0.011277 0.003351
9 0.444343 0.893529 0.011277 0.003094
9 0.443252 0.889533 0.012004 0.003351
9 0.443980 0.897267 0.010549 0.002836
9 0.427974 0.897010 0.010549 0.003351
9 0.442706 0.901392 0.011641 0.002836
9 0.442161 0.905388 0.011277 0.003094
9 0.441797 0.909126 0.011277 0.003351
9 0.485449 0.973833 0.020735 0.005414
9 0.508003 0.976025 0.016370 0.004125
9 0.560749 0.951663 0.016370 0.004898
9 0.897963 0.950116 0.014187 0.003351
9 0.830120 0.966100 0.013096 0.003867
9 0.847945 0.967904 0.013823 0.003351
9 0.897235 0.965971 0.014187 0.003609
9 0.879229 0.965971 0.013823 0.004125
9 0.897053 0.960557 0.013096 0.004640
9 0.880320 0.959783 0.011641 0.003609
9 0.897053 0.955143 0.013823 0.003609
9 0.898509 0.944960 0.013823 0.003867
9 0.583667 0.952694 0.020735 0.005414
9 0.880684 0.944573 0.013823 0.004125
9 0.898872 0.939933 0.013823 0.003609
9 0.898690 0.935035 0.014187 0.003609
9 0.898872 0.929621 0.013823 0.003609
9 0.881593 0.928590 0.012732 0.003609
9 0.899600 0.924336 0.014551 0.003867
9 0.900146 0.919051 0.014187 0.004125
9 0.801019 0.965713 0.013096 0.003094
9 0.782466 0.966357 0.012368 0.003351
9 0.750637 0.965197 0.013459 0.003609
9 0.732630 0.963779 0.014551 0.003867
9 0.582939 0.957463 0.017825 0.004125
9 0.583121 0.962748 0.018188 0.004898
9 0.560931 0.962233 0.016733 0.003867
9 0.560749 0.966744 0.017825 0.004640
9 0.581848 0.973318 0.019280 0.004898
9 0.558749 0.977314 0.018916 0.005672
9 0.628592 0.966873 0.013096 0.003351
9 0.622408 0.961459 0.015278 0.005414
9 0.642779 0.961072 0.015278 0.004125
9 0.643507 0.954627 0.017461 0.004125
9 0.622954 0.953854 0.014915 0.004640
9 0.653328 0.968291 0.019644 0.005156
9 0.678247 0.969193 0.020007 0.004898
9 0.679520 0.961975 0.014551 0.004383
9 0.698618 0.963006 0.014187 0.003867
9 0.303019 0.584042 0.013096 0.003351
9 0.287923 0.574890 0.013459 0.003609
9 0.303747 0.575406 0.013096 0.003609
9 0.460713 0.098866 0.022190 0.005414
9 0.303019 0.161511 0.021099 0.005414
9 0.304474 0.171436 0.027646 0.006703
9 0.273918 0.170663 0.023281 0.006187
9 0.273372 0.178010 0.024372 0.006961
9 0.304111 0.188322 0.026191 0.006445
9 0.268461 0.187419 0.022554 0.005672
9 0.281375 0.197216 0.051291 0.009281
9 0.487086 0.100412 0.019644 0.006445
9 0.269734 0.144238 0.033103 0.006961
9 0.483085 0.107502 0.018188 0.005156
9 0.485085 0.114334 0.020735 0.004898
9 0.459076 0.113173 0.019644 0.006187
9 0.458712 0.120263 0.021826 0.005414
9 0.483449 0.128126 0.018188 0.005156
9 0.483449 0.135731 0.019644 0.005414
9 0.457439 0.134313 0.024372 0.005672
9 0.269189 0.153132 0.032012 0.006703
9 0.305929 0.145012 0.026919 0.006445
9 0.200982 0.129544 0.024372 0.006445
9 0.167515 0.119618 0.033103 0.009796
9 0.197890 0.178139 0.022554 0.005156
9 0.167697 0.188451 0.035649 0.006703
9 0.163332 0.177108 0.029101 0.007218
9 0.161331 0.167569 0.031648 0.008250
9 0.164969 0.147976 0.030193 0.007218
9 0.166424 0.140629 0.026555 0.005414
9 0.166788 0.130317 0.026555 0.007476
9 0.166424 0.110467 0.032375 0.009539
9 0.275009 0.136375 0.028374 0.006187
9 0.168607 0.099768 0.030193 0.008765
9 0.278829 0.092936 0.019280 0.004383
9 0.280648 0.097190 0.018552 0.005156
9 0.283740 0.101186 0.014551 0.004383
9 0.267370 0.100799 0.017461 0.004640
9 0.274827 0.119490 0.024372 0.005929
9 0.306293 0.120779 0.022554 0.005929
9 0.456348 0.141402 0.020735 0.006445
9 0.481993 0.142176 0.018188 0.005414
9 0.458530 0.148879 0.019280 0.004383
9 0.554565 0.160480 0.016370 0.004383
9 0.535831 0.127095 0.016733 0.004640
9 0.557294 0.127739 0.018188 0.004898
9 0.557112 0.140758 0.017825 0.005156
9 0.534922 0.133540 0.017825 0.005672
9 0.533285 0.139598 0.016006 0.004898
9 0.556202 0.147461 0.018916 0.005156
9 0.554747 0.153648 0.017461 0.004640
9 0.554020 0.165893 0.014551 0.003867
9 0.457257 0.155324 0.020371 0.005929
9 0.554383 0.173498 0.016006 0.004125
9 0.554747 0.179428 0.018188 0.004640
9 0.553292 0.185744 0.016733 0.004898
9 0.553292 0.192189 0.018916 0.005414
9 0.552019 0.199149 0.016370 0.004383
9 0.540742 0.207012 0.039651 0.007734
9 0.531648 0.197989 0.019280 0.005672
9 0.535467 0.121552 0.016006 0.004383
9 0.557839 0.121939 0.017825 0.004640
9 0.557839 0.115107 0.017097 0.004898
9 0.535467 0.108018 0.020371 0.005156
9 0.481448 0.155968 0.017097 0.004125
9 0.479629 0.163702 0.017097 0.005156
9 0.456893 0.162671 0.019644 0.005672
9 0.455620 0.169374 0.020735 0.005156
9 0.480175 0.177881 0.018188 0.005156
9 0.455075 0.176979 0.021826 0.005414
9 0.455256 0.183295 0.019280 0.005156
9 0.478720 0.191802 0.016733 0.005156
9 0.453983 0.191029 0.019644 0.005672
9 0.479447 0.199794 0.021099 0.006187
9 0.454347 0.199149 0.018916 0.004898
9 0.455075 0.206625 0.016006 0.004383
9 0.535286 0.101315 0.020007 0.005672
9 0.558385 0.101959 0.016733 0.004898
9 0.558749 0.108791 0.016733 0.004640
9 0.196981 0.151714 0.022917 0.006445
9 0.201892 0.111498 0.028374 0.006961
9 0.531648 0.185357 0.018552 0.005156
4 0.893052 0.899330 0.037832 0.134829
4 0.206802 0.855246 0.042561 0.192575
4 0.258640 0.856277 0.040015 0.192060
4 0.304111 0.857437 0.040742 0.193349
4 0.349400 0.858469 0.040378 0.192833
4 0.395053 0.860144 0.036377 0.193091
4 0.437068 0.860144 0.037468 0.192060
4 0.502910 0.875612 0.061477 0.203919
4 0.948891 0.901005 0.044744 0.137149
4 0.087304 0.851508 0.056748 0.192318
4 0.764460 0.735886 0.156784 0.007476
4 0.840306 0.759474 0.012368 0.039701
4 0.712259 0.777133 0.229902 0.025522
9 0.306657 0.128126 0.025464 0.005156
9 0.197708 0.139340 0.029465 0.006445
9 0.196435 0.158804 0.023281 0.005156
9 0.198981 0.188580 0.022554 0.005414
4 0.151692 0.853313 0.047290 0.192318
4 0.389414 0.636633 0.041106 0.161124
9 0.203347 0.100541 0.026191 0.005672
4 0.552201 0.257154 0.101855 0.012117
4 0.289014 0.142305 0.067297 0.104151
4 0.385777 0.147590 0.057112 0.108018
4 0.254820 0.238077 0.398327 0.033772
4 0.468716 0.150941 0.053474 0.109049
4 0.544380 0.151199 0.049109 0.106471
4 0.603310 0.150812 0.030193 0.099510
4 0.639687 0.155581 0.012732 0.091003
4 0.564569 0.243619 0.079302 0.010828
4 0.338123 0.636375 0.038923 0.157515
4 0.054929 0.629028 0.047290 0.145398
4 0.109131 0.643594 0.017461 0.065223
4 0.161877 0.651714 0.051655 0.105182
4 0.153692 0.568703 0.042561 0.017015
4 0.208621 0.631606 0.034558 0.160351
4 0.246817 0.633540 0.034558 0.159062
4 0.292652 0.635473 0.038196 0.156741
9 0.302474 0.178912 0.025828 0.006187
9 0.272099 0.160866 0.026919 0.005672
9 0.306657 0.108791 0.026191 0.006187
9 0.398872 0.157128 0.020735 0.005929
9 0.371044 0.164346 0.023281 0.005414
9 0.371044 0.171178 0.022554 0.005156
9 0.370680 0.179557 0.022554 0.005929
9 0.370862 0.186517 0.023645 0.005929
9 0.369771 0.194509 0.021462 0.005414
9 0.398145 0.195669 0.020007 0.006187
9 0.400327 0.165764 0.022917 0.005672
9 0.399236 0.142305 0.018552 0.005672
9 0.200618 0.120005 0.030193 0.005929
9 0.401237 0.126966 0.019644 0.005414
9 0.406330 0.097190 0.021826 0.005156
9 0.476901 0.207657 0.021099 0.005929
9 0.117134 0.079918 0.013096 0.005156
9 0.180429 0.081980 0.013096 0.004640
9 0.168607 0.089585 0.022917 0.005929
9 0.202801 0.091261 0.027283 0.006703
9 0.372135 0.149394 0.021099 0.005414
9 0.373227 0.141274 0.024736 0.006187
9 0.372863 0.134442 0.024736 0.005414
9 0.374864 0.119232 0.022190 0.005414
9 0.397417 0.180588 0.020007 0.004898
9 0.401601 0.135473 0.020371 0.004898
9 0.401237 0.120263 0.022554 0.004898
9 0.401782 0.112013 0.021462 0.004898
9 0.402874 0.104924 0.022190 0.005672
9 0.480175 0.170147 0.020371 0.004125
9 0.481993 0.149781 0.018916 0.004640
9 0.483085 0.121294 0.018916 0.004898
9 0.478174 0.184455 0.018552 0.004898
9 0.456712 0.127095 0.020735 0.005156
9 0.309931 0.094354 0.023281 0.005156
9 0.307385 0.101701 0.020371 0.005414
9 0.377956 0.096030 0.019644 0.004383
9 0.374682 0.104151 0.021826 0.006187
9 0.372317 0.111240 0.021462 0.005929
9 0.529647 0.191415 0.020371 0.005414
9 0.530557 0.172467 0.020735 0.004640
9 0.305020 0.571668 0.012004 0.002836
9 0.148418 0.568188 0.005820 0.011343
9 0.240997 0.630704 0.011277 0.003351
9 0.240087 0.642176 0.010186 0.003094
9 0.239724 0.646172 0.010913 0.003351
9 0.173881 0.569606 0.004365 0.009023
9 0.184976 0.565223 0.009094 0.002836
9 0.161695 0.567930 0.004729 0.008765
9 0.154602 0.568317 0.004365 0.009023
9 0.140960 0.568574 0.006184 0.011085
9 0.242816 0.607244 0.009822 0.003351
9 0.154238 0.599123 0.016006 0.009281
9 0.167515 0.603506 0.014915 0.004125
9 0.166970 0.612916 0.013823 0.003867
9 0.167334 0.617556 0.013096 0.003867
9 0.166788 0.622325 0.013459 0.004125
9 0.165697 0.626966 0.014187 0.003609
9 0.165333 0.631864 0.013459 0.004125
9 0.241724 0.618845 0.009822 0.003351
9 0.242997 0.602862 0.008730 0.002836
9 0.170426 0.706368 0.017825 0.004640
9 0.251728 0.681619 0.009458 0.003094
9 0.220080 0.234081 0.008730 0.017530
9 0.255911 0.599768 0.009822 0.002836
9 0.255911 0.603635 0.011277 0.002836
9 0.257548 0.584171 0.010186 0.003094
9 0.255547 0.623228 0.011277 0.002836
9 0.254638 0.634957 0.011641 0.003094
9 0.254456 0.650683 0.010549 0.002578
9 0.251000 0.693735 0.010913 0.002578
9 0.242997 0.599123 0.010913 0.003609
9 0.527465 0.510054 0.018188 0.004898
9 0.258276 0.579918 0.010913 0.003351
9 0.258458 0.576179 0.010549 0.003094
9 0.244271 0.579531 0.009822 0.003094
9 0.244089 0.583398 0.010186 0.003094
9 0.243543 0.587394 0.009822 0.002836
9 0.242816 0.591261 0.009822 0.003351
9 0.164423 0.636375 0.015278 0.004383
9 0.163878 0.641531 0.014915 0.003351
9 0.166242 0.645656 0.011641 0.003351
9 0.199345 0.687419 0.006548 0.012632
9 0.050746 0.669116 0.018552 0.005929
9 0.049654 0.679814 0.015642 0.004640
9 0.051473 0.675303 0.021462 0.006961
9 0.048745 0.690642 0.018188 0.006187
9 0.209531 0.708172 0.010913 0.003094
9 0.209713 0.700309 0.010549 0.003867
9 0.210986 0.692447 0.010913 0.003094
9 0.200800 0.673498 0.006548 0.012117
9 0.164423 0.650812 0.011641 0.003351
9 0.213350 0.664862 0.010549 0.003609
9 0.201528 0.659964 0.007275 0.012890
9 0.213168 0.653519 0.010913 0.003094
9 0.219352 0.563032 0.012368 0.003094
9 0.287559 0.557876 0.012732 0.003609
9 0.305020 0.566899 0.013459 0.003609
9 0.287923 0.570766 0.012732 0.003609
9 0.053838 0.659191 0.021099 0.005672
9 0.052746 0.653648 0.018188 0.005414
9 0.054383 0.648105 0.017825 0.005156
9 0.055293 0.642305 0.017461 0.004898
9 0.179520 0.644625 0.009822 0.003351
9 0.180065 0.637664 0.010186 0.002836
9 0.180611 0.623872 0.009094 0.002578
9 0.181521 0.620263 0.008730 0.002578
9 0.131502 0.607760 0.016370 0.009023
9 0.042925 0.590101 0.013823 0.019077
9 0.056930 0.582882 0.005457 0.009281
9 0.058203 0.573601 0.004365 0.007734
9 0.060749 0.562774 0.006548 0.010828
9 0.027283 0.580175 0.005093 0.007476
9 0.060204 0.604537 0.017097 0.005156
9 0.059112 0.615623 0.014187 0.005156
9 0.057112 0.620392 0.016733 0.005414
9 0.057475 0.625419 0.018916 0.005672
9 0.056202 0.635989 0.016370 0.004640
9 0.199345 0.703274 0.005093 0.010312
9 0.145144 0.706368 0.024736 0.006187
9 0.532557 0.165507 0.018916 0.005156
9 0.598218 0.176850 0.017097 0.004640
9 0.634413 0.174787 0.003638 0.008765
9 0.614951 0.177365 0.004729 0.008250
9 0.613860 0.190642 0.006184 0.011085
9 0.598218 0.196185 0.015642 0.004640
9 0.598036 0.202758 0.018916 0.005414
9 0.597854 0.189482 0.016370 0.005672
9 0.597672 0.183681 0.019644 0.004898
9 0.599127 0.171307 0.017461 0.004898
9 0.616042 0.155066 0.004729 0.008507
9 0.599127 0.164604 0.015278 0.004898
9 0.599127 0.158933 0.016733 0.004898
9 0.599127 0.152230 0.014551 0.003867
4 0.114405 0.029389 0.017825 0.042279
9 0.093670 0.753545 0.025828 0.006187
9 0.083667 0.760247 0.019644 0.005156
9 0.106402 0.759732 0.017097 0.004125
9 0.615497 0.164218 0.004365 0.007218
9 0.635322 0.158546 0.004729 0.008250
9 0.155875 0.697989 0.022917 0.005414
9 0.637141 0.126966 0.004729 0.007476
9 0.532739 0.159319 0.019280 0.005156
9 0.533103 0.152746 0.019280 0.004898
9 0.534012 0.146558 0.018916 0.005414
9 0.603310 0.103635 0.017097 0.005156
9 0.625864 0.101057 0.011277 0.004125
9 0.619498 0.107115 0.005093 0.009023
9 0.637868 0.117427 0.004729 0.009023
9 0.602947 0.110338 0.015642 0.004640
9 0.636049 0.149523 0.004001 0.007218
9 0.601673 0.115751 0.019644 0.007218
9 0.600946 0.127739 0.018188 0.004383
9 0.601128 0.122325 0.017825 0.004898
9 0.600764 0.134700 0.017825 0.004898
9 0.601491 0.139985 0.014187 0.004125
9 0.600036 0.146429 0.019280 0.005672
9 0.636413 0.142176 0.004001 0.006445
9 0.106039 0.765532 0.017825 0.004898
9 0.083121 0.768368 0.017097 0.004383
9 0.082575 0.774169 0.019644 0.005156
9 0.175518 0.680459 0.006184 0.012632
9 0.077846 0.894432 0.018916 0.003867
9 0.078028 0.900748 0.016370 0.004640
9 0.078210 0.906032 0.017461 0.004898
9 0.077483 0.911962 0.018188 0.005414
9 0.071117 0.564450 0.009094 0.018304
9 0.133867 0.569219 0.006548 0.012374
9 0.176064 0.667311 0.005820 0.012117
9 0.162241 0.683166 0.013823 0.004125
9 0.105857 0.771075 0.016733 0.005156
9 0.162423 0.678912 0.016370 0.003867
9 0.162605 0.673885 0.013823 0.003609
9 0.163514 0.669245 0.016370 0.005672
9 0.163150 0.659706 0.014915 0.004125
9 0.162423 0.654808 0.014187 0.003609
9 0.176610 0.653648 0.005457 0.011601
9 0.161150 0.692833 0.013823 0.003351
9 0.078028 0.889147 0.018552 0.005156
9 0.079302 0.883217 0.017461 0.004640
9 0.078574 0.877932 0.019644 0.005414
9 0.080575 0.872519 0.016370 0.005414
9 0.105493 0.776618 0.016733 0.004383
9 0.106584 0.781774 0.019644 0.005929
9 0.082939 0.781903 0.020371 0.005672
9 0.082939 0.788090 0.020371 0.005156
9 0.106402 0.787445 0.019280 0.004898
9 0.081666 0.795824 0.021462 0.005672
9 0.081120 0.802140 0.021099 0.004898
9 0.080393 0.810003 0.021826 0.005672
9 0.080757 0.816190 0.018916 0.005156
9 0.081120 0.824439 0.018916 0.005156
9 0.079665 0.837974 0.020371 0.005414
9 0.077846 0.844676 0.019644 0.005414
9 0.077301 0.858598 0.018552 0.004898
9 0.026919 0.875999 0.007275 0.012374
9 0.076028 0.866203 0.022554 0.005156
9 0.216079 0.618072 0.010913 0.003351
9 0.202437 0.623485 0.008367 0.003351
9 0.696617 0.737303 0.015278 0.004125
9 0.403783 0.816061 0.011641 0.002836
9 0.401964 0.856664 0.011641 0.003094
9 0.388141 0.844290 0.010913 0.003094
9 0.403238 0.836427 0.012004 0.003351
9 0.388505 0.836040 0.010913 0.003609
9 0.389232 0.827920 0.011641 0.003351
9 0.403601 0.824310 0.012004 0.002836
9 0.388687 0.823537 0.010549 0.002836
9 0.405056 0.812194 0.011277 0.002836
9 0.387595 0.860660 0.011277 0.003351
9 0.405420 0.799948 0.012004 0.003094
9 0.389960 0.799304 0.012368 0.003351
9 0.404874 0.795566 0.010913 0.003094
9 0.390324 0.795308 0.012368 0.003094
9 0.405602 0.787832 0.011641 0.003094
9 0.390506 0.790925 0.010549 0.003094
9 0.391415 0.787316 0.011641 0.003094
9 0.402510 0.860918 0.009094 0.003351
9 0.387414 0.864398 0.011641 0.003094
9 0.391051 0.779067 0.010186 0.003609
9 0.399236 0.900232 0.009822 0.003609
9 0.398872 0.923949 0.010549 0.003094
9 0.383594 0.923176 0.012004 0.003609
9 0.398872 0.915958 0.011277 0.003094
9 0.384685 0.915442 0.011277 0.003094
9 0.383776 0.911575 0.010186 0.003094
9 0.401419 0.904099 0.007639 0.003094
9 0.385049 0.903712 0.010549 0.003351
9 0.385777 0.895978 0.011277 0.003351
9 0.401055 0.864785 0.011277 0.002836
9 0.400509 0.884635 0.011641 0.003351
9 0.386322 0.884249 0.010186 0.003094
9 0.401419 0.876772 0.012732 0.003094
9 0.401237 0.872648 0.010186 0.003094
9 0.387050 0.872519 0.011641 0.003351
9 0.387050 0.868523 0.010913 0.003094
9 0.401055 0.868781 0.009822 0.003609
9 0.406693 0.779840 0.011641 0.003094
9 0.406330 0.771333 0.011641 0.003094
9 0.201710 0.630059 0.008367 0.003094
9 0.383230 0.452178 0.015642 0.003609
9 0.423609 0.491493 0.013459 0.003867
9 0.423790 0.486466 0.013823 0.004125
9 0.421972 0.481181 0.013096 0.003351
9 0.423063 0.475251 0.012368 0.003867
9 0.426337 0.464682 0.012368 0.003351
9 0.424700 0.459139 0.013459 0.003609
9 0.382139 0.457979 0.011277 0.003351
9 0.384140 0.446249 0.016006 0.003609
9 0.423245 0.497422 0.018552 0.004383
9 0.383776 0.440706 0.016733 0.003867
9 0.350673 0.440577 0.015278 0.004125
9 0.349218 0.446120 0.021099 0.005929
9 0.347399 0.458881 0.016006 0.005156
9 0.347399 0.464295 0.017461 0.004640
9 0.376682 0.474865 0.017097 0.004125
9 0.353583 0.483114 0.004365 0.008765
9 0.445798 0.488270 0.014187 0.003609
9 0.423427 0.503222 0.018916 0.004640
9 0.406511 0.766950 0.011277 0.003094
9 0.445980 0.825342 0.011641 0.003351
9 0.392143 0.766821 0.010913 0.003351
9 0.434340 0.767724 0.010913 0.003609
9 0.433976 0.780356 0.011641 0.003609
9 0.433794 0.784094 0.011277 0.003351
9 0.432703 0.800335 0.010549 0.002836
9 0.447981 0.796984 0.011277 0.003351
9 0.447435 0.813096 0.012368 0.003094
9 0.431430 0.837329 0.010913 0.003094
9 0.425427 0.509667 0.012732 0.003609
9 0.429611 0.865687 0.010186 0.003094
9 0.427792 0.881284 0.011641 0.003351
9 0.427064 0.924465 0.011641 0.003094
9 0.425973 0.939933 0.012368 0.003609
9 0.424700 0.944316 0.011277 0.003609
9 0.424700 0.955916 0.012004 0.003094
9 0.445435 0.509667 0.011277 0.003094
9 0.383776 0.931168 0.010913 0.003609
9 0.398872 0.927430 0.012004 0.002836
9 0.398327 0.931812 0.011641 0.002836
9 0.361950 0.778680 0.012368 0.003351
9 0.295016 0.887213 0.012368 0.003351
9 0.295380 0.882831 0.012368 0.003351
9 0.295380 0.878964 0.012368 0.003351
9 0.355038 0.760634 0.022554 0.004898
9 0.362132 0.770302 0.012004 0.003094
9 0.346853 0.769915 0.013459 0.003351
9 0.346490 0.778293 0.013459 0.004125
9 0.361404 0.787059 0.012732 0.003094
9 0.294107 0.903197 0.012732 0.003351
9 0.345580 0.795437 0.012368 0.003351
9 0.360495 0.804073 0.012368 0.003609
9 0.345216 0.803815 0.012368 0.003609
9 0.359767 0.816834 0.013823 0.003351
9 0.359222 0.821346 0.012004 0.003609
9 0.343761 0.820830 0.013096 0.003094
9 0.343761 0.824955 0.012368 0.003609
9 0.294107 0.894947 0.014187 0.003351
9 0.293925 0.907321 0.011641 0.003351
9 0.397963 0.939160 0.013096 0.004125
9 0.307203 0.952694 0.012732 0.003351
9 0.308476 0.911962 0.011641 0.002836
9 0.309021 0.919954 0.012732 0.003351
9 0.307203 0.928203 0.012004 0.003351
9 0.308112 0.932457 0.013096 0.003609
9 0.307930 0.936324 0.012732 0.003609
9 0.307203 0.944573 0.013459 0.003609
9 0.307385 0.948827 0.013096 0.003351
9 0.309931 0.958623 0.014551 0.003867
9 0.293379 0.919438 0.012732 0.003867
9 0.292288 0.957979 0.014915 0.003609
9 0.291015 0.953467 0.012368 0.003351
9 0.292106 0.948311 0.012368 0.003867
9 0.291924 0.943800 0.013459 0.003609
9 0.291924 0.939675 0.012732 0.003094
9 0.291742 0.935937 0.011641 0.003351
9 0.292652 0.931683 0.012004 0.003609
9 0.359767 0.833978 0.013096 0.003609
9 0.342852 0.837587 0.012732 0.003609
9 0.358312 0.842098 0.012368 0.003351
9 0.353037 0.953725 0.013459 0.003867
9 0.339032 0.928848 0.012368 0.003609
9 0.353947 0.937484 0.012368 0.003351
9 0.338487 0.932972 0.012732 0.003094
9 0.338305 0.936839 0.013096 0.004125
9 0.353037 0.945476 0.012004 0.003351
9 0.337577 0.945218 0.012368 0.003867
9 0.353219 0.949729 0.012368 0.003094
9 0.337214 0.949343 0.012368 0.003351
9 0.342488 0.850090 0.012732 0.003351
9 0.337032 0.953596 0.013459 0.003094
9 0.382139 0.954885 0.009822 0.003609
9 0.397235 0.954756 0.011641 0.003351
9 0.397053 0.947151 0.011277 0.003094
9 0.383230 0.946894 0.011277 0.003094
9 0.381775 0.950632 0.012004 0.003351
9 0.383594 0.939031 0.011277 0.003351
9 0.338850 0.920856 0.012004 0.003094
9 0.354311 0.921114 0.013096 0.003094
9 0.339214 0.916473 0.012004 0.003094
9 0.339214 0.912735 0.009822 0.003351
9 0.341943 0.854731 0.011641 0.003867
9 0.341761 0.871745 0.012004 0.003351
9 0.356675 0.875999 0.012732 0.003609
9 0.341579 0.875741 0.012368 0.003609
9 0.341579 0.879866 0.011641 0.003094
9 0.356493 0.888244 0.013096 0.003351
9 0.341033 0.887858 0.012732 0.003609
9 0.355766 0.896494 0.011641 0.003351
9 0.340124 0.896107 0.012368 0.003609
9 0.355402 0.900748 0.012368 0.003609
9 0.339942 0.900361 0.012004 0.003351
9 0.339578 0.904228 0.013459 0.003351
9 0.355584 0.904872 0.012732 0.003094
9 0.355402 0.908739 0.011641 0.003094
9 0.354674 0.912864 0.013096 0.003094
9 0.346126 0.482728 0.004729 0.009023
9 0.338669 0.482341 0.004365 0.008765
9 0.331029 0.482728 0.005093 0.010054
9 0.625318 0.452952 0.017461 0.010312
9 0.532739 0.467131 0.012732 0.004125
9 0.570207 0.464553 0.014915 0.007734
9 0.535467 0.455788 0.016006 0.004640
9 0.537468 0.450116 0.014915 0.004125
9 0.570571 0.450503 0.014187 0.007476
9 0.592943 0.451405 0.016733 0.009281
9 0.588760 0.465842 0.015642 0.009796
9 0.626591 0.459268 0.014187 0.007992
9 0.532921 0.479505 0.016733 0.004640
9 0.628047 0.464939 0.020007 0.010054
9 0.627319 0.471513 0.019280 0.007734
9 0.644780 0.478989 0.017097 0.009796
9 0.626410 0.477314 0.015278 0.006445
9 0.642415 0.488399 0.014551 0.008507
9 0.682248 0.482083 0.023645 0.005156
9 0.683703 0.476798 0.013459 0.003867
9 0.533285 0.473447 0.012368 0.003351
9 0.534922 0.490977 0.015642 0.003867
9 0.680247 0.513534 0.014551 0.009281
9 0.605493 0.512632 0.012004 0.010054
9 0.685340 0.501418 0.015278 0.003609
9 0.666424 0.512374 0.009458 0.010054
9 0.656966 0.513148 0.012368 0.010570
9 0.649327 0.514050 0.008730 0.007734
9 0.640415 0.511730 0.009822 0.009281
9 0.628410 0.513148 0.010549 0.009539
9 0.614041 0.512245 0.012368 0.009796
9 0.584394 0.510570 0.010549 0.011085
9 0.544744 0.510054 0.016370 0.004898
9 0.565478 0.509925 0.010549 0.009796
9 0.627501 0.494586 0.015278 0.006961
9 0.627137 0.489301 0.011641 0.005672
9 0.568389 0.485821 0.021462 0.010570
9 0.570025 0.478732 0.020371 0.009281
9 0.588396 0.477958 0.013459 0.008250
9 0.557475 0.510054 0.011277 0.010570
9 0.683521 0.471127 0.017461 0.003867
9 0.685340 0.465197 0.013823 0.003867
9 0.685158 0.459139 0.017097 0.003609
9 0.690979 0.788863 0.017097 0.004640
9 0.497454 0.778422 0.017097 0.004898
9 0.495089 0.795308 0.022554 0.005156
9 0.521462 0.791183 0.022190 0.005672
9 0.519825 0.796081 0.019644 0.004640
9 0.520189 0.807811 0.019644 0.004898
9 0.494725 0.813354 0.022554 0.006187
9 0.726628 0.789894 0.015642 0.004125
9 0.754456 0.791054 0.017461 0.004383
9 0.670789 0.440835 0.007275 0.008765
9 0.825027 0.793890 0.023281 0.005414
9 0.853219 0.795179 0.026555 0.005929
9 0.821208 0.734339 0.017097 0.004383
9 0.784831 0.733179 0.014187 0.003609
9 0.753547 0.731761 0.016370 0.004898
9 0.727355 0.731890 0.015642 0.003609
9 0.698981 0.730987 0.014915 0.004383
9 0.495635 0.771720 0.024372 0.005929
9 0.464351 0.614849 0.014915 0.004125
9 0.441979 0.614205 0.018188 0.004383
9 0.102765 0.590487 0.015642 0.010054
9 0.638960 0.440191 0.008367 0.006961
9 0.650600 0.437226 0.009094 0.006703
9 0.692434 0.420211 0.009094 0.008765
9 0.679520 0.419825 0.011641 0.011601
9 0.580757 0.417118 0.012004 0.009796
9 0.568025 0.416344 0.010549 0.008250
9 0.561113 0.416087 0.009822 0.008765
9 0.601491 0.415958 0.007639 0.006961
9 0.590033 0.440320 0.010186 0.009796
9 0.598581 0.439417 0.006912 0.006445
9 0.576210 0.437999 0.007275 0.006187
9 0.622590 0.417891 0.009094 0.007734
9 0.522736 0.772493 0.020371 0.004898
9 0.522372 0.779196 0.021826 0.004898
9 0.521099 0.784352 0.019280 0.005414
9 0.685340 0.507347 0.013823 0.004125
9 0.933067 0.363238 0.026191 0.011859
9 0.311022 0.473447 0.012368 0.002836
9 0.711895 0.157386 0.014551 0.006445
9 0.832485 0.158675 0.004729 0.008507
9 0.828301 0.158030 0.003638 0.006703
9 0.820480 0.158546 0.004729 0.008765
9 0.792470 0.158159 0.009822 0.009539
9 0.782103 0.156613 0.008730 0.008507
9 0.765551 0.156613 0.009094 0.007992
9 0.760095 0.156097 0.009094 0.007992
9 0.676610 0.161124 0.004365 0.008250
9 0.838305 0.176721 0.012004 0.009023
9 0.698254 0.151328 0.012004 0.003609
9 0.678247 0.142691 0.004729 0.007992
9 0.679156 0.125161 0.004365 0.007476
9 0.703165 0.118072 0.014551 0.003609
9 0.697163 0.092292 0.004729 0.009796
9 0.707530 0.093581 0.004365 0.008250
9 0.712623 0.093194 0.004365 0.010570
9 0.838669 0.184455 0.004729 0.009539
9 0.830120 0.174143 0.009458 0.006961
9 0.960531 0.370972 0.018552 0.007218
9 0.786286 0.209461 0.004001 0.006961
9 0.311386 0.468162 0.013096 0.003609
9 0.312295 0.455659 0.019280 0.006445
9 0.311568 0.449729 0.017097 0.004898
9 0.313205 0.437484 0.017461 0.006187
9 0.310840 0.431426 0.014187 0.003867
8 0.911786 0.434004 0.028010 0.021397
9 0.790833 0.210106 0.005820 0.008765
9 0.780466 0.207141 0.006184 0.007992
9 0.824845 0.174530 0.012004 0.008250
9 0.775737 0.178268 0.005457 0.012117
9 0.765733 0.176592 0.005820 0.012374
9 0.798836 0.174401 0.005820 0.007476
9 0.804292 0.174401 0.006548 0.006445
9 0.813023 0.182908 0.004365 0.009023
9 0.802656 0.182263 0.004729 0.007734
9 0.819389 0.183810 0.004001 0.006187
9 0.869771 0.083656 0.015278 0.004383
9 0.177701 0.236143 0.004729 0.008250
9 0.346490 0.242073 0.006184 0.011343
9 0.867224 0.314901 0.019644 0.008507
9 0.867770 0.350348 0.017825 0.008765
9 0.868861 0.341712 0.017825 0.007992
9 0.889414 0.341712 0.018188 0.006445
9 0.889778 0.333076 0.018188 0.007218
9 0.867952 0.332818 0.013823 0.006703
9 0.890142 0.324568 0.016733 0.006187
9 0.890142 0.315416 0.014551 0.005929
9 0.936340 0.295179 0.016006 0.004640
9 0.363587 0.243491 0.004001 0.007476
9 0.938341 0.309358 0.024372 0.006187
9 0.934704 0.336814 0.023645 0.010570
9 0.938887 0.331271 0.010913 0.005672
9 0.939433 0.328048 0.010549 0.005414
9 0.959440 0.335525 0.015642 0.007992
9 0.957621 0.344419 0.023645 0.010828
9 0.936159 0.355246 0.014915 0.008250
9 0.864678 0.358598 0.015278 0.006703
9 0.887050 0.368523 0.022190 0.007476
9 0.887595 0.359758 0.020371 0.007476
9 0.850491 0.384377 0.010186 0.018046
9 0.382139 0.242459 0.004729 0.009539
9 0.400873 0.243491 0.006548 0.011085
9 0.461986 0.245295 0.005093 0.010054
9 0.514005 0.257412 0.016733 0.004383
9 0.536741 0.258443 0.017097 0.004898
9 0.553292 0.258443 0.015278 0.003351
9 0.554020 0.261536 0.016006 0.003867
9 0.588032 0.251353 0.019280 0.005156
9 0.583849 0.263212 0.013823 0.003609
9 0.569844 0.262568 0.014915 0.003867
9 0.568934 0.265532 0.013096 0.003094
9 0.790287 0.383991 0.017825 0.004898
9 0.795926 0.389920 0.014551 0.003867
9 0.820480 0.389276 0.006184 0.010828
9 0.838123 0.384764 0.010186 0.018304
9 0.310477 0.903454 0.012732 0.003351
9 0.310840 0.895721 0.014187 0.003351
9 0.310295 0.887213 0.011641 0.003351
9 0.144598 0.822248 0.015642 0.004898
9 0.163150 0.842743 0.016370 0.004125
9 0.163332 0.837974 0.016006 0.003867
9 0.144234 0.837200 0.015642 0.004898
9 0.164242 0.832947 0.017097 0.004125
9 0.142779 0.831787 0.012004 0.004383
9 0.143870 0.827404 0.017097 0.004383
9 0.163332 0.827920 0.016006 0.004383
9 0.163514 0.822377 0.014915 0.004125
9 0.142415 0.847383 0.014915 0.004640
9 0.164605 0.817737 0.017097 0.004125
9 0.144598 0.817350 0.014915 0.004383
9 0.145144 0.811807 0.016006 0.004125
9 0.163878 0.812452 0.014915 0.003867
9 0.165697 0.807811 0.016370 0.004383
9 0.145689 0.807425 0.014915 0.004125
9 0.145326 0.802011 0.017097 0.004125
9 0.144416 0.842098 0.015278 0.004898
9 0.163514 0.848028 0.015642 0.003867
9 0.159513 0.898170 0.015642 0.004125
9 0.142415 0.872132 0.015642 0.004125
9 0.140051 0.892498 0.012368 0.003609
9 0.159876 0.887858 0.016370 0.004640
9 0.141506 0.887600 0.015278 0.004640
9 0.142052 0.882186 0.015642 0.004125
9 0.160058 0.882960 0.016006 0.004640
9 0.161877 0.878190 0.013823 0.003867
9 0.141142 0.877159 0.016006 0.004383
9 0.160604 0.873034 0.014187 0.004383
9 0.142779 0.852153 0.016370 0.004383
9 0.141688 0.867749 0.013459 0.003609
9 0.160786 0.867878 0.014551 0.004383
9 0.162059 0.862722 0.014915 0.003867
9 0.143325 0.861820 0.015278 0.003609
9 0.162423 0.857953 0.014915 0.004125
9 0.142415 0.857437 0.016370 0.004125
9 0.161513 0.852539 0.015278 0.003609
9 0.165515 0.802655 0.017461 0.004383
9 0.165333 0.797757 0.017097 0.004383
9 0.145871 0.797370 0.016006 0.004125
9 0.202255 0.795050 0.013823 0.004125
9 0.204074 0.771720 0.013823 0.003351
9 0.203165 0.775973 0.014915 0.004640
9 0.202801 0.781000 0.014187 0.004383
9 0.219716 0.786543 0.014551 0.003609
9 0.202619 0.785898 0.014551 0.004383
9 0.219352 0.791054 0.014551 0.003867
9 0.219171 0.795695 0.014187 0.003867
9 0.218261 0.800206 0.015278 0.004640
9 0.147144 0.792086 0.015642 0.004383
9 0.201528 0.799820 0.013823 0.004383
9 0.218443 0.804718 0.014915 0.003867
9 0.218625 0.809229 0.012368 0.003609
9 0.201528 0.804460 0.014551 0.003867
9 0.201164 0.808842 0.014551 0.003867
9 0.200618 0.813096 0.014187 0.004125
9 0.200800 0.817608 0.015278 0.004383
9 0.220444 0.781387 0.014551 0.004125
9 0.220626 0.772235 0.014187 0.003867
9 0.202801 0.767466 0.012732 0.003609
9 0.220626 0.767981 0.014915 0.003609
9 0.164969 0.792472 0.014915 0.004125
9 0.146417 0.787059 0.014915 0.004640
9 0.166242 0.787703 0.015278 0.004383
9 0.166970 0.782031 0.016733 0.004383
9 0.146781 0.781516 0.014915 0.004383
9 0.146781 0.776747 0.016370 0.004125
9 0.166242 0.777133 0.016006 0.003867
9 0.147326 0.771075 0.016733 0.004640
9 0.166060 0.771462 0.014915 0.003867
9 0.166242 0.766692 0.014551 0.004125
9 0.147690 0.765919 0.015278 0.004640
9 0.148236 0.760763 0.017825 0.004640
9 0.213168 0.756509 0.027646 0.006445
9 0.220989 0.762697 0.012732 0.003867
9 0.204074 0.762052 0.014551 0.004125
9 0.160604 0.892756 0.015642 0.003609
9 0.140960 0.897783 0.014915 0.003867
9 0.218079 0.822635 0.014187 0.003609
9 0.105129 0.803300 0.019644 0.004640
9 0.256275 0.611240 0.012004 0.003094
9 0.255002 0.619232 0.009458 0.003094
9 0.254274 0.626966 0.010186 0.003609
9 0.438159 0.670791 0.020735 0.005672
9 0.460895 0.671049 0.017461 0.004125
9 0.104765 0.792859 0.018916 0.004383
9 0.104583 0.798273 0.017097 0.004383
9 0.104765 0.808585 0.017461 0.004383
9 0.239724 0.657902 0.010186 0.003609
9 0.103310 0.813998 0.017461 0.004898
9 0.104402 0.819412 0.018916 0.005414
9 0.103310 0.825084 0.017461 0.004898
9 0.103310 0.830240 0.016006 0.004383
9 0.102583 0.835525 0.018188 0.005156
9 0.101673 0.856793 0.017097 0.004898
9 0.078028 0.852926 0.017825 0.004383
9 0.240815 0.650039 0.009458 0.003351
9 0.252274 0.665893 0.010549 0.003609
9 0.140415 0.902423 0.016006 0.004898
9 0.213168 0.645527 0.010186 0.003094
9 0.215169 0.633540 0.010549 0.002836
9 0.201892 0.632637 0.008730 0.003094
9 0.201710 0.639082 0.008367 0.003094
9 0.213532 0.641531 0.010913 0.003351
9 0.200982 0.642176 0.008367 0.003094
9 0.200982 0.645398 0.007639 0.002836
9 0.200982 0.648621 0.009094 0.002578
9 0.213168 0.649394 0.009458 0.003094
9 0.238814 0.669631 0.010549 0.003351
9 0.250273 0.705336 0.010913 0.003609
9 0.250637 0.701469 0.009458 0.003094
9 0.235722 0.700954 0.009458 0.003094
9 0.250455 0.697602 0.009822 0.003094
9 0.250455 0.689611 0.009822 0.003609
9 0.237905 0.677365 0.011641 0.003867
9 0.252455 0.673756 0.009458 0.003351
9 0.102037 0.862207 0.014187 0.003867
9 0.101491 0.867363 0.018916 0.004383
9 0.101310 0.872776 0.019280 0.003867
9 0.158239 0.922918 0.015278 0.004125
9 0.138050 0.942640 0.015642 0.004383
9 0.137868 0.937999 0.016006 0.003867
9 0.158421 0.938515 0.013459 0.003867
9 0.157694 0.933101 0.015642 0.004383
9 0.139142 0.932715 0.015642 0.004125
9 0.138778 0.927430 0.016370 0.004383
9 0.158057 0.928203 0.016370 0.003867
9 0.139323 0.922532 0.016733 0.004898
9 0.100400 0.878061 0.017461 0.004125
9 0.159149 0.918278 0.016370 0.004125
9 0.140233 0.917762 0.015642 0.004125
9 0.140597 0.912220 0.014187 0.004383
9 0.159331 0.912993 0.016006 0.004383
9 0.159149 0.908224 0.015642 0.004125
9 0.159694 0.902681 0.016733 0.004383
9 0.139869 0.907321 0.014915 0.004898
9 0.157148 0.943027 0.015278 0.004640
9 0.157512 0.948311 0.016006 0.004383
9 0.137323 0.947667 0.017097 0.004640
9 0.131139 0.954499 0.022190 0.005414
9 0.099127 0.888631 0.016370 0.004125
9 0.099309 0.899330 0.017461 0.003867
9 0.099309 0.904743 0.018916 0.004898
9 0.098036 0.920598 0.017097 0.004640
9 0.077301 0.917118 0.018552 0.004898
9 0.097126 0.931039 0.016733 0.004383
9 0.076391 0.928590 0.016733 0.004640
9 0.076573 0.934906 0.014187 0.004383
9 0.097672 0.936195 0.019280 0.004898
9 0.096399 0.941222 0.016733 0.004640
9 0.075118 0.939933 0.020007 0.005156
9 0.097308 0.946378 0.018552 0.005156
9 0.075482 0.947409 0.018552 0.005156
9 0.077301 0.952307 0.016370 0.004125
9 0.105857 0.953854 0.026191 0.006187
9 0.217716 0.818252 0.013459 0.004640
9 0.200800 0.821990 0.013823 0.004383
9 0.310477 0.883346 0.012732 0.003351
9 0.263914 0.914669 0.012004 0.003094
9 0.249363 0.891854 0.012732 0.003867
9 0.249000 0.896107 0.013459 0.003609
9 0.265187 0.898943 0.013096 0.003609
9 0.263732 0.902681 0.012368 0.003351
9 0.248454 0.900490 0.013823 0.003609
9 0.248090 0.905388 0.013823 0.003609
9 0.263732 0.910673 0.011641 0.003351
9 0.263187 0.918536 0.012004 0.003609
9 0.264824 0.890693 0.013096 0.003609
9 0.263005 0.922789 0.012368 0.002836
9 0.263187 0.926785 0.013459 0.003609
9 0.263187 0.931168 0.014187 0.004125
9 0.262641 0.939417 0.011641 0.003609
9 0.263187 0.943284 0.013459 0.003094
9 0.261550 0.947409 0.012368 0.003609
9 0.261913 0.956819 0.010913 0.002836
9 0.264642 0.894689 0.012004 0.003351
9 0.249182 0.887213 0.013823 0.004383
9 0.251910 0.833076 0.015642 0.003867
9 0.250637 0.860144 0.012368 0.003351
9 0.268097 0.840294 0.013096 0.003867
9 0.268097 0.844548 0.013096 0.003094
9 0.251546 0.841712 0.013459 0.003609
9 0.250637 0.846352 0.015278 0.004125
9 0.267734 0.853055 0.013096 0.003609
9 0.249363 0.850993 0.013459 0.003609
9 0.250637 0.855633 0.013823 0.004125
9 0.249363 0.864398 0.015642 0.004125
9 0.265187 0.886698 0.012368 0.003351
9 0.265915 0.869683 0.012368 0.003351
9 0.266097 0.874065 0.012732 0.003351
9 0.249363 0.868781 0.014915 0.004125
9 0.250273 0.873937 0.013823 0.004125
9 0.248636 0.878448 0.015642 0.003867
9 0.265733 0.882444 0.013459 0.003609
9 0.249000 0.882831 0.012732 0.003867
9 0.261732 0.952952 0.012004 0.003351
9 0.243543 0.950761 0.012732 0.004125
9 0.245726 0.946120 0.013459 0.004125
9 0.297927 0.836427 0.012368 0.003867
9 0.299745 0.794277 0.012368 0.003609
9 0.315933 0.798531 0.011277 0.003351
9 0.315387 0.803171 0.013096 0.003351
9 0.299745 0.806909 0.012368 0.003609
9 0.314478 0.819928 0.012732 0.003867
9 0.298108 0.832044 0.012004 0.003351
9 0.314114 0.836814 0.012004 0.003609
9 0.297745 0.840552 0.012732 0.003351
9 0.245726 0.941480 0.012732 0.004125
9 0.297745 0.844934 0.013459 0.003867
9 0.312659 0.853699 0.013459 0.003351
9 0.311932 0.862207 0.012004 0.003351
9 0.296290 0.861691 0.014187 0.003867
9 0.311568 0.870714 0.012004 0.003351
9 0.310840 0.874968 0.012732 0.003094
9 0.311568 0.878964 0.013459 0.003351
9 0.300291 0.785641 0.012732 0.003351
9 0.316479 0.786414 0.013096 0.003351
9 0.317024 0.781387 0.012004 0.003094
9 0.299745 0.781387 0.014551 0.003094
9 0.246453 0.937226 0.013459 0.003867
9 0.246453 0.932715 0.013459 0.004125
9 0.246999 0.927816 0.013096 0.003609
9 0.246999 0.923047 0.013096 0.004383
9 0.246999 0.918665 0.013096 0.003351
9 0.247363 0.914282 0.013096 0.003867
9 0.246817 0.909899 0.014187 0.003867
9 0.307385 0.759087 0.027646 0.005414
9 0.346672 0.739237 0.014551 0.012632
9 0.317388 0.764888 0.013459 0.003609
9 0.317388 0.769142 0.012732 0.003351
9 0.299927 0.764114 0.011277 0.003094
9 0.300837 0.768626 0.012368 0.003351
9 0.301200 0.772880 0.013096 0.003609
9 0.301019 0.777391 0.012732 0.003351
9 0.251728 0.837458 0.013823 0.003351
9 0.268825 0.835911 0.012368 0.003351
9 0.218443 0.827146 0.014187 0.003867
9 0.213714 0.904228 0.014187 0.003867
9 0.198254 0.872003 0.013096 0.003867
9 0.197163 0.876643 0.015278 0.004383
9 0.214623 0.882057 0.013823 0.004383
9 0.214260 0.886440 0.014551 0.003867
9 0.214442 0.890951 0.015642 0.004640
9 0.214078 0.895463 0.014187 0.003867
9 0.214260 0.899845 0.013823 0.003351
9 0.213350 0.908997 0.013459 0.004125
9 0.214805 0.877417 0.014187 0.003867
9 0.212805 0.913380 0.013823 0.003609
9 0.212441 0.917891 0.013096 0.003867
9 0.212259 0.922403 0.014187 0.004125
9 0.212259 0.927301 0.013459 0.004125
9 0.212077 0.931555 0.013823 0.004383
9 0.211531 0.936324 0.014915 0.004125
9 0.211168 0.940706 0.013459 0.004125
9 0.197708 0.867621 0.012732 0.003867
9 0.214623 0.872648 0.013823 0.004125
9 0.252274 0.828435 0.013459 0.003867
9 0.199345 0.844419 0.014551 0.003867
9 0.200800 0.826631 0.013096 0.003867
9 0.199527 0.831271 0.014187 0.003867
9 0.217534 0.831787 0.013823 0.003867
9 0.216806 0.836298 0.013823 0.004125
9 0.199527 0.835654 0.014915 0.003867
9 0.216806 0.840938 0.013096 0.004125
9 0.199527 0.840294 0.012732 0.003867
9 0.216806 0.845579 0.013823 0.004125
9 0.197708 0.862980 0.014187 0.003867
9 0.217170 0.850090 0.015278 0.003867
9 0.198436 0.849317 0.013459 0.003867
9 0.216260 0.854473 0.014187 0.003867
9 0.216442 0.858726 0.013823 0.003609
9 0.197708 0.858469 0.016370 0.004125
9 0.215715 0.863625 0.013823 0.004125
9 0.215715 0.868007 0.013823 0.003609
9 0.211895 0.945476 0.013459 0.003867
9 0.212441 0.949729 0.013823 0.004125
9 0.194616 0.944960 0.013823 0.003867
9 0.253547 0.796210 0.014551 0.003867
9 0.255911 0.772880 0.013459 0.003609
9 0.255366 0.777649 0.013823 0.003867
9 0.271190 0.784867 0.012732 0.003867
9 0.255184 0.782418 0.014187 0.003609
9 0.253911 0.786930 0.012368 0.004383
9 0.271371 0.789250 0.013823 0.003351
9 0.254456 0.791699 0.014187 0.004125
9 0.270280 0.801624 0.013096 0.003351
9 0.193889 0.940062 0.015278 0.004383
9 0.270098 0.797757 0.014187 0.003867
9 0.253547 0.801237 0.015278 0.004125
9 0.253729 0.805233 0.014187 0.003867
9 0.252819 0.814514 0.013096 0.003867
9 0.252819 0.818639 0.013823 0.003867
9 0.268279 0.827017 0.012004 0.003609
9 0.252455 0.823795 0.015278 0.004383
9 0.254820 0.768239 0.014915 0.003609
9 0.271008 0.772235 0.010913 0.002836
9 0.256275 0.763212 0.013459 0.003351
9 0.271917 0.768368 0.012004 0.002836
9 0.195162 0.935422 0.012732 0.003351
9 0.195344 0.931039 0.013823 0.003867
9 0.195162 0.926785 0.014187 0.004125
9 0.194980 0.922145 0.012368 0.004125
9 0.194798 0.917633 0.014187 0.003867
9 0.195708 0.912993 0.013823 0.004383
9 0.195708 0.908353 0.013823 0.003867
9 0.196253 0.903583 0.014187 0.004125
9 0.196253 0.899459 0.013459 0.004125
9 0.196253 0.894689 0.013459 0.003867
9 0.196617 0.889920 0.013459 0.003609
9 0.196981 0.885666 0.015642 0.004383
9 0.197890 0.881155 0.014551 0.004640
9 0.265187 0.758185 0.025464 0.005672
9 0.271735 0.763599 0.013823 0.003609
4 0.181884 0.136504 0.071299 0.099252
