4 0.784946 0.957845 0.050179 0.030580
9 0.097670 0.090740 0.007766 0.007716
9 0.068698 0.068019 0.008363 0.006859
9 0.166965 0.052729 0.007766 0.006002
9 0.197431 0.051300 0.007766 0.006573
9 0.200119 0.060160 0.008363 0.007716
9 0.151434 0.053587 0.007766 0.007145
9 0.173536 0.077165 0.007766 0.006859
9 0.221924 0.083738 0.007766 0.008002
9 0.142174 0.078880 0.007168 0.006859
9 0.142772 0.104887 0.008363 0.007431
9 0.162186 0.113461 0.007766 0.007431
9 0.193847 0.102029 0.007766 0.007431
9 0.201314 0.101600 0.008363 0.007716
9 0.195639 0.111318 0.007766 0.007145
9 0.203704 0.110746 0.008363 0.007716
9 0.229092 0.111603 0.007766 0.008860
9 0.197730 0.130466 0.009558 0.008288
9 0.216547 0.136468 0.018519 0.003144
9 0.110514 0.081023 0.008363 0.007145
9 0.067503 0.092598 0.007168 0.005716
9 0.753883 0.981566 0.020311 0.014576
9 0.094385 0.117605 0.008363 0.007716
9 0.578256 0.879680 0.013142 0.008574
9 0.587814 0.877536 0.014337 0.009431
9 0.595579 0.876679 0.013142 0.007716
9 0.511947 0.765504 0.015532 0.009431
9 0.524492 0.761360 0.017921 0.011432
9 0.599761 0.766933 0.026284 0.016862
9 0.611111 0.763504 0.019116 0.012289
9 0.581243 0.844670 0.013142 0.008288
9 0.601852 0.862675 0.012545 0.007716
9 0.617384 0.858674 0.014934 0.009431
9 0.633214 0.854673 0.014337 0.009431
4 0.598865 0.869391 0.108124 0.040011
9 0.636201 0.866390 0.014337 0.010003
9 0.643967 0.865104 0.014337 0.009145
9 0.075568 0.108602 0.008961 0.008002
9 0.060633 0.119177 0.006571 0.007431
9 0.078256 0.118462 0.008363 0.007716
9 0.147252 0.132038 0.010155 0.008002
9 0.096774 0.135039 0.008363 0.008288
9 0.079749 0.136182 0.008961 0.007145
9 0.071386 0.136753 0.006571 0.007716
9 0.187873 0.195484 0.007766 0.006859
9 0.177121 0.196628 0.006571 0.008002
9 0.190860 0.206916 0.007766 0.009145
9 0.180108 0.207345 0.008961 0.010003
9 0.166667 0.196199 0.009558 0.009431
9 0.155914 0.196485 0.007168 0.009431
9 0.159200 0.208345 0.007766 0.008002
9 0.148746 0.208917 0.009558 0.010289
9 0.146356 0.196771 0.007168 0.008288
9 0.139188 0.210632 0.008363 0.009145
9 0.135305 0.197342 0.008961 0.008860
9 0.129032 0.210346 0.009558 0.009145
9 0.117682 0.210632 0.008363 0.008574
9 0.108124 0.210775 0.009558 0.009431
9 0.098268 0.211775 0.008961 0.009145
9 0.088411 0.213347 0.009558 0.011146
9 0.094982 0.199771 0.007168 0.008002
9 0.197431 0.194055 0.007766 0.008574
9 0.200119 0.206773 0.008363 0.008288
9 0.210573 0.204773 0.007766 0.008860
9 0.160693 0.171620 0.008363 0.008288
9 0.062127 0.137325 0.009558 0.008860
9 0.044205 0.167762 0.009558 0.006859
9 0.104540 0.167191 0.016726 0.004001
9 0.036440 0.179480 0.008363 0.009145
9 0.059140 0.179051 0.008363 0.008288
9 0.068698 0.179051 0.008363 0.009431
9 0.140084 0.173621 0.006571 0.008288
9 0.189964 0.170763 0.009558 0.008288
9 0.255078 0.213204 0.009558 0.008574
9 0.202509 0.170334 0.008363 0.009145
9 0.241935 0.166762 0.009558 0.008860
9 0.250000 0.192055 0.007766 0.006859
9 0.237455 0.192198 0.006571 0.007145
9 0.217443 0.192912 0.008363 0.008574
9 0.230287 0.203201 0.010155 0.009145
9 0.220430 0.204773 0.007168 0.007716
9 0.571983 0.882395 0.016129 0.010003
9 0.561231 0.885253 0.012545 0.007716
9 0.594385 0.865104 0.011947 0.008574
9 0.471924 0.715919 0.020311 0.013718
4 0.079749 0.013575 0.012545 0.026007
4 0.110215 0.012575 0.012545 0.025150
4 0.141278 0.012003 0.012545 0.024007
4 0.022401 0.039726 0.041219 0.077165
1 0.221027 0.579451 0.070490 0.028294
9 0.356332 0.534581 0.042413 0.026579
9 0.385305 0.556730 0.027479 0.017148
9 0.411888 0.579737 0.031661 0.019720
9 0.436081 0.602458 0.044205 0.027436
9 0.512246 0.619034 0.038829 0.013718
9 0.404421 0.679194 0.032258 0.012289
9 0.376643 0.721349 0.022103 0.014290
9 0.391876 0.721063 0.015532 0.009717
9 0.404122 0.731781 0.017324 0.010574
9 0.412186 0.728065 0.014337 0.008860
9 0.436081 0.723492 0.015532 0.009431
9 0.448327 0.718920 0.013740 0.008860
4 0.383214 0.680337 0.090203 0.025436
4 0.427419 0.717634 0.112903 0.044584
4 0.600956 0.695484 0.175627 0.065447
4 0.678913 0.946556 0.091398 0.030866
4 0.136798 0.083452 0.175627 0.028008
4 0.136201 0.109460 0.189964 0.028580
4 0.132915 0.134896 0.209677 0.023435
4 0.142473 0.167762 0.210872 0.033152
4 0.151135 0.202629 0.210275 0.034296
4 0.159797 0.239211 0.213262 0.037153
4 0.172342 0.284081 0.212067 0.040011
4 0.843190 0.928408 0.112903 0.033438
4 0.480287 0.764361 0.113501 0.044870
4 0.818996 0.885967 0.173238 0.063447
4 0.655615 0.918977 0.099761 0.032867
4 0.629331 0.895542 0.104540 0.038582
4 0.744026 0.821235 0.172640 0.060303
4 0.568100 0.841097 0.105137 0.037725
4 0.672640 0.757788 0.170848 0.059731
4 0.529271 0.806516 0.102748 0.035439
9 0.458483 0.718205 0.016129 0.010289
9 0.480585 0.712489 0.014934 0.009145
9 0.562425 0.872249 0.014934 0.009145
9 0.466249 0.700200 0.013740 0.008574
9 0.541816 0.800943 0.015532 0.008860
9 0.551374 0.799228 0.015532 0.009431
9 0.559438 0.793084 0.025687 0.016005
9 0.572879 0.793227 0.015532 0.009431
9 0.520609 0.848242 0.013740 0.008574
9 0.531959 0.845241 0.014934 0.009431
9 0.539128 0.843670 0.012545 0.008574
9 0.547491 0.841383 0.014934 0.009145
9 0.554361 0.839383 0.014337 0.009145
9 0.563023 0.837382 0.014934 0.009145
9 0.568996 0.834095 0.014934 0.010003
9 0.578554 0.833095 0.014934 0.009145
9 0.594982 0.829094 0.014337 0.009145
9 0.611410 0.835810 0.013740 0.008860
9 0.588710 0.841812 0.012545 0.007716
9 0.557348 0.849671 0.013142 0.008002
9 0.550179 0.874821 0.014337 0.008574
9 0.528973 0.804087 0.017324 0.010574
9 0.517921 0.806087 0.021505 0.013432
9 0.506571 0.809803 0.016726 0.010574
9 0.497312 0.751358 0.019713 0.013147
9 0.456989 0.702629 0.017921 0.011718
9 0.445341 0.707059 0.014934 0.009145
9 0.431900 0.769363 0.016726 0.011432
9 0.443847 0.766076 0.019116 0.012289
9 0.452808 0.762789 0.019116 0.012003
9 0.476105 0.758360 0.016726 0.010003
9 0.488650 0.754215 0.015532 0.009145
9 0.511649 0.749071 0.013740 0.008574
9 0.516428 0.819234 0.026882 0.009431
9 0.521505 0.748214 0.014337 0.009145
9 0.449522 0.784367 0.025687 0.016862
9 0.480287 0.772506 0.016726 0.011432
9 0.488650 0.769506 0.017921 0.011146
9 0.502091 0.766791 0.016129 0.010860
9 0.500000 0.814518 0.013142 0.008002
9 0.483871 0.815233 0.017921 0.012289
9 0.084827 0.200343 0.008363 0.008574
9 0.074373 0.200915 0.007766 0.008002
9 0.065412 0.202344 0.007766 0.009145
9 0.581243 0.902258 0.014337 0.008574
9 0.643369 0.929980 0.032258 0.012003
9 0.684588 0.918834 0.033453 0.010860
9 0.677419 0.911546 0.014337 0.009431
9 0.692354 0.907974 0.014337 0.008574
9 0.660693 0.916262 0.013142 0.008002
9 0.645161 0.919548 0.014337 0.008860
9 0.609916 0.928122 0.014337 0.009431
9 0.672342 0.889683 0.013740 0.008002
9 0.655317 0.882824 0.014337 0.009145
9 0.646356 0.884967 0.013142 0.008860
9 0.630824 0.888968 0.014337 0.008860
9 0.633811 0.899400 0.013142 0.008002
9 0.625149 0.901543 0.011350 0.007145
9 0.617384 0.903830 0.013740 0.008860
9 0.607527 0.894827 0.016726 0.009717
9 0.609020 0.905402 0.013740 0.009145
9 0.602151 0.907688 0.014337 0.008574
9 0.638889 0.952987 0.016129 0.010574
9 0.650836 0.951986 0.016129 0.010289
9 0.659200 0.950272 0.013740 0.008574
9 0.872162 0.858245 0.025090 0.015433
9 0.832139 0.868963 0.019116 0.012289
9 0.849462 0.865962 0.020311 0.013147
9 0.857527 0.862532 0.018519 0.011432
9 0.847670 0.883252 0.017921 0.011718
9 0.865293 0.880537 0.023297 0.014290
9 0.873955 0.876536 0.017921 0.011432
9 0.891278 0.874107 0.019116 0.012289
9 0.887694 0.913547 0.016726 0.006002
9 0.667563 0.948128 0.013740 0.009431
9 0.846774 0.922978 0.053166 0.018005
9 0.847372 0.917834 0.018519 0.006573
9 0.696237 0.950414 0.022103 0.008288
9 0.663082 0.958702 0.032258 0.010574
9 0.706989 0.937696 0.017324 0.010289
9 0.700119 0.939983 0.014337 0.008574
9 0.674731 0.945270 0.017324 0.011146
9 0.592294 0.912404 0.014934 0.009431
9 0.599164 0.897256 0.014337 0.008860
9 0.839606 0.888111 0.024492 0.016862
9 0.637993 0.656473 0.040621 0.025150
9 0.472521 0.260932 0.019116 0.004573
9 0.472222 0.267791 0.008961 0.006859
9 0.466547 0.270077 0.007168 0.008002
9 0.453704 0.270649 0.006571 0.007431
9 0.448029 0.269363 0.009558 0.007716
9 0.450717 0.262932 0.017324 0.004001
9 0.439367 0.257931 0.017324 0.004859
9 0.437575 0.255073 0.014934 0.004287
9 0.434886 0.252072 0.014337 0.004001
9 0.431302 0.249357 0.015532 0.003715
9 0.385006 0.251072 0.010155 0.007716
9 0.388889 0.263075 0.010753 0.008860
9 0.397849 0.262075 0.009558 0.009145
9 0.404421 0.260789 0.009558 0.009431
9 0.483274 0.277222 0.014337 0.004001
9 0.483572 0.280223 0.014934 0.004287
9 0.483274 0.283224 0.017921 0.004573
9 0.472521 0.257788 0.017921 0.004001
9 0.470131 0.254930 0.015532 0.004001
9 0.466249 0.252501 0.016129 0.004859
9 0.557945 0.690197 0.043011 0.026293
9 0.649343 0.675765 0.015532 0.010003
9 0.635006 0.676336 0.022700 0.014004
9 0.614695 0.674907 0.035842 0.023721
9 0.597372 0.679766 0.034648 0.022006
9 0.588411 0.687625 0.020311 0.013718
9 0.595281 0.708917 0.026882 0.019148
9 0.565412 0.715919 0.031661 0.021149
9 0.540621 0.695627 0.034648 0.024007
9 0.463859 0.249643 0.018519 0.004859
9 0.427419 0.236210 0.022103 0.005430
9 0.457885 0.236496 0.019713 0.004859
9 0.423536 0.230494 0.017921 0.004287
9 0.448626 0.226065 0.016726 0.004573
9 0.448925 0.229065 0.014934 0.004287
9 0.456691 0.233638 0.013740 0.003715
9 0.462963 0.246642 0.020311 0.005716
9 0.824074 0.872392 0.019713 0.014004
9 0.781959 0.883252 0.020311 0.012861
9 0.068996 0.213918 0.007766 0.008288
9 0.089008 0.280937 0.010753 0.010289
9 0.254182 0.229780 0.014934 0.004573
9 0.230884 0.238497 0.008961 0.008288
9 0.227300 0.272792 0.008961 0.010574
9 0.216846 0.274507 0.009558 0.008288
9 0.202808 0.274364 0.010155 0.009717
9 0.192652 0.275793 0.008961 0.009717
9 0.177419 0.276365 0.011947 0.012575
9 0.180406 0.290797 0.010753 0.011718
9 0.168459 0.292512 0.014337 0.014576
9 0.166069 0.276936 0.010753 0.010289
9 0.152031 0.277794 0.010155 0.012003
9 0.140681 0.278508 0.011350 0.011718
9 0.131422 0.294513 0.010753 0.011146
9 0.155615 0.292226 0.011350 0.011718
9 0.081243 0.299371 0.013142 0.016862
9 0.065114 0.297085 0.013142 0.016862
9 0.062724 0.281366 0.010753 0.010574
9 0.215054 0.228780 0.008363 0.008860
9 0.205795 0.229065 0.007766 0.008288
9 0.194444 0.244356 0.012545 0.013718
9 0.105436 0.249071 0.013740 0.012861
9 0.045998 0.215061 0.008363 0.009431
9 0.043011 0.203058 0.009558 0.009431
9 0.053465 0.251215 0.014934 0.015433
9 0.080645 0.250357 0.011947 0.013147
9 0.078853 0.236353 0.007168 0.008574
9 0.088411 0.236639 0.009558 0.008002
9 0.103047 0.235067 0.008961 0.010003
9 0.117384 0.248642 0.010155 0.011432
9 0.182796 0.244498 0.011947 0.014004
9 0.113202 0.233781 0.008961 0.010289
9 0.132019 0.247213 0.011947 0.012003
9 0.144863 0.246928 0.012545 0.013718
9 0.139188 0.233067 0.010753 0.009431
9 0.155317 0.233352 0.008363 0.007145
9 0.157109 0.245785 0.008363 0.010289
9 0.179809 0.230923 0.008363 0.008574
9 0.075568 0.281080 0.010155 0.011146
9 0.100657 0.280366 0.010155 0.011432
9 0.769415 0.884110 0.026284 0.016290
9 0.678315 0.691626 0.036440 0.024578
9 0.727001 0.835239 0.016726 0.012289
9 0.744922 0.832381 0.025090 0.016290
9 0.727300 0.816805 0.022103 0.013718
9 0.738650 0.814804 0.022103 0.013718
9 0.753286 0.810803 0.019116 0.013718
9 0.761350 0.807231 0.020908 0.013432
9 0.779271 0.802801 0.017324 0.010860
9 0.779271 0.822092 0.020908 0.014004
9 0.794803 0.817376 0.019713 0.013147
9 0.821087 0.812375 0.020908 0.013432
9 0.804361 0.797085 0.018519 0.011432
9 0.789427 0.801229 0.020908 0.013432
9 0.742533 0.889254 0.028674 0.019720
9 0.763441 0.907259 0.026284 0.017434
9 0.771505 0.903401 0.019713 0.012575
9 0.787037 0.898685 0.020908 0.013432
9 0.799881 0.897971 0.023895 0.015433
9 0.717145 0.837668 0.019713 0.012575
9 0.701314 0.840955 0.019116 0.012861
9 0.693548 0.845241 0.026284 0.016290
9 0.694444 0.759646 0.019713 0.012575
9 0.652927 0.693770 0.027479 0.018577
9 0.637395 0.696485 0.025090 0.015433
9 0.678913 0.746213 0.022103 0.014290
9 0.721924 0.755073 0.026882 0.016576
9 0.727897 0.732066 0.024492 0.016290
9 0.714456 0.736210 0.023895 0.015433
9 0.705795 0.739926 0.020908 0.013718
9 0.656810 0.772078 0.029271 0.016862
9 0.709677 0.820234 0.021505 0.014861
9 0.642772 0.772649 0.021505 0.014004
9 0.627539 0.777651 0.018519 0.013147
9 0.627240 0.759217 0.020311 0.014004
9 0.636798 0.756073 0.025090 0.016862
9 0.676822 0.830094 0.022700 0.014576
9 0.684289 0.824235 0.035245 0.021149
9 0.699821 0.822949 0.025687 0.015719
4 0.139188 0.058874 0.160096 0.025722
