9 0.696407 0.310811 0.011976 0.021999
9 0.205988 0.170333 0.019162 0.016342
9 0.238323 0.171276 0.020359 0.016970
9 0.215569 0.186989 0.021557 0.019485
9 0.166766 0.176304 0.023353 0.020742
9 0.173952 0.186361 0.022156 0.021999
9 0.293413 0.212131 0.011976 0.011942
9 0.179641 0.196417 0.022754 0.020742
9 0.158982 0.225330 0.022156 0.019485
9 0.158084 0.215273 0.020359 0.016970
9 0.217066 0.223759 0.023353 0.023884
9 0.287425 0.235072 0.011976 0.011314
9 0.252096 0.260842 0.011976 0.012571
9 0.197605 0.376179 0.011976 0.016970
9 0.179940 0.392835 0.013772 0.012571
9 0.180240 0.409177 0.015569 0.018856
9 0.029341 0.559397 0.020359 0.012571
9 0.011976 0.399434 0.010778 0.008171
9 0.012874 0.381835 0.012575 0.006914
9 0.074850 0.363922 0.013174 0.011314
9 0.017365 0.309868 0.026347 0.022627
9 0.040419 0.294155 0.017365 0.016342
9 0.087126 0.282841 0.025749 0.017599
9 0.211377 0.177876 0.017964 0.018856
9 0.227844 0.153048 0.022156 0.019485
9 0.177844 0.053111 0.019162 0.021999
9 0.200000 0.162476 0.021557 0.021999
10 0.193413 0.044940 0.013174 0.013199
10 0.251198 0.038026 0.014970 0.015713
10 0.240120 0.046197 0.011976 0.013199
10 0.235629 0.051226 0.012575 0.013199
10 0.230240 0.056568 0.011377 0.013828
9 0.264970 0.074167 0.012575 0.013828
9 0.275449 0.062539 0.011976 0.014456
9 0.177246 0.120679 0.019162 0.022627
10 0.177844 0.098366 0.010778 0.011942
9 0.259581 0.086424 0.017365 0.015713
9 0.262275 0.094909 0.015569 0.013828
9 0.269162 0.100880 0.018563 0.018228
9 0.238922 0.106223 0.019162 0.022627
9 0.275749 0.109051 0.023353 0.018228
9 0.280838 0.114708 0.025150 0.021999
9 0.252695 0.125079 0.020359 0.017599
9 0.290120 0.131364 0.022156 0.020113
9 0.257186 0.132621 0.023353 0.018856
9 0.266766 0.148334 0.023353 0.018856
9 0.216168 0.135449 0.022754 0.025770
9 0.193114 0.155248 0.019760 0.017599
9 0.135329 0.255814 0.023952 0.018856
9 0.053892 0.264613 0.022754 0.017599
9 0.127545 0.235072 0.022754 0.017599
9 0.151796 0.208045 0.018563 0.016342
4 0.862874 0.562854 0.059880 0.027027
4 0.689521 0.455688 0.052096 0.055311
4 0.680539 0.335324 0.044910 0.059711
13 0.940120 0.367065 0.013174 0.025141
13 0.969760 0.237272 0.025749 0.028284
4 0.916467 0.219673 0.048503 0.052168
4 0.849701 0.317410 0.091018 0.094280
4 0.652994 0.248272 0.072455 0.079195
4 0.911677 0.112822 0.175449 0.131364
4 0.773952 0.054683 0.090419 0.108108
4 0.685928 0.049340 0.082036 0.097423
4 0.589521 0.052168 0.083234 0.101823
4 0.490120 0.028284 0.105988 0.055311
4 0.386527 0.039598 0.083234 0.077938
4 0.322754 0.066939 0.080240 0.093652
4 0.267365 0.121307 0.064072 0.074167
4 0.457485 0.181961 0.062275 0.050911
4 0.385928 0.194532 0.065269 0.052168
4 0.217365 0.162476 0.059880 0.068510
4 0.165569 0.200817 0.059281 0.065996
4 0.116467 0.233187 0.049701 0.062854
4 0.861078 0.649277 0.075449 0.062854
4 0.799102 0.563482 0.043713 0.115022
4 0.682036 0.539912 0.081437 0.045255
9 0.053892 0.148963 0.016766 0.025141
9 0.141317 0.196732 0.021557 0.016342
9 0.120958 0.214331 0.027545 0.021370
9 0.100299 0.187618 0.025749 0.021999
9 0.129940 0.161534 0.034731 0.015085
9 0.133234 0.089566 0.019760 0.025770
9 0.142515 0.081395 0.021557 0.024513
9 0.144910 0.069139 0.026347 0.031427
9 0.097006 0.113136 0.025150 0.027656
9 0.116766 0.135764 0.027545 0.025141
9 0.039222 0.152420 0.014970 0.024513
4 0.686527 0.603394 0.083234 0.050283
9 0.031737 0.158705 0.014371 0.025770
9 0.010778 0.167819 0.010778 0.018856
4 0.232934 0.383407 0.081437 0.060339
4 0.201796 0.432747 0.097006 0.079824
4 0.157784 0.516970 0.080838 0.065996
4 0.052695 0.562854 0.092216 0.043369
4 0.776048 0.841609 0.034731 0.074167
4 0.870060 0.786298 0.046707 0.057825
4 0.716766 0.702388 0.118563 0.111251
10 0.199701 0.038341 0.013772 0.012571
10 0.209880 0.029227 0.013772 0.014456
9 0.704192 0.343180 0.013174 0.027656
9 0.881138 0.104651 0.017365 0.033312
9 0.899102 0.016028 0.018563 0.030798
9 0.882036 0.023570 0.011976 0.034569
9 0.865868 0.019799 0.013174 0.038341
9 0.787725 0.054054 0.034132 0.018856
9 0.791317 0.043369 0.032934 0.020113
9 0.797904 0.016970 0.030539 0.017599
9 0.670060 0.221559 0.013174 0.020742
9 0.679940 0.247643 0.014970 0.022627
9 0.765269 0.007228 0.022754 0.013199
9 0.762275 0.016028 0.025150 0.014456
9 0.759880 0.025141 0.026347 0.013828
9 0.757784 0.036769 0.024551 0.013199
9 0.755389 0.044626 0.023353 0.012571
9 0.751497 0.055625 0.027545 0.010685
9 0.750898 0.064111 0.021557 0.010057
9 0.747605 0.074167 0.025749 0.015085
9 0.747006 0.082967 0.022156 0.010057
9 0.780539 0.082967 0.029341 0.015085
9 0.762575 0.097423 0.040120 0.017599
9 0.690719 0.089252 0.030539 0.015085
9 0.685329 0.077310 0.017365 0.008799
9 0.849701 0.104965 0.032335 0.020113
9 0.853593 0.121307 0.037725 0.023884
6 0.178144 0.030170 0.029341 0.027656
9 0.903593 0.094280 0.016766 0.033941
9 0.727844 0.593966 0.012575 0.031427
9 0.717365 0.446574 0.010778 0.033312
9 0.691617 0.549026 0.019162 0.010685
13 0.951796 0.798869 0.014970 0.022627
10 0.967964 0.351980 0.012575 0.007542
10 0.955389 0.356380 0.007784 0.015085
9 0.926048 0.149277 0.032934 0.018228
9 0.920359 0.135764 0.033533 0.020113
9 0.918563 0.121936 0.035928 0.022627
9 0.989521 0.065682 0.016168 0.032055
9 0.964371 0.075110 0.018563 0.032055
9 0.953892 0.079824 0.017964 0.033941
9 0.942216 0.082024 0.014970 0.023256
9 0.928443 0.086424 0.019760 0.033312
9 0.911377 0.014456 0.016766 0.027656
9 0.858084 0.771527 0.007186 0.015713
9 0.843413 0.789126 0.018563 0.045883
9 0.836826 0.289755 0.008982 0.010057
9 0.808982 0.312382 0.016766 0.031427
9 0.886826 0.215273 0.032335 0.019485
9 0.861677 0.170333 0.041916 0.027656
9 0.694611 0.060968 0.028743 0.017599
9 0.697305 0.047769 0.028144 0.017599
9 0.702695 0.033941 0.030539 0.018856
9 0.703593 0.021370 0.028743 0.016342
9 0.329940 0.111879 0.028743 0.022627
9 0.354491 0.096166 0.025150 0.023884
9 0.350599 0.083909 0.029341 0.025770
9 0.323353 0.101823 0.023952 0.020113
9 0.345210 0.073853 0.025749 0.021999
9 0.312275 0.085795 0.024551 0.020742
9 0.337725 0.064425 0.026347 0.021999
9 0.380539 0.057825 0.024551 0.025141
9 0.400000 0.037712 0.033533 0.030170
9 0.363772 0.034255 0.025749 0.029541
9 0.331737 0.054997 0.026347 0.019485
9 0.302096 0.066939 0.024551 0.020742
9 0.383832 0.014771 0.032335 0.028284
9 0.347605 0.011628 0.018563 0.021999
9 0.320359 0.036455 0.025150 0.020113
9 0.293713 0.057511 0.023353 0.018228
10 0.273353 0.010371 0.013772 0.015713
10 0.267665 0.014142 0.011976 0.014456
10 0.262874 0.019485 0.013174 0.013828
10 0.253892 0.030170 0.014371 0.013828
10 0.214671 0.022627 0.012575 0.012571
9 0.412575 0.064111 0.034731 0.015085
9 0.301497 0.196732 0.013772 0.016342
9 0.376048 0.169390 0.044311 0.019485
9 0.616766 0.061596 0.021557 0.020113
9 0.707485 0.010685 0.030539 0.008799
9 0.667964 0.032998 0.023353 0.009428
9 0.673353 0.015713 0.023353 0.010057
9 0.659581 0.086109 0.023353 0.008799
9 0.656587 0.074481 0.023353 0.010685
9 0.661377 0.063482 0.023353 0.008799
9 0.584731 0.084538 0.049701 0.038341
9 0.561078 0.075110 0.007186 0.010685
9 0.579341 0.065996 0.035329 0.025141
9 0.614671 0.046826 0.022156 0.018228
9 0.474850 0.020113 0.038323 0.030170
9 0.617365 0.034255 0.022754 0.018228
9 0.617665 0.021684 0.019760 0.015713
9 0.618862 0.011314 0.023353 0.020113
9 0.437725 0.174104 0.021557 0.008799
9 0.533832 0.024199 0.022156 0.018228
9 0.520659 0.014456 0.034132 0.026398
9 0.469162 0.064111 0.008982 0.012571
9 0.487425 0.054683 0.009581 0.012571
9 0.483234 0.034884 0.038323 0.030798
4 0.049102 0.284412 0.095808 0.083595
