9 0.212735 0.428623 0.030391 0.010760
4 0.318017 0.742826 0.035456 0.048063
4 0.869392 0.572812 0.051375 0.039455
4 0.898698 0.609756 0.053546 0.043042
4 0.923661 0.645265 0.061505 0.049498
4 0.928365 0.687231 0.040521 0.031564
4 0.935239 0.741392 0.051375 0.038020
4 0.930535 0.769727 0.056440 0.040172
4 0.885311 0.794835 0.041245 0.047346
4 0.839363 0.786227 0.031838 0.027260
4 0.765195 0.781564 0.067294 0.036585
4 0.702967 0.777618 0.020984 0.035868
4 0.658466 0.775108 0.020260 0.038020
4 0.610709 0.772597 0.028944 0.032999
4 0.553184 0.771162 0.031114 0.038737
4 0.499638 0.769010 0.026773 0.043042
4 0.455137 0.769727 0.047757 0.044476
4 0.832851 0.534792 0.040521 0.035151
4 0.812590 0.507891 0.040521 0.035868
4 0.778582 0.453372 0.047757 0.041607
4 0.461288 0.146700 0.023878 0.078192
4 0.031476 0.049139 0.028220 0.036585
4 0.203329 0.120875 0.057887 0.049498
4 0.268090 0.131994 0.031114 0.065997
4 0.311143 0.131994 0.049204 0.076040
4 0.358900 0.151004 0.023155 0.046628
4 0.414616 0.137374 0.040521 0.085366
4 0.504703 0.172525 0.026773 0.039455
4 0.761939 0.404591 0.075253 0.063128
4 0.548480 0.178623 0.043415 0.047346
4 0.606368 0.212697 0.052098 0.046628
4 0.636758 0.262195 0.034732 0.027977
4 0.680174 0.281205 0.073806 0.048780
4 0.692836 0.331062 0.041245 0.035151
4 0.720333 0.370875 0.047033 0.041607
4 0.392547 0.756815 0.036903 0.034433
4 0.274240 0.738881 0.033285 0.047346
9 0.217438 0.549139 0.025326 0.009326
4 0.242764 0.728121 0.052822 0.045911
9 0.910999 0.764706 0.018813 0.022956
9 0.889653 0.764347 0.029667 0.033716
9 0.875181 0.787661 0.018090 0.022956
9 0.859262 0.781564 0.009407 0.019369
9 0.790159 0.778336 0.008683 0.017217
9 0.741317 0.777977 0.010854 0.025108
9 0.594428 0.766141 0.012301 0.031564
9 0.573444 0.766141 0.009407 0.024390
9 0.536541 0.761836 0.009407 0.017217
9 0.467800 0.762912 0.009407 0.023673
9 0.442836 0.772238 0.008683 0.020803
9 0.339363 0.728479 0.010130 0.016499
9 0.278582 0.725251 0.011577 0.015782
9 0.244573 0.697991 0.021708 0.018651
9 0.215991 0.598996 0.034009 0.012912
9 0.907019 0.733859 0.015195 0.022956
9 0.750362 0.435079 0.018813 0.016499
9 0.760854 0.449785 0.023878 0.021521
4 0.202243 0.407461 0.019537 0.030129
4 0.227931 0.706241 0.052098 0.042324
4 0.209117 0.665710 0.026049 0.024390
4 0.213459 0.612626 0.033285 0.015782
4 0.207670 0.565280 0.046310 0.021521
4 0.206946 0.508967 0.028944 0.020803
4 0.209479 0.459469 0.031114 0.015065
9 0.217800 0.131277 0.020260 0.025825
9 0.719971 0.388809 0.021708 0.018651
9 0.344428 0.162123 0.013025 0.022956
9 0.583936 0.205524 0.023155 0.020803
9 0.595514 0.221664 0.021708 0.018651
9 0.652677 0.281205 0.024602 0.021521
9 0.677279 0.327116 0.020260 0.017217
9 0.729740 0.403874 0.025326 0.021521
4 0.098770 0.040172 0.047033 0.065997
