9 0.913622 0.671911 0.006797 0.064103
4 0.250496 0.488928 0.020108 0.089744
4 0.303455 0.507576 0.021807 0.094406
4 0.358963 0.518065 0.012178 0.089744
4 0.373549 0.526224 0.005098 0.087413
4 0.399604 0.534965 0.005664 0.083916
4 0.418720 0.540793 0.022940 0.088578
4 0.521807 0.576340 0.018975 0.082751
4 0.569385 0.587413 0.030303 0.037296
4 0.674880 0.624126 0.015293 0.078089
4 0.723166 0.644522 0.028604 0.048951
4 0.773718 0.632867 0.023223 0.060606
4 0.833758 0.654429 0.027754 0.061772
4 0.883036 0.666667 0.024922 0.069930
4 0.929907 0.681235 0.028604 0.068765
4 0.960776 0.449301 0.020674 0.068765
4 0.919145 0.441142 0.022373 0.071096
4 0.872274 0.439977 0.035684 0.087413
4 0.810394 0.413170 0.017276 0.071096
4 0.753328 0.393357 0.020957 0.050117
4 0.710564 0.384615 0.027188 0.048951
4 0.606769 0.358392 0.025205 0.064103
4 0.551543 0.337413 0.031436 0.066434
4 0.504531 0.322844 0.027471 0.081585
4 0.439252 0.308275 0.023789 0.082751
4 0.403427 0.284382 0.033135 0.060606
4 0.344803 0.279138 0.025205 0.040793
4 0.290286 0.265152 0.023223 0.089744
4 0.237043 0.255828 0.048145 0.134033
4 0.185500 0.247086 0.041348 0.044289
4 0.118946 0.222611 0.043614 0.069930
4 0.321863 0.512238 0.004815 0.087413
4 0.269612 0.494755 0.006231 0.082751
9 0.976352 0.463869 0.013311 0.030303
4 0.165251 0.470862 0.011045 0.067599
9 0.882753 0.460373 0.009063 0.069930
9 0.850892 0.652681 0.010479 0.079254
9 0.831068 0.611888 0.015576 0.032634
9 0.817757 0.638112 0.007647 0.087413
9 0.772019 0.438228 0.019258 0.039627
9 0.784056 0.592657 0.027471 0.047786
9 0.734494 0.610723 0.025772 0.046620
9 0.694138 0.384033 0.007363 0.071096
9 0.666525 0.406177 0.014444 0.029138
9 0.664684 0.615967 0.007930 0.078089
9 0.591900 0.391608 0.015293 0.030303
9 0.570093 0.358392 0.007363 0.071096
9 0.533418 0.586247 0.007080 0.069930
9 0.508921 0.569347 0.010762 0.092075
9 0.455537 0.331585 0.007647 0.061772
9 0.394364 0.280303 0.018408 0.033800
9 0.392948 0.326340 0.022373 0.037296
9 0.405834 0.531469 0.007363 0.069930
9 0.369442 0.513986 0.007647 0.081585
9 0.334466 0.304779 0.016992 0.031469
9 0.317615 0.497086 0.008779 0.073427
9 0.229114 0.294289 0.019258 0.033800
9 0.276551 0.271562 0.008213 0.083916
9 0.263381 0.480769 0.007930 0.066434
9 0.165109 0.466783 0.006231 0.052448
9 0.148683 0.230769 0.016992 0.065268
9 0.094732 0.210956 0.007647 0.074592
9 0.031436 0.185315 0.017559 0.074592
4 0.076890 0.407343 0.043331 0.036131
4 0.051827 0.187063 0.044180 0.068765
