4 0.979371 0.446030 0.006801 0.112903
4 0.278903 0.586228 0.004987 0.157568
4 0.460707 0.364144 0.007405 0.135236
4 0.431464 0.412531 0.008765 0.264268
4 0.416352 0.385856 0.005138 0.178660
4 0.401995 0.421216 0.005138 0.160050
4 0.383331 0.442928 0.005894 0.176179
4 0.340411 0.495658 0.003476 0.120347
4 0.321823 0.508065 0.004685 0.122829
4 0.263866 0.603598 0.005138 0.137717
4 0.490328 0.354839 0.003476 0.114144
4 0.250340 0.609181 0.005592 0.138958
4 0.235756 0.587469 0.003325 0.264268
4 0.217470 0.547146 0.005743 0.374690
4 0.188832 0.458437 0.007103 0.447891
4 0.148859 0.575682 0.006045 0.312655
4 0.098534 0.537841 0.005441 0.383375
4 0.064984 0.528536 0.006045 0.399504
4 0.477860 0.367866 0.003023 0.130273
4 0.512695 0.354218 0.008614 0.117866
4 0.962445 0.503722 0.004685 0.176179
4 0.740215 0.461538 0.003929 0.163772
4 0.937661 0.516129 0.005894 0.285360
4 0.910760 0.579404 0.004987 0.121588
4 0.891416 0.673697 0.005894 0.121588
4 0.829454 0.503102 0.004987 0.236973
4 0.793864 0.434864 0.007556 0.227047
4 0.773765 0.455335 0.008463 0.250620
4 0.757443 0.411290 0.002418 0.122829
4 0.722306 0.485732 0.004987 0.120347
4 0.531963 0.370968 0.006347 0.094293
4 0.697673 0.465261 0.009521 0.119107
4 0.686640 0.471464 0.005289 0.116625
4 0.655509 0.430521 0.004987 0.032258
4 0.606544 0.452233 0.010125 0.105459
4 0.582515 0.408809 0.004685 0.070720
4 0.569669 0.380893 0.006801 0.096774
4 0.548738 0.367866 0.008463 0.120347
4 0.032265 0.565757 0.008916 0.176179
