4 0.979268 0.244105 0.014012 0.126638
4 0.482699 0.618341 0.017158 0.206114
4 0.017015 0.933188 0.009437 0.098690
4 0.100229 0.802183 0.020303 0.240175
4 0.131541 0.749782 0.024593 0.276856
4 0.159279 0.725764 0.029168 0.307424
4 0.190735 0.700437 0.030312 0.263755
4 0.228053 0.691266 0.022019 0.252402
4 0.260652 0.610480 0.027738 0.244541
4 0.289248 0.632314 0.017444 0.183406
4 0.326995 0.657642 0.020303 0.199127
4 0.352731 0.650218 0.021447 0.217467
4 0.384329 0.675983 0.015442 0.185153
4 0.417072 0.662882 0.019159 0.162445
4 0.503146 0.585590 0.024307 0.241921
4 0.949671 0.227074 0.025164 0.242795
4 0.534601 0.587773 0.021447 0.207860
4 0.581069 0.554148 0.022305 0.213974
4 0.611238 0.528384 0.024878 0.227074
4 0.639548 0.513100 0.020875 0.215721
4 0.692165 0.482969 0.020875 0.195633
4 0.757077 0.404367 0.022019 0.202620
4 0.787103 0.384716 0.019159 0.177293
4 0.814698 0.329694 0.021161 0.206987
4 0.845582 0.303057 0.021733 0.218341
4 0.869888 0.278166 0.021161 0.220961
4 0.894195 0.248908 0.020017 0.227074
4 0.920503 0.243231 0.022305 0.220961
4 0.067915 0.806550 0.018015 0.236681
