13 0.803611 0.007986 0.016411 0.014941
4 0.967177 0.042761 0.042670 0.036064
4 0.906182 0.184956 0.067287 0.060793
4 0.910284 0.268676 0.122538 0.123132
4 0.854486 0.373519 0.126915 0.129830
4 0.777626 0.496394 0.106674 0.108707
4 0.731127 0.537094 0.099015 0.101494
4 0.701039 0.579341 0.074945 0.078825
4 0.647976 0.619526 0.090263 0.093251
4 0.606127 0.672334 0.109409 0.122617
4 0.562090 0.695003 0.077133 0.083462
4 0.489880 0.718444 0.082604 0.086038
4 0.319201 0.769706 0.048687 0.103040
4 0.257385 0.828181 0.058534 0.093251
4 0.195842 0.858320 0.064551 0.094796
4 0.032823 0.886914 0.062363 0.075734
