10 0.136555 0.302108 0.005882 0.014052
10 0.140336 0.312646 0.005042 0.011710
10 0.134244 0.323770 0.004622 0.014052
4 0.594328 0.344555 0.038235 0.067330
4 0.365966 0.670375 0.066387 0.233021
4 0.410924 0.629391 0.067227 0.247073
4 0.443277 0.573478 0.054622 0.200820
4 0.566176 0.525176 0.093697 0.200234
4 0.595588 0.478044 0.109664 0.228923
4 0.726050 0.346311 0.101681 0.198478
4 0.759874 0.307670 0.098739 0.196136
4 0.796008 0.257319 0.102941 0.203162
4 0.298319 0.637295 0.036134 0.182084
4 0.252521 0.663934 0.047059 0.236534
4 0.163235 0.726581 0.055042 0.266979
4 0.119328 0.696429 0.044538 0.157494
