9 0.916927 0.636477 0.021061 0.009182
9 0.851404 0.647329 0.014821 0.012521
4 0.314353 0.203881 0.137285 0.078881
4 0.501950 0.265651 0.181747 0.110601
4 0.521841 0.318030 0.054602 0.055092
4 0.590484 0.345993 0.024961 0.020868
4 0.712559 0.331594 0.128705 0.085559
4 0.781591 0.363314 0.134165 0.091402
4 0.944618 0.591611 0.106084 0.061352
4 0.860374 0.620409 0.145086 0.030467
4 0.700468 0.598915 0.149766 0.022538
4 0.806162 0.645033 0.122465 0.025459
4 0.667707 0.645242 0.151326 0.015860
4 0.633385 0.683431 0.081123 0.010434
4 0.660296 0.815526 0.155226 0.047579
4 0.644306 0.846828 0.157566 0.035893
4 0.618175 0.944282 0.167707 0.036311
9 0.535881 0.232679 0.020281 0.011269
9 0.739080 0.292780 0.025741 0.017947
4 0.202418 0.162145 0.166147 0.094741
