9 0.097403 0.776175 0.051948 0.019231
9 0.790353 0.698718 0.059369 0.022436
9 0.586271 0.423077 0.057514 0.024573
9 0.548701 0.361912 0.047310 0.020833
9 0.570965 0.101496 0.045455 0.017094
4 0.701299 0.784722 0.358071 0.108974
4 0.635436 0.722222 0.363636 0.088675
4 0.621521 0.642361 0.278293 0.087073
4 0.547774 0.525908 0.260668 0.092415
4 0.491651 0.459669 0.270872 0.074252
4 0.460575 0.394765 0.240260 0.063034
4 0.428108 0.327190 0.203154 0.055021
4 0.415584 0.264957 0.187384 0.048077
4 0.408163 0.175481 0.450835 0.104167
4 0.357143 0.140224 0.500928 0.121261
