4 0.777662 0.796992 0.004544 0.108271
4 0.414773 0.100000 0.007982 0.157895
4 0.494474 0.239098 0.005035 0.165414
4 0.477158 0.246617 0.004544 0.117293
4 0.467887 0.218797 0.005403 0.106767
4 0.451615 0.167669 0.005772 0.160902
4 0.431536 0.149624 0.006877 0.151880
4 0.422694 0.121805 0.004912 0.132331
4 0.405870 0.081955 0.004421 0.133835
4 0.512587 0.275188 0.007123 0.171429
4 0.377686 0.067669 0.003561 0.132331
4 0.385484 0.072180 0.003684 0.141353
13 0.338573 0.149624 0.004912 0.034586
4 0.108744 0.093233 0.005035 0.186466
4 0.096770 0.117293 0.006631 0.198496
4 0.046482 0.212782 0.006017 0.320301
4 0.503623 0.254887 0.006877 0.169925
4 0.538745 0.321805 0.005403 0.183459
4 0.786258 0.802256 0.005772 0.142857
2 0.763723 0.501504 0.028982 1.000000
4 0.795837 0.810526 0.003561 0.111278
4 0.812170 0.889474 0.003807 0.085714
4 0.827336 0.890977 0.004667 0.121805
4 0.842012 0.929323 0.004544 0.123308
4 0.858406 0.948872 0.004912 0.096241
4 0.877072 0.951880 0.004175 0.096241
4 0.734373 0.724812 0.004421 0.153383
4 0.547034 0.384962 0.003561 0.111278
4 0.689242 0.639850 0.004298 0.142857
4 0.681444 0.615038 0.004667 0.159398
4 0.647734 0.560150 0.005035 0.172932
4 0.632138 0.529323 0.004789 0.180451
4 0.610340 0.484211 0.004421 0.168421
4 0.556797 0.367669 0.005403 0.166917
4 0.036227 0.224812 0.005895 0.314286
