4 0.650136 0.834615 0.012894 0.251282
4 0.321721 0.364744 0.019092 0.247436
4 0.587900 0.187179 0.017357 0.325641
4 0.559509 0.184615 0.012150 0.341026
4 0.534094 0.185897 0.008926 0.338462
4 0.518969 0.194231 0.008430 0.337179
4 0.492189 0.191667 0.013885 0.362821
4 0.460203 0.242308 0.010910 0.284615
4 0.242871 0.385256 0.011654 0.191026
4 0.670221 0.176282 0.009422 0.306410
4 0.214728 0.416026 0.018349 0.221795
4 0.185842 0.474359 0.016613 0.125641
4 0.162162 0.405769 0.009422 0.185897
4 0.133771 0.436538 0.017605 0.244872
4 0.116787 0.413462 0.006943 0.155128
4 0.093603 0.486538 0.021572 0.170513
4 0.646169 0.177564 0.016365 0.301282
4 0.712745 0.196154 0.013637 0.261538
4 0.666749 0.813462 0.008926 0.211538
4 0.953137 0.150000 0.012894 0.202564
4 0.704190 0.833333 0.010910 0.269231
4 0.762088 0.833974 0.014629 0.329487
4 0.781180 0.832051 0.008182 0.325641
4 0.800025 0.823718 0.011654 0.308974
4 0.815150 0.817949 0.008182 0.228205
4 0.852343 0.757051 0.009670 0.211538
4 0.927349 0.178205 0.013390 0.202564
4 0.737416 0.196795 0.015373 0.229487
4 0.894247 0.192949 0.006199 0.170513
4 0.881230 0.193590 0.006447 0.184615
4 0.856806 0.200641 0.009670 0.183333
4 0.832507 0.226282 0.010166 0.137179
4 0.815770 0.213462 0.006943 0.134615
4 0.798413 0.214103 0.006447 0.212821
4 0.011034 0.502564 0.020580 0.243590
