13 0.937258 0.433298 0.043671 0.031513
4 0.598673 0.514181 0.018795 0.017857
4 0.553344 0.558561 0.018795 0.017332
4 0.532615 0.577731 0.021559 0.021008
4 0.469044 0.629727 0.022664 0.022059
4 0.444721 0.647321 0.024876 0.022584
4 0.396904 0.689338 0.023217 0.021534
4 0.373134 0.709034 0.027640 0.024160
4 0.330017 0.751576 0.027640 0.025210
4 0.309840 0.772059 0.025981 0.024160
4 0.262576 0.813025 0.023217 0.021008
4 0.239912 0.829832 0.019900 0.019958
4 0.215865 0.854254 0.020453 0.018382
4 0.198176 0.875525 0.020453 0.018908
4 0.181316 0.899947 0.017689 0.016282
4 0.157822 0.940651 0.025981 0.026261
4 0.141791 0.969013 0.022664 0.021008
4 0.576838 0.535714 0.019348 0.017857
4 0.617745 0.492910 0.021559 0.020483
13 0.820619 0.597952 0.029298 0.024685
4 0.645937 0.470588 0.020453 0.017857
13 0.682974 0.981880 0.035931 0.027836
13 0.559978 0.774685 0.035379 0.030462
4 0.692371 0.420693 0.019348 0.017857
4 0.739912 0.378676 0.019348 0.017857
4 0.758706 0.358981 0.019348 0.019433
4 0.797678 0.314601 0.017689 0.016807
4 0.821725 0.289916 0.018242 0.016807
4 0.848535 0.260242 0.018795 0.017332
4 0.867606 0.240021 0.018242 0.016807
4 0.889165 0.218487 0.017137 0.015756
4 0.908237 0.197216 0.019900 0.018382
4 0.929243 0.172006 0.018795 0.017332
4 0.949143 0.149685 0.017689 0.016807
4 0.977336 0.124737 0.017689 0.017332
4 0.669431 0.437763 0.025428 0.022584
4 0.121891 0.992910 0.021559 0.014181
