13 0.891949 0.504118 0.026029 0.011176
4 0.839286 0.498235 0.062349 0.020000
4 0.781174 0.531765 0.044189 0.021765
4 0.757567 0.554265 0.052663 0.021471
13 0.855327 0.530000 0.019370 0.011176
13 0.826271 0.552206 0.025424 0.007941
13 0.809625 0.563235 0.023608 0.009412
4 0.727300 0.571765 0.050242 0.024706
4 0.689467 0.586765 0.056901 0.030000
4 0.644673 0.609118 0.055690 0.030588
4 0.567797 0.630147 0.053269 0.026765
4 0.529056 0.658971 0.048426 0.023824
4 0.496671 0.689265 0.062349 0.027353
4 0.471550 0.708235 0.062954 0.029412
4 0.427361 0.726912 0.054479 0.025588
4 0.379843 0.760147 0.063559 0.030294
4 0.337167 0.783088 0.064165 0.030882
4 0.298729 0.810441 0.064770 0.030294
4 0.260291 0.832500 0.065375 0.029118
4 0.223063 0.851471 0.064770 0.029412
4 0.160109 0.870882 0.036925 0.022353
4 0.139528 0.901618 0.063559 0.027941
4 0.108051 0.918971 0.070823 0.031471
4 0.802058 0.516912 0.044794 0.021471
4 0.859867 0.482206 0.062349 0.024412
13 0.957930 0.418088 0.019976 0.009118
4 0.874395 0.460000 0.067191 0.021765
4 0.898002 0.112500 0.104722 0.026765
4 0.926150 0.135441 0.094431 0.013824
4 0.942797 0.147206 0.097458 0.009706
4 0.953692 0.163235 0.087772 0.007059
4 0.954903 0.173088 0.082930 0.006176
4 0.957022 0.182794 0.079903 0.010882
4 0.941889 0.194853 0.046005 0.012647
4 0.981840 0.192647 0.036320 0.004118
4 0.957930 0.206765 0.067191 0.011176
4 0.961864 0.225000 0.066586 0.014706
4 0.966707 0.251176 0.064165 0.024706
4 0.961864 0.267206 0.071429 0.023824
4 0.966404 0.303529 0.059927 0.018235
4 0.961562 0.315588 0.061138 0.017647
4 0.926755 0.316471 0.016949 0.010588
4 0.944007 0.344559 0.061138 0.020882
4 0.929479 0.372059 0.064770 0.022353
4 0.922518 0.392500 0.064165 0.023824
4 0.903450 0.414559 0.062349 0.022647
4 0.893765 0.434265 0.059927 0.016176
4 0.863499 0.437353 0.013923 0.010000
4 0.087470 0.933529 0.062349 0.027647
4 0.052663 0.955735 0.058111 0.025000
4 0.029661 0.971176 0.058111 0.027059
4 0.521489 0.992941 0.021186 0.011176
13 0.144370 0.933824 0.030872 0.015882
13 0.212167 0.891912 0.019976 0.009706
13 0.391041 0.906324 0.021792 0.011471
13 0.283898 0.968088 0.023002 0.011471
13 0.705811 0.922353 0.016949 0.012941
13 0.608051 0.860882 0.019976 0.010000
13 0.759383 0.886618 0.016344 0.010294
13 0.837167 0.821471 0.021792 0.012941
13 0.747579 0.760294 0.021792 0.005882
13 0.606235 0.770735 0.023608 0.010294
13 0.561138 0.795147 0.020581 0.009118
13 0.553571 0.809265 0.019976 0.010294
13 0.690678 0.724559 0.016949 0.007353
13 0.739407 0.702794 0.016344 0.007353
13 0.669492 0.640882 0.018160 0.012353
13 0.821429 0.638529 0.019370 0.009412
13 0.842312 0.615441 0.016344 0.010882
13 0.789649 0.926765 0.018765 0.011765
13 0.860169 0.972941 0.026634 0.015294
13 0.922215 0.891618 0.016344 0.009706
13 0.948547 0.660588 0.018160 0.007059
4 0.760593 0.730882 0.016344 0.007647
4 0.764225 0.723971 0.016344 0.006176
4 0.757567 0.716765 0.016344 0.008824
4 0.577482 0.849853 0.015738 0.007941
4 0.454600 0.960588 0.035109 0.018235
4 0.404056 0.916765 0.027240 0.014118
4 0.354722 0.948235 0.020581 0.010000
4 0.313559 0.971765 0.024213 0.012353
4 0.345036 0.988676 0.027845 0.014412
4 0.442191 0.896765 0.017554 0.009412
4 0.491828 0.900147 0.024818 0.012059
4 0.541768 0.869412 0.019370 0.009412
4 0.526634 0.847059 0.024213 0.013529
4 0.565981 0.828382 0.027845 0.012647
4 0.747579 0.712941 0.007264 0.007647
4 0.603814 0.805735 0.019976 0.010882
4 0.636501 0.815735 0.022397 0.012059
4 0.664649 0.801471 0.019370 0.010000
4 0.660109 0.774559 0.023608 0.012059
4 0.692797 0.781765 0.018765 0.009412
4 0.721550 0.759706 0.016949 0.008824
4 0.690981 0.753676 0.019976 0.010882
4 0.744855 0.743676 0.015133 0.007353
4 0.722760 0.727647 0.019370 0.009412
4 0.879540 0.090294 0.104116 0.016471
