12 0.188445 0.325184 0.022384 0.007353
7 0.704779 0.320956 0.163339 0.047426
7 0.372353 0.156066 0.157895 0.046324
7 0.438899 0.188971 0.151845 0.045221
7 0.858439 0.233732 0.157290 0.045772
7 0.724440 0.167555 0.154265 0.045404
7 0.657592 0.133732 0.151240 0.047610
7 0.587417 0.101930 0.151240 0.045404
7 0.519661 0.068382 0.148820 0.045221
7 0.770720 0.353493 0.154870 0.046324
12 0.131579 0.291085 0.032063 0.007904
7 0.837266 0.386949 0.160920 0.047426
7 0.802783 0.521232 0.124622 0.034743
7 0.800968 0.561029 0.119782 0.036029
7 0.794616 0.598529 0.119177 0.034559
7 0.794313 0.637960 0.119782 0.033272
7 0.774955 0.733456 0.124622 0.034559
7 0.750151 0.964982 0.127042 0.035846
7 0.299758 0.122978 0.153055 0.045588
