6 0.709384 0.482913 0.044818 0.044752
10 0.508754 0.661107 0.030112 0.033360
10 0.434874 0.771359 0.029412 0.030919
10 0.445728 0.760374 0.028711 0.031733
10 0.524160 0.791294 0.034314 0.034988
10 0.537115 0.775427 0.033613 0.037429
10 0.504552 0.835639 0.032913 0.034174
10 0.501050 0.674125 0.028711 0.031733
10 0.530462 0.631408 0.032913 0.032547
10 0.468137 0.700163 0.028711 0.030106
10 0.582283 0.694060 0.044118 0.045566
10 0.547969 0.757933 0.039916 0.039870
10 0.572129 0.533767 0.042017 0.042311
10 0.462185 0.722539 0.037815 0.043938
10 0.653361 0.573230 0.036415 0.039870
10 0.687675 0.515460 0.039216 0.039870
10 0.390056 0.735151 0.032213 0.031733
10 0.239496 0.496745 0.039216 0.036615
10 0.630602 0.449146 0.035714 0.035801
6 0.847339 0.312449 0.049020 0.066721
6 0.465336 0.054923 0.042717 0.062653
6 0.487395 0.054109 0.030812 0.052889
6 0.599440 0.181448 0.039216 0.052075
6 0.617997 0.195688 0.039916 0.052889
6 0.708333 0.218470 0.032913 0.052889
6 0.832633 0.298210 0.049020 0.064280
6 0.468838 0.305940 0.049720 0.071603
10 0.232843 0.389748 0.032913 0.042311
6 0.530112 0.324654 0.049020 0.076485
6 0.235294 0.469894 0.060224 0.049634
6 0.646008 0.384459 0.042717 0.043124
6 0.620098 0.466233 0.038515 0.039056
10 0.398109 0.146867 0.024510 0.036615
10 0.249300 0.083401 0.022409 0.033360
10 0.608193 0.479658 0.031513 0.033360
10 0.548319 0.416599 0.023810 0.034174
10 0.564776 0.724573 0.035714 0.038242
6 0.635154 0.209927 0.035014 0.045566
6 0.667717 0.554923 0.044118 0.045566
6 0.698179 0.498779 0.036415 0.035801
6 0.556723 0.355167 0.035014 0.048007
6 0.745798 0.315297 0.037815 0.054516
6 0.706232 0.287632 0.044118 0.056143
6 0.644958 0.233116 0.033613 0.046379
6 0.867997 0.310008 0.031513 0.042311
6 0.373950 0.775427 0.050420 0.047193
6 0.812325 0.400325 0.032213 0.045566
6 0.802171 0.379577 0.031513 0.044752
6 0.787115 0.370220 0.029412 0.042311
6 0.719888 0.468267 0.035014 0.033360
10 0.562325 0.574451 0.030812 0.034174
10 0.602941 0.654190 0.030812 0.032547
6 0.399860 0.699349 0.043417 0.039870
6 0.379552 0.751017 0.043417 0.040683
10 0.564776 0.419854 0.025910 0.037429
10 0.593137 0.394223 0.030812 0.041497
10 0.568978 0.370220 0.030112 0.042311
10 0.534314 0.349471 0.023810 0.034988
10 0.492297 0.364117 0.025210 0.033360
10 0.503501 0.373474 0.026611 0.034174
10 0.512605 0.386900 0.030812 0.038242
10 0.514356 0.317738 0.025910 0.031733
10 0.717087 0.246949 0.032213 0.031733
6 0.262955 0.453214 0.034314 0.034174
10 0.778711 0.344589 0.037815 0.048007
10 0.503852 0.063873 0.034314 0.049634
10 0.318978 0.598047 0.034314 0.042311
6 0.327731 0.057364 0.044818 0.074044
6 0.264356 0.427990 0.044118 0.039056
6 0.275910 0.412531 0.040616 0.039056
6 0.276961 0.076485 0.051120 0.086249
