4 0.559618 0.385212 0.044444 0.042647
4 0.527599 0.878289 0.065950 0.031847
4 0.493907 0.818194 0.061171 0.051786
4 0.450657 0.813764 0.041577 0.057879
4 0.409797 0.799225 0.023895 0.053171
4 0.312784 0.773608 0.023895 0.047355
4 0.255556 0.757269 0.024134 0.057879
4 0.205376 0.751454 0.034648 0.061756
4 0.112903 0.736084 0.029869 0.033232
4 0.051971 0.668651 0.020311 0.030739
4 0.042294 0.606480 0.015771 0.019939
4 0.125806 0.440183 0.024612 0.025201
4 0.169056 0.399474 0.021744 0.022431
4 0.212903 0.366657 0.023895 0.028801
4 0.269176 0.325395 0.036559 0.050955
4 0.307766 0.292440 0.032975 0.041540
4 0.339904 0.267239 0.047551 0.057048
4 0.376464 0.228053 0.056153 0.061756
4 0.405018 0.185544 0.060693 0.064248
4 0.434289 0.141651 0.059498 0.050125
4 0.469892 0.090418 0.065711 0.058433
4 0.515293 0.842149 0.060454 0.028801
4 0.483274 0.907366 0.036081 0.045694
4 0.532019 0.437275 0.041816 0.009416
4 0.448268 0.929521 0.019594 0.032955
4 0.529630 0.490307 0.056631 0.043478
4 0.560096 0.509416 0.049223 0.062310
4 0.590920 0.533509 0.032975 0.058433
4 0.631422 0.538632 0.012664 0.074772
4 0.660215 0.525201 0.019594 0.067294
4 0.697730 0.507616 0.032497 0.049294
4 0.763919 0.428690 0.043489 0.046525
4 0.799283 0.377873 0.047312 0.047355
4 0.818160 0.339795 0.042055 0.039878
4 0.843967 0.292301 0.043011 0.036278
4 0.870370 0.225699 0.052330 0.036555
4 0.887455 0.180836 0.055436 0.043201
4 0.900478 0.108003 0.058065 0.036555
4 0.904421 0.057879 0.058781 0.027139
4 0.199642 0.846580 0.013142 0.024924
4 0.290920 0.916090 0.023178 0.058709
4 0.350060 0.925090 0.027240 0.055663
4 0.414576 0.938798 0.029152 0.058709
4 0.473477 0.954029 0.020789 0.023816
4 0.489008 0.052617 0.058065 0.047632
