10 0.979807 0.421976 0.033363 0.027701
10 0.936348 0.453370 0.041264 0.027701
14 0.596576 0.285319 0.120281 0.180979
14 0.708955 0.246076 0.120281 0.180055
14 0.808604 0.162973 0.114135 0.180055
14 0.533802 0.627424 0.115891 0.180055
14 0.418349 0.664820 0.115013 0.179132
14 0.304214 0.699446 0.116769 0.181902
10 0.163740 0.469529 0.032485 0.017544
10 0.838894 0.833795 0.032485 0.036934
10 0.960931 0.933056 0.028973 0.036011
10 0.975417 0.404894 0.038630 0.026777
10 0.950834 0.489843 0.033363 0.024931
10 0.942493 0.287165 0.025461 0.044321
10 0.938104 0.921053 0.028973 0.036011
10 0.843284 0.954294 0.030729 0.037858
10 0.968832 0.385503 0.037752 0.024931
10 0.962687 0.366113 0.037752 0.023084
10 0.921861 0.380886 0.033363 0.023084
13 0.259438 0.300554 0.116769 0.109880
