10 0.851068 0.881340 0.019231 0.021405
10 0.823077 0.981387 0.016239 0.018613
10 0.948504 0.841554 0.016667 0.018148
10 0.924359 0.868311 0.015385 0.016752
10 0.911966 0.882271 0.016239 0.018613
10 0.855342 0.872732 0.015812 0.017217
10 0.826709 0.906701 0.015812 0.017217
10 0.839316 0.893439 0.017094 0.017683
10 0.760684 0.980689 0.018803 0.020940
10 0.779701 0.959981 0.019231 0.021405
10 0.815598 0.920893 0.017521 0.018613
10 0.856838 0.939041 0.017094 0.019544
10 0.852137 0.947185 0.016239 0.019079
10 0.845940 0.952536 0.015812 0.016752
10 0.840598 0.959981 0.014530 0.016752
10 0.834188 0.966961 0.016239 0.018613
10 0.827137 0.972778 0.016667 0.019079
10 0.969658 0.823174 0.016239 0.018613
5 0.114744 0.814332 0.070513 0.076315
5 0.170085 0.755235 0.067521 0.074453
5 0.223077 0.694044 0.067521 0.074919
5 0.281197 0.631456 0.082906 0.085621
5 0.385897 0.517683 0.071795 0.080503
5 0.444444 0.458585 0.073504 0.079572
5 0.848291 0.302001 0.065812 0.069800
5 0.414316 0.778734 0.071368 0.073988
5 0.469231 0.720335 0.066667 0.073523
5 0.524145 0.660540 0.064530 0.074919
5 0.576496 0.603071 0.062393 0.070731
5 0.687179 0.484877 0.064103 0.069800
5 0.655769 0.217543 0.067094 0.070265
5 0.217735 0.452536 0.068803 0.072127
10 0.953419 0.835040 0.017094 0.018148
10 0.941667 0.782922 0.018376 0.021871
10 0.844658 0.886924 0.014957 0.015821
10 0.977778 0.818055 0.013675 0.014891
10 0.832265 0.899721 0.014957 0.015356
10 0.820299 0.913215 0.015812 0.017217
10 0.810043 0.928339 0.018376 0.020475
10 0.803632 0.934853 0.019231 0.020475
10 0.768162 0.974639 0.017521 0.020009
10 0.773932 0.968590 0.017949 0.020009
10 0.862821 0.931363 0.016239 0.019079
10 0.870299 0.925314 0.016667 0.018148
10 0.875427 0.918567 0.015812 0.016752
10 0.870085 0.860168 0.017949 0.019079
10 0.917308 0.873430 0.015812 0.017683
10 0.928632 0.859935 0.016239 0.017683
10 0.935043 0.852955 0.014530 0.016752
10 0.942735 0.848069 0.016239 0.017217
10 0.959188 0.827594 0.020085 0.020940
10 0.948718 0.776408 0.017949 0.020940
10 0.905342 0.821778 0.017521 0.019544
10 0.912607 0.815728 0.016667 0.019544
10 0.930128 0.795021 0.014103 0.015356
10 0.935043 0.787808 0.015385 0.016752
10 0.958547 0.760354 0.016239 0.017683
10 0.983761 0.735691 0.015385 0.016752
10 0.977991 0.741508 0.016667 0.017217
10 0.971368 0.747790 0.014530 0.015821
10 0.964530 0.753606 0.015385 0.017217
10 0.865598 0.869242 0.014957 0.017683
10 0.889103 0.841787 0.019231 0.021405
10 0.923291 0.801070 0.017521 0.019079
10 0.916453 0.806654 0.014103 0.016287
10 0.954487 0.769428 0.014103 0.016287
5 0.111752 0.573523 0.069658 0.075849
