13 0.801370 0.875972 0.017053 0.010814
13 0.841347 0.891855 0.012021 0.009463
4 0.562203 0.463501 0.021247 0.045624
4 0.589880 0.490706 0.010064 0.018925
4 0.617696 0.498986 0.015935 0.027374
4 0.638664 0.506252 0.013699 0.024333
4 0.660330 0.513518 0.012860 0.018587
4 0.679480 0.520277 0.015376 0.018587
4 0.704501 0.530585 0.015656 0.019601
4 0.752866 0.537006 0.012301 0.020953
4 0.773973 0.548327 0.015376 0.028050
4 0.794660 0.570801 0.014817 0.014870
4 0.851132 0.600710 0.027118 0.030754
4 0.879368 0.637209 0.037182 0.027374
13 0.846240 0.658499 0.010623 0.016560
4 0.902712 0.829672 0.021806 0.022981
4 0.867487 0.908753 0.032429 0.044610
4 0.779424 0.905711 0.021806 0.033795
4 0.747554 0.897770 0.014537 0.021967
4 0.725748 0.887631 0.014537 0.017911
4 0.700028 0.875634 0.014537 0.012842
4 0.682695 0.862454 0.020129 0.023657
4 0.657115 0.844711 0.008107 0.011828
13 0.454291 0.458432 0.015096 0.011828
13 0.477076 0.456235 0.012580 0.010814
13 0.531731 0.492903 0.007828 0.012504
4 0.314649 0.307874 0.011462 0.018249
4 0.174448 0.105441 0.018451 0.016222
4 0.196254 0.151403 0.023483 0.023657
4 0.208415 0.176242 0.029354 0.025346
4 0.220436 0.205306 0.028795 0.021291
4 0.230780 0.228118 0.034945 0.027712
4 0.246156 0.262251 0.035505 0.030416
4 0.272016 0.286414 0.024042 0.030754
4 0.277467 0.306691 0.019290 0.032781
4 0.299273 0.297736 0.009785 0.013518
4 0.334778 0.360595 0.011462 0.020277
13 0.556891 0.499493 0.010623 0.009463
4 0.354906 0.370057 0.016494 0.026360
4 0.380347 0.385434 0.019290 0.022643
4 0.398379 0.395573 0.012860 0.023319
4 0.413195 0.408922 0.013978 0.018249
4 0.442270 0.421933 0.016774 0.024670
4 0.469667 0.425989 0.010064 0.021291
4 0.487839 0.429199 0.016774 0.029740
4 0.509226 0.436803 0.013140 0.021967
4 0.540257 0.450152 0.021526 0.035823
4 0.643276 0.839811 0.017333 0.021629
4 0.621890 0.839473 0.014817 0.012166
4 0.596310 0.827644 0.018451 0.022305
13 0.481549 0.629774 0.012021 0.010477
13 0.219737 0.746705 0.011183 0.009801
13 0.294800 0.669483 0.010903 0.014870
13 0.313810 0.525177 0.007548 0.012166
13 0.271177 0.498479 0.010623 0.009463
13 0.392088 0.416695 0.012580 0.014194
13 0.431507 0.441365 0.013699 0.016898
13 0.415292 0.598344 0.012580 0.011828
13 0.512161 0.599696 0.010064 0.017236
13 0.530752 0.603920 0.008666 0.014870
13 0.504333 0.632815 0.009505 0.012504
13 0.230081 0.484454 0.013419 0.017236
13 0.542773 0.661034 0.012021 0.009463
13 0.615041 0.685367 0.007828 0.012842
13 0.711630 0.686887 0.010903 0.010477
13 0.742941 0.706151 0.012021 0.015208
13 0.660050 0.701419 0.007828 0.013856
13 0.854767 0.722034 0.013140 0.007773
13 0.738608 0.744170 0.012301 0.010814
13 0.866928 0.779317 0.007828 0.013518
13 0.731060 0.847584 0.009505 0.014870
13 0.065837 0.665259 0.014258 0.017236
13 0.087084 0.525684 0.008666 0.013180
4 0.577439 0.806860 0.013699 0.015208
4 0.316606 0.701081 0.017613 0.022643
4 0.555773 0.791822 0.007269 0.009463
4 0.533827 0.786752 0.020967 0.019601
4 0.522225 0.773741 0.006710 0.009801
4 0.466313 0.756844 0.013978 0.017236
4 0.449679 0.752619 0.010903 0.012166
4 0.440593 0.745353 0.008387 0.007773
4 0.419765 0.735891 0.012021 0.020615
4 0.400895 0.732342 0.016215 0.016222
4 0.379228 0.722541 0.013699 0.012842
4 0.302209 0.742312 0.018451 0.020615
13 0.065698 0.492396 0.015656 0.026360
4 0.280542 0.759378 0.015935 0.017574
4 0.292703 0.750084 0.011742 0.018587
4 0.277327 0.778641 0.014537 0.012842
4 0.262650 0.811423 0.080235 0.037175
13 0.195834 0.214769 0.013699 0.013180
13 0.089460 0.252957 0.010064 0.015884
13 0.207436 0.288780 0.010064 0.015208
13 0.097009 0.344373 0.012301 0.013518
13 0.119234 0.390673 0.008666 0.012842
4 0.166900 0.086516 0.017333 0.016898
