10 0.212735 0.773124 0.028944 0.027923
6 0.610709 0.148342 0.037627 0.080279
6 0.681621 0.686736 0.078148 0.047120
6 0.666425 0.605585 0.079595 0.048866
6 0.662808 0.581152 0.078148 0.048866
6 0.647612 0.561082 0.082489 0.047120
6 0.640376 0.534031 0.082489 0.048866
6 0.630970 0.507853 0.081042 0.048866
6 0.625904 0.480803 0.065123 0.040140
6 0.615774 0.429319 0.068017 0.045375
6 0.594067 0.352531 0.065123 0.038394
6 0.720695 0.170157 0.081042 0.047120
6 0.630970 0.140489 0.034732 0.078534
6 0.592619 0.171030 0.030391 0.073298
6 0.693922 0.739092 0.079595 0.047120
6 0.567294 0.165794 0.031838 0.076789
6 0.544863 0.176265 0.036179 0.080279
6 0.526049 0.188482 0.036179 0.080279
6 0.503618 0.195462 0.037627 0.083770
6 0.462373 0.209424 0.036179 0.083770
6 0.442113 0.219023 0.036179 0.082024
6 0.418958 0.223386 0.036179 0.080279
6 0.397974 0.233857 0.037627 0.083770
6 0.377713 0.244328 0.034732 0.073298
6 0.335022 0.374346 0.059334 0.036649
6 0.334298 0.345550 0.063676 0.041885
6 0.689580 0.712914 0.079595 0.043630
6 0.699711 0.765271 0.079595 0.047120
10 0.725760 0.233857 0.033285 0.027923
10 0.498553 0.726876 0.033285 0.029668
10 0.026773 0.368237 0.027496 0.041885
10 0.039074 0.420593 0.031838 0.041885
10 0.046310 0.447644 0.028944 0.040140
10 0.053546 0.472077 0.028944 0.040140
10 0.059334 0.493892 0.031838 0.041885
10 0.099132 0.640489 0.033285 0.027923
10 0.425470 0.884817 0.023155 0.038394
10 0.498553 0.857766 0.024602 0.040140
10 0.468162 0.866492 0.024602 0.040140
10 0.500000 0.952007 0.024602 0.033159
10 0.558611 0.931065 0.026049 0.040140
10 0.514472 0.770506 0.027496 0.019197
6 0.784370 0.340314 0.037627 0.027923
6 0.657019 0.888307 0.023155 0.045375
6 0.625181 0.901396 0.023155 0.040140
6 0.869030 0.778360 0.050651 0.034904
6 0.863965 0.753054 0.049204 0.036649
6 0.850941 0.706806 0.060781 0.041885
6 0.845152 0.682373 0.049204 0.034904
6 0.835022 0.632635 0.049204 0.033159
6 0.825615 0.609948 0.050651 0.036649
6 0.505789 0.698080 0.059334 0.041885
6 0.492764 0.662304 0.050651 0.033159
6 0.791606 0.361257 0.037627 0.027923
6 0.327062 0.315009 0.063676 0.040140
