14 0.075125 0.448000 0.008250 0.005500
14 0.064000 0.444375 0.008500 0.005750
9 0.156750 0.824000 0.005000 0.003000
9 0.160875 0.816125 0.005750 0.004250
9 0.161875 0.808375 0.004750 0.004250
4 0.259625 0.588625 0.013750 0.010750
4 0.183875 0.790875 0.017750 0.038750
4 0.141625 0.852000 0.010250 0.049000
2 0.099375 0.097375 0.012250 0.013250
2 0.071375 0.194875 0.027750 0.024250
11 0.089750 0.462250 0.033000 0.040000
11 0.061500 0.451500 0.014000 0.012500
11 0.073250 0.455000 0.014000 0.012500
1 0.052500 0.470125 0.007500 0.010250
1 0.058375 0.471875 0.007250 0.010250
1 0.064000 0.473500 0.007500 0.011000
1 0.070000 0.475625 0.007500 0.010750
1 0.055875 0.460375 0.007250 0.010250
1 0.061375 0.462250 0.007250 0.010000
1 0.067250 0.463625 0.007500 0.009750
1 0.073000 0.465375 0.008000 0.010250
14 0.065625 0.439500 0.008750 0.006000
14 0.077000 0.443125 0.008500 0.005750
9 0.162500 0.829750 0.006500 0.003500
