2 0.608000 0.064500 0.007000 0.011500
2 0.603750 0.036625 0.006000 0.010750
12 0.095375 0.169375 0.002750 0.002750
12 0.097375 0.166750 0.003250 0.003000
12 0.450375 0.110000 0.006750 0.006500
12 0.486000 0.124000 0.008000 0.008000
12 0.483625 0.137125 0.007750 0.007750
12 0.481250 0.150250 0.008000 0.008000
12 0.481125 0.098000 0.002750 0.003000
12 0.468000 0.124875 0.003500 0.003750
12 0.472000 0.125125 0.002500 0.002750
12 0.802000 0.019375 0.010000 0.009750
12 0.805125 0.007625 0.009750 0.009750
12 0.816375 0.010000 0.010250 0.010000
12 0.814000 0.021750 0.010000 0.010000
12 0.828125 0.012375 0.009750 0.010250
12 0.825500 0.024250 0.010000 0.010000
12 0.839500 0.014750 0.009500 0.010000
12 0.837000 0.026375 0.010000 0.010250
12 0.851125 0.017250 0.009750 0.010000
12 0.848875 0.028875 0.009750 0.009750
12 0.862625 0.019750 0.009750 0.009500
12 0.860125 0.031375 0.009750 0.009750
12 0.961125 0.008875 0.016250 0.015250
12 0.928250 0.035000 0.007500 0.007500
12 0.938625 0.037500 0.010250 0.010000
12 0.950375 0.039625 0.010250 0.010750
12 0.925625 0.046625 0.007750 0.008250
12 0.936250 0.049000 0.010000 0.010000
12 0.948000 0.051500 0.010000 0.010000
12 0.886250 0.028125 0.016500 0.016750
12 0.093750 0.171875 0.003000 0.002750
12 0.095125 0.193125 0.003750 0.003750
12 0.098625 0.195250 0.003750 0.004000
12 0.242625 0.015625 0.002250 0.002250
12 0.180375 0.059000 0.008250 0.008500
12 0.169875 0.052875 0.005750 0.005750
12 0.164125 0.048875 0.005750 0.005750
12 0.159625 0.045500 0.004250 0.004500
12 0.155500 0.042625 0.004500 0.004750
12 0.152375 0.047125 0.004750 0.004750
12 0.156500 0.050375 0.005500 0.005750
12 0.161250 0.054250 0.004500 0.004500
12 0.165500 0.057375 0.004500 0.004750
12 0.226375 0.041250 0.002750 0.003000
12 0.233625 0.032375 0.002250 0.002250
12 0.234875 0.030625 0.002250 0.002250
12 0.236375 0.028875 0.002250 0.002250
12 0.244000 0.013750 0.002000 0.002000
12 0.087000 0.192125 0.003500 0.003250
12 0.242125 0.012500 0.002250 0.002500
12 0.240875 0.014250 0.002250 0.002500
12 0.285375 0.019750 0.002250 0.002500
12 0.286500 0.017625 0.002000 0.002250
12 0.280875 0.017625 0.002250 0.002250
12 0.284375 0.016750 0.002250 0.002500
12 0.279875 0.014375 0.002750 0.002750
12 0.090875 0.196750 0.004250 0.004500
12 0.095375 0.199500 0.004250 0.004500
12 0.099125 0.204375 0.002750 0.002750
12 0.100625 0.201875 0.002750 0.002750
12 0.102125 0.199125 0.002750 0.002750
12 0.085125 0.195375 0.003250 0.003250
12 0.904875 0.031750 0.016250 0.017000
12 0.882500 0.045125 0.017000 0.016250
12 0.901250 0.048750 0.016500 0.016500
12 0.640500 0.131750 0.003000 0.003500
2 0.418500 0.860625 0.012500 0.006750
2 0.417750 0.866750 0.012500 0.006500
2 0.563250 0.876000 0.019500 0.007500
2 0.562125 0.882000 0.017250 0.007000
2 0.614375 0.756875 0.007250 0.017750
2 0.621750 0.755875 0.005500 0.015750
2 0.589625 0.484625 0.058250 0.015250
2 0.584250 0.488875 0.048000 0.012750
2 0.110250 0.076250 0.053000 0.066000
2 0.578250 0.378000 0.024500 0.013500
2 0.580750 0.371750 0.023000 0.013000
12 0.092000 0.191375 0.004000 0.003750
12 0.636500 0.131375 0.003000 0.003250
12 0.635875 0.135250 0.002750 0.004000
12 0.954250 0.339625 0.014500 0.014250
12 0.639750 0.135750 0.003500 0.003500
12 0.643750 0.135750 0.002500 0.003500
12 0.647875 0.132375 0.003250 0.003250
1 0.446000 0.305375 0.010500 0.009250
1 0.454375 0.310500 0.010750 0.010000
2 0.725625 0.582125 0.008250 0.008250
2 0.733625 0.579500 0.007750 0.008500
2 0.459125 0.467750 0.066250 0.016000
2 0.480500 0.464125 0.061500 0.010750
2 0.607625 0.902750 0.016750 0.007500
2 0.674250 0.914750 0.025000 0.013500
2 0.700875 0.754375 0.024250 0.007250
4 0.689125 0.271750 0.014250 0.004500
12 0.970000 0.340250 0.014500 0.014500
12 0.971000 0.324750 0.015000 0.015000
12 0.878625 0.062000 0.017250 0.016500
12 0.633250 0.016750 0.005500 0.005000
12 0.897250 0.065625 0.016500 0.016750
12 0.921875 0.067125 0.007750 0.007750
12 0.930500 0.068875 0.007500 0.007750
12 0.939125 0.070750 0.007750 0.008000
12 0.947625 0.072875 0.007750 0.007750
12 0.919625 0.077750 0.007750 0.007500
12 0.928250 0.079375 0.007500 0.007750
12 0.936875 0.081000 0.007750 0.008000
12 0.945375 0.083000 0.007750 0.007500
12 0.632125 0.022750 0.005250 0.005000
12 0.638000 0.023750 0.005000 0.005000
12 0.644125 0.025000 0.005250 0.005000
12 0.650125 0.026125 0.005250 0.005250
12 0.639250 0.017750 0.005000 0.005500
12 0.955000 0.324250 0.014500 0.014500
12 0.645250 0.018875 0.005500 0.005250
12 0.651375 0.020000 0.005250 0.005000
12 0.635000 0.004125 0.004000 0.003750
12 0.639875 0.004750 0.003750 0.004000
12 0.644750 0.005750 0.004000 0.004000
12 0.649875 0.006750 0.004250 0.004000
12 0.654625 0.007750 0.004250 0.004500
12 0.655500 0.002625 0.004000 0.003750
12 0.650750 0.001875 0.004500 0.003750
12 0.983500 0.086375 0.012500 0.012750
12 0.987000 0.070875 0.012500 0.012250
12 0.990125 0.055125 0.012750 0.012750
12 0.995750 0.038250 0.007500 0.007500
12 0.189125 0.064250 0.008250 0.008000
