2 0.693750 0.756250 0.026000 0.011000
12 0.622250 0.876375 0.005000 0.004750
9 0.452750 0.919750 0.012500 0.005500
2 0.036875 0.031500 0.007750 0.008000
2 0.143750 0.320250 0.015500 0.018500
2 0.268375 0.920500 0.061750 0.158500
2 0.183625 0.309750 0.007250 0.012000
2 0.178125 0.310750 0.005750 0.009000
2 0.666875 0.777250 0.014250 0.010500
2 0.745500 0.737000 0.017500 0.009000
2 0.717875 0.744875 0.021250 0.005750
3 0.203500 0.047500 0.019500 0.030500
3 0.228875 0.059875 0.038750 0.056750
9 0.403875 0.909500 0.008250 0.005500
12 0.627375 0.874875 0.004750 0.005250
2 0.042875 0.030375 0.008250 0.005750
12 0.632500 0.873375 0.004500 0.005250
12 0.639000 0.877375 0.005000 0.004750
12 0.634250 0.878250 0.005500 0.005000
12 0.637500 0.872125 0.005000 0.004750
12 0.636125 0.866875 0.004750 0.004750
12 0.641875 0.865375 0.005750 0.004750
12 0.643375 0.870500 0.005250 0.004500
12 0.660250 0.870875 0.005500 0.004750
12 0.660500 0.865500 0.005000 0.005000
12 0.660500 0.859750 0.006000 0.005500
12 0.654500 0.830875 0.004000 0.004750
1 0.901625 0.326750 0.006250 0.010500
9 0.203750 0.803625 0.016000 0.011250
