2 0.707250 0.902125 0.006500 0.005250
2 0.099750 0.375000 0.008500 0.011000
9 0.146750 0.641250 0.021000 0.008500
9 0.219750 0.615875 0.015000 0.009750
9 0.115000 0.737250 0.007500 0.013500
9 0.959125 0.352875 0.030250 0.014750
9 0.956375 0.358000 0.028750 0.012500
9 0.954875 0.362500 0.028750 0.013000
12 0.923750 0.008250 0.006000 0.006500
2 0.040375 0.189375 0.068250 0.175750
2 0.103625 0.539500 0.007750 0.009000
2 0.773375 0.073875 0.018250 0.016750
2 0.047500 0.696750 0.032500 0.078500
2 0.217125 0.511625 0.011250 0.008750
2 0.192750 0.390750 0.014000 0.010000
2 0.466500 0.027750 0.005500 0.013000
9 0.891375 0.583000 0.034750 0.006500
2 0.036500 0.439250 0.008000 0.008000
2 0.036750 0.446125 0.008000 0.007250
2 0.472750 0.067625 0.025000 0.026250
9 0.144375 0.637250 0.019750 0.009000
