2 0.962596 0.845875 0.010962 0.003250
4 0.130192 0.447375 0.003846 0.005750
4 0.265865 0.017750 0.013269 0.009500
4 0.264904 0.010500 0.012500 0.013500
4 0.206731 0.123125 0.028077 0.013750
4 0.220096 0.487125 0.004423 0.005750
4 0.221442 0.495000 0.004423 0.006000
4 0.147885 0.463000 0.003077 0.012000
4 0.115481 0.436750 0.004423 0.006500
4 0.382308 0.211250 0.016538 0.018000
4 0.105769 0.428375 0.004231 0.005750
4 0.096154 0.422750 0.003462 0.005500
4 0.083654 0.421000 0.003462 0.004500
4 0.071058 0.419875 0.003269 0.005250
4 0.057308 0.424500 0.003077 0.005000
4 0.043654 0.427250 0.003077 0.005000
2 0.371635 0.168500 0.021731 0.025000
4 0.376538 0.196375 0.012308 0.013250
2 0.882596 0.934375 0.012115 0.020750
2 0.750192 0.492625 0.011154 0.006250
2 0.851250 0.920000 0.012885 0.009500
2 0.837115 0.859750 0.010769 0.004500
2 0.860962 0.791750 0.010385 0.021000
4 0.793173 0.461125 0.017500 0.023750
4 0.754808 0.440625 0.016538 0.019750
4 0.749231 0.464500 0.015385 0.011000
2 0.747212 0.528750 0.008654 0.005000
4 0.567308 0.560250 0.008077 0.011500
2 0.747788 0.632875 0.007885 0.008750
4 0.750962 0.703375 0.028462 0.051750
2 0.803462 0.817000 0.006923 0.010500
2 0.663750 0.603000 0.007115 0.003500
4 0.537019 0.261500 0.007500 0.010000
2 0.497596 0.238875 0.030962 0.044250
4 0.016635 0.432750 0.003269 0.005000
