2 0.963462 0.322375 0.058846 0.070750
9 0.197596 0.392125 0.002115 0.010750
9 0.201635 0.403000 0.002500 0.010500
9 0.200000 0.403875 0.002308 0.010250
9 0.198269 0.404250 0.002308 0.011000
9 0.196346 0.403750 0.002308 0.011500
9 0.194423 0.403875 0.002308 0.011750
9 0.192788 0.404000 0.002115 0.011500
9 0.190962 0.403625 0.002308 0.011750
9 0.173269 0.657125 0.008846 0.009250
9 0.177885 0.667000 0.008846 0.011500
9 0.241154 0.843875 0.004615 0.013250
9 0.261635 0.884125 0.006346 0.015750
9 0.272308 0.933375 0.001923 0.006750
2 0.093846 0.676500 0.002692 0.007000
9 0.129038 0.517750 0.005385 0.002000
9 0.124327 0.478250 0.003654 0.012000
9 0.125096 0.463375 0.003269 0.011250
9 0.123365 0.463125 0.003654 0.011250
9 0.121538 0.463750 0.003462 0.009000
9 0.119327 0.445125 0.004038 0.013250
9 0.117019 0.444125 0.004038 0.013250
9 0.119904 0.427750 0.004038 0.014500
9 0.117308 0.427625 0.003846 0.014250
9 0.115192 0.429000 0.003846 0.014500
2 0.076731 0.370375 0.003462 0.006250
9 0.117885 0.358125 0.004231 0.016750
9 0.110577 0.332625 0.005000 0.011750
2 0.096538 0.291875 0.035769 0.012750
2 0.156250 0.249250 0.005962 0.017500
2 0.061923 0.181250 0.018462 0.008500
9 0.195481 0.391750 0.002115 0.011500
9 0.199231 0.391750 0.002308 0.011500
9 0.991731 0.826125 0.010385 0.011750
9 0.201058 0.392000 0.002500 0.010500
9 0.937981 0.880875 0.009038 0.008250
9 0.863750 0.948250 0.007885 0.008000
2 0.816635 0.182125 0.041346 0.028250
2 0.685288 0.103125 0.010577 0.025750
2 0.742500 0.449000 0.001923 0.004000
2 0.700481 0.447875 0.005192 0.004250
2 0.769327 0.843500 0.005577 0.013500
2 0.661538 0.297500 0.009615 0.004000
2 0.571346 0.853250 0.003077 0.009500
2 0.540769 0.729250 0.004615 0.009500
2 0.596635 0.201625 0.018269 0.016250
2 0.607692 0.302625 0.009615 0.005250
2 0.468365 0.065125 0.013269 0.007250
2 0.459904 0.125000 0.016731 0.012000
2 0.452500 0.728875 0.008077 0.005250
2 0.360673 0.905500 0.002885 0.010000
2 0.350769 0.463750 0.003077 0.006500
2 0.331250 0.407875 0.002115 0.007250
9 0.358365 0.205250 0.010192 0.004500
9 0.348077 0.204875 0.010769 0.003750
9 0.339519 0.210375 0.010192 0.002750
9 0.338173 0.207625 0.010962 0.002250
2 0.391250 0.195750 0.009808 0.023000
2 0.149423 0.063625 0.002692 0.005250
12 0.278558 0.198625 0.002115 0.003250
12 0.278173 0.195125 0.002115 0.002750
12 0.277885 0.191375 0.001923 0.003250
12 0.275000 0.191750 0.002308 0.003500
2 0.255769 0.160250 0.009231 0.005500
2 0.080769 0.087375 0.003846 0.009750
