2 0.987250 0.281000 0.015500 0.017000
2 0.659625 0.463250 0.004750 0.007500
2 0.034000 0.527625 0.005500 0.007250
2 0.128375 0.584750 0.012250 0.010000
2 0.121500 0.695875 0.012000 0.007250
2 0.159125 0.877375 0.010250 0.021750
2 0.302000 0.272625 0.005500 0.006250
2 0.425875 0.254375 0.008250 0.008750
2 0.505750 0.434500 0.006000 0.007500
2 0.433250 0.788500 0.009000 0.006000
2 0.460875 0.870375 0.008250 0.004750
2 0.699750 0.834500 0.004000 0.007000
2 0.699000 0.810875 0.005000 0.002750
9 0.703125 0.832375 0.004250 0.002750
2 0.693750 0.566875 0.004000 0.006250
2 0.397625 0.545250 0.007750 0.006500
2 0.972000 0.320625 0.041000 0.022750
2 0.383625 0.524125 0.015750 0.011750
2 0.397375 0.505750 0.005750 0.007000
2 0.743000 0.934750 0.004500 0.008000
2 0.760375 0.395250 0.014750 0.012000
2 0.651500 0.143500 0.006500 0.005000
9 0.655500 0.147375 0.004000 0.004250
2 0.634875 0.040000 0.007250 0.008000
2 0.669625 0.072875 0.005750 0.005750
2 0.774000 0.272875 0.007000 0.006250
2 0.863875 0.359000 0.014250 0.011500
2 0.919500 0.422625 0.035500 0.017250
2 0.852875 0.600375 0.006750 0.010750
2 0.871000 0.700625 0.010500 0.005750
2 0.086375 0.306000 0.012750 0.008500
