2 0.770000 0.363250 0.009000 0.005000
2 0.625250 0.165125 0.004500 0.008750
2 0.512000 0.076625 0.010000 0.014750
2 0.503750 0.162125 0.007000 0.002250
2 0.492875 0.272750 0.009250 0.013500
2 0.573875 0.660375 0.004750 0.005250
2 0.331250 0.851250 0.005000 0.004500
2 0.436750 0.822125 0.005500 0.004250
2 0.384750 0.675875 0.005500 0.004250
2 0.333625 0.530000 0.007750 0.010000
2 0.423750 0.362125 0.004500 0.006250
2 0.310375 0.384500 0.002750 0.004500
2 0.234875 0.393125 0.006250 0.005750
2 0.162625 0.402250 0.002750 0.004500
2 0.070125 0.421125 0.014250 0.009250
2 0.101875 0.599125 0.013750 0.007750
2 0.074875 0.932000 0.003250 0.004000
2 0.539250 0.174125 0.003000 0.007250
2 0.692875 0.158625 0.002750 0.008250
3 0.813125 0.602125 0.040250 0.059750
2 0.698750 0.764625 0.012000 0.005750
2 0.036125 0.197750 0.012750 0.005000
3 0.556375 0.124750 0.023750 0.040000
3 0.680625 0.816125 0.049250 0.033250
2 0.545875 0.481250 0.012750 0.011000
2 0.153750 0.890500 0.014500 0.007000
2 0.370000 0.170250 0.002500 0.003500
2 0.744875 0.153625 0.014750 0.008250
2 0.940750 0.133625 0.003000 0.007250
2 0.871250 0.141250 0.009000 0.010500
2 0.988000 0.757250 0.003500 0.004000
2 0.728250 0.795500 0.008500 0.007500
2 0.360250 0.607750 0.005000 0.003500
2 0.316625 0.481375 0.004750 0.003250
2 0.886875 0.795750 0.005750 0.004500
2 0.837875 0.909625 0.015250 0.015250
2 0.028750 0.913625 0.014000 0.007250
