2 0.898125 0.900750 0.006750 0.005000
2 0.323625 0.629750 0.002250 0.009500
2 0.735500 0.820875 0.008000 0.005750
2 0.519250 0.030250 0.005000 0.005500
2 0.542375 0.320000 0.019250 0.012500
2 0.437500 0.611125 0.005000 0.009750
2 0.415625 0.618250 0.010750 0.009000
2 0.377500 0.124750 0.021000 0.015000
2 0.272000 0.826250 0.011000 0.006500
2 0.271125 0.825000 0.011750 0.007500
2 0.271125 0.831875 0.011750 0.007750
2 0.231875 0.154875 0.009750 0.012250
2 0.783375 0.922375 0.009250 0.007250
2 0.181125 0.661250 0.006750 0.006000
2 0.175500 0.696875 0.006500 0.005250
2 0.216750 0.775875 0.008000 0.004750
2 0.213125 0.636000 0.007250 0.007500
2 0.032750 0.823625 0.013000 0.006750
2 0.126000 0.799875 0.007000 0.005750
2 0.053875 0.817875 0.005250 0.004750
2 0.028125 0.611500 0.011250 0.013000
2 0.426500 0.968875 0.005000 0.005250
2 0.681750 0.718625 0.006500 0.009250
2 0.681000 0.521750 0.008000 0.004000
2 0.712750 0.534125 0.005500 0.007750
2 0.745500 0.539875 0.008000 0.005250
2 0.784500 0.601125 0.023000 0.009250
2 0.664000 0.547875 0.005000 0.006750
2 0.594625 0.571125 0.003250 0.005250
2 0.443625 0.040000 0.013250 0.007000
2 0.459500 0.221875 0.024500 0.016250
2 0.279375 0.768000 0.012250 0.015500
3 0.947875 0.293625 0.036250 0.044250
3 0.747875 0.070125 0.028250 0.043750
3 0.762000 0.316500 0.024000 0.030500
3 0.577375 0.632500 0.030250 0.039000
11 0.516750 0.480750 0.034000 0.039000
3 0.516000 0.481250 0.048500 0.061000
3 0.617250 0.019500 0.046000 0.038500
3 0.277375 0.585375 0.026750 0.039250
1 0.182875 0.976375 0.011250 0.009750
12 0.027250 0.067875 0.006500 0.004750
12 0.040625 0.061250 0.006250 0.006000
2 0.950125 0.887000 0.004250 0.005500
2 0.833625 0.915750 0.003250 0.003500
2 0.192250 0.991500 0.011500 0.009000
