2 0.841000 0.444750 0.007500 0.004500
2 0.640000 0.031125 0.002000 0.004250
2 0.326375 0.891875 0.003750 0.002250
2 0.354750 0.895875 0.002000 0.002250
2 0.392000 0.899375 0.002500 0.001750
2 0.415625 0.943875 0.001750 0.002250
2 0.343250 0.624000 0.003000 0.003500
2 0.332125 0.598250 0.002750 0.002000
2 0.365125 0.113500 0.007750 0.007000
2 0.327250 0.083500 0.007500 0.004500
2 0.452625 0.074000 0.009750 0.007000
2 0.494625 0.063875 0.002750 0.003750
2 0.450875 0.599375 0.002750 0.004250
2 0.422000 0.781000 0.002500 0.004000
2 0.470750 0.992625 0.002500 0.003750
2 0.546875 0.972500 0.002250 0.002000
2 0.598500 0.940000 0.002000 0.003500
2 0.519125 0.758625 0.002750 0.004250
2 0.570750 0.572250 0.010000 0.008500
2 0.533250 0.355000 0.004500 0.006500
2 0.490000 0.233125 0.010000 0.008750
2 0.525250 0.223500 0.002000 0.004000
2 0.597750 0.202375 0.002500 0.003750
2 0.288000 0.945250 0.002500 0.001500
2 0.312250 0.806500 0.002500 0.004000
2 0.303000 0.793000 0.004000 0.002500
2 0.180750 0.274000 0.003500 0.002500
2 0.058750 0.179875 0.003500 0.004250
2 0.100125 0.164125 0.005250 0.005250
2 0.039625 0.282125 0.002250 0.002250
2 0.060125 0.317750 0.003750 0.002500
2 0.095500 0.540750 0.004500 0.006000
2 0.173500 0.838750 0.001000 0.003500
2 0.217250 0.430000 0.003000 0.002000
2 0.208500 0.391875 0.003500 0.001750
2 0.202625 0.367000 0.003250 0.002500
2 0.168875 0.227500 0.004250 0.002000
2 0.270375 0.656125 0.003750 0.002750
2 0.193250 0.213125 0.002500 0.002750
2 0.139125 0.149000 0.006250 0.004500
2 0.126250 0.044375 0.006500 0.003250
2 0.244750 0.006125 0.009000 0.004250
2 0.260875 0.020250 0.000750 0.011500
2 0.263000 0.021250 0.001500 0.011000
2 0.237250 0.111250 0.003000 0.003500
2 0.248125 0.560125 0.003750 0.002250
2 0.261375 0.616625 0.003250 0.002250
2 0.604750 0.039125 0.003500 0.004250
2 0.670375 0.181500 0.001250 0.004500
2 0.517625 0.346750 0.012250 0.015500
2 0.638750 0.382000 0.004000 0.007500
2 0.966375 0.582875 0.004250 0.003750
2 0.950500 0.441750 0.002000 0.004000
2 0.973125 0.436375 0.004750 0.004250
2 0.932500 0.314125 0.002000 0.004750
2 0.987125 0.202000 0.003750 0.002500
2 0.981750 0.171000 0.004000 0.002000
2 0.977375 0.147375 0.003250 0.002250
2 0.975750 0.105500 0.004000 0.002000
2 0.979000 0.094375 0.002000 0.004250
2 0.957375 0.012625 0.003750 0.002750
2 0.785625 0.136750 0.003250 0.002000
2 0.737875 0.008375 0.003750 0.005250
2 0.653000 0.917750 0.006000 0.007000
2 0.657250 0.916125 0.005500 0.006750
2 0.607750 0.738625 0.005500 0.007750
2 0.612125 0.737875 0.005750 0.007750
9 0.645500 0.128125 0.004500 0.013250
9 0.655750 0.172625 0.005000 0.010250
9 0.637625 0.043750 0.005750 0.013500
9 0.635000 0.043625 0.005500 0.012250
2 0.234125 0.501500 0.003750 0.006500
2 0.894750 0.672125 0.007500 0.006250
2 0.932375 0.885250 0.003250 0.005000
2 0.892000 0.897000 0.001000 0.002500
2 0.698000 0.376125 0.019000 0.009250
2 0.579500 0.569750 0.004000 0.004000
2 0.652125 0.728500 0.003250 0.006000
2 0.646875 0.920500 0.003750 0.004500
2 0.728875 0.886625 0.002750 0.004250
2 0.766250 0.871625 0.002500 0.003750
2 0.722500 0.711875 0.003000 0.004750
2 0.744875 0.706750 0.001750 0.004000
2 0.775500 0.705750 0.015000 0.006500
2 0.748125 0.462625 0.002250 0.003750
9 0.689000 0.313000 0.006500 0.011500
2 0.844125 0.839125 0.002250 0.003250
2 0.771750 0.152375 0.004000 0.005750
2 0.783625 0.110125 0.004250 0.003750
2 0.779125 0.057250 0.003250 0.002500
2 0.775250 0.012500 0.003000 0.002000
2 0.803750 0.143250 0.002000 0.003500
2 0.888750 0.119375 0.002500 0.003250
2 0.816500 0.340875 0.003000 0.003750
2 0.811375 0.691500 0.001750 0.004000
2 0.813500 0.690750 0.002000 0.004000
2 0.044625 0.184125 0.005250 0.005750
