2 0.948375 0.182750 0.006250 0.012000
2 0.559500 0.605250 0.019500 0.005500
2 0.843125 0.682625 0.002750 0.004250
2 0.911500 0.950625 0.005000 0.002750
2 0.903250 0.900000 0.005500 0.002500
2 0.567375 0.990875 0.011750 0.018250
9 0.277000 0.433875 0.014500 0.010250
9 0.617875 0.444500 0.013750 0.005000
2 0.465500 0.413750 0.058500 0.053500
2 0.573500 0.432000 0.021000 0.044000
9 0.720250 0.450375 0.015500 0.003750
2 0.664375 0.447875 0.020250 0.038750
2 0.320875 0.535625 0.007250 0.007750
9 0.075250 0.541500 0.014000 0.011500
2 0.069375 0.456625 0.004250 0.004750
2 0.214375 0.726500 0.006250 0.003500
2 0.195500 0.680875 0.005500 0.004250
2 0.233125 0.640125 0.002750 0.004750
2 0.174625 0.631625 0.005250 0.003750
2 0.099875 0.462000 0.008250 0.006500
2 0.149875 0.358000 0.003250 0.003500
2 0.162875 0.212625 0.002750 0.005250
2 0.069500 0.338375 0.010000 0.004750
2 0.234875 0.200250 0.002750 0.004500
2 0.237625 0.196750 0.005250 0.003000
2 0.756750 0.603750 0.005000 0.003500
2 0.776000 0.676750 0.005000 0.002500
2 0.779375 0.685500 0.004250 0.002000
2 0.712625 0.416750 0.005250 0.003500
2 0.621000 0.301125 0.004000 0.013250
2 0.590375 0.104125 0.005750 0.011750
2 0.329750 0.556625 0.009500 0.016750
2 0.201750 0.698000 0.007000 0.014500
2 0.343500 0.181500 0.002500 0.004000
2 0.793125 0.735375 0.004250 0.002750
2 0.975500 0.309250 0.004500 0.002500
2 0.969375 0.655625 0.005250 0.003250
2 0.350750 0.599250 0.002500 0.004500
2 0.736875 0.347625 0.004250 0.002750
2 0.472625 0.382875 0.008250 0.003250
2 0.681500 0.961125 0.004500 0.002750
2 0.529250 0.524250 0.002500 0.003500
2 0.490000 0.916000 0.005500 0.004000
2 0.284375 0.890875 0.005750 0.005750
2 0.723125 0.487250 0.005250 0.003500
2 0.686125 0.679750 0.002750 0.003500
2 0.579750 0.580625 0.004500 0.002750
2 0.612500 0.401625 0.012500 0.007750
2 0.588375 0.122625 0.002750 0.003750
2 0.584250 0.067750 0.005500 0.004000
2 0.708500 0.104375 0.003000 0.004250
2 0.228500 0.148125 0.005500 0.003250
