2 0.905375 0.255250 0.003750 0.005500
9 0.195875 0.544250 0.006250 0.013500
9 0.203250 0.570375 0.006000 0.011250
9 0.216375 0.635750 0.006750 0.012500
9 0.212000 0.620375 0.007000 0.012750
9 0.212125 0.605250 0.006750 0.014000
9 0.209625 0.605375 0.005750 0.011250
9 0.207375 0.604750 0.004250 0.009000
9 0.247750 0.792750 0.011000 0.006500
9 0.315625 0.763625 0.017250 0.008750
2 0.359875 0.732875 0.032250 0.081250
2 0.286125 0.483625 0.014250 0.007750
2 0.418375 0.447375 0.003750 0.005250
2 0.506250 0.018625 0.007000 0.007750
2 0.508625 0.024000 0.006750 0.006500
2 0.525750 0.071750 0.005000 0.004000
2 0.594250 0.264000 0.004500 0.003000
9 0.198875 0.555375 0.005750 0.011250
2 0.109875 0.973500 0.006250 0.003500
2 0.670000 0.474250 0.005000 0.004000
2 0.091875 0.897875 0.006750 0.004250
2 0.075625 0.088875 0.011250 0.007750
2 0.091375 0.155000 0.012250 0.005000
2 0.092375 0.161000 0.015750 0.010000
2 0.094250 0.167125 0.015000 0.009750
2 0.140500 0.345375 0.011000 0.004750
2 0.166250 0.443750 0.010500 0.004500
2 0.078625 0.298500 0.002250 0.003500
9 0.099000 0.825875 0.031500 0.010750
9 0.177500 0.812750 0.013000 0.008500
9 0.145375 0.838500 0.015750 0.011000
9 0.111875 0.843000 0.013750 0.009000
9 0.080000 0.871750 0.014000 0.011000
9 0.042125 0.886375 0.015750 0.010250
9 0.037500 0.829375 0.015000 0.004250
9 0.011000 0.844500 0.021000 0.015500
2 0.628250 0.359500 0.005500 0.004000
2 0.731125 0.340625 0.004250 0.004750
2 0.251125 0.356000 0.010750 0.002500
9 0.834500 0.800000 0.014000 0.003500
9 0.722125 0.784375 0.016250 0.007250
2 0.849875 0.282000 0.003750 0.004000
2 0.890500 0.736500 0.005500 0.002500
2 0.802875 0.247375 0.005750 0.004250
2 0.981125 0.218500 0.003750 0.004500
2 0.872250 0.552000 0.005000 0.002500
2 0.876625 0.596000 0.004750 0.002500
2 0.033125 0.548875 0.003250 0.004250
2 0.074750 0.425750 0.002500 0.003000
2 0.285375 0.936000 0.005250 0.006000
2 0.408875 0.907750 0.010750 0.006500
2 0.455375 0.897125 0.003250 0.004250
2 0.567250 0.871750 0.003500 0.005000
2 0.977125 0.269250 0.005250 0.004000
2 0.842625 0.377500 0.004750 0.004000
9 0.837750 0.789750 0.013500 0.003500
9 0.860000 0.795125 0.012000 0.003750
2 0.720000 0.615500 0.005500 0.004000
9 0.881125 0.803500 0.016250 0.004500
2 0.758500 0.722250 0.009000 0.003500
9 0.546125 0.728875 0.010250 0.014750
9 0.492375 0.696500 0.014750 0.004000
9 0.490875 0.693500 0.011750 0.003000
9 0.493375 0.690250 0.016250 0.004500
9 0.584500 0.741875 0.018000 0.007750
9 0.577375 0.810375 0.005750 0.014750
9 0.580875 0.813125 0.005750 0.014250
9 0.586250 0.831250 0.007000 0.014000
2 0.559125 0.625250 0.004250 0.003500
2 0.590125 0.896500 0.026250 0.008500
2 0.765375 0.906625 0.003750 0.002750
2 0.771500 0.964875 0.003500 0.002250
2 0.869750 0.977875 0.003000 0.003750
9 0.899250 0.794000 0.015000 0.004000
2 0.073125 0.085875 0.013250 0.010750
