2 0.890250 0.027500 0.004000 0.004500
2 0.906500 0.134000 0.004000 0.006500
2 0.384625 0.440875 0.007750 0.007750
2 0.380875 0.454500 0.005250 0.005000
2 0.335500 0.544875 0.006000 0.006750
2 0.331125 0.547125 0.006750 0.007250
2 0.392000 0.751125 0.012000 0.010250
2 0.376875 0.752250 0.003750 0.009000
2 0.379750 0.935875 0.003000 0.008250
2 0.319875 0.921875 0.002250 0.006250
2 0.169000 0.782000 0.005500 0.006500
2 0.235625 0.772000 0.001750 0.006000
2 0.076000 0.917875 0.006000 0.004250
2 0.086625 0.940125 0.010250 0.012750
2 0.039250 0.642375 0.006000 0.003250
2 0.084375 0.616750 0.004750 0.007000
2 0.553250 0.965000 0.008500 0.007000
2 0.488250 0.842125 0.009000 0.011250
2 0.493000 0.693625 0.008000 0.011250
2 0.520625 0.347750 0.003250 0.008500
2 0.421500 0.948875 0.002500 0.004750
2 0.542750 0.350750 0.005500 0.008000
2 0.524375 0.330375 0.007250 0.006250
2 0.411750 0.161125 0.006000 0.005750
2 0.272625 0.329625 0.010750 0.009750
2 0.332125 0.016250 0.015250 0.005500
2 0.508125 0.017000 0.016250 0.005500
2 0.734250 0.022625 0.009500 0.005250
2 0.376000 0.050875 0.006500 0.002750
2 0.375375 0.062875 0.005750 0.004750
2 0.258000 0.333375 0.007000 0.007750
2 0.262375 0.331750 0.007250 0.007500
2 0.267375 0.332000 0.009750 0.008500
2 0.280000 0.327750 0.003000 0.007500
2 0.408500 0.155625 0.006500 0.005250
2 0.297375 0.245250 0.005250 0.004500
2 0.282250 0.404875 0.006000 0.006250
2 0.286750 0.403375 0.006000 0.006250
2 0.290125 0.402125 0.003250 0.005250
2 0.336750 0.393250 0.006500 0.006500
2 0.414000 0.314000 0.007500 0.007500
2 0.501375 0.296500 0.010250 0.003500
2 0.458750 0.232375 0.007500 0.005750
2 0.622375 0.139750 0.003250 0.006500
2 0.633750 0.140500 0.012500 0.005500
2 0.638000 0.276000 0.015500 0.015500
2 0.672125 0.797250 0.007750 0.008000
2 0.726500 0.752375 0.005000 0.004750
2 0.792750 0.930125 0.005000 0.004750
2 0.848625 0.887625 0.003750 0.003750
2 0.765250 0.953250 0.008000 0.009000
2 0.774000 0.942000 0.018500 0.014000
2 0.908250 0.945500 0.003500 0.004500
2 0.972625 0.957000 0.008250 0.006500
2 0.922875 0.398750 0.007750 0.006500
2 0.677250 0.793750 0.008000 0.008000
2 0.840125 0.836125 0.003750 0.002250
2 0.579125 0.995750 0.024250 0.008000
3 0.808500 0.465250 0.035000 0.037500
2 0.208375 0.188000 0.007750 0.009000
2 0.214625 0.190875 0.007750 0.009250
2 0.447500 0.956000 0.014500 0.009500
2 0.616625 0.788875 0.017750 0.009750
2 0.853125 0.143375 0.011750 0.006750
2 0.859500 0.136750 0.012500 0.006500
2 0.825375 0.875250 0.004250 0.004500
2 0.938375 0.538125 0.005750 0.004250
2 0.659625 0.250375 0.006750 0.006750
2 0.826125 0.372250 0.007750 0.009000
2 0.606750 0.367125 0.005500 0.007250
2 0.593375 0.362125 0.002750 0.005250
2 0.621750 0.375500 0.004000 0.007500
2 0.723875 0.464500 0.007750 0.007000
2 0.726125 0.467500 0.006750 0.005500
2 0.725625 0.425000 0.005250 0.008500
2 0.720875 0.427375 0.005750 0.008250
2 0.718500 0.428875 0.006000 0.009250
2 0.920000 0.340000 0.003500 0.008500
2 0.924625 0.834875 0.003750 0.003750
2 0.902000 0.372500 0.006500 0.005500
2 0.803750 0.587125 0.012500 0.013750
2 0.823125 0.673625 0.003250 0.007250
2 0.863875 0.624125 0.003750 0.003750
2 0.879875 0.618375 0.005250 0.004250
2 0.916875 0.604000 0.005250 0.004500
2 0.878875 0.750125 0.008250 0.005750
2 0.846875 0.761250 0.004750 0.003000
2 0.063875 0.015125 0.005750 0.004750
