7 0.503104 0.348966 0.019659 0.022832
7 0.452664 0.097346 0.011899 0.011416
7 0.448655 0.079297 0.017848 0.020981
7 0.444904 0.057235 0.022763 0.023758
7 0.443094 0.174329 0.022763 0.024684
7 0.453828 0.192687 0.020435 0.021907
7 0.453828 0.211046 0.023021 0.025301
7 0.444646 0.245757 0.009829 0.012650
7 0.450724 0.232181 0.016813 0.020056
7 0.435722 0.256402 0.010605 0.014193
7 0.421107 0.258871 0.015003 0.020981
7 0.405329 0.276149 0.019659 0.024684
7 0.350233 0.321197 0.017589 0.021598
7 0.264615 0.300525 0.020693 0.025918
7 0.337429 0.541037 0.018883 0.021290
