13 0.294685 0.653223 0.021798 0.014219
9 0.536641 0.796744 0.008719 0.007575
9 0.577849 0.778405 0.006851 0.005449
9 0.574839 0.781395 0.010380 0.008239
9 0.569545 0.782458 0.008927 0.006910
9 0.561657 0.785914 0.009757 0.007442
9 0.557505 0.788571 0.010588 0.008505
9 0.553664 0.790365 0.008719 0.007309
9 0.549305 0.792558 0.009134 0.008239
9 0.545153 0.793754 0.008304 0.007176
9 0.540897 0.795415 0.010588 0.008638
9 0.533112 0.798472 0.008719 0.006777
9 0.561657 0.773355 0.012248 0.009435
9 0.525431 0.801661 0.009550 0.007043
9 0.521279 0.803123 0.008304 0.007043
9 0.517127 0.804585 0.008719 0.007309
9 0.513909 0.806711 0.009342 0.008106
9 0.509550 0.807774 0.008512 0.007841
4 0.535084 0.791561 0.092381 0.039468
9 0.481628 0.663588 0.013701 0.007841
9 0.479136 0.660266 0.013701 0.007309
9 0.487752 0.669302 0.013909 0.006777
9 0.566639 0.770764 0.014324 0.011694
9 0.556259 0.775947 0.011003 0.008771
9 0.492526 0.675349 0.013909 0.007442
9 0.475607 0.741395 0.010795 0.004784
9 0.529064 0.737209 0.017231 0.008106
9 0.539755 0.749568 0.017438 0.010233
9 0.545256 0.753223 0.015570 0.008239
9 0.465435 0.714286 0.011210 0.004518
9 0.468134 0.717874 0.014532 0.005316
9 0.468756 0.721927 0.012456 0.005183
9 0.470313 0.725183 0.013909 0.005847
9 0.471040 0.729302 0.011625 0.004252
9 0.474881 0.737076 0.011833 0.005183
9 0.477579 0.746711 0.011418 0.004784
9 0.551900 0.778007 0.013494 0.010498
9 0.487440 0.765515 0.013286 0.005449
9 0.500934 0.796412 0.015362 0.013821
9 0.507785 0.795748 0.010380 0.009302
9 0.512767 0.793953 0.012041 0.010233
9 0.525223 0.789236 0.010380 0.009302
9 0.530725 0.786777 0.011418 0.011030
9 0.535811 0.785050 0.009965 0.008638
9 0.540689 0.782591 0.010588 0.009037
9 0.546502 0.780133 0.011833 0.009169
9 0.488997 0.672757 0.012248 0.006512
9 0.497613 0.681395 0.012456 0.006512
9 0.557193 0.831229 0.010795 0.006645
9 0.584181 0.828306 0.010380 0.007708
9 0.549720 0.853555 0.010795 0.009037
9 0.553249 0.851561 0.009134 0.007708
9 0.557920 0.850233 0.012248 0.009568
9 0.561138 0.847774 0.010380 0.008106
9 0.563006 0.842126 0.012041 0.010631
9 0.565912 0.838472 0.014117 0.009967
9 0.573282 0.836877 0.013909 0.012093
9 0.576188 0.832824 0.013079 0.010365
9 0.580963 0.830698 0.011418 0.008771
9 0.588644 0.826777 0.011003 0.009435
9 0.531659 0.837342 0.013701 0.007708
9 0.593523 0.824917 0.011210 0.009169
9 0.597467 0.822990 0.011210 0.008771
9 0.602761 0.821794 0.010588 0.008771
9 0.544634 0.810033 0.010588 0.006246
9 0.542350 0.815349 0.010588 0.005714
9 0.544322 0.818405 0.012871 0.007043
9 0.547540 0.820664 0.009757 0.005183
9 0.550135 0.823522 0.010795 0.006379
9 0.552730 0.825914 0.010588 0.006379
9 0.534980 0.840598 0.012456 0.007309
9 0.528441 0.835083 0.011418 0.006113
9 0.500934 0.684252 0.014117 0.007442
9 0.542973 0.727575 0.016400 0.008239
9 0.504152 0.687375 0.013909 0.008106
9 0.510795 0.693090 0.013909 0.007841
9 0.514636 0.696811 0.016193 0.008372
9 0.518061 0.701661 0.015155 0.007442
9 0.520864 0.705581 0.011625 0.006777
9 0.525431 0.708571 0.014947 0.007973
9 0.528856 0.712359 0.015570 0.009169
9 0.535707 0.720332 0.013909 0.008904
9 0.539132 0.723987 0.014117 0.007708
9 0.546294 0.732027 0.013494 0.008372
9 0.526157 0.832558 0.012248 0.007973
9 0.549927 0.735482 0.014532 0.008638
9 0.553976 0.739070 0.014739 0.008638
9 0.557401 0.742591 0.015362 0.009037
9 0.560411 0.747176 0.014324 0.008106
4 0.511937 0.706179 0.096326 0.101262
4 0.466473 0.737741 0.041104 0.089435
9 0.512352 0.824850 0.006643 0.004784
9 0.517750 0.825449 0.009965 0.005980
9 0.519826 0.827708 0.010795 0.006246
9 0.525535 0.732359 0.016400 0.008771
9 0.521279 0.728439 0.014947 0.008106
9 0.513494 0.720066 0.017646 0.008372
9 0.452875 0.600332 0.011003 0.008106
12 0.445609 0.478738 0.008927 0.006512
13 0.398900 0.973223 0.018891 0.016346
9 0.616566 0.912492 0.039028 0.017674
9 0.431596 0.592359 0.012041 0.009169
9 0.432219 0.581728 0.009550 0.010233
9 0.441457 0.579934 0.008927 0.007442
9 0.452356 0.585382 0.011210 0.009302
9 0.443637 0.588439 0.009965 0.008505
9 0.437928 0.590831 0.008096 0.006910
9 0.458584 0.598007 0.009134 0.007442
13 0.200021 0.827043 0.015155 0.009701
9 0.463567 0.595282 0.012456 0.009435
9 0.421943 0.605249 0.012663 0.007043
9 0.427133 0.614684 0.009342 0.009169
9 0.423604 0.619070 0.005190 0.007043
9 0.419660 0.612957 0.009342 0.005449
9 0.418829 0.619668 0.003944 0.006379
9 0.411252 0.623654 0.003737 0.006113
9 0.407411 0.625316 0.003944 0.006246
9 0.384264 0.616478 0.007058 0.006910
8 0.369940 0.151229 0.015777 0.010897
13 0.257006 0.658272 0.046917 0.028040
9 0.509965 0.715947 0.017646 0.009967
11 0.368798 0.366047 0.104837 0.060997
13 0.200125 0.119734 0.051484 0.030299
13 0.120303 0.121395 0.008512 0.008904
14 0.227112 0.362392 0.033631 0.024718
14 0.249118 0.354419 0.034046 0.025515
14 0.269981 0.345714 0.033838 0.024053
14 0.291053 0.337342 0.033631 0.025382
14 0.311709 0.328505 0.033838 0.024452
14 0.332468 0.320266 0.033423 0.024983
14 0.351775 0.311960 0.032593 0.024850
11 0.232510 0.418804 0.086361 0.059934
8 0.158294 0.591694 0.011003 0.007043
13 0.404090 0.488571 0.054183 0.028306
13 0.396616 0.471827 0.022628 0.012359
14 0.381150 0.523455 0.025327 0.024983
14 0.403778 0.526645 0.024081 0.024186
14 0.426303 0.529834 0.023459 0.024718
14 0.448931 0.532425 0.025119 0.025382
13 0.146876 0.521528 0.084492 0.045581
13 0.187046 0.496412 0.023251 0.013688
13 0.189018 0.504917 0.019722 0.013953
9 0.387793 0.615349 0.007058 0.006512
9 0.382396 0.611296 0.009965 0.006379
9 0.395371 0.610432 0.008927 0.006246
9 0.466888 0.667973 0.010795 0.006246
9 0.396824 0.657807 0.011418 0.007708
9 0.392464 0.660199 0.011003 0.007442
9 0.388105 0.662193 0.009342 0.007708
9 0.422566 0.655615 0.010172 0.004917
9 0.428275 0.642193 0.008719 0.006777
9 0.424538 0.643787 0.009134 0.006777
8 0.323023 0.443920 0.019929 0.011561
9 0.459311 0.661595 0.013494 0.007841
9 0.464293 0.664452 0.012248 0.006379
9 0.469379 0.671229 0.011625 0.006113
9 0.398381 0.608439 0.011210 0.005714
9 0.472493 0.674153 0.010795 0.006113
9 0.478617 0.680465 0.012663 0.007575
9 0.481628 0.684850 0.013286 0.007575
9 0.485468 0.687708 0.011418 0.006645
9 0.486714 0.692292 0.016400 0.008106
9 0.492630 0.694086 0.010380 0.004784
9 0.494291 0.696478 0.010380 0.005050
9 0.501038 0.705116 0.014324 0.007176
9 0.506643 0.712027 0.015985 0.008239
9 0.382396 0.633023 0.012456 0.007309
9 0.379178 0.630764 0.011003 0.005980
9 0.378036 0.628239 0.009965 0.005449
9 0.374611 0.625914 0.009757 0.006113
9 0.404401 0.606512 0.010380 0.005316
9 0.406166 0.604784 0.009757 0.005581
9 0.418622 0.598339 0.009342 0.006777
9 0.414989 0.614219 0.010380 0.004784
9 0.411563 0.615814 0.010172 0.004784
9 0.408864 0.617542 0.008512 0.006113
9 0.404712 0.619070 0.008927 0.004120
9 0.400042 0.621130 0.011210 0.004784
9 0.395890 0.623588 0.010795 0.003588
9 0.404090 0.626578 0.005190 0.006645
9 0.400664 0.628239 0.004982 0.006246
9 0.397343 0.629502 0.006643 0.006645
9 0.439070 0.623322 0.011210 0.006777
9 0.436994 0.626312 0.010380 0.006910
9 0.433569 0.627375 0.011833 0.007708
9 0.429001 0.629103 0.011833 0.006645
9 0.425576 0.630299 0.011625 0.004518
9 0.421113 0.631694 0.011833 0.005183
9 0.424019 0.635681 0.009342 0.004917
9 0.555325 0.828505 0.010380 0.006246
9 0.554287 0.810100 0.011210 0.006379
9 0.825410 0.751694 0.006643 0.010233
9 0.618642 0.733422 0.008719 0.007973
9 0.650509 0.732558 0.012663 0.010498
9 0.657359 0.730233 0.014324 0.010897
9 0.664521 0.727442 0.013701 0.010897
9 0.670023 0.725116 0.013079 0.010233
9 0.675524 0.722392 0.013701 0.010897
9 0.682583 0.719668 0.013286 0.009967
9 0.602969 0.738937 0.010172 0.008106
9 0.608678 0.737143 0.010795 0.008505
9 0.613037 0.734618 0.012871 0.009834
9 0.623209 0.730897 0.010380 0.008239
9 0.632863 0.740997 0.013909 0.011163
9 0.627984 0.728970 0.010380 0.008638
9 0.632759 0.726910 0.011625 0.009037
9 0.637638 0.724718 0.011833 0.009169
9 0.650405 0.719734 0.011210 0.009302
9 0.655802 0.717608 0.010380 0.007973
9 0.660889 0.716013 0.011003 0.008239
9 0.667116 0.713023 0.011418 0.008106
9 0.673241 0.710033 0.012456 0.008771
4 0.637638 0.730764 0.089890 0.038272
9 0.645007 0.735349 0.013286 0.010764
9 0.626323 0.743654 0.014532 0.010100
9 0.638883 0.782193 0.013079 0.009037
9 0.618954 0.673953 0.015570 0.009169
9 0.620718 0.696811 0.014117 0.006777
9 0.623106 0.699734 0.013079 0.007309
9 0.626012 0.703522 0.013909 0.007708
9 0.628918 0.706179 0.012248 0.006645
9 0.631721 0.708306 0.012041 0.007442
9 0.602034 0.654884 0.014117 0.008505
9 0.604110 0.658870 0.012871 0.007442
9 0.613452 0.667575 0.015362 0.008106
9 0.615944 0.671030 0.012871 0.007309
9 0.625804 0.681262 0.013909 0.008372
9 0.619058 0.745382 0.011625 0.010365
9 0.629022 0.684120 0.014117 0.008239
9 0.632551 0.688239 0.015362 0.009302
9 0.635562 0.691894 0.015570 0.008106
9 0.639298 0.695482 0.015985 0.008372
9 0.641893 0.698538 0.016193 0.008106
9 0.643969 0.702392 0.014947 0.007841
4 0.611376 0.676346 0.060203 0.061528
9 0.601100 0.753621 0.012248 0.009834
9 0.614075 0.747841 0.012456 0.010233
9 0.633901 0.784784 0.011833 0.009967
9 0.643865 0.780797 0.013494 0.010764
9 0.556467 0.812757 0.012248 0.006645
4 0.712788 0.777409 0.048370 0.044917
9 0.702201 0.804718 0.013079 0.010764
9 0.708221 0.802392 0.013079 0.010365
9 0.657878 0.805781 0.014532 0.012359
9 0.665144 0.802658 0.014117 0.012492
9 0.678950 0.797874 0.015155 0.012492
9 0.683413 0.794086 0.019514 0.015548
9 0.697426 0.788173 0.019722 0.015681
9 0.722753 0.782791 0.008512 0.006777
4 0.691717 0.801528 0.063110 0.027508
9 0.711750 0.784452 0.015155 0.012757
9 0.673241 0.815216 0.008304 0.008106
4 0.949346 0.482857 0.022005 0.036279
13 0.770397 0.704252 0.039028 0.029900
9 0.831015 0.748704 0.005398 0.007973
9 0.838696 0.753156 0.012871 0.006777
9 0.837554 0.756545 0.011003 0.006113
9 0.840461 0.761728 0.011418 0.003721
9 0.808387 0.756412 0.007058 0.008505
9 0.816483 0.752824 0.005398 0.009302
9 0.820843 0.752093 0.005813 0.008638
9 0.697218 0.807176 0.013494 0.009834
9 0.667220 0.817608 0.009550 0.007043
9 0.649678 0.778870 0.013494 0.010897
9 0.667324 0.755947 0.015155 0.009435
9 0.659124 0.774751 0.014947 0.010897
9 0.664833 0.772691 0.014324 0.010764
9 0.674486 0.768704 0.014117 0.010498
9 0.679572 0.766113 0.013909 0.009834
9 0.690160 0.761927 0.012663 0.009701
9 0.630060 0.770897 0.017438 0.010631
9 0.640440 0.765581 0.017853 0.010631
9 0.648329 0.763123 0.014532 0.008904
9 0.655076 0.760930 0.015570 0.009302
9 0.677600 0.750698 0.017853 0.009568
4 0.678015 0.759203 0.097986 0.040664
9 0.684451 0.747708 0.018684 0.011296
9 0.692859 0.745515 0.015985 0.009834
9 0.704484 0.740598 0.017646 0.011163
9 0.711542 0.737409 0.017231 0.010631
9 0.699917 0.757807 0.012663 0.009169
9 0.704588 0.756013 0.013286 0.009834
9 0.710608 0.754086 0.013701 0.010233
9 0.715902 0.752226 0.013079 0.009701
9 0.721196 0.749900 0.012456 0.008239
9 0.616463 0.694352 0.015570 0.007708
9 0.613868 0.691163 0.013701 0.007708
9 0.612207 0.687973 0.012871 0.005847
4 0.591447 0.806512 0.023666 0.021528
9 0.618954 0.822658 0.016400 0.009169
9 0.627777 0.831229 0.012871 0.007176
9 0.630787 0.834751 0.013494 0.006777
9 0.638364 0.837874 0.019929 0.010100
9 0.619680 0.846844 0.014117 0.008372
9 0.617501 0.841993 0.012248 0.006910
9 0.613556 0.839203 0.015155 0.008239
9 0.611792 0.835681 0.011210 0.005449
4 0.617604 0.831894 0.034461 0.031894
9 0.511625 0.642259 0.011833 0.006645
9 0.610857 0.815415 0.015155 0.007973
9 0.512871 0.645116 0.013079 0.007043
9 0.521175 0.652292 0.011833 0.007309
9 0.524393 0.654618 0.010380 0.005847
9 0.526157 0.658007 0.011833 0.006512
9 0.528649 0.660532 0.011833 0.006777
9 0.530932 0.663522 0.012248 0.006645
9 0.534046 0.666645 0.011418 0.006246
9 0.536745 0.669236 0.010588 0.006379
9 0.539236 0.672292 0.011003 0.006910
9 0.613971 0.819070 0.016400 0.008904
9 0.608470 0.812625 0.015362 0.007973
9 0.608989 0.684718 0.013079 0.007043
9 0.584181 0.807841 0.011210 0.007176
9 0.558439 0.815615 0.012041 0.005980
9 0.561241 0.818538 0.010588 0.005449
9 0.563629 0.820465 0.012041 0.006113
9 0.567262 0.823522 0.012663 0.006910
9 0.569442 0.825980 0.012871 0.007309
4 0.556363 0.822126 0.019929 0.020864
9 0.575877 0.800731 0.012456 0.007043
9 0.579821 0.802724 0.008719 0.005449
9 0.580963 0.805316 0.011418 0.007176
9 0.586568 0.810897 0.012248 0.007176
9 0.604422 0.809701 0.014739 0.008505
9 0.590201 0.813422 0.011210 0.006645
9 0.592693 0.815748 0.010795 0.006246
9 0.587087 0.797807 0.008719 0.006512
9 0.591343 0.796213 0.009342 0.007309
9 0.595391 0.794086 0.009134 0.007309
9 0.598920 0.792757 0.009134 0.007841
9 0.593627 0.801262 0.011418 0.006512
9 0.599647 0.802791 0.016400 0.009302
9 0.602034 0.806379 0.016193 0.008771
9 0.545049 0.678272 0.012248 0.007442
9 0.547125 0.681395 0.013494 0.006777
9 0.548889 0.684983 0.015362 0.007575
9 0.601619 0.720000 0.015777 0.007176
9 0.568507 0.684585 0.013079 0.007043
9 0.572140 0.687309 0.015362 0.006910
9 0.574943 0.690764 0.014739 0.009037
9 0.578783 0.693621 0.014947 0.007841
9 0.581275 0.697475 0.015362 0.007309
9 0.586153 0.704518 0.011418 0.005449
9 0.589475 0.707841 0.013909 0.008372
9 0.593523 0.710631 0.015362 0.008904
9 0.598920 0.717076 0.014117 0.007176
4 0.555844 0.680066 0.084492 0.090233
9 0.555013 0.691096 0.013909 0.006777
9 0.567573 0.645847 0.013286 0.010631
9 0.591239 0.646246 0.012456 0.006379
9 0.578161 0.652558 0.015362 0.007841
9 0.581275 0.655282 0.015777 0.007973
9 0.588229 0.661794 0.013079 0.007973
9 0.593627 0.668372 0.014324 0.007309
9 0.595495 0.672093 0.015985 0.008372
9 0.599336 0.674817 0.014117 0.007176
9 0.601723 0.678140 0.015570 0.007708
9 0.565912 0.682060 0.013286 0.006512
9 0.563421 0.678272 0.014117 0.007442
9 0.560722 0.675482 0.013286 0.007973
9 0.558127 0.672824 0.011418 0.006645
9 0.557401 0.694153 0.017023 0.009169
9 0.560411 0.697409 0.016400 0.007708
9 0.563733 0.700731 0.015155 0.009302
9 0.566016 0.704452 0.015155 0.008505
9 0.569545 0.707708 0.015570 0.008106
9 0.572867 0.711030 0.015985 0.008106
9 0.575981 0.714684 0.015155 0.007973
9 0.578887 0.718405 0.016815 0.009037
9 0.581794 0.721528 0.016400 0.008904
9 0.523251 0.634817 0.013909 0.007176
9 0.524289 0.638140 0.010172 0.005847
9 0.533735 0.646047 0.012456 0.007309
9 0.536745 0.649435 0.013079 0.006645
9 0.539340 0.652558 0.012041 0.007043
9 0.541416 0.655282 0.011625 0.006645
9 0.545360 0.658339 0.012041 0.006379
9 0.550135 0.662924 0.013286 0.007575
9 0.552003 0.667641 0.012456 0.007176
9 0.555844 0.669236 0.012248 0.006910
13 0.188188 0.031694 0.027611 0.017409
