10 0.571640 0.903670 0.006588 0.002752
7 0.361660 0.328670 0.016140 0.021254
5 0.439476 0.493884 0.004776 0.012232
5 0.435688 0.494190 0.003788 0.011621
5 0.423090 0.493272 0.004941 0.011621
5 0.448617 0.462691 0.004282 0.012232
7 0.223979 0.322706 0.016140 0.020948
7 0.244236 0.323394 0.015481 0.020489
7 0.282938 0.325229 0.017457 0.021407
7 0.302701 0.325841 0.016469 0.021101
7 0.341980 0.327370 0.017951 0.021713
7 0.381011 0.329358 0.016963 0.021407
7 0.391304 0.282263 0.016469 0.021407
7 0.400198 0.329740 0.015810 0.020336
7 0.420372 0.330657 0.015316 0.020642
7 0.440053 0.331575 0.018445 0.022171
7 0.458745 0.331881 0.017292 0.021560
7 0.498518 0.333486 0.015810 0.020795
7 0.499341 0.281040 0.015810 0.021101
7 0.469285 0.284862 0.015975 0.020183
7 0.460392 0.279434 0.012352 0.020948
7 0.440876 0.278517 0.015810 0.021254
5 0.443264 0.494725 0.004447 0.012080
5 0.447793 0.494648 0.004941 0.013150
5 0.450922 0.495031 0.005929 0.012997
5 0.470109 0.511009 0.008070 0.021407
7 0.690382 0.102446 0.011528 0.016208
7 0.682971 0.108410 0.012187 0.016820
7 0.675807 0.102064 0.012022 0.016667
7 0.668643 0.108869 0.011858 0.015291
7 0.661397 0.101758 0.012516 0.016667
7 0.646904 0.101070 0.011528 0.015291
7 0.632164 0.101529 0.011034 0.015902
7 0.808053 0.068119 0.012022 0.015749
7 0.793231 0.067737 0.012022 0.016208
7 0.778574 0.067813 0.013011 0.016667
7 0.763999 0.067737 0.011858 0.016208
7 0.749835 0.067966 0.012187 0.016667
7 0.734931 0.067125 0.012352 0.016514
7 0.720191 0.067508 0.011199 0.016361
7 0.705781 0.067431 0.012352 0.017125
7 0.691041 0.066972 0.011199 0.017125
7 0.676548 0.066437 0.011528 0.017584
7 0.661561 0.066590 0.011858 0.018502
7 0.646657 0.065596 0.011693 0.017431
7 0.410491 0.282722 0.016963 0.022324
7 0.381917 0.276529 0.015481 0.020948
10 0.562418 0.933486 0.002964 0.005810
5 0.176548 0.201835 0.006588 0.016514
5 0.220109 0.189908 0.006423 0.017125
5 0.214921 0.203440 0.006917 0.015443
5 0.210886 0.189526 0.006752 0.016361
5 0.205616 0.203135 0.007082 0.016055
5 0.201252 0.189373 0.006917 0.016055
5 0.195735 0.202905 0.006752 0.015291
5 0.191864 0.188838 0.006917 0.016208
5 0.186512 0.202294 0.007082 0.016208
5 0.182395 0.188532 0.007411 0.016514
5 0.151021 0.132187 0.004282 0.013914
7 0.362072 0.275765 0.016963 0.021560
5 0.154891 0.132569 0.004117 0.013761
5 0.159256 0.132645 0.004282 0.013303
5 0.163291 0.132645 0.004117 0.013303
5 0.167161 0.133028 0.003953 0.013150
5 0.171278 0.133257 0.003953 0.013303
5 0.175395 0.133333 0.004282 0.013150
5 0.179348 0.134098 0.004941 0.012538
5 0.183300 0.133869 0.004282 0.012080
5 0.187500 0.134174 0.004776 0.012080
5 0.224638 0.203746 0.006917 0.015749
5 0.229578 0.190214 0.007246 0.017125
5 0.233860 0.204128 0.006588 0.015596
5 0.239213 0.190826 0.008070 0.016820
7 0.352767 0.280046 0.016140 0.022171
7 0.273798 0.277370 0.016963 0.022018
7 0.254200 0.276529 0.015975 0.021865
7 0.206522 0.270031 0.015481 0.020795
5 0.520422 0.210168 0.010540 0.025229
5 0.505764 0.210168 0.009552 0.025841
5 0.476532 0.209021 0.010046 0.024771
5 0.462039 0.208180 0.008399 0.025841
5 0.432971 0.208028 0.011199 0.024618
5 0.418314 0.207645 0.010870 0.025688
5 0.403162 0.207569 0.010540 0.025535
5 0.371871 0.205734 0.009223 0.024924
5 0.284091 0.206422 0.006917 0.016208
5 0.274045 0.206040 0.005929 0.016361
5 0.263422 0.205505 0.006094 0.015902
5 0.258893 0.191284 0.006258 0.015596
5 0.253706 0.205199 0.006752 0.015902
5 0.249094 0.190826 0.006423 0.015902
5 0.243412 0.204740 0.005599 0.015596
7 0.697875 0.108333 0.012022 0.016055
7 0.705040 0.102294 0.011858 0.016208
7 0.712368 0.108486 0.012022 0.016055
5 0.550642 0.326300 0.004776 0.015291
5 0.563241 0.289679 0.005929 0.015749
5 0.557559 0.293119 0.007082 0.016208
5 0.553607 0.289526 0.007082 0.016055
5 0.547843 0.292966 0.005764 0.015596
5 0.543725 0.289067 0.006752 0.015443
5 0.538949 0.291896 0.006752 0.015902
5 0.536479 0.328135 0.006752 0.015291
5 0.541749 0.325612 0.006094 0.016667
5 0.545949 0.329281 0.004941 0.015749
5 0.555418 0.329587 0.006094 0.015443
7 0.719615 0.102294 0.011693 0.015596
5 0.565135 0.329664 0.007411 0.016820
5 0.579216 0.327752 0.004941 0.016055
5 0.583992 0.331346 0.005929 0.015291
5 0.589921 0.328287 0.005599 0.015902
5 0.587286 0.364832 0.006917 0.015902
5 0.577981 0.364450 0.005435 0.015749
5 0.568594 0.363761 0.005435 0.014985
5 0.549325 0.362080 0.005105 0.015291
5 0.530797 0.361850 0.005599 0.015749
5 0.567111 0.293654 0.006094 0.016055
5 0.572464 0.290443 0.006588 0.016361
5 0.576993 0.293807 0.006423 0.015443
5 0.582098 0.290902 0.005764 0.015749
7 0.891057 0.184098 0.011034 0.015291
7 0.913785 0.148700 0.011693 0.016361
7 0.899292 0.148394 0.012022 0.016667
7 0.885623 0.148242 0.012022 0.016972
7 0.856308 0.148012 0.011693 0.017431
7 0.827404 0.147936 0.011528 0.016667
7 0.784173 0.148089 0.011693 0.017278
7 0.770669 0.148089 0.012022 0.016972
7 0.756505 0.147248 0.012022 0.015902
7 0.742342 0.147783 0.013340 0.017278
7 0.727767 0.147859 0.012516 0.016208
7 0.698699 0.147706 0.012022 0.015902
7 0.684536 0.147018 0.011693 0.016361
7 0.669796 0.146865 0.012187 0.015749
7 0.654891 0.147095 0.011034 0.016514
7 0.639904 0.146789 0.011034 0.015902
7 0.625659 0.146865 0.011199 0.016361
5 0.591650 0.291590 0.007082 0.016208
5 0.585721 0.294801 0.006094 0.015902
5 0.521327 0.360550 0.005764 0.015902
5 0.514246 0.412232 0.006094 0.015291
5 0.518857 0.409633 0.005435 0.016208
5 0.571723 0.518884 0.007740 0.020948
5 0.567029 0.569648 0.007905 0.021560
5 0.560688 0.563379 0.009717 0.021560
5 0.553195 0.563073 0.010211 0.021560
5 0.539937 0.561697 0.012352 0.021865
5 0.530468 0.561009 0.009223 0.021101
7 0.872859 0.113914 0.011858 0.015902
7 0.858202 0.113609 0.013175 0.016820
7 0.843297 0.113532 0.011693 0.016055
7 0.829545 0.113379 0.011858 0.016361
7 0.814806 0.110168 0.011364 0.016055
7 0.807559 0.103058 0.011693 0.016514
7 0.792984 0.102905 0.011199 0.016208
7 0.778162 0.103058 0.011199 0.015902
7 0.763587 0.102599 0.011693 0.014985
7 0.756505 0.109098 0.011364 0.016361
7 0.749341 0.102905 0.012516 0.016820
7 0.741765 0.108716 0.011858 0.017431
7 0.734354 0.102829 0.011858 0.017584
7 0.726861 0.108257 0.012022 0.017125
5 0.575511 0.564679 0.009717 0.022018
5 0.566453 0.512768 0.006752 0.020948
5 0.524127 0.412997 0.006094 0.014373
5 0.557724 0.517890 0.007740 0.020489
5 0.528738 0.410015 0.006423 0.015443
5 0.533514 0.413379 0.006752 0.015443
5 0.538208 0.410627 0.006588 0.015749
5 0.547678 0.411086 0.005435 0.015138
5 0.561594 0.414144 0.007576 0.017278
5 0.571723 0.415138 0.006752 0.016820
5 0.580945 0.415902 0.006752 0.015291
5 0.585721 0.413761 0.006094 0.015902
5 0.589674 0.421636 0.004776 0.012385
5 0.571311 0.457110 0.008564 0.020642
5 0.562912 0.462003 0.007576 0.021254
5 0.543067 0.455581 0.008729 0.021865
5 0.533762 0.460398 0.007576 0.021713
5 0.519433 0.459709 0.006588 0.020642
5 0.490119 0.458104 0.007246 0.020183
5 0.513752 0.514220 0.006752 0.020489
5 0.528574 0.515443 0.007411 0.020183
5 0.542490 0.516437 0.007576 0.020642
5 0.551136 0.511162 0.009058 0.022324
5 0.191206 0.134404 0.004941 0.012232
5 0.195323 0.134098 0.004611 0.012844
5 0.199275 0.134098 0.004611 0.013150
5 0.573452 0.145413 0.005270 0.011621
5 0.537220 0.144495 0.004611 0.011927
5 0.541255 0.144419 0.004117 0.011774
5 0.545208 0.144725 0.004117 0.012080
5 0.549325 0.145031 0.004117 0.012080
5 0.553277 0.145031 0.004447 0.012385
5 0.557148 0.145107 0.004941 0.012538
5 0.561347 0.145183 0.004447 0.012385
5 0.565053 0.145031 0.004941 0.012385
5 0.569499 0.145183 0.004611 0.011774
5 0.523633 0.129358 0.004117 0.012232
5 0.480567 0.142890 0.004611 0.012385
5 0.527503 0.129511 0.004282 0.012538
5 0.531621 0.129817 0.004611 0.012538
5 0.535408 0.129740 0.004282 0.012385
5 0.539443 0.129817 0.004117 0.012232
5 0.543478 0.130199 0.004611 0.012385
5 0.547760 0.130352 0.004282 0.012080
5 0.551960 0.130275 0.004447 0.012232
5 0.555748 0.130505 0.004447 0.012080
5 0.559783 0.130352 0.004941 0.012080
5 0.533267 0.144343 0.004611 0.012232
5 0.528986 0.144113 0.004611 0.012385
5 0.524951 0.143884 0.004447 0.012538
5 0.519516 0.129205 0.004117 0.012538
5 0.475132 0.128058 0.004611 0.012997
5 0.479578 0.128364 0.004611 0.012385
5 0.483449 0.128364 0.004447 0.011774
5 0.487484 0.128593 0.004282 0.012538
5 0.488966 0.143196 0.004611 0.012080
5 0.492918 0.143196 0.004282 0.011774
5 0.497118 0.143272 0.004117 0.011927
5 0.501153 0.143272 0.003953 0.012538
5 0.505023 0.143272 0.003788 0.012538
5 0.508893 0.143502 0.004282 0.012080
5 0.512928 0.143578 0.004117 0.012232
5 0.516798 0.143807 0.004282 0.012080
5 0.520916 0.143960 0.004282 0.012080
5 0.495142 0.129052 0.004776 0.012232
5 0.499341 0.129052 0.004611 0.012232
5 0.503376 0.128899 0.004117 0.012232
5 0.507411 0.129052 0.004941 0.012538
5 0.511364 0.129434 0.004941 0.012385
5 0.515728 0.129358 0.003788 0.012538
5 0.563570 0.130505 0.005270 0.012385
5 0.567441 0.130734 0.004776 0.012538
5 0.571723 0.130887 0.004447 0.012232
7 0.418890 0.085627 0.013669 0.015902
7 0.403821 0.085780 0.012516 0.015902
7 0.397480 0.070336 0.012022 0.016208
7 0.389657 0.085168 0.012187 0.016208
7 0.383070 0.069343 0.011858 0.016055
7 0.375165 0.084709 0.012516 0.016208
7 0.368083 0.069801 0.011528 0.016361
7 0.360013 0.084251 0.011858 0.015596
7 0.354084 0.069266 0.012187 0.017431
7 0.338686 0.068502 0.012352 0.016208
7 0.324111 0.068349 0.013175 0.017431
7 0.330945 0.084174 0.011693 0.016361
7 0.316288 0.083333 0.012022 0.016514
7 0.309783 0.067431 0.011858 0.016820
7 0.301383 0.083410 0.011528 0.016667
7 0.294796 0.067202 0.012516 0.017278
7 0.286891 0.082492 0.011858 0.016667
7 0.280303 0.067049 0.012187 0.016667
7 0.272316 0.082492 0.012352 0.017278
7 0.257740 0.082339 0.011199 0.016667
7 0.412055 0.070719 0.011858 0.016055
7 0.426795 0.071483 0.011364 0.016361
5 0.577816 0.145566 0.005105 0.011621
7 0.433053 0.086774 0.011364 0.015443
5 0.575675 0.131269 0.004447 0.012080
7 0.573040 0.074388 0.011693 0.015443
7 0.579792 0.090367 0.012022 0.016514
7 0.565053 0.090138 0.011528 0.016055
7 0.558300 0.075000 0.011858 0.016972
7 0.550478 0.089908 0.011364 0.015902
7 0.543972 0.074388 0.011858 0.016972
7 0.536232 0.089832 0.013175 0.016972
7 0.521410 0.088609 0.013175 0.016667
7 0.505352 0.088914 0.012352 0.016667
7 0.500000 0.073624 0.012516 0.017584
7 0.491601 0.088150 0.011528 0.016361
7 0.485178 0.072936 0.012846 0.017125
7 0.477355 0.088226 0.012022 0.016820
7 0.470685 0.072324 0.012846 0.017125
7 0.462286 0.087385 0.011528 0.015443
7 0.455781 0.072018 0.012352 0.016514
7 0.447958 0.087156 0.011528 0.015902
7 0.441370 0.071713 0.012516 0.017125
5 0.484848 0.142890 0.004282 0.012385
5 0.471262 0.128135 0.004117 0.012538
5 0.203228 0.135015 0.004611 0.011927
5 0.348238 0.139067 0.005435 0.012691
5 0.311924 0.137920 0.004282 0.012844
5 0.316123 0.137997 0.004776 0.012691
5 0.320240 0.137844 0.004447 0.012691
5 0.324111 0.137997 0.004282 0.012385
5 0.327981 0.137997 0.004447 0.012385
5 0.332263 0.138379 0.004776 0.012538
5 0.336380 0.138532 0.004776 0.012232
5 0.340168 0.138914 0.005764 0.012691
5 0.344285 0.138838 0.004117 0.012232
5 0.352437 0.138991 0.004611 0.012538
5 0.467391 0.128135 0.004611 0.011927
5 0.356390 0.139297 0.004941 0.012538
5 0.360507 0.139602 0.005599 0.012232
5 0.364789 0.139144 0.005929 0.012844
5 0.369153 0.139526 0.006094 0.012385
5 0.372941 0.139755 0.005435 0.012844
5 0.376565 0.139679 0.005105 0.012385
5 0.380352 0.139908 0.004447 0.012232
5 0.384634 0.139908 0.004447 0.012538
5 0.388834 0.140061 0.004611 0.012232
5 0.307889 0.137920 0.004447 0.013150
5 0.304018 0.137615 0.003953 0.012232
5 0.299984 0.137232 0.004447 0.012080
5 0.295784 0.137232 0.004282 0.012385
5 0.207428 0.134557 0.004447 0.012538
5 0.211627 0.134862 0.004611 0.012232
5 0.215580 0.135092 0.004941 0.012385
5 0.219615 0.135168 0.004117 0.012232
5 0.223650 0.135168 0.004282 0.012232
5 0.227684 0.135245 0.004776 0.012385
5 0.231802 0.135703 0.004447 0.012080
5 0.235754 0.135474 0.004447 0.012232
5 0.240201 0.135550 0.004117 0.012080
5 0.243989 0.135703 0.005764 0.012385
5 0.247694 0.135780 0.004611 0.012844
5 0.259881 0.136239 0.004611 0.011927
5 0.263752 0.136391 0.004776 0.011621
5 0.267951 0.136697 0.004611 0.011621
5 0.271821 0.136850 0.005105 0.012538
5 0.276021 0.136468 0.004611 0.011774
5 0.280056 0.136697 0.004447 0.011927
5 0.284009 0.137003 0.003788 0.011621
5 0.291914 0.137309 0.003788 0.012538
5 0.392787 0.140291 0.004282 0.012080
5 0.396739 0.140596 0.004282 0.012385
5 0.400692 0.140596 0.004941 0.012385
5 0.427289 0.126988 0.004117 0.011774
5 0.435441 0.127141 0.003953 0.011468
5 0.439065 0.127141 0.004282 0.012997
5 0.443182 0.127370 0.004941 0.012232
5 0.447299 0.127446 0.004282 0.012080
5 0.451334 0.127523 0.004447 0.012232
5 0.455451 0.127599 0.004447 0.012385
5 0.459569 0.127676 0.004776 0.012232
5 0.428854 0.141437 0.004611 0.012538
5 0.432806 0.141743 0.004941 0.011927
5 0.436841 0.141820 0.004776 0.012080
5 0.440794 0.141743 0.004447 0.011927
5 0.444582 0.141972 0.004447 0.011774
5 0.448617 0.142049 0.003953 0.011621
5 0.452734 0.142202 0.004282 0.011315
5 0.456769 0.142278 0.004117 0.011774
5 0.460639 0.142202 0.003953 0.012232
5 0.464921 0.142278 0.004611 0.012385
5 0.468956 0.142355 0.004447 0.012232
5 0.472908 0.142661 0.005105 0.012232
5 0.431324 0.127217 0.004282 0.012232
5 0.423172 0.126835 0.004447 0.012080
5 0.404727 0.140520 0.004447 0.012538
5 0.418972 0.126453 0.005270 0.012232
5 0.408679 0.140673 0.004776 0.012844
5 0.412714 0.140826 0.004611 0.012844
5 0.416914 0.141055 0.004117 0.012385
5 0.420702 0.141208 0.004117 0.012080
5 0.354496 0.124618 0.005764 0.012538
5 0.359025 0.124924 0.004611 0.012844
5 0.363060 0.124694 0.004117 0.012691
5 0.367013 0.125535 0.004447 0.012538
5 0.375082 0.125688 0.004447 0.011927
5 0.379282 0.125535 0.004611 0.012538
5 0.383070 0.125688 0.004611 0.012232
5 0.386775 0.125994 0.004776 0.012538
5 0.391140 0.126070 0.004282 0.012080
5 0.395339 0.126070 0.004447 0.012080
5 0.399374 0.126070 0.004282 0.011468
5 0.403244 0.126376 0.004776 0.011468
5 0.407609 0.126300 0.004282 0.012232
5 0.411644 0.126529 0.004117 0.011774
5 0.415102 0.126376 0.004117 0.012080
7 0.869153 0.183869 0.012681 0.015749
7 0.861413 0.197630 0.011693 0.016667
7 0.847167 0.196483 0.011858 0.016820
10 0.735096 0.902523 0.002800 0.005657
10 0.709898 0.865214 0.002800 0.005046
10 0.713768 0.864985 0.003294 0.007034
10 0.722250 0.865061 0.003129 0.006575
10 0.706275 0.900153 0.002800 0.004893
10 0.709569 0.900535 0.002470 0.004740
10 0.719615 0.901988 0.002470 0.005505
10 0.725708 0.901835 0.002470 0.005810
10 0.728673 0.902370 0.002141 0.005657
10 0.731966 0.902446 0.002800 0.005199
10 0.738554 0.902446 0.002800 0.004587
10 0.664526 0.897706 0.002306 0.005505
10 0.741930 0.902905 0.002635 0.005810
10 0.744977 0.902982 0.002470 0.004740
10 0.748518 0.903517 0.002306 0.005505
10 0.752141 0.903746 0.002635 0.005352
10 0.734107 0.880810 0.002470 0.005352
10 0.733696 0.888150 0.002964 0.006575
10 0.743495 0.887615 0.002800 0.006116
10 0.739872 0.887080 0.002800 0.005046
10 0.740448 0.881728 0.002964 0.005046
10 0.706604 0.865138 0.003129 0.006422
10 0.702981 0.864220 0.002800 0.004893
10 0.698946 0.863609 0.002635 0.006422
10 0.717721 0.885703 0.002635 0.005657
10 0.671772 0.899312 0.002306 0.005046
10 0.675478 0.898930 0.003458 0.006116
10 0.673254 0.876070 0.002964 0.005963
10 0.672760 0.883333 0.002306 0.005505
10 0.663208 0.862156 0.002964 0.007187
10 0.666749 0.862462 0.002141 0.005657
10 0.670702 0.862997 0.002800 0.007339
10 0.674160 0.861697 0.002470 0.006575
10 0.677866 0.862691 0.002635 0.005505
10 0.678854 0.856422 0.002964 0.005810
10 0.676877 0.883410 0.002635 0.005657
10 0.689147 0.895566 0.005105 0.005505
10 0.699852 0.899847 0.002470 0.004893
10 0.702899 0.900000 0.002306 0.005199
10 0.697217 0.884557 0.003129 0.005810
10 0.701087 0.884633 0.002635 0.005352
10 0.704957 0.885168 0.002800 0.005199
10 0.718050 0.857722 0.002964 0.005963
10 0.711298 0.885474 0.002964 0.004893
10 0.746706 0.887691 0.002635 0.005657
10 0.729002 0.859174 0.002470 0.005199
10 0.732543 0.858945 0.002964 0.006575
10 0.796196 0.891208 0.003129 0.005657
10 0.797843 0.883410 0.003129 0.005963
10 0.799325 0.890214 0.004117 0.006728
10 0.802042 0.882798 0.003953 0.005657
10 0.806571 0.887462 0.004117 0.005810
10 0.758152 0.903670 0.002800 0.005199
10 0.761775 0.904205 0.002470 0.004740
10 0.768445 0.904128 0.002306 0.005199
10 0.771410 0.904511 0.002635 0.005046
10 0.777833 0.905275 0.002635 0.004434
10 0.819005 0.898700 0.004941 0.005963
10 0.888587 0.947248 0.006094 0.005505
10 0.885870 0.944801 0.005270 0.004587
10 0.883482 0.941972 0.005435 0.004740
10 0.880929 0.939067 0.006258 0.005046
10 0.879117 0.936621 0.004611 0.003823
10 0.876894 0.934251 0.007082 0.005810
10 0.873600 0.931116 0.005435 0.005046
10 0.869401 0.926682 0.006917 0.006881
10 0.866601 0.924083 0.006258 0.005657
10 0.793808 0.884786 0.003294 0.005352
10 0.783679 0.861315 0.002141 0.005199
10 0.736248 0.858945 0.003458 0.005657
10 0.788455 0.891284 0.002470 0.005810
10 0.749753 0.887462 0.002470 0.005810
10 0.753458 0.887691 0.002635 0.005046
10 0.754117 0.881269 0.002964 0.006269
10 0.759058 0.888761 0.002964 0.005046
10 0.762599 0.888685 0.002800 0.004587
10 0.769186 0.889526 0.002800 0.005657
10 0.772563 0.889297 0.002964 0.005199
10 0.772974 0.883104 0.002800 0.005046
10 0.775774 0.889908 0.002470 0.005199
10 0.754611 0.866972 0.002635 0.005810
10 0.751153 0.860245 0.003294 0.004893
10 0.760705 0.866972 0.002964 0.005505
10 0.765069 0.860933 0.002470 0.005352
10 0.769022 0.867508 0.003129 0.006575
10 0.776268 0.868960 0.002800 0.005505
10 0.773139 0.861621 0.002800 0.005810
10 0.782609 0.889908 0.002635 0.005199
10 0.783103 0.883869 0.002635 0.005352
10 0.789196 0.884098 0.002635 0.005199
10 0.667984 0.898471 0.002635 0.004893
10 0.661314 0.898547 0.002800 0.005352
10 0.859766 0.917049 0.005764 0.005352
10 0.454545 0.932722 0.004611 0.005505
10 0.486166 0.920107 0.003953 0.005963
10 0.482296 0.920872 0.003458 0.005046
10 0.479908 0.937156 0.004611 0.005810
10 0.476614 0.938532 0.004282 0.005810
10 0.473073 0.940138 0.004117 0.005963
10 0.470109 0.925688 0.004776 0.006116
10 0.462204 0.928593 0.004776 0.005505
10 0.466733 0.943654 0.004941 0.005352
10 0.457922 0.930657 0.005435 0.006269
10 0.460392 0.947706 0.004776 0.005810
10 0.657609 0.897706 0.002635 0.005810
10 0.453557 0.951453 0.004941 0.005352
10 0.451663 0.934939 0.004447 0.004740
10 0.448781 0.954817 0.004941 0.005352
10 0.443923 0.939679 0.006752 0.006575
10 0.437912 0.964297 0.004941 0.004740
10 0.434618 0.966284 0.005599 0.005657
10 0.428854 0.971024 0.005270 0.005657
10 0.426301 0.973012 0.005105 0.005352
10 0.424654 0.955505 0.005105 0.004893
10 0.487236 0.934557 0.003788 0.005810
10 0.489460 0.918807 0.003623 0.005199
10 0.494483 0.932722 0.003788 0.005810
10 0.497283 0.917661 0.003458 0.005046
10 0.555583 0.933333 0.002470 0.005505
10 0.560112 0.918272 0.002306 0.004434
10 0.556653 0.918272 0.002635 0.005046
10 0.551795 0.933869 0.002800 0.005352
10 0.552372 0.918425 0.002635 0.005352
10 0.541337 0.917431 0.003294 0.005505
10 0.537796 0.917278 0.002800 0.005199
10 0.534173 0.916972 0.002800 0.005199
10 0.519433 0.916514 0.002635 0.005199
10 0.515810 0.916055 0.002635 0.005505
10 0.512105 0.916361 0.003458 0.007034
10 0.513505 0.930963 0.002635 0.005657
10 0.509552 0.931193 0.002964 0.005810
10 0.506011 0.931957 0.002470 0.005505
10 0.508317 0.916590 0.002141 0.005046
10 0.504776 0.916667 0.002635 0.005505
10 0.502059 0.931957 0.003129 0.006422
10 0.500906 0.917202 0.003129 0.006575
10 0.498682 0.932645 0.003953 0.006575
10 0.374177 0.966361 0.005599 0.006422
10 0.363060 0.971483 0.005764 0.005963
10 0.360178 0.974006 0.006258 0.006116
10 0.608696 0.850917 0.003623 0.005810
10 0.630764 0.852064 0.003953 0.005963
10 0.637187 0.860015 0.003294 0.005657
10 0.641304 0.860550 0.002635 0.005505
10 0.651845 0.861697 0.002964 0.005657
10 0.632987 0.873777 0.002800 0.004740
10 0.636858 0.874083 0.002306 0.004740
10 0.650939 0.875229 0.002470 0.005505
10 0.655221 0.876070 0.002800 0.005352
10 0.654150 0.882187 0.002964 0.005046
10 0.650362 0.882416 0.002635 0.005199
10 0.661891 0.883486 0.002635 0.006116
10 0.644186 0.881346 0.003458 0.006728
10 0.636117 0.881498 0.002800 0.006116
10 0.628788 0.880734 0.003623 0.006422
10 0.634634 0.896101 0.002800 0.006881
10 0.638422 0.896942 0.003129 0.005810
10 0.642540 0.896483 0.002800 0.006422
10 0.649127 0.896713 0.002800 0.005963
10 0.653409 0.897171 0.003129 0.005963
10 0.622694 0.859021 0.002964 0.005505
10 0.601367 0.850841 0.002141 0.004740
6 0.440053 0.916131 0.012187 0.009327
10 0.612813 0.858333 0.002635 0.005657
10 0.393610 0.923242 0.007246 0.007034
10 0.604084 0.936162 0.002635 0.005046
10 0.589509 0.935015 0.002800 0.005199
10 0.585804 0.935168 0.002635 0.004893
10 0.581604 0.934633 0.002800 0.005657
10 0.587698 0.920336 0.002470 0.005505
10 0.591733 0.921024 0.003294 0.005963
10 0.599638 0.921177 0.002635 0.005657
10 0.606884 0.921865 0.002635 0.005199
10 0.610425 0.922324 0.002800 0.005199
10 0.587698 0.893119 0.002800 0.005505
10 0.591321 0.894190 0.002470 0.005810
10 0.584651 0.878135 0.002964 0.005505
10 0.592227 0.871177 0.002635 0.005657
10 0.596509 0.871407 0.002306 0.005505
10 0.610837 0.879893 0.002964 0.006575
10 0.603426 0.879664 0.003294 0.007339
10 0.586627 0.849006 0.003623 0.005963
10 0.594615 0.850076 0.003129 0.006881
10 0.861989 0.919037 0.005599 0.005352
10 0.855237 0.934786 0.005929 0.005046
7 0.839509 0.182569 0.012352 0.015902
10 0.138505 0.730428 0.007576 0.003364
10 0.121047 0.246636 0.004282 0.007339
10 0.136446 0.268425 0.004117 0.005046
10 0.141140 0.669878 0.007576 0.006728
10 0.153738 0.697554 0.006094 0.005199
10 0.150692 0.694190 0.006258 0.005199
10 0.146739 0.691055 0.005599 0.005046
10 0.151680 0.685168 0.006917 0.005810
10 0.146245 0.739067 0.005599 0.003211
10 0.141634 0.732951 0.006588 0.003211
10 0.112731 0.738914 0.005764 0.005657
10 0.244153 0.668960 0.004776 0.005199
10 0.107049 0.743578 0.006588 0.006422
10 0.054183 0.752752 0.004611 0.005810
10 0.057806 0.750994 0.006917 0.006269
10 0.059618 0.748165 0.005599 0.005505
10 0.064723 0.743654 0.005599 0.005352
10 0.066864 0.741514 0.005929 0.005963
10 0.064065 0.733716 0.005599 0.005963
10 0.067441 0.722783 0.005764 0.006116
10 0.069829 0.719954 0.005929 0.006269
6 0.150692 0.227141 0.006588 0.009021
10 0.130764 0.207416 0.004941 0.006881
10 0.257082 0.430122 0.006917 0.006116
10 0.269928 0.609404 0.006917 0.005963
10 0.249341 0.665138 0.005270 0.005505
10 0.251976 0.662997 0.005270 0.005810
10 0.254364 0.660856 0.005435 0.005505
10 0.260211 0.655963 0.004941 0.005505
10 0.263340 0.654434 0.004941 0.004893
10 0.265316 0.652217 0.005599 0.005352
10 0.267787 0.649771 0.005929 0.005963
10 0.272563 0.645566 0.004941 0.005810
10 0.275362 0.643807 0.005599 0.005657
10 0.278327 0.642355 0.005599 0.005810
10 0.238472 0.644266 0.005599 0.005352
10 0.246459 0.646483 0.007082 0.007034
10 0.251647 0.641972 0.005599 0.005657
10 0.247118 0.636697 0.005435 0.005810
10 0.250412 0.634480 0.005435 0.005963
10 0.255105 0.640214 0.005599 0.005810
10 0.260375 0.634862 0.005599 0.005810
10 0.269269 0.628287 0.005599 0.005505
10 0.281785 0.620260 0.006588 0.005352
10 0.058383 0.663838 0.006423 0.004128
10 0.060606 0.661774 0.006258 0.004281
10 0.063076 0.659480 0.005929 0.003670
7 0.664361 0.182416 0.012187 0.016820
7 0.678524 0.182569 0.012516 0.017125
7 0.686182 0.195872 0.013011 0.017431
7 0.693511 0.182187 0.012846 0.015749
7 0.699358 0.195413 0.011693 0.018654
7 0.714015 0.196560 0.011693 0.016972
7 0.729331 0.196560 0.012022 0.016972
7 0.743659 0.196024 0.011034 0.018043
7 0.737401 0.181804 0.012022 0.016820
7 0.752141 0.181957 0.012846 0.016514
7 0.758646 0.196713 0.012022 0.016972
7 0.766963 0.182263 0.011528 0.015902
7 0.773633 0.196636 0.012681 0.017431
7 0.781291 0.182569 0.011199 0.016208
7 0.787796 0.197477 0.012681 0.016055
7 0.795702 0.182645 0.012022 0.017278
7 0.810441 0.183028 0.011528 0.016820
7 0.816947 0.197324 0.011693 0.016055
7 0.825016 0.182875 0.012022 0.015902
7 0.832263 0.196407 0.011364 0.017278
7 0.671278 0.195872 0.013175 0.017737
7 0.649539 0.181804 0.012516 0.015596
10 0.066288 0.657569 0.005435 0.003211
7 0.641716 0.195642 0.012681 0.017278
10 0.051054 0.661927 0.005929 0.003364
10 0.053689 0.659480 0.006917 0.003976
10 0.056406 0.657110 0.005435 0.003517
10 0.060030 0.655428 0.004776 0.003823
10 0.062994 0.653058 0.006752 0.003670
10 0.065629 0.649924 0.006423 0.004128
10 0.067935 0.673700 0.004776 0.006422
10 0.079134 0.664908 0.003458 0.005657
10 0.084569 0.649771 0.004776 0.006269
10 0.079216 0.644190 0.005929 0.005810
10 0.073946 0.640443 0.006258 0.005046
10 0.061100 0.637615 0.002964 0.005505
10 0.060853 0.603135 0.003458 0.005657
10 0.095109 0.588226 0.006094 0.003058
10 0.094450 0.581575 0.006094 0.002905
10 0.063982 0.417661 0.006094 0.005352
7 0.620636 0.181346 0.013011 0.017431
7 0.626647 0.195642 0.012187 0.017278
7 0.634881 0.182034 0.013505 0.017584
10 0.246789 0.667278 0.005105 0.005199
10 0.241271 0.671101 0.005599 0.005810
10 0.861248 0.941514 0.006423 0.005046
10 0.415843 0.736009 0.006917 0.005657
10 0.435441 0.747554 0.006258 0.005199
10 0.432971 0.744801 0.005270 0.004893
10 0.431159 0.741820 0.005929 0.005046
10 0.425889 0.745413 0.004941 0.004587
10 0.423337 0.743425 0.005435 0.004587
10 0.420290 0.741284 0.006258 0.005505
10 0.425807 0.737080 0.006094 0.005657
10 0.423831 0.734174 0.006423 0.005657
10 0.417737 0.738532 0.006094 0.005505
10 0.438241 0.725612 0.006917 0.005657
10 0.225214 0.662691 0.005435 0.005505
10 0.435441 0.723547 0.006588 0.005199
10 0.431077 0.717813 0.005435 0.004434
10 0.433136 0.720413 0.005929 0.005046
10 0.418149 0.729358 0.004941 0.004587
10 0.413291 0.733410 0.005764 0.006269
10 0.411067 0.730963 0.005599 0.005657
10 0.415926 0.727141 0.005764 0.005046
10 0.414361 0.723777 0.005929 0.005046
10 0.408844 0.727982 0.006094 0.005199
10 0.438159 0.749694 0.005764 0.005199
10 0.447711 0.735703 0.006094 0.005657
10 0.450593 0.738226 0.006917 0.005505
10 0.401762 0.745489 0.005764 0.004740
10 0.867013 0.946636 0.006094 0.004893
10 0.869153 0.948853 0.006423 0.005352
10 0.871953 0.951529 0.006423 0.005199
10 0.874177 0.954358 0.006258 0.005046
10 0.876812 0.956804 0.006588 0.005657
10 0.461462 0.751758 0.007905 0.006269
10 0.459980 0.748700 0.006588 0.006269
10 0.454957 0.743196 0.006423 0.006881
10 0.432065 0.754358 0.007082 0.005963
10 0.429924 0.751758 0.006752 0.005352
10 0.423748 0.775765 0.006917 0.006269
10 0.411232 0.785550 0.005599 0.005046
10 0.420372 0.766667 0.006094 0.005505
10 0.418067 0.763609 0.006094 0.004893
10 0.416255 0.760550 0.006094 0.005199
10 0.411726 0.755810 0.006588 0.005810
10 0.409338 0.752982 0.006423 0.005657
10 0.406950 0.750382 0.005929 0.004740
10 0.404233 0.747936 0.006423 0.005352
10 0.406291 0.726300 0.005929 0.004893
10 0.411973 0.721407 0.007082 0.005810
10 0.408762 0.718731 0.004941 0.004128
10 0.391881 0.710092 0.006423 0.005810
10 0.387187 0.705428 0.005599 0.005352
10 0.385046 0.702982 0.005929 0.005046
10 0.382823 0.700153 0.006423 0.004893
10 0.380188 0.697783 0.006423 0.005352
10 0.377141 0.695107 0.005929 0.004893
10 0.374259 0.693272 0.006094 0.005199
10 0.363472 0.704511 0.004941 0.004740
10 0.369977 0.683869 0.005435 0.004434
10 0.402256 0.687232 0.005764 0.004434
10 0.410738 0.681422 0.005270 0.004740
10 0.394763 0.679358 0.005599 0.004587
10 0.392869 0.676758 0.005105 0.004281
10 0.388422 0.671177 0.005764 0.004740
10 0.385128 0.669037 0.005764 0.004740
10 0.361660 0.665979 0.005929 0.005046
10 0.378294 0.639755 0.003623 0.005505
10 0.240530 0.650153 0.005435 0.005505
10 0.238719 0.654052 0.005435 0.005352
10 0.233037 0.657722 0.005599 0.006575
10 0.390069 0.707875 0.007411 0.005352
10 0.379694 0.688838 0.004776 0.004587
10 0.401268 0.720948 0.006423 0.005810
10 0.382164 0.690826 0.005764 0.005199
10 0.406785 0.715979 0.005929 0.005352
10 0.428854 0.715061 0.004611 0.004128
10 0.425725 0.712920 0.005599 0.005352
10 0.424078 0.710092 0.006588 0.005505
10 0.421690 0.707110 0.005764 0.005352
10 0.419466 0.704358 0.006258 0.005352
10 0.417490 0.701758 0.005599 0.005352
10 0.414608 0.699694 0.005435 0.004587
10 0.412632 0.696713 0.005105 0.005352
10 0.409585 0.694419 0.005929 0.005352
10 0.407197 0.691820 0.006423 0.005352
10 0.389410 0.731193 0.005435 0.005505
10 0.402009 0.711468 0.005599 0.004893
10 0.399868 0.708410 0.005599 0.005810
10 0.397151 0.705963 0.005105 0.005199
10 0.394516 0.703899 0.005435 0.005046
10 0.389987 0.698471 0.005599 0.004893
10 0.387764 0.695948 0.005435 0.005046
10 0.385870 0.693119 0.006588 0.006116
7 0.265893 0.067202 0.012681 0.016972
