10 0.495290 0.078690 0.003533 0.004077
7 0.460627 0.466567 0.006623 0.017124
7 0.404916 0.552324 0.006771 0.017396
7 0.411908 0.553004 0.006329 0.017124
7 0.418899 0.553955 0.006476 0.016852
7 0.432661 0.554363 0.006329 0.017124
7 0.439800 0.554499 0.006476 0.017396
7 0.453415 0.555178 0.007212 0.018211
7 0.460333 0.555993 0.006329 0.017668
7 0.467692 0.556945 0.006623 0.017396
7 0.467766 0.466839 0.006476 0.017124
7 0.443995 0.703180 0.024875 0.034248
7 0.492641 0.432862 0.006771 0.016581
7 0.634383 0.433406 0.011775 0.022017
7 0.634972 0.401604 0.011186 0.020930
7 0.677657 0.203180 0.020901 0.041044
7 0.668384 0.238244 0.010009 0.020386
7 0.681631 0.233487 0.011481 0.021745
2 0.713056 0.072710 0.003680 0.012775
10 0.931999 0.147866 0.002355 0.006524
7 0.397851 0.551780 0.007065 0.017396
7 0.391007 0.551237 0.006329 0.017940
10 0.473506 0.066186 0.002061 0.006252
5 0.364807 0.342892 0.011039 0.007339
7 0.300339 0.357026 0.008095 0.021473
7 0.300854 0.337999 0.008243 0.018211
5 0.338976 0.360560 0.012069 0.008426
5 0.339049 0.370073 0.011628 0.007883
5 0.338828 0.380130 0.012364 0.007883
5 0.338534 0.389508 0.012658 0.007067
5 0.365028 0.318973 0.010892 0.009513
5 0.364734 0.328758 0.011186 0.008970
5 0.364292 0.352134 0.010892 0.008970
7 0.384530 0.551101 0.006623 0.017668
5 0.364218 0.360560 0.010450 0.008426
5 0.364071 0.368714 0.010745 0.008426
5 0.364218 0.378228 0.010745 0.007883
5 0.364292 0.389780 0.010892 0.008698
7 0.392258 0.461403 0.023845 0.035608
7 0.412128 0.464257 0.006476 0.019027
7 0.370400 0.549606 0.006623 0.017940
7 0.377539 0.550421 0.006771 0.017940
10 0.932146 0.164447 0.001766 0.005980
10 0.929644 0.174232 0.001766 0.005980
10 0.929644 0.195977 0.002061 0.007067
10 0.940462 0.270998 0.001913 0.004893
10 0.941051 0.225061 0.001913 0.005436
10 0.932956 0.223702 0.002208 0.007067
10 0.930821 0.235118 0.001766 0.005980
10 0.938843 0.232944 0.001913 0.005436
10 0.939358 0.245447 0.001766 0.005980
10 0.941934 0.243816 0.001619 0.004893
10 0.940094 0.259853 0.002061 0.006524
6 0.931116 0.257271 0.002355 0.007339
10 0.935752 0.283773 0.001913 0.006524
10 0.937739 0.193531 0.001472 0.005980
10 0.939064 0.339494 0.002355 0.005980
10 0.945246 0.349008 0.002061 0.005436
10 0.946865 0.764882 0.002061 0.005436
10 0.943848 0.778337 0.001619 0.005164
10 0.943406 0.800217 0.001619 0.005436
10 0.946129 0.800761 0.001766 0.006524
10 0.943038 0.837728 0.001472 0.005436
10 0.942155 0.860968 0.002061 0.006795
10 0.938254 0.223023 0.002208 0.007339
10 0.938107 0.211063 0.001619 0.005164
10 0.940094 0.202637 0.001472 0.004077
10 0.937886 0.202908 0.001766 0.005164
10 0.937445 0.174368 0.001766 0.006795
10 0.939800 0.180212 0.001766 0.005980
10 0.937739 0.184153 0.001766 0.004621
10 0.938622 0.107366 0.001472 0.005436
10 0.940977 0.105463 0.001766 0.005436
10 0.938622 0.117151 0.001472 0.005980
10 0.941051 0.114161 0.001619 0.005436
10 0.940609 0.122452 0.001619 0.004621
10 0.938475 0.126665 0.001766 0.005436
10 0.940683 0.129519 0.001472 0.005164
10 0.938254 0.134276 0.001619 0.004893
10 0.940462 0.139576 0.001619 0.005708
10 0.938181 0.143517 0.001766 0.005436
10 0.940094 0.150448 0.001472 0.004621
6 0.937739 0.153438 0.001472 0.006252
10 0.937592 0.164175 0.001178 0.005436
10 0.939800 0.164583 0.001472 0.005164
7 0.300633 0.387198 0.009567 0.013862
