7 0.790707 0.781315 0.085206 0.113857
7 0.381704 0.601216 0.110989 0.153583
7 0.192334 0.308877 0.095133 0.122790
7 0.914242 0.883957 0.050186 0.069378
6 0.902385 0.197206 0.013236 0.024520
6 0.899145 0.195115 0.013098 0.024520
6 0.896250 0.193689 0.013925 0.025090
6 0.802427 0.089147 0.012684 0.024330
6 0.473459 0.227808 0.012684 0.024520
7 0.449952 0.503992 0.070454 0.095229
7 0.379912 0.454096 0.071281 0.094659
7 0.386668 0.312013 0.010341 0.018818
6 0.377706 0.157194 0.012822 0.025851
8 0.250034 0.276849 0.020267 0.027561
7 0.065214 0.745676 0.051841 0.071849
7 0.088377 0.218305 0.052668 0.070899
