6 0.933333 0.089867 0.040964 0.022312
10 0.087349 0.023086 0.017269 0.011466
10 0.243173 0.016579 0.017269 0.012086
10 0.239357 0.022467 0.019277 0.012705
10 0.224096 0.015804 0.019277 0.012395
10 0.167068 0.006817 0.016867 0.009297
10 0.180924 0.011311 0.014859 0.009606
10 0.162450 0.011001 0.014859 0.008987
10 0.178112 0.017663 0.018876 0.010536
10 0.141566 0.038736 0.016466 0.011776
10 0.147390 0.032693 0.016064 0.010846
10 0.094779 0.040440 0.018474 0.011466
10 0.099799 0.035327 0.016466 0.011156
10 0.103213 0.029749 0.016064 0.009916
10 0.084137 0.028974 0.017269 0.011466
10 0.119478 0.008057 0.018072 0.010536
6 0.858434 0.489309 0.059839 0.030369
10 0.115462 0.013015 0.017269 0.011156
10 0.091968 0.017509 0.016064 0.010226
10 0.038153 0.031763 0.016867 0.011466
10 0.040964 0.024171 0.016867 0.010536
10 0.046185 0.019833 0.016064 0.010536
10 0.048795 0.013790 0.018072 0.010846
10 0.150803 0.027425 0.014859 0.010226
10 0.154819 0.022312 0.014859 0.009916
10 0.159036 0.016424 0.017671 0.009916
10 0.098996 0.006663 0.016466 0.010846
10 0.111847 0.018438 0.017269 0.010846
6 0.949799 0.143167 0.065060 0.030989
6 0.926908 0.390765 0.024900 0.028509
10 0.247189 0.011466 0.017269 0.011156
10 0.175301 0.023241 0.015663 0.009916
10 0.168876 0.028355 0.017269 0.011466
10 0.166667 0.034552 0.016867 0.011466
10 0.348394 0.040595 0.018072 0.010536
10 0.351004 0.033623 0.017671 0.009606
10 0.316667 0.018128 0.020482 0.012086
10 0.386145 0.016734 0.018876 0.011156
10 0.319076 0.012860 0.014859 0.009606
10 0.286546 0.020607 0.015663 0.010846
10 0.229317 0.010071 0.018474 0.011466
10 0.220281 0.021227 0.015663 0.010226
10 0.066265 0.050976 0.016064 0.009606
10 0.082329 0.059343 0.014458 0.009606
10 0.089960 0.046018 0.015261 0.008987
10 0.073293 0.045553 0.015663 0.009916
10 0.075301 0.039820 0.014859 0.009606
10 0.117068 0.074218 0.015663 0.010846
10 0.132129 0.079331 0.016064 0.010536
10 0.136747 0.073288 0.017269 0.010846
10 0.121486 0.066780 0.017269 0.010846
10 0.143976 0.068020 0.017269 0.010226
10 0.126104 0.061822 0.016064 0.010846
10 0.150402 0.057484 0.016466 0.010846
10 0.145181 0.062287 0.018072 0.011776
10 0.128715 0.056244 0.018072 0.010846
10 0.133936 0.050046 0.017269 0.010846
10 0.137550 0.043384 0.015663 0.010536
10 0.155221 0.051906 0.016466 0.012086
10 0.158434 0.045398 0.019679 0.013325
10 0.163454 0.040595 0.016064 0.010536
6 0.742972 0.676790 0.043373 0.017354
6 0.761647 0.455222 0.046988 0.026030
10 0.780120 0.110474 0.015663 0.010226
6 0.266667 0.569569 0.019277 0.046483
6 0.124900 0.947010 0.031325 0.034707
6 0.096586 0.878060 0.039759 0.046793
6 0.126707 0.870623 0.031727 0.041215
6 0.147590 0.867214 0.037349 0.046793
6 0.257430 0.847381 0.042570 0.023861
6 0.113855 0.834676 0.036546 0.045553
6 0.146185 0.795166 0.036948 0.042764
6 0.161446 0.759994 0.044980 0.042454
6 0.247791 0.732104 0.056225 0.032538
6 0.166064 0.725597 0.046988 0.031918
6 0.148193 0.698637 0.059438 0.029439
6 0.086948 0.673536 0.042169 0.026960
6 0.279317 0.570034 0.021285 0.046173
6 0.251606 0.556554 0.018072 0.042764
6 0.847189 0.163000 0.050201 0.025411
6 0.207430 0.556864 0.016466 0.047103
6 0.233735 0.485126 0.064257 0.013325
6 0.290161 0.361636 0.023695 0.047103
6 0.170080 0.352650 0.039759 0.026030
6 0.252209 0.310195 0.048193 0.043384
6 0.271687 0.305702 0.034940 0.029439
6 0.206827 0.279052 0.050602 0.029439
6 0.226104 0.278432 0.053012 0.033158
6 0.193173 0.249768 0.057028 0.030989
6 0.237952 0.245739 0.044578 0.024171
6 0.267068 0.245894 0.053815 0.029439
6 0.216466 0.223272 0.057831 0.030059
6 0.259237 0.230865 0.055020 0.030369
6 0.043373 0.934614 0.038554 0.045863
6 0.302610 0.745119 0.060643 0.027580
6 0.378313 0.760614 0.055422 0.028819
6 0.350000 0.605051 0.024498 0.046173
6 0.610241 0.094670 0.036546 0.011466
6 0.625100 0.395569 0.050201 0.026340
6 0.685341 0.421444 0.066265 0.034087
6 0.607430 0.403471 0.042972 0.022932
6 0.661245 0.445460 0.057430 0.033778
6 0.530120 0.836535 0.061044 0.039355
6 0.472088 0.809111 0.059839 0.031608
6 0.388554 0.212117 0.035743 0.023241
6 0.443574 0.108615 0.033333 0.018283
6 0.485743 0.056709 0.038153 0.020452
6 0.259839 0.268826 0.060241 0.036257
6 0.290361 0.269135 0.064257 0.036257
6 0.314659 0.267896 0.049398 0.028819
6 0.305823 0.251782 0.041365 0.024481
6 0.354618 0.273629 0.050602 0.029129
6 0.354217 0.288193 0.040964 0.026030
6 0.398594 0.297180 0.048594 0.032228
6 0.303213 0.296405 0.038554 0.033158
6 0.331727 0.299969 0.036948 0.032228
6 0.362851 0.325070 0.039759 0.028509
6 0.360843 0.344128 0.048594 0.045553
6 0.319679 0.339479 0.032129 0.043694
6 0.303614 0.352495 0.024096 0.049272
6 0.315663 0.405485 0.021687 0.046793
6 0.311044 0.441587 0.061446 0.030369
6 0.387149 0.491478 0.057831 0.031608
6 0.341365 0.580570 0.020884 0.046793
10 0.341767 0.047567 0.020080 0.010846
6 0.377912 0.058723 0.016867 0.010226
6 0.372691 0.065696 0.020884 0.012395
6 0.322490 0.574992 0.020884 0.042454
10 0.166265 0.309730 0.018474 0.014565
10 0.097189 0.430276 0.016867 0.011466
6 0.118273 0.457391 0.025301 0.017354
6 0.025100 0.748838 0.029317 0.046173
6 0.207028 0.870158 0.026104 0.016114
10 0.168474 0.786954 0.026908 0.023241
6 0.171084 0.806786 0.036145 0.043074
6 0.231928 0.754261 0.061446 0.031608
6 0.188755 0.703130 0.043373 0.040285
10 0.236948 0.690425 0.014458 0.014255
10 0.260040 0.676325 0.017269 0.014565
10 0.227510 0.687326 0.013253 0.013015
10 0.254418 0.625504 0.022088 0.014565
6 0.306827 0.573133 0.023293 0.046793
10 0.305422 0.027115 0.016466 0.010226
6 0.296185 0.577007 0.016466 0.031608
6 0.235542 0.555315 0.018072 0.044623
10 0.263454 0.209792 0.011245 0.013015
10 0.271888 0.208243 0.012048 0.013015
10 0.279116 0.206694 0.010442 0.012395
10 0.287149 0.204834 0.011245 0.013015
10 0.296586 0.202975 0.011647 0.014255
10 0.304016 0.200341 0.010442 0.013945
10 0.320884 0.196157 0.018474 0.012395
10 0.271888 0.177874 0.018474 0.007437
10 0.283534 0.167183 0.016064 0.007127
10 0.287149 0.160521 0.017671 0.006817
10 0.343574 0.164549 0.017269 0.011156
10 0.148795 0.300899 0.016466 0.010536
6 0.135141 0.310505 0.014056 0.014255
10 0.149197 0.317632 0.018876 0.011156
10 0.153414 0.311745 0.019277 0.012395
10 0.812249 0.207623 0.015663 0.014874
6 0.796988 0.201271 0.020482 0.020143
10 0.800803 0.223582 0.017671 0.017044
10 0.779116 0.220174 0.016064 0.017044
6 0.805622 0.319492 0.018474 0.017973
6 0.611245 0.898358 0.058635 0.028509
6 0.497390 0.641773 0.023695 0.032848
10 0.526305 0.409513 0.018072 0.011466
6 0.583534 0.327704 0.019277 0.012086
10 0.589357 0.321971 0.019679 0.011776
10 0.726707 0.192594 0.014859 0.014565
10 0.723092 0.178804 0.016466 0.016114
10 0.685341 0.191509 0.021285 0.011776
10 0.688956 0.183452 0.018072 0.011776
6 0.692570 0.155407 0.021285 0.013945
6 0.531928 0.176325 0.026104 0.016734
6 0.678313 0.199876 0.022490 0.013635
10 0.601807 0.060738 0.016466 0.006817
10 0.640562 0.053145 0.017671 0.010846
10 0.036345 0.091261 0.017269 0.012705
10 0.041767 0.085218 0.015261 0.011776
10 0.080723 0.132166 0.014458 0.013945
10 0.057229 0.092346 0.015663 0.011156
10 0.051205 0.099163 0.016466 0.009916
10 0.046988 0.104741 0.015261 0.009916
10 0.044578 0.110939 0.015261 0.009916
6 0.041566 0.118221 0.019679 0.011466
6 0.362048 0.308646 0.049398 0.031608
6 0.333333 0.330493 0.033735 0.037496
10 0.391767 0.264022 0.017269 0.016114
10 0.235743 0.127828 0.017671 0.010846
10 0.315663 0.080105 0.016064 0.010226
6 0.266667 0.082739 0.019277 0.012395
10 0.269679 0.075922 0.015663 0.009916
10 0.274699 0.067865 0.019277 0.011776
10 0.257631 0.059653 0.018072 0.011466
10 0.248795 0.072203 0.018876 0.012395
10 0.237751 0.089402 0.017671 0.010226
10 0.206426 0.067090 0.016064 0.010846
10 0.210843 0.061512 0.017671 0.011466
10 0.223494 0.045398 0.017269 0.012086
10 0.218876 0.050511 0.016867 0.009916
10 0.189558 0.062597 0.018474 0.012395
10 0.194378 0.054695 0.020080 0.012086
10 0.200201 0.049427 0.018876 0.010846
10 0.203414 0.043229 0.018072 0.012086
10 0.207631 0.037961 0.016867 0.011466
10 0.284739 0.055934 0.016867 0.010226
10 0.288353 0.050511 0.015261 0.009916
10 0.291968 0.043694 0.017671 0.010536
10 0.265261 0.048187 0.018876 0.012086
10 0.235944 0.048497 0.013253 0.014565
10 0.226707 0.038891 0.017269 0.010226
10 0.216265 0.027580 0.015663 0.010536
10 0.270482 0.042919 0.017269 0.010846
10 0.273896 0.037961 0.017671 0.010846
10 0.283133 0.026185 0.015261 0.010846
10 0.297189 0.037186 0.019277 0.011776
6 0.200402 0.109235 0.014458 0.014565
10 0.168876 0.103502 0.016466 0.011156
10 0.382932 0.260614 0.018072 0.017354
10 0.150402 0.111869 0.014859 0.009916
10 0.375502 0.256740 0.016064 0.015184
10 0.367068 0.252557 0.016064 0.014255
10 0.358835 0.250387 0.017269 0.016114
10 0.453213 0.290982 0.019679 0.013635
10 0.459639 0.284320 0.017269 0.011466
10 0.422892 0.278432 0.017671 0.015804
10 0.461647 0.277192 0.018876 0.012705
10 0.467068 0.271305 0.016064 0.010846
10 0.475703 0.257360 0.021285 0.012705
6 0.475703 0.246359 0.022892 0.014874
6 0.507430 0.216920 0.018072 0.011776
10 0.515863 0.204059 0.018876 0.012086
6 0.408032 0.157732 0.025703 0.014874
10 0.522892 0.190115 0.018474 0.012086
10 0.546586 0.162845 0.019277 0.010846
6 0.488956 0.048497 0.021285 0.012705
6 0.498594 0.032228 0.018072 0.011776
10 0.463052 0.021382 0.020080 0.013015
10 0.457229 0.030214 0.018876 0.012705
10 0.443775 0.050356 0.016867 0.010846
10 0.440161 0.055779 0.017671 0.011156
10 0.421888 0.081500 0.017269 0.010536
10 0.417470 0.086923 0.016466 0.010846
10 0.413052 0.092191 0.017269 0.011466
10 0.398795 0.099008 0.016867 0.010846
10 0.395382 0.104276 0.016466 0.010846
10 0.397791 0.122715 0.012450 0.013635
6 0.212048 0.208708 0.040964 0.023861
