9 0.191627 0.361964 0.049605 0.041786
9 0.186098 0.374107 0.048025 0.038929
12 0.411690 0.098393 0.027172 0.028214
12 0.435545 0.128393 0.033807 0.042500
12 0.460348 0.163929 0.034755 0.040714
4 0.404265 0.501607 0.092575 0.127500
4 0.557978 0.642143 0.206003 0.228571
4 0.679147 0.760179 0.086256 0.111786
4 0.771090 0.855536 0.117220 0.133214
4 0.252449 0.358036 0.115640 0.137500
4 0.134913 0.258036 0.151027 0.185357
9 0.360032 0.567679 0.110269 0.104643
9 0.464929 0.652679 0.098894 0.110357
9 0.449131 0.670357 0.095735 0.107857
9 0.480885 0.572321 0.058768 0.061786
9 0.429226 0.726250 0.060979 0.063214
9 0.439494 0.714464 0.053712 0.053214
9 0.447393 0.702679 0.054344 0.053214
9 0.832227 0.853036 0.095419 0.104643
9 0.849131 0.896607 0.090047 0.123214
9 0.871564 0.925714 0.040126 0.060000
9 0.818009 0.905000 0.058768 0.079286
9 0.888152 0.927143 0.041074 0.061429
9 0.721643 0.851250 0.048025 0.053929
9 0.078199 0.353750 0.070458 0.074643
9 0.072670 0.373393 0.055608 0.061786
9 0.136651 0.353929 0.044550 0.056429
9 0.081991 0.276964 0.043918 0.051786
9 0.180411 0.266607 0.036651 0.045357
12 0.439179 0.069286 0.024013 0.027143
