10 0.424443 0.194444 0.018167 0.005848
6 0.375310 0.802266 0.031379 0.010478
6 0.601156 0.970273 0.021470 0.007310
6 0.610239 0.987695 0.023947 0.008041
6 0.507845 0.864157 0.029727 0.009990
6 0.443229 0.880482 0.018580 0.006579
6 0.448390 0.838572 0.027250 0.031433
6 0.457473 0.835283 0.023947 0.028752
6 0.465937 0.832359 0.021883 0.027290
6 0.477291 0.832481 0.024773 0.031920
6 0.490091 0.834552 0.023947 0.030702
6 0.509083 0.827851 0.025599 0.031433
6 0.541288 0.822978 0.024773 0.030458
6 0.561107 0.818957 0.024773 0.032164
6 0.584641 0.816764 0.028076 0.032164
6 0.597853 0.817861 0.027250 0.031920
6 0.615194 0.811160 0.024773 0.031676
6 0.669488 0.802388 0.024360 0.032164
6 0.521676 0.669591 0.016928 0.030214
6 0.534889 0.666910 0.016928 0.030702
6 0.545830 0.666179 0.018167 0.030214
6 0.579480 0.661062 0.017754 0.030214
6 0.591453 0.658260 0.016928 0.029971
6 0.373658 0.809454 0.023121 0.009259
6 0.374690 0.796053 0.020231 0.007797
6 0.646780 0.670565 0.036746 0.011696
6 0.367052 0.790448 0.028902 0.009747
6 0.263006 0.169591 0.041288 0.007797
6 0.259496 0.176657 0.025186 0.005361
6 0.269818 0.188475 0.042527 0.006579
6 0.270644 0.195785 0.043353 0.006092
6 0.275805 0.228923 0.039637 0.009503
6 0.274566 0.220517 0.037985 0.008772
6 0.118910 0.152169 0.009909 0.011940
6 0.132948 0.150463 0.009083 0.011940
6 0.182081 0.160575 0.009083 0.009259
6 0.155244 0.458090 0.022296 0.027290
6 0.203964 0.536184 0.043765 0.018275
6 0.353633 0.537646 0.045004 0.019250
6 0.303675 0.584673 0.052436 0.023148
6 0.340834 0.643153 0.045830 0.013889
6 0.397399 0.633163 0.053262 0.013889
6 0.382948 0.677022 0.023534 0.008528
6 0.388522 0.682505 0.023947 0.008772
6 0.353840 0.764864 0.028902 0.009747
6 0.357969 0.771442 0.029727 0.008772
6 0.362510 0.777534 0.022296 0.007797
6 0.357762 0.785819 0.024360 0.009259
6 0.614368 0.655945 0.017341 0.028752
6 0.648844 0.677753 0.036746 0.010965
10 0.422585 0.189693 0.015277 0.005117
10 0.100330 0.693226 0.011561 0.004873
10 0.109207 0.704800 0.013625 0.005604
10 0.122213 0.732700 0.014038 0.005361
10 0.101156 0.763402 0.008258 0.008285
10 0.090421 0.854167 0.007432 0.008528
10 0.371594 0.891935 0.014038 0.005604
10 0.388315 0.888280 0.012799 0.005117
10 0.407102 0.886087 0.013212 0.005604
10 0.424649 0.883528 0.014451 0.005361
10 0.357762 0.722710 0.011148 0.007797
10 0.402973 0.721369 0.022296 0.008041
6 0.401528 0.713694 0.021883 0.007310
6 0.399463 0.707359 0.021057 0.007310
6 0.396367 0.701511 0.021470 0.007310
6 0.394302 0.695054 0.022296 0.007066
6 0.394302 0.688353 0.023947 0.007797
6 0.485756 0.696272 0.020231 0.008041
6 0.503716 0.581140 0.015690 0.012671
6 0.515070 0.579313 0.017754 0.012914
10 0.416598 0.175195 0.015690 0.005361
10 0.418043 0.179946 0.015277 0.005117
10 0.421140 0.184942 0.017341 0.005848
10 0.105491 0.699805 0.013625 0.004873
10 0.076590 0.632675 0.013625 0.005117
6 0.650908 0.683845 0.036746 0.010478
10 0.064616 0.607943 0.013625 0.005848
6 0.663708 0.688353 0.058216 0.014133
6 0.662675 0.695541 0.052023 0.012914
6 0.534889 0.568470 0.035921 0.030214
6 0.578035 0.560063 0.037985 0.029971
6 0.591453 0.558723 0.040875 0.029727
6 0.614162 0.551291 0.042527 0.028021
6 0.436829 0.327120 0.022296 0.012914
6 0.768167 0.457602 0.053262 0.018519
6 0.772502 0.464181 0.050372 0.017057
6 0.777870 0.471613 0.051197 0.016326
6 0.780760 0.485136 0.055326 0.016082
6 0.779521 0.498904 0.050372 0.014864
6 0.787159 0.505239 0.052436 0.013402
6 0.792114 0.513523 0.049133 0.011940
10 0.172172 0.159479 0.008258 0.009016
10 0.189513 0.158138 0.008258 0.008772
10 0.206028 0.156311 0.007432 0.008528
10 0.224401 0.155580 0.009496 0.008041
10 0.283237 0.247807 0.010735 0.008285
10 0.159579 0.232456 0.008671 0.008285
10 0.136045 0.233065 0.007845 0.008528
6 0.199628 0.158869 0.012799 0.015595
