10 0.686706 0.654021 0.018573 0.011528
6 0.615591 0.698257 0.061095 0.020643
6 0.767351 0.875067 0.037146 0.032708
6 0.630254 0.763673 0.059140 0.021180
6 0.702590 0.756568 0.014174 0.034316
6 0.629521 0.756032 0.060606 0.021448
6 0.627077 0.748928 0.057674 0.020107
6 0.625611 0.741555 0.060606 0.020912
6 0.624145 0.734584 0.058651 0.019839
6 0.620968 0.728150 0.062072 0.020375
6 0.620723 0.720107 0.062561 0.021448
6 0.617791 0.713137 0.062561 0.020912
6 0.617302 0.705362 0.059629 0.020912
6 0.490469 0.710188 0.039589 0.016086
6 0.669355 0.194504 0.049365 0.010992
6 0.498534 0.704290 0.042033 0.016622
6 0.506109 0.699196 0.039589 0.015013
6 0.518817 0.685925 0.034702 0.015282
6 0.610215 0.685523 0.058162 0.019839
6 0.608749 0.678016 0.059140 0.020912
6 0.604350 0.670912 0.058162 0.020643
6 0.572581 0.667560 0.053275 0.026810
6 0.624145 0.299196 0.053763 0.012869
6 0.628055 0.290214 0.053763 0.013137
6 0.639296 0.263539 0.052786 0.013405
6 0.649804 0.237802 0.053275 0.012332
6 0.679619 0.874263 0.021994 0.033244
6 0.666911 0.875603 0.021994 0.034316
6 0.654692 0.877078 0.021017 0.033512
6 0.642473 0.878686 0.021994 0.032976
6 0.367058 0.169035 0.016618 0.019571
6 0.446970 0.134182 0.031769 0.009920
6 0.480205 0.138740 0.032747 0.010456
6 0.457722 0.143968 0.021017 0.006971
6 0.478983 0.146247 0.023460 0.006702
6 0.467009 0.161260 0.033724 0.009383
6 0.440127 0.150804 0.025904 0.006702
6 0.442571 0.167158 0.038612 0.010456
6 0.440127 0.211662 0.064027 0.014209
6 0.429130 0.238204 0.060606 0.013673
6 0.421310 0.256166 0.061584 0.013137
6 0.409824 0.282306 0.063050 0.013405
6 0.400782 0.290617 0.060606 0.012869
6 0.355327 0.201475 0.024438 0.034048
6 0.051564 0.961394 0.014174 0.013941
6 0.041056 0.959920 0.013685 0.013137
6 0.551564 0.886059 0.022972 0.033244
6 0.565738 0.885389 0.021994 0.031903
6 0.580645 0.884316 0.021505 0.032440
6 0.594086 0.882708 0.020039 0.032440
6 0.605572 0.881367 0.020528 0.032440
6 0.617546 0.880027 0.020039 0.032976
6 0.630254 0.879223 0.021017 0.032976
6 0.663734 0.201877 0.056696 0.013405
6 0.668866 0.185925 0.060117 0.012064
10 0.801808 0.173458 0.021994 0.007507
10 0.429619 0.895710 0.017595 0.006434
10 0.210411 0.802413 0.014174 0.009115
10 0.318426 0.746783 0.019062 0.008847
10 0.307918 0.758445 0.017595 0.008043
10 0.304008 0.763137 0.017595 0.007239
10 0.295699 0.773458 0.017595 0.008043
10 0.365591 0.865684 0.019550 0.006971
10 0.363881 0.880563 0.020039 0.005630
10 0.364614 0.886729 0.017595 0.006166
10 0.374389 0.910858 0.016618 0.006166
10 0.368280 0.901206 0.016129 0.006166
10 0.368035 0.895576 0.018573 0.005630
10 0.420821 0.874665 0.019550 0.006166
6 0.677419 0.178552 0.060606 0.013405
10 0.472630 0.901877 0.017595 0.006434
10 0.411779 0.902547 0.019062 0.006702
10 0.435484 0.910724 0.020528 0.006971
6 0.478739 0.876944 0.015152 0.013405
6 0.490469 0.874799 0.016129 0.013941
6 0.495601 0.888338 0.015640 0.014209
6 0.484115 0.889946 0.016129 0.014745
6 0.500733 0.901340 0.016129 0.012332
6 0.488270 0.902547 0.014663 0.012601
10 0.928152 0.979893 0.015640 0.008043
10 0.947214 0.987802 0.017595 0.008311
10 0.048143 0.761126 0.016129 0.011260
10 0.461632 0.740885 0.021994 0.009383
10 0.493157 0.728686 0.022483 0.010188
10 0.506843 0.753083 0.020528 0.009115
6 0.430596 0.141153 0.034213 0.010456
8 0.677175 0.588472 0.140274 0.078820
6 0.371945 0.302681 0.054741 0.013405
10 0.293500 0.872118 0.012219 0.009651
10 0.316471 0.858713 0.013196 0.009115
10 0.197703 0.797319 0.015152 0.010188
10 0.152737 0.813405 0.018084 0.011260
10 0.658602 0.634450 0.018084 0.010456
10 0.598485 0.580831 0.017107 0.010456
10 0.718964 0.761796 0.011730 0.011528
10 0.739980 0.820241 0.014663 0.009920
10 0.751955 0.289544 0.016129 0.005898
10 0.772727 0.241421 0.016618 0.006702
10 0.744868 0.307909 0.016618 0.006702
10 0.741202 0.317426 0.018084 0.006971
10 0.736559 0.333378 0.020528 0.008311
10 0.739492 0.322788 0.016618 0.006434
6 0.797165 0.290349 0.023460 0.008043
6 0.793011 0.300536 0.022972 0.007507
6 0.792766 0.306032 0.021505 0.007239
6 0.781525 0.329357 0.023460 0.007239
6 0.778348 0.339678 0.018084 0.006434
10 0.935484 0.602413 0.017595 0.005898
6 0.467986 0.128284 0.061095 0.011528
