1 0.465948 0.737425 0.005977 0.005389
7 0.348578 0.605988 0.009237 0.017964
7 0.491125 0.560928 0.010686 0.015868
7 0.459065 0.544910 0.009962 0.016766
7 0.436062 0.564521 0.009962 0.016467
7 0.413512 0.576647 0.009056 0.016766
7 0.286633 0.604341 0.008151 0.014671
7 0.375475 0.594910 0.010505 0.017964
7 0.399656 0.562725 0.008151 0.014671
7 0.376743 0.567365 0.010143 0.014371
7 0.362706 0.601946 0.008875 0.016467
7 0.264173 0.650898 0.010324 0.019760
7 0.523999 0.511976 0.010505 0.019162
7 0.289078 0.638473 0.010868 0.020659
7 0.315341 0.686377 0.007970 0.014671
7 0.317243 0.793114 0.009962 0.016766
7 0.305379 0.792216 0.009419 0.017365
7 0.289621 0.792216 0.010143 0.016766
7 0.264988 0.745060 0.006521 0.014072
7 0.166184 0.648204 0.009237 0.014970
7 0.150969 0.656587 0.009962 0.013772
7 0.778301 0.227246 0.010868 0.020958
7 0.493751 0.578144 0.010868 0.015569
7 0.532965 0.507335 0.009600 0.017665
1 0.440953 0.766467 0.006339 0.007186
7 0.649701 0.409431 0.007607 0.014671
3 0.587756 0.986377 0.027169 0.016467
1 0.587575 0.956138 0.003623 0.009281
1 0.584314 0.955689 0.003260 0.009581
1 0.581235 0.955539 0.003260 0.009880
1 0.577884 0.955539 0.003441 0.009880
3 0.672704 0.823653 0.026082 0.062874
11 0.732929 0.666766 0.025539 0.040719
3 0.732204 0.665719 0.039304 0.063772
7 0.590110 0.482186 0.009419 0.016467
7 0.909346 0.287425 0.007426 0.014371
7 0.544195 0.504641 0.011773 0.020060
7 0.946115 0.317814 0.009962 0.017665
7 0.932711 0.317066 0.005977 0.010778
7 0.790799 0.314671 0.009781 0.014371
7 0.923565 0.328593 0.009056 0.014671
7 0.911520 0.332934 0.010324 0.017365
7 0.887973 0.345958 0.009237 0.019461
7 0.811809 0.371707 0.005796 0.013473
7 0.582684 0.486826 0.009056 0.016766
7 0.557327 0.498802 0.009419 0.017365
11 0.432259 0.866467 0.041478 0.032934
