3 0.870217 0.299147 0.129964 0.389211
1 0.532130 0.467236 0.022383 0.063395
1 0.481318 0.466321 0.025090 0.064005
1 0.456679 0.466626 0.024910 0.063395
1 0.433484 0.466626 0.022202 0.063395
1 0.530776 0.242914 0.024368 0.073148
1 0.506318 0.241085 0.023105 0.070710
13 0.370397 0.337092 0.029603 0.107284
1 0.529693 0.375495 0.025090 0.061567
1 0.504874 0.376410 0.024549 0.059738
1 0.478520 0.375495 0.026715 0.065834
1 0.454783 0.375952 0.021841 0.066748
1 0.530505 0.311948 0.023466 0.063700
1 0.504603 0.310271 0.024007 0.064614
1 0.479332 0.309966 0.024007 0.067662
1 0.454513 0.308900 0.021300 0.065529
3 0.230776 0.676928 0.139531 0.450472
1 0.507581 0.466931 0.025993 0.065224
1 0.433574 0.537184 0.021300 0.062481
14 0.783755 0.482780 0.016606 0.048156
1 0.456859 0.537641 0.024549 0.060347
14 0.756588 0.482475 0.016426 0.049985
14 0.730957 0.482018 0.016065 0.052118
14 0.703791 0.482322 0.014079 0.050290
14 0.737726 0.388601 0.015162 0.049985
14 0.707401 0.388906 0.014440 0.050594
14 0.401444 0.595245 0.015523 0.049985
14 0.378249 0.594636 0.018592 0.049985
14 0.353881 0.594636 0.016426 0.052423
14 0.327978 0.594026 0.015523 0.052423
14 0.352347 0.678147 0.014801 0.047546
14 0.328791 0.678452 0.015704 0.049375
1 0.433755 0.607132 0.021661 0.062176
1 0.532310 0.537793 0.022022 0.063700
1 0.507671 0.538251 0.024368 0.062786
1 0.482040 0.537031 0.025451 0.060347
11 0.223375 0.673118 0.093682 0.244133
