10 0.820690 0.513483 0.012261 0.004325
10 0.212452 0.118799 0.014943 0.006105
10 0.160345 0.251081 0.008046 0.008649
10 0.237165 0.214831 0.014559 0.005342
10 0.233525 0.191554 0.014176 0.005597
10 0.222605 0.157721 0.016858 0.005088
10 0.219540 0.143729 0.016092 0.006105
10 0.218582 0.136352 0.015709 0.006105
10 0.213218 0.124523 0.013410 0.005851
10 0.206513 0.091325 0.014559 0.007632
10 0.094828 0.111422 0.006513 0.008140
10 0.145211 0.105317 0.009195 0.009158
10 0.136782 0.105062 0.007663 0.010176
10 0.114176 0.109769 0.006897 0.008904
6 0.032759 0.184940 0.019540 0.007123
6 0.760536 0.622615 0.019157 0.006868
10 0.820498 0.558255 0.015709 0.006360
10 0.820307 0.552913 0.014559 0.005342
10 0.150383 0.250700 0.008812 0.009412
10 0.063027 0.118672 0.006513 0.009921
10 0.804215 0.545027 0.015326 0.006360
10 0.271456 0.308827 0.008046 0.009667
10 0.175670 0.689901 0.015709 0.011193
10 0.081418 0.527983 0.008046 0.008904
10 0.094444 0.517426 0.018008 0.007123
10 0.182950 0.298779 0.013410 0.004325
10 0.215134 0.283897 0.016475 0.005597
10 0.220115 0.296362 0.015709 0.006105
10 0.235632 0.312516 0.007663 0.008395
10 0.262261 0.310608 0.008812 0.010176
10 0.051916 0.118291 0.008046 0.009158
10 0.246169 0.312007 0.008046 0.008904
10 0.024521 0.157085 0.007663 0.008904
10 0.044253 0.151488 0.008046 0.008395
10 0.069923 0.145383 0.008812 0.009412
10 0.115326 0.140422 0.007663 0.008649
10 0.123563 0.140422 0.008046 0.008649
10 0.131801 0.142203 0.007663 0.009158
10 0.819349 0.547571 0.015709 0.005851
6 0.393295 0.211397 0.016475 0.006105
10 0.355172 0.643093 0.006897 0.009667
6 0.180460 0.517171 0.017625 0.023404
6 0.154789 0.105444 0.009962 0.012974
6 0.121648 0.109514 0.010345 0.013991
6 0.087356 0.112821 0.010728 0.013483
6 0.889272 0.763928 0.010728 0.012719
6 0.753640 0.741287 0.011494 0.013228
6 0.202490 0.513737 0.014176 0.020605
6 0.189847 0.512847 0.015709 0.019334
6 0.167816 0.515899 0.015326 0.026456
6 0.209004 0.106334 0.018008 0.008140
6 0.156897 0.518189 0.015709 0.023912
6 0.181418 0.449504 0.030268 0.008140
6 0.151533 0.451285 0.029502 0.009158
6 0.885249 0.849021 0.043295 0.009921
6 0.800766 0.863521 0.030651 0.010430
6 0.803640 0.871916 0.031034 0.009412
6 0.805556 0.880692 0.031801 0.010176
6 0.169923 0.097685 0.009579 0.012211
6 0.210345 0.111931 0.019157 0.007632
6 0.307280 0.807047 0.015326 0.009412
6 0.090613 0.144747 0.009579 0.011702
6 0.074713 0.116383 0.008429 0.009412
6 0.042912 0.119562 0.011494 0.011193
6 0.183908 0.136734 0.010728 0.013483
6 0.175096 0.137878 0.008429 0.010684
6 0.159004 0.142585 0.008429 0.011447
6 0.140613 0.141313 0.009195 0.009921
6 0.105172 0.140168 0.008046 0.011702
6 0.079502 0.143602 0.009579 0.012465
6 0.216284 0.130883 0.020307 0.008395
6 0.061303 0.147164 0.009195 0.010939
6 0.034483 0.154668 0.012261 0.012719
6 0.232950 0.202366 0.019923 0.006868
6 0.230651 0.187357 0.016092 0.005342
6 0.226437 0.176037 0.018391 0.008140
6 0.225479 0.170059 0.019540 0.007377
6 0.220115 0.151107 0.018774 0.007632
10 0.247318 0.669295 0.010345 0.009667
10 0.181609 0.708980 0.016092 0.005088
10 0.607088 0.719919 0.008046 0.009158
10 0.855939 0.752607 0.009195 0.009921
6 0.812069 0.901806 0.021073 0.008649
10 0.865900 0.791910 0.009195 0.009667
10 0.845211 0.770669 0.008429 0.009412
10 0.820115 0.756550 0.008812 0.010176
10 0.829310 0.755024 0.009579 0.010684
10 0.838506 0.754134 0.009579 0.011447
10 0.846169 0.751844 0.008812 0.010939
10 0.864368 0.751844 0.009962 0.009412
10 0.615517 0.718647 0.007280 0.008140
10 0.882950 0.737471 0.014943 0.005597
10 0.818008 0.745866 0.009195 0.010684
10 0.826820 0.744721 0.006897 0.009412
10 0.705364 0.737599 0.009195 0.009921
10 0.728352 0.725515 0.009195 0.010176
10 0.723946 0.713432 0.008812 0.010939
10 0.738889 0.692445 0.016475 0.006105
10 0.679885 0.715340 0.011111 0.004579
10 0.647318 0.714831 0.009579 0.010684
10 0.638889 0.738362 0.010345 0.010939
10 0.135249 0.695243 0.013027 0.009667
10 0.736207 0.748792 0.014176 0.005342
10 0.581226 0.641949 0.013793 0.008395
10 0.434100 0.769270 0.014559 0.006614
10 0.472222 0.759603 0.012644 0.005088
10 0.437356 0.891758 0.006513 0.008904
10 0.417625 0.893920 0.007663 0.010176
10 0.470115 0.981811 0.016858 0.005851
10 0.187739 0.316968 0.014559 0.005088
10 0.655939 0.713559 0.009195 0.010176
10 0.645402 0.596286 0.014176 0.005597
10 0.644061 0.591325 0.016092 0.006360
10 0.637356 0.714958 0.006513 0.007886
10 0.757471 0.754770 0.006897 0.009158
10 0.662452 0.758713 0.015326 0.005851
6 0.591954 0.765454 0.007663 0.011193
10 0.649425 0.735818 0.009195 0.008395
10 0.819349 0.505597 0.016475 0.006868
10 0.659387 0.735563 0.012261 0.010430
10 0.236590 0.801704 0.016475 0.005851
10 0.034483 0.957136 0.016092 0.006868
10 0.049042 0.996566 0.013793 0.005342
10 0.044828 0.987153 0.014559 0.006360
10 0.043487 0.982574 0.015709 0.006360
10 0.041762 0.977741 0.015326 0.006360
10 0.039464 0.972780 0.014559 0.006105
10 0.036782 0.967438 0.015326 0.006105
10 0.036207 0.962096 0.014176 0.006105
10 0.032950 0.952175 0.016092 0.007123
10 0.211111 0.812262 0.007663 0.008140
10 0.030077 0.947214 0.018008 0.007886
10 0.026054 0.942890 0.017625 0.008395
10 0.019157 0.932460 0.015326 0.007886
10 0.340613 0.952048 0.009962 0.009921
10 0.318199 0.955100 0.012644 0.009921
10 0.227395 0.887815 0.009579 0.010176
10 0.281801 0.796362 0.014176 0.006360
10 0.219540 0.810990 0.008429 0.008649
10 0.152682 0.806919 0.014176 0.005088
10 0.612069 0.749046 0.016475 0.007377
10 0.605939 0.630247 0.016475 0.006360
10 0.660536 0.749809 0.016092 0.006360
10 0.658238 0.744721 0.015326 0.006360
10 0.667625 0.694098 0.011111 0.009921
10 0.630843 0.717120 0.013410 0.012719
10 0.600192 0.720427 0.010345 0.009158
10 0.723372 0.636734 0.017625 0.006105
10 0.721456 0.627703 0.017625 0.006868
10 0.585057 0.622615 0.010728 0.010430
10 0.562452 0.367973 0.016858 0.005851
10 0.576820 0.623251 0.011111 0.009158
10 0.618774 0.384508 0.007663 0.009921
10 0.721839 0.372424 0.008429 0.008649
10 0.662261 0.379547 0.009579 0.010176
10 0.653448 0.379929 0.008046 0.009412
10 0.646360 0.380692 0.008429 0.010939
10 0.627011 0.383363 0.009579 0.010176
6 0.185057 0.096922 0.015326 0.026965
