10 0.823224 0.154465 0.008088 0.006655
6 0.399288 0.927115 0.008280 0.008373
6 0.397651 0.769107 0.010013 0.012237
6 0.402272 0.764491 0.010399 0.011164
6 0.411130 0.774474 0.010399 0.012237
6 0.390333 0.778338 0.008473 0.009231
6 0.394088 0.789180 0.011361 0.010305
6 0.336992 0.809575 0.007703 0.008587
6 0.315617 0.844246 0.006547 0.007943
6 0.321972 0.853585 0.007703 0.009446
6 0.389659 0.855839 0.006355 0.011808
6 0.392740 0.861743 0.005970 0.010305
6 0.395821 0.865071 0.006355 0.012237
6 0.399384 0.870331 0.005392 0.011164
6 0.403235 0.874839 0.005392 0.011593
6 0.329867 0.876234 0.008088 0.009231
6 0.424032 0.770610 0.010013 0.011378
6 0.323609 0.869150 0.009051 0.009661
6 0.320913 0.865608 0.009051 0.009446
6 0.326593 0.872263 0.009628 0.011593
6 0.333718 0.881280 0.010013 0.011164
6 0.336703 0.884607 0.008280 0.009661
6 0.340458 0.892228 0.009243 0.010305
6 0.344310 0.895985 0.007703 0.007943
6 0.347487 0.900172 0.010206 0.010734
6 0.349798 0.903821 0.008280 0.009446
6 0.352590 0.906827 0.009243 0.009017
6 0.356249 0.911979 0.010013 0.011164
6 0.359137 0.915414 0.008858 0.010305
6 0.361448 0.919708 0.010013 0.010734
6 0.422299 0.778875 0.008088 0.008587
6 0.416426 0.760198 0.010591 0.011593
10 0.824668 0.161335 0.009051 0.006226
6 0.413634 0.291649 0.023878 0.024259
14 0.582419 0.247209 0.023301 0.024259
14 0.572790 0.234435 0.022915 0.023615
14 0.631523 0.234865 0.042942 0.043796
14 0.612363 0.209532 0.043135 0.044225
6 0.612844 0.100043 0.019449 0.018033
6 0.517235 0.069880 0.009628 0.009231
6 0.514057 0.066015 0.011747 0.012237
6 0.319276 0.162087 0.020027 0.025762
6 0.380031 0.265350 0.007125 0.008158
6 0.373002 0.254186 0.008473 0.009017
6 0.369632 0.250429 0.009051 0.009231
6 0.346332 0.218119 0.009436 0.009446
6 0.349316 0.221769 0.008473 0.009017
6 0.346428 0.680550 0.007318 0.007299
6 0.407760 0.759017 0.007895 0.009661
6 0.361930 0.688386 0.009436 0.010090
6 0.355575 0.695363 0.008280 0.009875
6 0.310225 0.808287 0.007318 0.008158
6 0.307626 0.811507 0.007125 0.008587
6 0.407568 0.781129 0.008666 0.009661
6 0.419507 0.783920 0.007125 0.007943
6 0.422203 0.757085 0.006740 0.008373
6 0.426825 0.753328 0.007510 0.008158
6 0.432120 0.814083 0.010784 0.011164
6 0.470152 0.815908 0.009051 0.010090
6 0.462835 0.821061 0.007510 0.009231
6 0.447911 0.837484 0.009243 0.011593
6 0.431735 0.749141 0.009628 0.011808
6 0.367514 0.927222 0.010206 0.010734
6 0.369921 0.930550 0.009243 0.010090
6 0.373098 0.934092 0.008666 0.009875
6 0.152513 0.299270 0.020797 0.020610
6 0.226844 0.585552 0.009628 0.010520
6 0.257751 0.631709 0.020220 0.025547
6 0.269016 0.298197 0.009628 0.011164
6 0.274600 0.302920 0.011554 0.012022
6 0.268246 0.290897 0.013480 0.013740
6 0.264587 0.285208 0.013095 0.014813
6 0.237242 0.154251 0.025034 0.024259
6 0.134701 0.497960 0.019834 0.024259
6 0.031774 0.418205 0.008473 0.014169
6 0.037936 0.412087 0.011169 0.013525
6 0.042268 0.407686 0.010591 0.012022
6 0.155209 0.403821 0.016176 0.015457
6 0.150491 0.398776 0.014828 0.014813
6 0.140670 0.283276 0.020990 0.020395
6 0.376276 0.937419 0.010013 0.010520
6 0.073657 0.291219 0.023301 0.021683
6 0.057674 0.269429 0.023301 0.021898
6 0.053148 0.264921 0.022723 0.021468
6 0.169748 0.164234 0.010976 0.012022
6 0.165511 0.158652 0.010591 0.012022
6 0.161660 0.153714 0.010976 0.012022
6 0.153861 0.142980 0.010013 0.011164
6 0.123050 0.135573 0.009243 0.011808
6 0.117851 0.139974 0.010013 0.011164
6 0.112844 0.144375 0.010013 0.011378
6 0.188523 0.099936 0.014250 0.014384
6 0.185057 0.085659 0.022723 0.021898
6 0.176969 0.075247 0.023493 0.022971
6 0.225785 0.646951 0.011747 0.012237
6 0.296264 0.632460 0.010591 0.011164
6 0.309840 0.619579 0.010399 0.012022
6 0.212883 0.629669 0.011361 0.011164
6 0.409975 0.917024 0.010399 0.010520
6 0.424321 0.897596 0.011747 0.011164
6 0.435298 0.888901 0.011747 0.012237
6 0.431831 0.884392 0.007895 0.008802
6 0.429906 0.879777 0.010206 0.010305
6 0.426151 0.875376 0.008858 0.009231
6 0.423840 0.870545 0.009628 0.010305
6 0.417774 0.862387 0.008666 0.009446
6 0.414789 0.857772 0.008088 0.009231
6 0.412478 0.853263 0.009628 0.010949
6 0.408049 0.849077 0.009243 0.010305
6 0.405161 0.845535 0.008088 0.008802
6 0.401983 0.841348 0.008280 0.009875
6 0.398036 0.837055 0.009243 0.009875
6 0.395918 0.832224 0.010399 0.010520
6 0.392644 0.827716 0.010013 0.011378
6 0.389178 0.823851 0.010013 0.010090
6 0.386193 0.819021 0.008666 0.009446
6 0.382727 0.815693 0.008666 0.009231
6 0.379935 0.811400 0.010013 0.010520
6 0.376468 0.807106 0.009628 0.010090
6 0.368862 0.794976 0.009051 0.008587
6 0.352109 0.805925 0.010206 0.012452
6 0.334007 0.813761 0.007895 0.009231
6 0.297420 0.820524 0.009051 0.010305
6 0.341710 0.807106 0.007895 0.008802
6 0.250048 0.499785 0.009051 0.011164
14 0.591566 0.260412 0.023108 0.023615
14 0.601194 0.273079 0.023108 0.024045
14 0.549682 0.255582 0.023301 0.024689
10 0.377239 0.261164 0.007703 0.008802
10 0.432602 0.762130 0.006740 0.009017
10 0.461487 0.661335 0.007125 0.008373
10 0.467552 0.654787 0.007703 0.009875
6 0.487483 0.629347 0.025226 0.032847
10 0.551704 0.515994 0.008473 0.008802
10 0.430387 0.229176 0.008088 0.010090
10 0.506740 0.197832 0.008666 0.009231
10 0.522338 0.075784 0.007125 0.007729
6 0.570672 0.049807 0.013287 0.017604
6 0.568843 0.059253 0.014250 0.017175
10 0.236472 0.163053 0.008473 0.009231
10 0.243693 0.156183 0.008280 0.008373
10 0.239938 0.180872 0.008088 0.011378
10 0.298960 0.326964 0.007125 0.009017
10 0.045157 0.654787 0.007125 0.008158
10 0.220585 0.375698 0.007895 0.008587
10 0.293183 0.499356 0.007125 0.008587
10 0.217504 0.607557 0.008280 0.009017
10 0.339495 0.620867 0.007703 0.009446
10 0.404391 0.808609 0.007318 0.008373
10 0.384652 0.782310 0.007895 0.009446
10 0.398517 0.785208 0.007895 0.009661
10 0.380705 0.786174 0.007703 0.008587
10 0.318506 0.800343 0.008088 0.009875
10 0.209994 0.812366 0.007510 0.009875
10 0.401117 0.805281 0.007703 0.008587
10 0.145099 0.743345 0.009821 0.012666
10 0.109667 0.694397 0.008280 0.010090
10 0.470922 0.794869 0.008280 0.007943
10 0.451184 0.832546 0.006547 0.008587
10 0.415656 0.821919 0.009436 0.011378
10 0.423840 0.811400 0.008088 0.009661
10 0.841229 0.227351 0.007510 0.008587
10 0.803774 0.873658 0.008473 0.008802
10 0.806663 0.877201 0.008088 0.009017
10 0.562392 0.945255 0.006740 0.005582
10 0.560081 0.954809 0.008280 0.007085
10 0.528789 0.971125 0.006932 0.007514
10 0.526478 0.967905 0.006547 0.007943
10 0.524071 0.964255 0.007125 0.008373
10 0.521471 0.960391 0.007318 0.007943
10 0.518583 0.957385 0.007703 0.008373
10 0.515887 0.953950 0.007703 0.008373
10 0.512613 0.950515 0.007703 0.008802
10 0.510013 0.946329 0.007510 0.007729
10 0.507703 0.943001 0.006740 0.007943
10 0.567687 0.910477 0.007703 0.005582
10 0.583381 0.945578 0.005199 0.008373
10 0.585307 0.856161 0.004044 0.007729
10 0.560273 0.874088 0.007895 0.007943
10 0.586077 0.888793 0.003659 0.009017
10 0.467167 0.891692 0.005777 0.007943
10 0.464183 0.886647 0.007125 0.009446
10 0.459080 0.827286 0.006932 0.009661
10 0.455132 0.829970 0.006740 0.009446
10 0.450510 0.817411 0.006740 0.009231
10 0.420759 0.806569 0.008858 0.009875
10 0.417389 0.802490 0.007510 0.009017
10 0.413249 0.798841 0.007703 0.009017
10 0.042846 0.651675 0.007510 0.007514
10 0.022338 0.661443 0.008088 0.009446
14 0.559214 0.268463 0.023108 0.025118
6 0.553822 0.573959 0.020412 0.026836
6 0.866455 0.852082 0.024071 0.023186
6 0.637589 0.547338 0.017716 0.029841
6 0.645966 0.512666 0.007510 0.018892
6 0.555941 0.719944 0.010399 0.010949
6 0.510013 0.666810 0.009821 0.009446
6 0.494897 0.626020 0.020797 0.026621
6 0.510784 0.620438 0.012902 0.016745
6 0.512132 0.609274 0.021760 0.026191
6 0.520508 0.608630 0.014250 0.016745
6 0.525419 0.603263 0.012902 0.017175
6 0.536588 0.591885 0.022145 0.027050
6 0.543616 0.585766 0.020027 0.026406
6 0.549682 0.579004 0.020605 0.027480
6 0.560947 0.572993 0.019257 0.027050
6 0.101290 0.536496 0.011939 0.013740
6 0.569517 0.572778 0.012517 0.016745
6 0.569902 0.560004 0.020220 0.026836
6 0.575968 0.555281 0.020027 0.025118
6 0.585307 0.552920 0.021375 0.023830
6 0.587329 0.545942 0.021567 0.025333
6 0.599076 0.548948 0.013480 0.015887
6 0.594454 0.529197 0.010399 0.012881
6 0.481802 0.548841 0.022723 0.025547
6 0.541498 0.499893 0.023108 0.026406
6 0.546120 0.492808 0.023108 0.026406
6 0.551801 0.487870 0.022145 0.026406
14 0.577990 0.294010 0.023686 0.024689
14 0.568554 0.281344 0.022915 0.024259
6 0.887541 0.873873 0.023878 0.022112
6 0.892355 0.878703 0.023108 0.022327
6 0.898999 0.888257 0.023301 0.023401
6 0.854612 0.837269 0.022723 0.021898
6 0.133160 0.505582 0.011361 0.013310
6 0.048816 0.403499 0.009821 0.011808
10 0.015598 0.081258 0.007703 0.005367
10 0.016464 0.076750 0.007895 0.005796
10 0.019834 0.063332 0.008473 0.006011
10 0.198536 0.511808 0.007318 0.009017
10 0.201618 0.508909 0.007318 0.008802
10 0.073368 0.529304 0.006547 0.008802
10 0.225785 0.503542 0.008280 0.008802
10 0.217408 0.511378 0.008473 0.009446
10 0.198344 0.531451 0.008088 0.010090
12 0.784999 0.625376 0.021760 0.024474
12 0.808300 0.603693 0.022145 0.024045
12 0.836126 0.577716 0.028500 0.031773
12 0.866936 0.549377 0.028885 0.032203
12 0.914500 0.504830 0.052378 0.057750
12 0.968997 0.456956 0.051993 0.058179
6 0.960524 0.870760 0.014250 0.013740
6 0.837666 0.230571 0.008473 0.010305
6 0.829578 0.236260 0.006932 0.008802
6 0.833526 0.234006 0.006740 0.007729
6 0.876372 0.789931 0.026189 0.007085
6 0.886386 0.803886 0.026574 0.006655
6 0.896303 0.818162 0.027537 0.009017
6 0.902176 0.825462 0.025419 0.007729
6 0.906605 0.832331 0.026189 0.007299
6 0.912286 0.840060 0.027922 0.008158
6 0.168881 0.065157 0.022338 0.021254
