3 0.737705 0.923243 0.090164 0.129198
1 0.415471 0.359365 0.025102 0.021842
1 0.541752 0.422522 0.023053 0.022048
1 0.565446 0.404183 0.023309 0.022048
1 0.518186 0.410983 0.024590 0.021636
1 0.505251 0.404286 0.025359 0.021842
1 0.491803 0.397692 0.025102 0.021842
1 0.465932 0.384710 0.024590 0.021842
1 0.452613 0.377911 0.024078 0.021842
1 0.439549 0.371523 0.025102 0.021842
1 0.402152 0.352668 0.025615 0.022048
1 0.567623 0.435504 0.023566 0.022460
1 0.388576 0.346075 0.025615 0.022048
1 0.364114 0.333711 0.026383 0.022460
1 0.351178 0.327117 0.025102 0.021636
11 0.257300 0.184525 0.063781 0.076860
3 0.255763 0.184422 0.091445 0.129817
14 0.112449 0.169071 0.009734 0.016279
14 0.096055 0.168865 0.009734 0.015866
14 0.070569 0.165774 0.017162 0.017927
1 0.554431 0.429116 0.023309 0.021636
11 0.870389 0.460849 0.061475 0.076448
11 0.737193 0.922625 0.063012 0.076035
1 0.949155 0.284360 0.014088 0.021018
14 0.795082 0.434370 0.013320 0.018545
14 0.799949 0.408098 0.013832 0.018339
1 0.948258 0.357099 0.013832 0.020606
1 0.933914 0.357202 0.012807 0.020812
1 0.948770 0.334535 0.013832 0.021636
1 0.933658 0.334329 0.013320 0.020812
1 0.949027 0.307233 0.013832 0.020606
1 0.934170 0.307130 0.013832 0.020812
1 0.934042 0.284051 0.014088 0.020812
3 0.869621 0.460231 0.093750 0.131259
1 0.947490 0.515557 0.012807 0.018957
1 0.933017 0.515145 0.014088 0.018545
1 0.948130 0.492273 0.013576 0.021018
1 0.933402 0.492067 0.014344 0.020606
1 0.948258 0.468988 0.012295 0.020194
1 0.933658 0.468988 0.013320 0.020606
1 0.948642 0.445910 0.012551 0.020606
1 0.934298 0.445704 0.013064 0.020194
14 0.056352 0.159489 0.016393 0.017309
