10 0.622017 0.668241 0.013958 0.018390
6 0.629671 0.602137 0.022963 0.022366
6 0.848942 0.547465 0.022062 0.026342
10 0.078343 0.101392 0.018010 0.010934
10 0.243359 0.300696 0.017560 0.019881
10 0.250788 0.308648 0.015308 0.017893
10 0.259793 0.316600 0.016209 0.018887
10 0.266772 0.324801 0.013958 0.018390
10 0.282981 0.308151 0.016659 0.019881
10 0.274426 0.299702 0.017560 0.019881
10 0.264746 0.294732 0.016209 0.020875
10 0.256191 0.285785 0.015308 0.017893
10 0.239307 0.284791 0.014858 0.016899
10 0.244484 0.275845 0.016209 0.018887
10 0.251238 0.266899 0.019811 0.021869
10 0.256641 0.256958 0.018010 0.019881
10 0.263845 0.248757 0.018010 0.019384
10 0.270149 0.239066 0.018010 0.019881
10 0.277803 0.230865 0.017109 0.020378
10 0.288609 0.227137 0.016209 0.018887
10 0.275552 0.258201 0.018910 0.019384
10 0.289959 0.244781 0.017109 0.014414
10 0.072715 0.484095 0.021162 0.018887
6 0.230977 0.656064 0.021612 0.022863
10 0.116614 0.892147 0.020711 0.017893
10 0.418280 0.829026 0.016209 0.014911
10 0.422332 0.820328 0.016209 0.017396
10 0.431112 0.812624 0.018460 0.017893
10 0.454525 0.815358 0.018460 0.015408
6 0.651508 0.626740 0.020711 0.020875
6 0.656461 0.646869 0.024313 0.021372
10 0.493021 0.834990 0.018910 0.017893
6 0.634624 0.628728 0.020261 0.020875
6 0.461954 0.442097 0.036020 0.033300
6 0.454750 0.454771 0.034219 0.032803
6 0.424133 0.556660 0.036020 0.054672
6 0.433138 0.568588 0.033318 0.048708
6 0.445295 0.575050 0.034219 0.050696
6 0.457902 0.577783 0.031517 0.048211
6 0.466231 0.590706 0.035570 0.053181
6 0.478613 0.594185 0.036920 0.060139
6 0.487393 0.605865 0.036470 0.055666
6 0.502026 0.605119 0.037821 0.057157
6 0.513507 0.612823 0.044575 0.065606
6 0.518460 0.659543 0.028366 0.032803
6 0.530392 0.649851 0.026114 0.032306
6 0.535795 0.636680 0.028816 0.036779
6 0.541873 0.625497 0.031067 0.035288
6 0.547726 0.612326 0.030167 0.034791
6 0.556281 0.598907 0.031067 0.036779
6 0.565736 0.588966 0.030167 0.036779
6 0.572940 0.576044 0.028366 0.034791
6 0.579694 0.564115 0.031067 0.034791
6 0.588023 0.552932 0.028816 0.034294
6 0.596803 0.541998 0.029266 0.037276
6 0.675371 0.662525 0.018910 0.018887
6 0.696083 0.646123 0.046826 0.041750
6 0.682801 0.680666 0.023863 0.023360
6 0.671769 0.640905 0.023413 0.021372
6 0.690230 0.657555 0.023413 0.022863
10 0.474111 0.824304 0.018010 0.016402
10 0.468032 0.861581 0.013057 0.019384
10 0.616389 0.662276 0.013507 0.016402
10 0.830257 0.536034 0.018910 0.024354
6 0.735705 0.494533 0.022512 0.019881
6 0.767447 0.518390 0.022963 0.021869
6 0.786808 0.532555 0.020261 0.018390
10 0.805268 0.546471 0.016659 0.017396
10 0.774651 0.543986 0.014858 0.016402
6 0.773525 0.572813 0.024313 0.017396
6 0.795588 0.585487 0.023413 0.017893
10 0.445070 0.326541 0.012157 0.018887
10 0.803467 0.053926 0.019361 0.012425
6 0.200810 0.667495 0.032418 0.032803
6 0.172445 0.648608 0.028816 0.025845
10 0.725124 0.941352 0.013958 0.021869
10 0.753940 0.956014 0.012157 0.017396
10 0.773300 0.967942 0.013057 0.020378
10 0.782305 0.972913 0.010356 0.016402
10 0.800315 0.985338 0.010356 0.019384
10 0.791085 0.979871 0.009005 0.018390
10 0.282981 0.403082 0.016659 0.017893
6 0.644304 0.652087 0.020711 0.023857
6 0.641153 0.672465 0.018910 0.023857
6 0.697208 0.624503 0.019361 0.022366
6 0.704187 0.629970 0.018010 0.020378
6 0.643404 0.710239 0.019811 0.026839
6 0.970509 0.718688 0.019361 0.023857
6 0.957902 0.716203 0.019361 0.028827
6 0.745160 0.541998 0.025214 0.021372
6 0.725799 0.527087 0.024313 0.021372
6 0.715218 0.481113 0.020261 0.019881
10 0.813372 0.523111 0.017560 0.022366
10 0.485817 0.870527 0.016209 0.020378
10 0.796263 0.511183 0.019361 0.021372
10 0.503152 0.879722 0.013057 0.019881
10 0.511256 0.883449 0.013057 0.019384
10 0.638001 0.906312 0.014408 0.021372
10 0.380459 0.915010 0.018910 0.020875
10 0.388564 0.933400 0.018910 0.020875
10 0.461729 0.929672 0.013958 0.017396
6 0.484016 0.940358 0.020711 0.023857
10 0.570239 0.958748 0.018460 0.013917
10 0.629446 0.508698 0.017109 0.021372
6 0.661639 0.487823 0.019361 0.025348
10 0.695858 0.382207 0.021162 0.019881
10 0.706664 0.365557 0.022062 0.022366
10 0.723323 0.336730 0.020261 0.023360
10 0.745385 0.301441 0.018460 0.019384
10 0.762494 0.272863 0.020261 0.018887
10 0.743809 0.262425 0.019811 0.017893
10 0.737506 0.271372 0.019811 0.020875
10 0.727825 0.288022 0.021162 0.022366
10 0.714993 0.305169 0.019811 0.020875
10 0.686403 0.270378 0.020261 0.019881
10 0.671769 0.299702 0.020711 0.020875
10 0.601756 0.288022 0.019361 0.018390
10 0.698784 0.435139 0.017109 0.025348
10 0.781630 0.496272 0.016209 0.023360
10 0.883836 0.480616 0.018010 0.021869
10 0.893742 0.487078 0.016209 0.020875
10 0.788834 0.504970 0.017109 0.020875
6 0.467582 0.429175 0.034669 0.032306
