10 0.119172 0.049629 0.006006 0.006358
10 0.061878 0.694189 0.004900 0.007594
10 0.057373 0.685005 0.005058 0.008301
10 0.053975 0.685094 0.005216 0.008478
10 0.050893 0.682621 0.005058 0.007418
10 0.048048 0.681208 0.004742 0.007065
10 0.040303 0.686153 0.004425 0.007065
10 0.043465 0.687566 0.005058 0.007771
10 0.046705 0.688008 0.004267 0.007241
10 0.049550 0.689862 0.004900 0.008124
10 0.051999 0.691805 0.004742 0.006711
10 0.055793 0.692158 0.005058 0.008124
10 0.067963 0.696574 0.005058 0.008124
10 0.062905 0.687478 0.004742 0.007241
10 0.075628 0.691982 0.004900 0.008478
10 0.096886 0.698870 0.004742 0.008831
10 0.095227 0.706376 0.004584 0.007594
10 0.093962 0.697898 0.004900 0.009007
10 0.078473 0.693395 0.005532 0.008478
10 0.036036 0.703373 0.005058 0.007594
10 0.032717 0.701872 0.004742 0.007065
10 0.031215 0.708495 0.005216 0.008301
10 0.084637 0.721123 0.004900 0.008124
10 0.034456 0.709908 0.005374 0.007948
10 0.060376 0.686771 0.004742 0.006888
10 0.066224 0.687831 0.005690 0.008301
10 0.076498 0.700724 0.004742 0.007948
10 0.207286 0.184475 0.005216 0.008301
10 0.304726 0.947722 0.006954 0.005652
10 0.327169 0.955669 0.006638 0.008831
10 0.319741 0.961586 0.005374 0.007594
10 0.257389 0.829124 0.005216 0.007948
10 0.047179 0.954080 0.005848 0.006005
10 0.044808 0.951166 0.008061 0.007594
10 0.112297 0.869304 0.005216 0.007418
10 0.114983 0.882109 0.008377 0.008301
10 0.136242 0.811109 0.006006 0.008654
10 0.259839 0.190569 0.007903 0.007418
10 0.252252 0.172289 0.005058 0.007241
10 0.075549 0.718209 0.005058 0.009361
10 0.204125 0.166107 0.005848 0.005475
10 0.218192 0.173172 0.006796 0.006182
10 0.218034 0.121953 0.006164 0.007594
10 0.172040 0.113299 0.005532 0.007241
10 0.213055 0.115684 0.005374 0.007418
10 0.191797 0.160102 0.006796 0.005828
10 0.022364 0.033292 0.005532 0.007948
10 0.031057 0.005298 0.004584 0.007065
10 0.090722 0.724037 0.004742 0.007594
10 0.087640 0.722536 0.005216 0.008831
10 0.040303 0.713176 0.004425 0.008124
10 0.073732 0.699046 0.004584 0.007065
10 0.308361 0.937566 0.007270 0.006535
10 0.092935 0.676969 0.004742 0.007771
10 0.070887 0.724126 0.004900 0.007771
10 0.064565 0.721830 0.004900 0.007771
10 0.037775 0.745320 0.004742 0.007065
10 0.079580 0.746026 0.004900 0.007771
10 0.071835 0.743907 0.004584 0.007418
10 0.069069 0.741258 0.005058 0.007771
10 0.061878 0.739315 0.005216 0.007771
10 0.058480 0.738078 0.005690 0.008831
10 0.038802 0.678029 0.005216 0.008124
10 0.100364 0.679354 0.004742 0.007948
10 0.083452 0.673437 0.004742 0.007065
10 0.019203 0.766602 0.006796 0.007948
10 0.062115 0.666284 0.004425 0.007241
10 0.058796 0.665136 0.004109 0.007065
10 0.055398 0.664341 0.003951 0.007594
10 0.052711 0.663458 0.004584 0.007241
10 0.043306 0.660721 0.004425 0.008831
10 0.080528 0.672201 0.004900 0.008478
10 0.095938 0.642441 0.003161 0.006535
10 0.035088 0.348728 0.006954 0.006888
10 0.065276 0.343342 0.005690 0.008831
10 0.039197 0.347404 0.008851 0.008124
10 0.073574 0.726952 0.004584 0.007771
10 0.082741 0.848287 0.005532 0.007065
10 0.082899 0.702225 0.004267 0.007418
10 0.037142 0.728718 0.005058 0.008478
10 0.091829 0.706464 0.005374 0.008478
10 0.090643 0.697898 0.004584 0.007948
10 0.037300 0.711586 0.004742 0.007771
10 0.048206 0.707965 0.005058 0.008301
10 0.081871 0.720240 0.004425 0.007771
10 0.077051 0.726422 0.004267 0.006711
10 0.082583 0.728276 0.004900 0.007241
10 0.024419 0.725274 0.004584 0.007241
10 0.029003 0.726069 0.005216 0.008478
10 0.032954 0.727217 0.005532 0.009007
10 0.041094 0.731985 0.005374 0.008654
10 0.093488 0.855705 0.006480 0.009184
10 0.042121 0.706376 0.004900 0.008301
10 0.036905 0.685005 0.004584 0.007241
10 0.044887 0.680590 0.004742 0.007241
10 0.041805 0.679795 0.004267 0.007065
10 0.116564 0.053338 0.007112 0.007065
10 0.117670 0.034882 0.006480 0.006182
10 0.059586 0.105705 0.006638 0.004062
10 0.183815 0.155775 0.007270 0.006005
10 0.173068 0.150212 0.006954 0.006535
6 0.114667 0.886966 0.008061 0.007771
10 0.305753 0.944101 0.007428 0.006182
10 0.320531 0.941275 0.005058 0.007594
10 0.021021 0.318615 0.006322 0.005652
10 0.494073 0.613476 0.003477 0.007241
10 0.917101 0.523490 0.007112 0.004945
10 0.932749 0.523137 0.004584 0.007418
10 0.930141 0.580714 0.005374 0.008124
10 0.898056 0.143324 0.007903 0.007241
10 0.433697 0.765366 0.007903 0.004769
10 0.433776 0.625574 0.008061 0.007065
10 0.469417 0.618156 0.006954 0.003532
10 0.479058 0.614182 0.003477 0.008301
10 0.486803 0.614624 0.004425 0.008478
10 0.490991 0.613917 0.003951 0.007771
10 0.521100 0.601643 0.005058 0.007241
10 0.970049 0.444719 0.004900 0.009890
10 0.530346 0.646945 0.004900 0.007418
10 0.527343 0.629636 0.005216 0.007771
10 0.533112 0.639968 0.006322 0.008301
10 0.521495 0.653479 0.005532 0.008124
10 0.487040 0.661339 0.004584 0.006888
10 0.515805 0.656129 0.005216 0.008124
10 0.500395 0.694013 0.005058 0.007241
10 0.504425 0.708319 0.005532 0.009007
10 0.497076 0.711674 0.005690 0.008654
10 0.456377 0.757330 0.005848 0.008831
10 0.964280 0.494613 0.006638 0.004062
10 0.974000 0.445867 0.004267 0.007948
10 0.412360 0.793448 0.006638 0.005828
10 0.873716 0.331862 0.006638 0.008478
10 0.953453 0.346432 0.007428 0.006535
10 0.954560 0.342635 0.007428 0.007065
10 0.951794 0.349435 0.006638 0.005828
10 0.950609 0.353055 0.006164 0.005652
10 0.949897 0.356323 0.006638 0.005475
10 0.968547 0.300159 0.007587 0.006182
10 0.970049 0.296538 0.007428 0.006005
10 0.969891 0.336983 0.005532 0.008124
10 0.965149 0.348287 0.005216 0.008831
10 0.962383 0.356058 0.005058 0.007418
10 0.877509 0.333628 0.008219 0.011303
10 0.893314 0.501766 0.005690 0.009890
10 0.885491 0.341399 0.005532 0.007771
10 0.907223 0.315083 0.006638 0.009537
10 0.965070 0.364624 0.006006 0.005828
10 0.971550 0.367096 0.007270 0.006182
10 0.959776 0.364359 0.004900 0.007771
10 0.928402 0.360650 0.004425 0.007418
10 0.922238 0.358619 0.005690 0.007241
10 0.861941 0.446485 0.004900 0.007065
10 0.860755 0.463529 0.005058 0.007241
10 0.867710 0.475009 0.005374 0.003709
10 0.431642 0.792741 0.007903 0.005828
10 0.411648 0.797245 0.005216 0.005298
10 0.329698 0.921759 0.005374 0.007418
10 0.424688 0.900565 0.005690 0.008478
10 0.412518 0.858707 0.005690 0.008831
10 0.415126 0.851378 0.004584 0.006888
10 0.427849 0.820646 0.005374 0.008654
10 0.455982 0.824532 0.004742 0.007948
10 0.452821 0.832833 0.005374 0.007948
10 0.441362 0.861091 0.004900 0.007241
10 0.437253 0.869834 0.006164 0.009184
10 0.433697 0.879195 0.006954 0.010244
10 0.424609 0.877075 0.006164 0.009184
10 0.417022 0.897916 0.005216 0.008124
10 0.412992 0.929619 0.005690 0.008301
10 0.405959 0.874249 0.005216 0.008831
10 0.410068 0.936683 0.005532 0.008301
10 0.404931 0.925380 0.005058 0.008301
10 0.395527 0.948075 0.005532 0.008124
10 0.378536 0.963882 0.004742 0.007241
10 0.347953 0.904981 0.004900 0.007771
10 0.344081 0.904274 0.005374 0.007418
10 0.338786 0.902420 0.005216 0.008301
10 0.329382 0.897916 0.005374 0.008478
10 0.318634 0.903656 0.006322 0.005122
10 0.330251 0.929707 0.005532 0.008478
10 0.409357 0.866832 0.005690 0.008831
10 0.402798 0.881402 0.005532 0.008654
10 0.411016 0.800777 0.006164 0.005298
10 0.468785 0.866390 0.008219 0.007241
10 0.451952 0.766690 0.005532 0.007771
10 0.449581 0.772783 0.005216 0.007948
10 0.486012 0.728718 0.005690 0.008124
10 0.464991 0.737195 0.006638 0.009537
10 0.465307 0.776934 0.006006 0.008831
10 0.472578 0.760332 0.005374 0.008478
10 0.464280 0.804221 0.006164 0.009714
10 0.460566 0.814112 0.005374 0.008654
10 0.461277 0.866743 0.006480 0.006182
10 0.467362 0.873013 0.006954 0.006358
10 0.471709 0.859325 0.007428 0.006182
10 0.399874 0.889350 0.005058 0.007948
10 0.387071 0.813140 0.004425 0.006711
10 0.390153 0.814465 0.004900 0.007948
10 0.393789 0.815436 0.004584 0.007418
10 0.396871 0.817997 0.005374 0.008301
10 0.401612 0.819675 0.004742 0.007771
10 0.406117 0.820381 0.005216 0.008478
10 0.409278 0.820911 0.004584 0.008124
10 0.412676 0.823826 0.005690 0.010067
10 0.388652 0.912840 0.006006 0.009361
10 0.393551 0.899770 0.006954 0.010420
10 0.016754 0.306076 0.006954 0.006005
10 0.031136 0.306164 0.007587 0.007241
10 0.016279 0.168492 0.006638 0.006005
6 0.895843 0.154716 0.008219 0.006358
6 0.868974 0.217061 0.008851 0.006358
6 0.871977 0.214235 0.009483 0.007771
6 0.873874 0.210615 0.007270 0.006182
6 0.875296 0.206729 0.009167 0.007241
6 0.876877 0.202844 0.008851 0.006535
6 0.878457 0.198870 0.010431 0.007065
6 0.878536 0.194366 0.007745 0.006888
6 0.882093 0.187478 0.009799 0.006888
6 0.885649 0.180325 0.009957 0.007418
6 0.890944 0.167344 0.010115 0.007241
6 0.897661 0.149947 0.009957 0.006711
6 0.865181 0.228629 0.009799 0.006888
6 0.951241 0.124691 0.008377 0.009890
6 0.951004 0.137319 0.011696 0.014306
6 0.983088 0.138732 0.007903 0.014659
6 0.967757 0.154097 0.008851 0.016072
6 0.972420 0.156129 0.007745 0.013070
6 0.981903 0.204256 0.010906 0.008654
6 0.980085 0.209290 0.010748 0.007771
6 0.977636 0.213440 0.014067 0.009007
6 0.977952 0.219887 0.014383 0.010597
6 0.968468 0.232338 0.010273 0.006888
6 0.865892 0.224037 0.009957 0.006535
6 0.883831 0.238520 0.008851 0.005828
6 0.942706 0.268898 0.006164 0.009007
6 0.888257 0.130608 0.007903 0.004415
6 0.942153 0.023225 0.005690 0.007948
6 0.957405 0.019251 0.005216 0.007771
6 0.958906 0.065436 0.005374 0.007594
6 0.892208 0.091046 0.007903 0.004415
6 0.891892 0.096079 0.008535 0.006358
6 0.891497 0.100671 0.007428 0.004592
6 0.892366 0.104822 0.007270 0.005475
6 0.888336 0.110297 0.007112 0.004415
6 0.884305 0.119481 0.007903 0.005122
6 0.886834 0.134935 0.007270 0.004239
6 0.891023 0.126457 0.007745 0.004239
6 0.857515 0.243377 0.009009 0.007065
6 0.892840 0.122395 0.007903 0.004592
6 0.894500 0.117626 0.009325 0.005652
6 0.896633 0.112593 0.009483 0.005828
6 0.899083 0.107294 0.008693 0.006182
6 0.899716 0.102967 0.008061 0.005652
6 0.902956 0.097669 0.009799 0.006005
6 0.976450 0.084776 0.007903 0.011303
6 0.934408 0.361445 0.004109 0.009007
6 0.938359 0.360738 0.004742 0.011127
6 0.850561 0.262805 0.009325 0.010597
6 0.931326 0.255387 0.005216 0.008831
6 0.945472 0.278788 0.005690 0.008301
6 0.974158 0.062081 0.007745 0.006888
6 0.401059 0.956994 0.010273 0.018545
6 0.497392 0.381049 0.006322 0.009007
6 0.494152 0.378753 0.006164 0.008654
6 0.491070 0.376987 0.006954 0.010067
6 0.576735 0.469092 0.005690 0.008831
6 0.481429 0.629460 0.005690 0.009537
6 0.510590 0.692247 0.006480 0.010067
6 0.430694 0.250177 0.018650 0.009714
11 0.395369 0.469092 0.129445 0.182621
11 0.311680 0.747439 0.120120 0.172024
6 0.419788 0.912134 0.006954 0.010420
14 0.293662 0.914430 0.026553 0.040092
6 0.503082 0.385994 0.006322 0.008654
14 0.271298 0.903656 0.026395 0.039385
14 0.250040 0.889173 0.026553 0.039739
14 0.227754 0.877958 0.026553 0.039915
14 0.258653 0.560844 0.024498 0.040445
14 0.235499 0.552367 0.024340 0.040445
14 0.201912 0.541063 0.023234 0.039385
14 0.178916 0.533027 0.024024 0.040622
14 0.216769 0.484105 0.023866 0.039562
14 0.193773 0.476245 0.023708 0.039032
11 0.270823 0.365330 0.132922 0.183504
6 0.500000 0.383257 0.005532 0.007418
6 0.563932 0.248675 0.006954 0.010244
6 0.948949 0.280643 0.006322 0.008124
6 0.890074 0.395443 0.007112 0.005298
6 0.942074 0.304574 0.005848 0.009007
6 0.958748 0.289739 0.006638 0.005475
6 0.958827 0.294949 0.009325 0.007418
6 0.955508 0.302013 0.007745 0.006005
6 0.955587 0.306694 0.008851 0.006888
6 0.953770 0.311904 0.008377 0.006005
6 0.952189 0.316673 0.008377 0.005652
6 0.945867 0.331862 0.007112 0.005298
6 0.943259 0.342105 0.008535 0.004945
6 0.945946 0.336807 0.007270 0.004592
6 0.908329 0.493289 0.003793 0.007771
6 0.681287 0.600230 0.005848 0.007241
6 0.932432 0.572589 0.007428 0.005652
6 0.933618 0.568085 0.007903 0.005475
6 0.965386 0.743200 0.007587 0.006005
6 0.960487 0.741699 0.007270 0.005828
6 0.818160 0.310403 0.022602 0.017838
6 0.779358 0.391205 0.005058 0.008124
6 0.800063 0.390675 0.009167 0.014836
6 0.666351 0.841664 0.009483 0.006182
6 0.667378 0.831155 0.008061 0.005298
6 0.668879 0.826298 0.008535 0.004062
6 0.935040 0.019604 0.006322 0.008831
6 0.877509 0.095638 0.009483 0.005122
10 0.016437 0.459643 0.006954 0.004769
6 0.762210 0.223949 0.008377 0.008478
10 0.068437 0.125309 0.005058 0.007948
10 0.093330 0.076033 0.005216 0.008301
10 0.083294 0.071794 0.004425 0.007948
10 0.115853 0.011303 0.006322 0.008124
3 0.394263 0.463617 0.192034 0.281526
6 0.811838 0.735076 0.009641 0.006358
6 0.719061 0.140851 0.009641 0.018545
6 0.473052 0.716001 0.005058 0.007065
6 0.735499 0.212557 0.010273 0.005122
6 0.743480 0.228188 0.011064 0.008124
6 0.767504 0.233486 0.008535 0.008478
10 0.114588 0.110208 0.006638 0.005652
6 0.757547 0.245850 0.009799 0.008478
6 0.759760 0.250618 0.008851 0.008831
6 0.762605 0.254504 0.008219 0.009890
6 0.765055 0.257506 0.008061 0.009184
6 0.768848 0.259537 0.006796 0.009361
6 0.772720 0.261657 0.006006 0.009361
6 0.786471 0.267308 0.010115 0.009007
6 0.826458 0.271635 0.007903 0.007065
6 0.821558 0.281879 0.010748 0.008831
6 0.832543 0.262893 0.009325 0.007241
10 0.115853 0.106588 0.007270 0.005828
10 0.133555 0.131402 0.006954 0.006711
6 0.839972 0.251766 0.009009 0.007594
10 0.070966 0.311727 0.006322 0.007065
10 0.015568 0.464588 0.007112 0.004769
10 0.032243 0.474037 0.005374 0.004592
10 0.032085 0.477923 0.005058 0.004239
10 0.015410 0.472536 0.004900 0.003709
10 0.160898 0.367096 0.004425 0.007241
10 0.169749 0.354557 0.006954 0.006888
10 0.160028 0.350759 0.006796 0.006358
10 0.114193 0.330360 0.007428 0.006182
10 0.083373 0.317291 0.007428 0.007948
10 0.079580 0.314465 0.006796 0.007948
10 0.077130 0.269075 0.006006 0.005122
10 0.146910 0.137849 0.006796 0.006182
10 0.078315 0.265542 0.006480 0.005122
10 0.080133 0.262716 0.007270 0.006182
10 0.036510 0.258919 0.004425 0.006711
10 0.034930 0.221565 0.005058 0.007594
10 0.068832 0.195602 0.007112 0.006535
10 0.064723 0.174232 0.004584 0.007948
10 0.045993 0.191363 0.005058 0.008301
10 0.042753 0.131314 0.006480 0.005828
10 0.065355 0.136171 0.005216 0.007418
10 0.157342 0.143412 0.006164 0.006358
6 0.835783 0.259626 0.009483 0.007771
6 0.784258 0.179707 0.006006 0.009361
6 0.880196 0.110650 0.012960 0.029848
6 0.866841 0.083804 0.008377 0.005828
6 0.835546 0.060314 0.007745 0.015012
6 0.839181 0.073296 0.005216 0.009184
6 0.835941 0.082391 0.006006 0.010420
6 0.859333 0.073031 0.006954 0.012893
6 0.846610 0.067732 0.008377 0.016425
6 0.838391 0.089103 0.008377 0.014659
6 0.851905 0.066849 0.007587 0.013599
6 0.845108 0.098287 0.007903 0.016072
6 0.855777 0.108972 0.006796 0.013070
6 0.859886 0.097845 0.005532 0.009537
6 0.866287 0.074797 0.009483 0.006182
6 0.813656 0.077888 0.008851 0.016249
6 0.875375 0.077888 0.007112 0.004945
6 0.876482 0.081862 0.008061 0.005475
6 0.867315 0.092370 0.009009 0.006005
6 0.877983 0.085924 0.011064 0.005828
6 0.877351 0.090869 0.007903 0.005475
6 0.866841 0.096962 0.008693 0.005652
6 0.866208 0.100936 0.009009 0.004062
6 0.864075 0.105616 0.008851 0.004945
6 0.863917 0.110120 0.009483 0.004769
6 0.865181 0.115242 0.007587 0.006888
6 0.840367 0.060668 0.009167 0.018191
6 0.814130 0.067556 0.006006 0.009714
6 0.753438 0.196220 0.008535 0.006711
6 0.755729 0.148711 0.009957 0.003886
6 0.755650 0.192423 0.008535 0.006535
6 0.759997 0.180590 0.010273 0.007594
6 0.762131 0.176086 0.009483 0.006358
6 0.763316 0.172201 0.009009 0.006005
6 0.766240 0.169198 0.006638 0.006711
6 0.767030 0.164606 0.008219 0.006711
6 0.782914 0.045214 0.005216 0.008478
6 0.765608 0.120805 0.007587 0.005298
6 0.763553 0.128400 0.009483 0.004592
6 0.760234 0.136348 0.008851 0.004239
6 0.773194 0.149329 0.007270 0.006182
6 0.821005 0.061374 0.005848 0.009714
6 0.772404 0.153303 0.007903 0.004592
6 0.777778 0.142706 0.008219 0.007065
6 0.787656 0.102349 0.013434 0.010420
6 0.784416 0.118951 0.012960 0.010067
6 0.787261 0.114094 0.008535 0.006358
6 0.800853 0.101024 0.008535 0.014836
6 0.796902 0.084687 0.015489 0.009714
6 0.820847 0.085394 0.006164 0.010067
6 0.824482 0.088926 0.005848 0.009714
6 0.824798 0.063405 0.006480 0.011657
10 0.972736 0.330449 0.005216 0.007771
10 0.979374 0.319322 0.006164 0.005652
10 0.984985 0.322148 0.006954 0.006711
10 0.340525 0.207436 0.005216 0.007594
10 0.841552 0.209820 0.008377 0.005652
10 0.839023 0.214942 0.007112 0.005298
10 0.852616 0.226422 0.006164 0.005298
10 0.853722 0.222978 0.007428 0.006535
10 0.856172 0.215648 0.006322 0.006005
10 0.860123 0.205581 0.005690 0.005652
10 0.406670 0.022254 0.005690 0.008124
10 0.424135 0.042741 0.004900 0.007065
10 0.425873 0.018545 0.006164 0.004945
10 0.342975 0.200194 0.005374 0.008301
10 0.301012 0.207259 0.006480 0.005122
10 0.834756 0.226775 0.006796 0.003532
10 0.375059 0.237284 0.006954 0.005475
10 0.370081 0.169551 0.006796 0.006005
10 0.318081 0.136966 0.004584 0.006535
10 0.310653 0.121159 0.005532 0.007418
10 0.297297 0.107383 0.006954 0.007771
10 0.282124 0.093077 0.006322 0.007418
10 0.288209 0.088838 0.005848 0.007065
10 0.433618 0.238078 0.004900 0.008478
10 0.440651 0.240110 0.004425 0.008301
10 0.448317 0.243818 0.004900 0.007241
10 0.837601 0.219004 0.006164 0.003886
10 0.833017 0.230484 0.006164 0.003886
10 0.456615 0.246556 0.004109 0.007771
10 0.495495 0.862063 0.006322 0.008478
10 0.425715 0.710880 0.006796 0.005298
10 0.425952 0.705934 0.006638 0.004592
10 0.425952 0.701077 0.006006 0.005475
10 0.405959 0.709908 0.005532 0.007948
10 0.399478 0.707700 0.005532 0.007771
10 0.393077 0.705404 0.006322 0.008478
10 0.388257 0.703815 0.005532 0.008831
10 0.383436 0.702049 0.005058 0.007771
10 0.485775 0.842812 0.004900 0.007065
10 0.509641 0.844401 0.005848 0.007065
10 0.498815 0.863387 0.006006 0.007948
10 0.857357 0.807665 0.005848 0.009184
10 0.502134 0.864889 0.005374 0.007771
10 0.505690 0.866478 0.005216 0.007418
10 0.600917 0.864182 0.006006 0.004239
10 0.611743 0.805369 0.004584 0.007771
10 0.613403 0.798304 0.004742 0.008124
10 0.608977 0.804751 0.004109 0.007241
10 0.606607 0.803250 0.004742 0.008124
10 0.592619 0.812345 0.005848 0.004769
10 0.618540 0.820558 0.006480 0.004592
10 0.625099 0.871070 0.006322 0.004592
10 0.452584 0.245143 0.004267 0.007065
10 0.459538 0.254857 0.005216 0.008478
10 0.441599 0.723596 0.006006 0.008478
10 0.761182 0.658248 0.004742 0.007065
10 0.589142 0.012010 0.005848 0.006005
10 0.705627 0.033910 0.007112 0.007418
10 0.706733 0.037531 0.006796 0.006888
10 0.717718 0.027817 0.006638 0.005122
10 0.725541 0.032409 0.006480 0.005475
10 0.772720 0.068880 0.005690 0.008124
10 0.775881 0.060491 0.004425 0.006888
10 0.677967 0.537708 0.007428 0.007241
10 0.689821 0.588485 0.005532 0.007418
10 0.768058 0.605528 0.005848 0.007594
10 0.796112 0.655952 0.007270 0.004945
10 0.588826 0.039209 0.004900 0.007418
10 0.686107 0.691893 0.004425 0.007241
10 0.672199 0.688096 0.005058 0.007771
10 0.674727 0.689862 0.005058 0.008124
10 0.710605 0.862063 0.007903 0.004945
10 0.726648 0.856764 0.004584 0.007771
10 0.754386 0.865507 0.007903 0.005475
10 0.693694 0.886524 0.006322 0.003709
10 0.977161 0.746556 0.005216 0.008478
10 0.876245 0.700812 0.004742 0.007771
10 0.889284 0.677058 0.006796 0.005475
10 0.595780 0.023843 0.005216 0.008124
10 0.583452 0.066408 0.005848 0.007065
10 0.481745 0.254504 0.004425 0.007771
10 0.485854 0.209820 0.004425 0.007065
10 0.490438 0.267132 0.004425 0.007594
10 0.516200 0.276316 0.004109 0.006888
10 0.441995 0.209467 0.004584 0.007418
10 0.451083 0.213794 0.004742 0.009361
10 0.457642 0.217238 0.004900 0.008831
10 0.460961 0.218209 0.005216 0.009007
10 0.465149 0.220770 0.006006 0.009184
10 0.469180 0.222448 0.004900 0.008301
10 0.470128 0.203108 0.004584 0.007418
10 0.482772 0.207877 0.004900 0.007065
10 0.427454 0.159749 0.004584 0.006888
10 0.562115 0.077623 0.006164 0.003709
10 0.440967 0.096432 0.006638 0.004239
10 0.448712 0.084334 0.006638 0.007948
10 0.465465 0.068880 0.004425 0.007418
10 0.546784 0.155334 0.005848 0.005475
10 0.509325 0.049717 0.005848 0.005122
10 0.522602 0.055634 0.006796 0.006005
10 0.529398 0.059255 0.007112 0.006535
10 0.528608 0.088043 0.005216 0.007241
10 0.533744 0.080625 0.005374 0.008654
10 0.546863 0.076386 0.005374 0.004415
10 0.446262 0.724479 0.005216 0.007065
10 0.435910 0.721565 0.005374 0.007594
10 0.978900 0.329654 0.007112 0.006888
6 0.840762 0.097051 0.008693 0.015012
6 0.805200 0.061021 0.015015 0.016779
6 0.844160 0.060756 0.008851 0.014836
6 0.829461 0.076122 0.008219 0.014483
6 0.829303 0.064112 0.007270 0.012010
6 0.824798 0.074974 0.006796 0.010067
6 0.800458 0.073737 0.012802 0.013246
6 0.798641 0.078771 0.009483 0.009184
6 0.828355 0.091046 0.006322 0.009361
6 0.830646 0.095638 0.008377 0.014306
6 0.849139 0.100495 0.008377 0.015542
6 0.850956 0.083098 0.009483 0.015719
6 0.834045 0.100936 0.007270 0.011833
6 0.854275 0.086542 0.009167 0.015542
6 0.858385 0.087955 0.007903 0.014836
6 0.701517 0.291416 0.004900 0.007418
6 0.738818 0.219887 0.010906 0.007418
6 0.774143 0.145267 0.010115 0.007948
6 0.777067 0.137672 0.008061 0.007241
6 0.779832 0.134228 0.009799 0.008831
6 0.784416 0.128135 0.009167 0.007594
6 0.808914 0.095549 0.008219 0.013423
10 0.723724 0.072059 0.007587 0.006358
6 0.845820 0.082568 0.009009 0.014659
6 0.795401 0.089544 0.010590 0.008124
10 0.752015 0.238343 0.008851 0.009007
10 0.439150 0.025079 0.006164 0.005298
10 0.316185 0.230661 0.004900 0.007065
10 0.310890 0.229248 0.005374 0.007771
10 0.344318 0.244525 0.004584 0.006888
10 0.462779 0.309343 0.007270 0.006182
10 0.468706 0.286118 0.007428 0.006005
10 0.467599 0.291770 0.006796 0.006005
10 0.449976 0.043624 0.006006 0.003886
10 0.455034 0.032321 0.007587 0.006358
10 0.446973 0.028082 0.007270 0.006005
10 0.419630 0.015189 0.006954 0.006711
10 0.620357 0.188714 0.007270 0.006182
6 0.794373 0.094666 0.009483 0.008831
10 0.545045 0.161250 0.007428 0.004592
10 0.604631 0.108001 0.004267 0.007594
10 0.575233 0.087337 0.004584 0.007948
10 0.577525 0.070735 0.006954 0.006888
10 0.816185 0.020664 0.006638 0.005652
10 0.830409 0.031791 0.006322 0.008831
10 0.821795 0.025344 0.007428 0.006535
10 0.809942 0.032939 0.006796 0.006888
10 0.817765 0.120099 0.006638 0.009537
6 0.792556 0.099258 0.009009 0.009184
10 0.754860 0.241611 0.009167 0.009890
10 0.764027 0.226952 0.009483 0.008831
10 0.423977 0.716178 0.006164 0.007771
10 0.386360 0.716178 0.006796 0.004239
10 0.447606 0.742141 0.005690 0.004592
10 0.449660 0.745938 0.005690 0.004415
10 0.440493 0.744348 0.006322 0.003356
10 0.440098 0.748234 0.005532 0.004415
10 0.438755 0.753356 0.006954 0.005122
10 0.448949 0.751325 0.006164 0.004592
10 0.446578 0.756535 0.005848 0.004062
10 0.436068 0.759626 0.006006 0.004592
10 0.444523 0.761922 0.006480 0.005298
10 0.442943 0.767132 0.005532 0.005122
10 0.393077 0.718827 0.006322 0.003886
10 0.399557 0.831597 0.005690 0.005122
10 0.400348 0.721830 0.006638 0.004239
10 0.406512 0.724832 0.006638 0.004945
10 0.413782 0.727305 0.006006 0.004239
10 0.422001 0.730042 0.006954 0.004769
10 0.429429 0.733045 0.006954 0.004062
10 0.436305 0.735606 0.007112 0.003532
10 0.443496 0.739138 0.006322 0.004239
10 0.430220 0.719357 0.006006 0.007771
10 0.412044 0.712469 0.006006 0.008124
10 0.417496 0.713705 0.006164 0.007771
10 0.405642 0.834334 0.005848 0.004945
10 0.393868 0.829301 0.006006 0.005475
10 0.758890 0.216973 0.008061 0.007948
10 0.469654 0.958142 0.004267 0.006711
10 0.697882 0.292829 0.003951 0.006358
10 0.563458 0.369392 0.004425 0.006888
10 0.579501 0.221477 0.004900 0.006005
10 0.575154 0.216620 0.003477 0.006888
10 0.317686 0.906305 0.006638 0.005828
10 0.325194 0.927587 0.005532 0.008478
10 0.323060 0.930413 0.005690 0.008124
10 0.322823 0.937919 0.005532 0.007594
10 0.444286 0.947633 0.007270 0.005475
10 0.466335 0.957171 0.004900 0.007594
10 0.467836 0.971035 0.004742 0.003179
10 0.397819 0.836542 0.006322 0.005122
10 0.466572 0.975097 0.005690 0.003886
10 0.467362 0.980307 0.005690 0.004415
10 0.398530 0.845549 0.004267 0.007594
10 0.395448 0.843871 0.004425 0.007065
10 0.392050 0.841929 0.005532 0.007771
10 0.388494 0.839809 0.005374 0.007418
10 0.371977 0.826386 0.006164 0.004945
10 0.371424 0.829389 0.005690 0.004945
10 0.385096 0.837248 0.005532 0.007948
10 0.381935 0.834687 0.005848 0.008478
10 0.963569 0.567556 0.004267 0.007948
10 0.996760 0.024903 0.006480 0.006358
10 0.994389 0.026757 0.005532 0.006182
10 0.781729 0.342458 0.003793 0.007771
10 0.727675 0.312699 0.005690 0.008301
10 0.732575 0.315436 0.006006 0.008124
10 0.749881 0.328506 0.003951 0.007418
10 0.741900 0.322677 0.005690 0.008124
10 0.764976 0.334776 0.004109 0.007241
10 0.759207 0.320470 0.005848 0.005828
10 0.771298 0.315171 0.006638 0.006182
10 0.773668 0.317821 0.006322 0.006182
10 0.768927 0.336277 0.003477 0.008124
10 0.778331 0.341929 0.003951 0.007418
10 0.777383 0.319675 0.006796 0.006358
10 0.734708 0.295479 0.003951 0.007065
10 0.780465 0.321706 0.007587 0.007594
10 0.787972 0.326740 0.006480 0.005652
10 0.773905 0.306694 0.006796 0.006888
10 0.830093 0.268103 0.009167 0.008831
6 0.814051 0.271989 0.009009 0.009890
6 0.824482 0.275963 0.010906 0.010067
10 0.777857 0.252031 0.005848 0.005652
10 0.843765 0.276139 0.006796 0.007948
10 0.845978 0.271900 0.007112 0.008654
10 0.853722 0.251854 0.006796 0.008124
10 0.716611 0.291946 0.004742 0.007418
10 0.708709 0.291946 0.006006 0.008478
10 0.981824 0.256270 0.006322 0.005652
10 0.735499 0.389262 0.006164 0.005298
10 0.724830 0.571529 0.006006 0.007771
10 0.734550 0.561109 0.006796 0.004592
10 0.738976 0.546538 0.006796 0.005122
10 0.734708 0.507153 0.004900 0.007594
10 0.744192 0.487284 0.005848 0.008831
10 0.749328 0.476687 0.005690 0.008831
10 0.752489 0.469004 0.005374 0.008654
6 0.803777 0.458054 0.006796 0.011480
10 0.772562 0.453462 0.005058 0.007241
10 0.738502 0.391205 0.006796 0.005298
10 0.733918 0.395532 0.003003 0.007241
10 0.688083 0.305369 0.006796 0.004945
10 0.731547 0.393236 0.003319 0.006535
10 0.728307 0.392441 0.003161 0.007065
10 0.725620 0.391028 0.002845 0.006358
10 0.732575 0.387407 0.006638 0.006535
10 0.747906 0.400830 0.006322 0.008301
10 0.750593 0.402685 0.005690 0.008478
10 0.755255 0.402420 0.004900 0.007594
10 0.752805 0.410279 0.006006 0.008831
10 0.722696 0.389438 0.003003 0.007065
10 0.719061 0.388114 0.003319 0.006888
10 0.868342 0.328682 0.006322 0.008478
10 0.981113 0.260155 0.007428 0.006711
10 0.992809 0.030555 0.006164 0.006358
10 0.972499 0.363299 0.006954 0.006358
10 0.972815 0.289032 0.008535 0.006888
10 0.967520 0.303250 0.007112 0.006005
10 0.966414 0.306429 0.007112 0.006358
10 0.964991 0.310756 0.007428 0.005828
10 0.963806 0.314112 0.006638 0.005475
10 0.962462 0.317202 0.006480 0.005298
10 0.961672 0.320823 0.007112 0.006535
10 0.960250 0.324532 0.006796 0.005828
10 0.959380 0.328241 0.007587 0.005828
10 0.957089 0.335394 0.007112 0.006711
10 0.974554 0.360385 0.006638 0.005828
10 0.975818 0.281968 0.007903 0.006888
10 0.975502 0.356676 0.006954 0.006182
10 0.976845 0.353055 0.006164 0.005652
10 0.970523 0.350936 0.007112 0.006358
10 0.978110 0.349523 0.007428 0.005652
10 0.971471 0.347051 0.007112 0.006358
10 0.980480 0.342547 0.007428 0.006182
10 0.974000 0.339103 0.006164 0.005652
10 0.977240 0.332656 0.006322 0.005828
10 0.976213 0.336189 0.007428 0.006182
10 0.983246 0.335394 0.006638 0.005652
10 0.974554 0.285853 0.007587 0.006535
10 0.976371 0.278082 0.009009 0.006888
10 0.983879 0.253444 0.007903 0.006711
10 0.993362 0.221123 0.006954 0.005652
10 0.990122 0.271635 0.005532 0.008831
10 0.979848 0.263953 0.006796 0.006182
10 0.984590 0.249912 0.006796 0.005652
10 0.985617 0.246644 0.007587 0.005828
10 0.986566 0.242759 0.006954 0.005828
10 0.987988 0.239491 0.006954 0.006358
10 0.988541 0.235253 0.008377 0.006711
10 0.989806 0.231544 0.006164 0.005652
10 0.991228 0.227923 0.007112 0.006535
10 0.992572 0.224744 0.006954 0.006182
10 0.982930 0.198781 0.009799 0.007241
10 0.978268 0.274903 0.007428 0.006535
10 0.918287 0.107471 0.005374 0.007241
10 0.933144 0.134670 0.005374 0.007948
10 0.930378 0.133168 0.005216 0.007771
6 0.899557 0.139438 0.007112 0.006182
6 0.944286 0.145708 0.008061 0.009890
6 0.946499 0.141116 0.008061 0.009537
6 0.985143 0.161869 0.007270 0.011833
6 0.980085 0.158866 0.007903 0.011480
10 0.979295 0.267750 0.007587 0.006358
10 0.978031 0.270841 0.007587 0.006535
10 0.723487 0.577446 0.005532 0.007594
10 0.551920 0.594490 0.005058 0.008124
10 0.548838 0.602614 0.004584 0.006711
10 0.928007 0.040180 0.006164 0.007948
10 0.970128 0.033380 0.006006 0.005298
10 0.968785 0.037178 0.005848 0.005828
10 0.966967 0.040887 0.005690 0.005828
10 0.964359 0.043359 0.005532 0.006182
10 0.963411 0.047333 0.005216 0.005298
10 0.962067 0.051395 0.006006 0.006358
10 0.929983 0.016425 0.005058 0.006711
10 0.932670 0.017662 0.004742 0.007065
10 0.908487 0.017838 0.006322 0.006005
10 0.928086 0.031173 0.007270 0.006535
10 0.929904 0.044066 0.004900 0.006888
10 0.976213 0.023578 0.005532 0.005122
10 0.933223 0.045832 0.004900 0.007241
10 0.938913 0.050512 0.004900 0.006358
10 0.941758 0.052720 0.005532 0.007594
10 0.944444 0.054574 0.004900 0.007065
10 0.947289 0.057224 0.004900 0.006711
10 0.950529 0.058548 0.004742 0.006535
10 0.953137 0.061462 0.005216 0.006711
10 0.955666 0.063935 0.005532 0.007418
10 0.962541 0.067997 0.006638 0.009184
10 0.965861 0.070293 0.006006 0.007771
10 0.974474 0.027022 0.005532 0.005652
10 0.978900 0.020223 0.006480 0.006182
10 0.564486 0.584158 0.004900 0.007594
10 0.980876 0.033116 0.005690 0.007948
10 0.991544 0.033645 0.005532 0.005828
10 0.993757 0.079477 0.005532 0.006358
10 0.991228 0.083098 0.006796 0.005828
10 0.990201 0.086542 0.006638 0.005298
10 0.972262 0.017573 0.006796 0.006888
10 0.970207 0.020223 0.006164 0.006535
10 0.968547 0.024196 0.006322 0.006711
10 0.966256 0.027111 0.005532 0.005828
10 0.960882 0.036913 0.006480 0.006711
10 0.958827 0.040092 0.006480 0.007065
10 0.980639 0.064995 0.005532 0.006005
10 0.977161 0.058813 0.005848 0.006005
10 0.985538 0.058725 0.006796 0.006182
10 0.988778 0.055281 0.008219 0.007771
10 0.991228 0.051042 0.008061 0.007065
10 0.993520 0.046097 0.006954 0.006005
10 0.989252 0.037266 0.005690 0.006358
10 0.987356 0.039827 0.005374 0.005475
10 0.985459 0.044154 0.006322 0.006358
10 0.983563 0.047686 0.006638 0.005652
10 0.982298 0.051307 0.006322 0.006535
10 0.979769 0.053691 0.005690 0.005652
10 0.977715 0.097404 0.005058 0.006888
10 0.970523 0.093695 0.004900 0.006888
10 0.972183 0.080449 0.006638 0.009361
10 0.585823 0.516249 0.005216 0.007418
10 0.607950 0.463176 0.005532 0.008301
10 0.612850 0.450636 0.004900 0.006888
10 0.589695 0.439774 0.004742 0.007065
10 0.586297 0.448516 0.004584 0.007594
10 0.583847 0.466708 0.005374 0.008301
10 0.574048 0.476952 0.004742 0.007594
10 0.528766 0.682709 0.005216 0.007948
10 0.611190 0.667785 0.005058 0.007065
10 0.557215 0.515984 0.005216 0.007594
10 0.565276 0.512628 0.005848 0.008301
10 0.582978 0.522960 0.005532 0.007771
10 0.965544 0.084687 0.005374 0.007594
10 0.571598 0.549099 0.005216 0.007418
10 0.563300 0.568085 0.005058 0.006888
10 0.576814 0.578241 0.007112 0.007065
10 0.571835 0.576033 0.006954 0.007241
10 0.568279 0.573561 0.006164 0.006182
10 0.576656 0.587337 0.003635 0.006888
10 0.572625 0.587425 0.003793 0.008124
10 0.543148 0.616037 0.005216 0.007771
10 0.545835 0.609679 0.005216 0.007418
10 0.568674 0.586277 0.004109 0.008301
10 0.623044 0.426351 0.005374 0.008124
10 0.611190 0.368068 0.005058 0.007065
10 0.632448 0.348110 0.005532 0.008478
10 0.642248 0.335835 0.006164 0.009714
10 0.958748 0.088661 0.007270 0.008478
10 0.665244 0.169286 0.005690 0.005122
10 0.627153 0.191452 0.006006 0.005298
10 0.634424 0.195691 0.006638 0.005652
10 0.637111 0.219004 0.006954 0.007065
10 0.644144 0.222978 0.006480 0.005122
10 0.651177 0.226157 0.006638 0.004769
10 0.650229 0.220064 0.006322 0.004945
10 0.662399 0.160897 0.006638 0.005652
10 0.666667 0.227658 0.006638 0.005652
10 0.657895 0.223861 0.006796 0.005828
10 0.658606 0.229071 0.006322 0.005652
10 0.720009 0.248322 0.007428 0.007418
10 0.712660 0.243818 0.006006 0.006182
10 0.553185 0.366302 0.003793 0.006711
10 0.669037 0.363652 0.005058 0.008124
10 0.664533 0.361003 0.005532 0.007771
10 0.604157 0.342194 0.005532 0.008301
10 0.609926 0.356853 0.005058 0.007594
10 0.607397 0.363476 0.004742 0.007418
10 0.640983 0.326828 0.005848 0.008301
13 0.240240 0.120717 0.016754 0.014659
