1 0.891633 0.719013 0.057460 0.119134
1 0.826613 0.723225 0.056452 0.117930
1 0.760585 0.726233 0.051411 0.126354
1 0.887097 0.580626 0.056452 0.121540
1 0.824093 0.581227 0.055444 0.117930
1 0.761593 0.580024 0.057460 0.120337
1 0.880040 0.433815 0.060484 0.119134
1 0.815524 0.435620 0.054435 0.117930
1 0.756552 0.437425 0.055444 0.116727
1 0.867440 0.228039 0.055444 0.119134
1 0.807964 0.229242 0.053427 0.121540
1 0.745968 0.231649 0.050403 0.121540
11 0.442540 0.562575 0.250000 0.458484
3 0.443044 0.566185 0.345766 0.795427
