7 0.651351 0.091027 0.031314 0.022157
7 0.518932 0.514586 0.073885 0.069424
7 0.564879 0.428545 0.067949 0.058715
7 0.537352 0.377031 0.066517 0.058715
7 0.462034 0.243815 0.044822 0.039328
7 0.440544 0.210118 0.041957 0.037297
7 0.548915 0.123061 0.037659 0.037851
7 0.334732 0.510986 0.069791 0.064069
7 0.475849 0.770772 0.076545 0.065547
7 0.347831 0.802899 0.067335 0.060746
7 0.827978 0.810561 0.080843 0.074594
7 0.774253 0.837611 0.084732 0.078102
7 0.734343 0.691008 0.074908 0.062962
7 0.670999 0.594442 0.063651 0.052991
7 0.700061 0.647526 0.078387 0.066839
7 0.595375 0.637555 0.076955 0.064254
