8 0.187375 0.583500 0.009250 0.009000
8 0.351000 0.110750 0.007500 0.007000
8 0.174375 0.919875 0.014250 0.014750
8 0.475750 0.644375 0.010500 0.011250
8 0.559625 0.616000 0.017750 0.016000
8 0.550125 0.484500 0.012750 0.014000
8 0.388250 0.175625 0.008500 0.008750
8 0.425125 0.152500 0.009750 0.009000
8 0.575375 0.091625 0.008250 0.007750
11 0.097375 0.624750 0.024250 0.038000
8 0.763375 0.207750 0.007250 0.007500
8 0.712875 0.551875 0.017250 0.014250
3 0.777250 0.821750 0.065000 0.050500
8 0.942250 0.491625 0.012500 0.012750
8 0.925500 0.224750 0.008000 0.007500
11 0.776750 0.821250 0.036500 0.033000
8 0.033625 0.364500 0.011750 0.012000
