4 0.426275 0.620750 0.032145 0.037000
9 0.410203 0.825375 0.009783 0.007250
9 0.098649 0.760125 0.011880 0.014750
9 0.400303 0.549625 0.015607 0.016250
9 0.401468 0.526500 0.021663 0.020000
9 0.378290 0.384625 0.008852 0.009750
9 0.455043 0.196875 0.015141 0.014750
9 0.139646 0.830250 0.008619 0.008500
9 0.096320 0.806625 0.010482 0.012250
9 0.160144 0.702875 0.010482 0.012750
9 0.043210 0.347000 0.007221 0.010000
9 0.085721 0.761500 0.027021 0.051500
8 0.004892 0.045250 0.006522 0.008000
11 0.025274 0.114875 0.032378 0.036250
4 0.455043 0.440875 0.044491 0.046750
8 0.930119 0.752125 0.012113 0.014750
8 0.795947 0.533750 0.008852 0.009500
12 0.535872 0.439875 0.008153 0.008750
12 0.528884 0.441875 0.006755 0.008250
12 0.521663 0.444000 0.008153 0.009000
12 0.535872 0.426250 0.007221 0.007500
12 0.533427 0.418250 0.007454 0.007500
12 0.504193 0.453875 0.007221 0.007250
4 0.382833 0.344625 0.030981 0.028250
8 0.502329 0.583250 0.014209 0.019500
3 0.551712 0.888750 0.044025 0.039500
2 0.400186 0.924125 0.014908 0.008750
2 0.065339 0.786125 0.007221 0.006750
8 0.047519 0.616125 0.024691 0.027750
9 0.406243 0.849000 0.008852 0.007000
9 0.350920 0.705250 0.011414 0.010500
4 0.438970 0.632750 0.024924 0.032500
9 0.349290 0.701500 0.011414 0.009500
4 0.449686 0.643625 0.024924 0.030750
4 0.462264 0.650625 0.018868 0.024750
4 0.346960 0.726125 0.042162 0.037250
4 0.358840 0.748250 0.036571 0.032000
4 0.369788 0.762125 0.030981 0.028250
4 0.377591 0.776500 0.028884 0.026000
4 0.384230 0.788375 0.026322 0.022750
4 0.392383 0.798625 0.022129 0.019250
4 0.397391 0.807000 0.019101 0.016000
4 0.402865 0.818000 0.019800 0.018000
9 0.108665 0.671500 0.005823 0.023000
9 0.408805 0.838250 0.007920 0.004500
9 0.406709 0.840875 0.008852 0.004750
9 0.406359 0.855750 0.007687 0.004000
9 0.407524 0.834625 0.009550 0.005250
9 0.327160 0.907875 0.013743 0.024750
9 0.286513 0.925625 0.023294 0.028750
9 0.117167 0.893250 0.029350 0.028500
9 0.151875 0.860500 0.043792 0.043500
9 0.286513 0.650750 0.016306 0.027000
9 0.306662 0.658250 0.012812 0.018000
9 0.316445 0.662625 0.011414 0.017250
9 0.334265 0.675875 0.015840 0.011750
9 0.336129 0.681000 0.015374 0.012000
9 0.339040 0.685125 0.015141 0.011750
9 0.341020 0.690000 0.014908 0.012000
9 0.347426 0.697625 0.011880 0.010250
8 0.037969 0.544625 0.012113 0.013250
