8 0.158747 0.476250 0.006755 0.010000
12 0.018053 0.187000 0.003960 0.005000
7 0.209294 0.039125 0.006755 0.007250
7 0.205684 0.031875 0.006522 0.007250
7 0.216282 0.025125 0.006755 0.008250
7 0.228395 0.022875 0.006289 0.006750
7 0.230841 0.028625 0.005590 0.006250
7 0.159679 0.084375 0.007687 0.008750
7 0.170976 0.089500 0.005590 0.006000
7 0.175751 0.086125 0.004892 0.005250
7 0.180526 0.082750 0.005590 0.006500
7 0.191242 0.075750 0.005590 0.006500
7 0.239343 0.072875 0.006755 0.007250
7 0.244817 0.068875 0.006056 0.006250
12 0.242138 0.381750 0.003494 0.003500
12 0.242022 0.386125 0.003727 0.003750
2 0.483811 0.143375 0.008386 0.021750
2 0.681458 0.780375 0.012812 0.013750
2 0.671209 0.366250 0.008619 0.007500
8 0.091311 0.008000 0.006988 0.009000
12 0.025157 0.182250 0.003727 0.004500
0 0.197065 0.934000 0.013976 0.014500
