2 0.649875 0.488559 0.015750 0.016861
3 0.819375 0.668306 0.061750 0.028703
3 0.090375 0.796668 0.020750 0.013248
3 0.139125 0.838719 0.033250 0.015054
2 0.580750 0.451124 0.051000 0.013047
2 0.752625 0.445002 0.006250 0.016861
2 0.841250 0.502609 0.018000 0.023284
2 0.814250 0.480530 0.015000 0.011240
0 0.767250 0.475512 0.028500 0.020072
3 0.815250 0.603473 0.034000 0.017061
3 0.632625 0.409675 0.032250 0.018868
3 0.636125 0.711762 0.034250 0.018466
2 0.082250 0.451827 0.013000 0.009635
2 0.085000 0.453232 0.014000 0.010036
2 0.156875 0.479727 0.021250 0.038940
2 0.162750 0.478924 0.021000 0.039342
2 0.310875 0.429145 0.009750 0.012043
2 0.417125 0.402549 0.012750 0.015456
2 0.209875 0.057407 0.010750 0.006825
