0 0.102875 0.454000 0.013750 0.015000
12 0.495625 0.888625 0.006250 0.006750
2 0.156750 0.682625 0.033500 0.025250
2 0.223000 0.779625 0.026000 0.022250
2 0.263000 0.832750 0.050000 0.022500
2 0.310375 0.959875 0.047750 0.022750
2 0.291125 0.869500 0.038250 0.021500
8 0.504375 0.759375 0.015250 0.013250
12 0.500125 0.890625 0.005250 0.005250
0 0.283500 0.190625 0.011500 0.012250
0 0.244500 0.185500 0.011000 0.010000
0 0.109125 0.417250 0.008250 0.008500
0 0.505250 0.224375 0.012500 0.013250
0 0.505500 0.127250 0.007000 0.007500
0 0.479000 0.153875 0.007000 0.008250
0 0.256000 0.229375 0.013000 0.011750
2 0.114375 0.637500 0.025250 0.037000
