0 0.942750 0.972501 0.026500 0.020875
2 0.640375 0.413489 0.011750 0.008832
2 0.008500 0.501405 0.016500 0.006423
2 0.068125 0.555600 0.014250 0.020474
2 0.155375 0.494380 0.006750 0.017262
3 0.049875 0.848555 0.030250 0.021879
2 0.409875 0.556704 0.018250 0.017463
2 0.453625 0.580590 0.014250 0.011040
2 0.455750 0.499398 0.047000 0.049779
2 0.546375 0.325070 0.006750 0.025893
2 0.427500 0.259835 0.019000 0.013850
2 0.590875 0.378262 0.016750 0.012244
2 0.290250 0.331895 0.105500 0.047973
2 0.725750 0.447912 0.013000 0.007828
2 0.840625 0.486652 0.007750 0.005821
3 0.805625 0.549880 0.025250 0.027098
2 0.667750 0.630570 0.152000 0.065235
2 0.772500 0.848454 0.136500 0.031313
3 0.890625 0.795464 0.026250 0.012043
2 0.886000 0.506022 0.014000 0.010438
2 0.958000 0.519872 0.010500 0.008029
3 0.972625 0.475512 0.032250 0.025692
11 0.188000 0.062124 0.048000 0.039141
