12 0.211574 0.164250 0.003493 0.003500
12 0.299488 0.125500 0.007918 0.008000
12 0.317070 0.226500 0.010946 0.012500
12 0.271425 0.191125 0.008151 0.008250
12 0.316139 0.192625 0.010014 0.011250
12 0.333838 0.200000 0.010946 0.011500
12 0.350140 0.210000 0.006754 0.007500
12 0.366092 0.199875 0.010247 0.011250
12 0.351421 0.188500 0.011178 0.011500
12 0.289241 0.187500 0.010247 0.010500
12 0.262692 0.154375 0.011178 0.012250
12 0.272357 0.172125 0.007685 0.007750
12 0.281206 0.150375 0.010946 0.011250
12 0.333838 0.176750 0.011411 0.012500
12 0.365626 0.163625 0.008850 0.007750
12 0.368188 0.180125 0.007918 0.008250
12 0.350489 0.152000 0.011644 0.012000
12 0.306358 0.180750 0.005822 0.006500
12 0.304960 0.174250 0.005356 0.005500
12 0.307755 0.163500 0.007219 0.006500
12 0.302166 0.145250 0.010480 0.010000
12 0.280624 0.210000 0.007918 0.009000
12 0.291570 0.226625 0.013041 0.013750
12 0.233349 0.187000 0.006986 0.008000
12 0.150093 0.075500 0.005356 0.006000
12 0.182347 0.163875 0.010247 0.010250
12 0.186539 0.177375 0.010247 0.010750
12 0.087680 0.125625 0.006754 0.006750
12 0.112483 0.108250 0.004192 0.004000
12 0.113414 0.112750 0.003726 0.004000
12 0.114928 0.118250 0.004425 0.005000
12 0.140778 0.061375 0.005356 0.005750
12 0.148347 0.045625 0.005589 0.006250
12 0.148230 0.058875 0.005356 0.005750
12 0.255007 0.172750 0.010713 0.010500
12 0.166511 0.072750 0.006055 0.006000
12 0.157313 0.090125 0.003493 0.004250
12 0.178621 0.080875 0.004658 0.004250
12 0.192944 0.193375 0.005822 0.007250
12 0.205636 0.190500 0.006986 0.006500
12 0.200978 0.175125 0.008384 0.008750
12 0.195389 0.162250 0.007452 0.009000
12 0.238938 0.202625 0.007452 0.007750
12 0.324290 0.139125 0.010946 0.011250
12 0.312413 0.127125 0.006754 0.007250
12 0.210061 0.160375 0.003726 0.003750
12 0.330578 0.113125 0.010946 0.011250
12 0.357359 0.021875 0.005356 0.005750
12 0.341290 0.012625 0.004891 0.004750
12 0.356660 0.051375 0.003959 0.004750
12 0.360270 0.052000 0.004192 0.004000
12 0.365161 0.042500 0.003726 0.003500
12 0.365743 0.036750 0.003959 0.004000
12 0.365743 0.033375 0.003959 0.003750
12 0.360037 0.033875 0.003726 0.003250
12 0.355729 0.034875 0.003493 0.003750
12 0.264555 0.135000 0.008850 0.009000
12 0.247555 0.151375 0.006521 0.007250
12 0.244993 0.143375 0.006986 0.007250
12 0.190265 0.127750 0.004658 0.004000
12 0.190615 0.133250 0.003493 0.003500
12 0.192129 0.138500 0.004658 0.004500
12 0.196437 0.137500 0.003959 0.004000
12 0.198999 0.144625 0.004425 0.004750
12 0.200862 0.151125 0.003959 0.005250
12 0.207965 0.165000 0.004192 0.004500
12 0.352119 0.023750 0.005589 0.006000
12 0.343735 0.027375 0.005589 0.006750
12 0.342338 0.019750 0.005123 0.005000
12 0.354914 0.043250 0.008384 0.009500
12 0.319050 0.104000 0.010713 0.010500
12 0.334537 0.098750 0.008151 0.008000
12 0.299604 0.087375 0.014206 0.014250
12 0.317769 0.090875 0.009548 0.009250
12 0.334071 0.082375 0.008151 0.008250
12 0.317885 0.080500 0.005589 0.005500
12 0.299138 0.062625 0.016535 0.016250
12 0.326735 0.060125 0.010713 0.012250
12 0.329995 0.030250 0.006521 0.006500
12 0.270610 0.033625 0.003726 0.004250
12 0.254658 0.025250 0.004891 0.005500
12 0.259665 0.023875 0.004658 0.005250
12 0.264322 0.024000 0.004192 0.004500
12 0.268864 0.023125 0.003959 0.004250
12 0.255473 0.034125 0.003726 0.003750
12 0.260014 0.032875 0.004425 0.005250
12 0.264905 0.029875 0.003493 0.004250
12 0.265720 0.034125 0.003726 0.004250
8 0.932231 0.950625 0.015836 0.017750
