0 0.580920 0.844442 0.011910 0.013492
0 0.866067 0.425695 0.012844 0.013290
2 0.090729 0.620419 0.014246 0.009263
0 0.072279 0.857531 0.008641 0.009062
3 0.519383 0.974426 0.027557 0.039871
0 0.593648 0.972916 0.008407 0.011478
0 0.721859 0.239428 0.011210 0.009666
0 0.751518 0.007954 0.012144 0.009464
0 0.830920 0.100181 0.009341 0.009464
3 0.858127 0.105215 0.032929 0.017922
3 0.933793 0.416734 0.032461 0.021547
12 0.180173 0.451369 0.018916 0.019130
12 0.175969 0.471808 0.018916 0.018929
0 0.599603 0.837596 0.011443 0.010673
0 0.611513 0.981675 0.008641 0.010874
0 0.564222 0.987112 0.008874 0.012082
3 0.737156 0.015606 0.026857 0.029601
0 0.704344 0.049940 0.009809 0.009263
0 0.727697 0.208619 0.012144 0.014901
0 0.939514 0.728856 0.008874 0.009464
0 0.956913 0.723822 0.009108 0.009062
12 0.253153 0.357934 0.008407 0.008256
