2 0.503616 0.672750 0.009566 0.026500
2 0.607559 0.615000 0.017732 0.027000
2 0.314979 0.317500 0.009333 0.035500
7 0.430471 0.209625 0.017266 0.019250
7 0.418339 0.195250 0.014932 0.016500
7 0.409589 0.178750 0.017965 0.020500
7 0.363626 0.168375 0.012366 0.016250
7 0.287214 0.062375 0.008866 0.012750
7 0.295614 0.063875 0.013532 0.013750
7 0.302963 0.062875 0.013766 0.014250
7 0.399207 0.167250 0.018199 0.021500
7 0.391624 0.206750 0.013766 0.014000
7 0.380541 0.191125 0.011666 0.015750
2 0.385091 0.334875 0.010966 0.027750
9 0.144424 0.167750 0.006066 0.010500
4 0.141274 0.175625 0.019832 0.029750
