2 0.406625 0.941000 0.026750 0.048500
12 0.237000 0.565500 0.006500 0.006000
12 0.260000 0.583375 0.017000 0.018250
12 0.212625 0.588750 0.005750 0.006500
12 0.230875 0.591375 0.012250 0.012250
12 0.235125 0.579250 0.009250 0.009000
12 0.224375 0.575500 0.009250 0.009000
12 0.228250 0.564250 0.010500 0.010500
12 0.235625 0.570750 0.004250 0.004000
12 0.322375 0.458750 0.006750 0.006000
12 0.248500 0.556875 0.009000 0.010250
12 0.265250 0.561375 0.009500 0.009250
12 0.267750 0.549875 0.010500 0.010750
12 0.277875 0.553250 0.009750 0.011000
12 0.239750 0.552875 0.009500 0.009750
12 0.300625 0.535250 0.010250 0.009000
8 0.017875 0.745625 0.008750 0.008750
12 0.326375 0.500375 0.009750 0.008750
12 0.320500 0.519250 0.010500 0.009500
12 0.347375 0.212500 0.004250 0.004500
12 0.381000 0.286375 0.007500 0.007250
12 0.351000 0.227250 0.005000 0.005000
12 0.354375 0.221625 0.006250 0.006250
12 0.353250 0.214250 0.006000 0.006500
12 0.347500 0.222250 0.005000 0.005500
12 0.346750 0.216875 0.003500 0.003750
12 0.373500 0.393250 0.010500 0.011500
12 0.338500 0.488625 0.015500 0.015750
12 0.320125 0.389375 0.006750 0.007250
12 0.330125 0.394875 0.011250 0.012250
12 0.319625 0.400250 0.009750 0.011000
12 0.327500 0.404375 0.005000 0.006250
12 0.335000 0.404500 0.008000 0.008500
12 0.345250 0.507250 0.016000 0.015500
12 0.304500 0.525500 0.010000 0.009000
12 0.281500 0.506375 0.009000 0.008250
4 0.529875 0.595375 0.043250 0.060250
4 0.028625 0.470875 0.055250 0.030750
9 0.515625 0.617250 0.007750 0.007000
12 0.276250 0.669250 0.004500 0.004500
12 0.277375 0.663875 0.004750 0.004750
9 0.521375 0.577750 0.008250 0.005000
9 0.284375 0.407625 0.008250 0.021750
4 0.019375 0.450250 0.035750 0.024000
4 0.008000 0.480500 0.015500 0.015500
12 0.341000 0.346875 0.009000 0.007750
4 0.011500 0.495625 0.022000 0.017750
4 0.058125 0.651625 0.016250 0.017750
4 0.046250 0.659250 0.014500 0.017500
4 0.034750 0.665250 0.013500 0.017000
4 0.023875 0.669500 0.011750 0.016500
4 0.014875 0.675500 0.013750 0.017500
9 0.478250 0.595750 0.010000 0.007500
12 0.470250 0.307500 0.007000 0.007000
12 0.276625 0.496750 0.009750 0.009000
12 0.328125 0.466250 0.009250 0.010000
12 0.286000 0.499375 0.008000 0.008250
12 0.294625 0.495750 0.008250 0.007500
12 0.299375 0.481625 0.008250 0.007750
12 0.307625 0.485375 0.008250 0.008750
12 0.304625 0.469125 0.006750 0.006250
12 0.321125 0.473875 0.008250 0.007250
4 0.025000 0.654125 0.013500 0.014750
12 0.473125 0.313750 0.007250 0.007500
4 0.014875 0.657750 0.013750 0.017000
4 0.006375 0.663875 0.012750 0.015750
9 0.094500 0.574000 0.013000 0.017500
9 0.189375 0.382500 0.016250 0.045000
4 0.297125 0.120750 0.070250 0.079000
4 0.329750 0.098750 0.047500 0.135500
12 0.399000 0.276125 0.010500 0.010250
