6 0.401681 0.775126 0.035294 0.040201
6 0.425630 0.771985 0.037815 0.040201
6 0.530672 0.648241 0.056303 0.025126
6 0.524370 0.630339 0.052101 0.024497
6 0.519748 0.611181 0.057983 0.025126
6 0.514286 0.593907 0.057143 0.023241
6 0.507143 0.576005 0.056303 0.025126
6 0.495378 0.538945 0.057983 0.025126
6 0.484874 0.504083 0.055462 0.023241
6 0.476891 0.486495 0.057983 0.025754
6 0.472689 0.467337 0.059664 0.025126
6 0.452941 0.412060 0.060504 0.023869
6 0.445798 0.393844 0.059664 0.026382
6 0.495798 0.364322 0.060504 0.025126
6 0.489076 0.345163 0.060504 0.024497
6 0.430672 0.356156 0.057983 0.028894
6 0.425630 0.337626 0.056303 0.028266
6 0.299580 0.408606 0.064706 0.025754
6 0.294118 0.390389 0.065546 0.027010
6 0.293697 0.368090 0.073109 0.027638
6 0.292017 0.349874 0.059664 0.022613
6 0.536555 0.668028 0.054622 0.024497
6 0.526050 0.455088 0.058824 0.025754
6 0.533193 0.475503 0.057983 0.025126
6 0.712605 0.714824 0.038655 0.041457
6 0.450840 0.766332 0.039496 0.042714
6 0.499160 0.756281 0.036975 0.043970
6 0.522689 0.752827 0.036975 0.042085
6 0.546639 0.746859 0.036134 0.042714
6 0.570588 0.743405 0.035294 0.043342
6 0.640336 0.730528 0.036975 0.041457
6 0.662605 0.724560 0.037815 0.043342
6 0.688655 0.719221 0.036134 0.041457
6 0.753782 0.705716 0.030252 0.039573
6 0.538655 0.494347 0.057143 0.023869
6 0.777731 0.699749 0.031092 0.038945
6 0.586975 0.639447 0.061345 0.026382
6 0.578992 0.621545 0.067227 0.027010
6 0.574370 0.600503 0.059664 0.025126
6 0.563025 0.565327 0.058824 0.025126
6 0.553361 0.547739 0.054622 0.025126
6 0.551681 0.529209 0.057983 0.025754
6 0.546639 0.511621 0.057983 0.025754
6 0.264286 0.299309 0.057983 0.023241
