10 0.937767 0.914965 0.010169 0.007086
10 0.485865 0.343789 0.004474 0.008545
10 0.510270 0.338683 0.005288 0.008754
10 0.506000 0.336390 0.005695 0.008754
10 0.507932 0.346915 0.005491 0.008128
10 0.492373 0.334098 0.004881 0.008754
10 0.527354 0.283868 0.005288 0.009170
10 0.522880 0.282409 0.006101 0.009170
10 0.514440 0.279179 0.005084 0.008962
10 0.501830 0.276782 0.004678 0.008754
10 0.496848 0.276157 0.005288 0.008754
10 0.559386 0.259692 0.004271 0.007503
10 0.583486 0.295331 0.006101 0.009170
10 0.534065 0.274489 0.005695 0.007920
10 0.516270 0.270634 0.005084 0.008962
10 0.525117 0.272926 0.005695 0.008962
10 0.480374 0.280742 0.005695 0.009587
10 0.482815 0.272405 0.006101 0.009587
6 0.485560 0.261359 0.006711 0.011672
10 0.579927 0.317111 0.005898 0.009379
10 0.501627 0.298353 0.006305 0.010213
10 0.550437 0.348166 0.005491 0.008545
10 0.521354 0.154856 0.006305 0.008754
10 0.501220 0.335869 0.005491 0.008962
10 0.518812 0.340454 0.004474 0.008128
10 0.495017 0.344935 0.006508 0.009587
10 0.527659 0.343476 0.005084 0.009170
10 0.523388 0.341705 0.005084 0.008545
10 0.526642 0.374114 0.005898 0.009587
6 0.472239 0.158295 0.009762 0.006461
10 0.447834 0.069612 0.006508 0.009170
10 0.545251 0.348166 0.004474 0.007295
10 0.436750 0.097645 0.006305 0.009379
10 0.468782 0.013652 0.006508 0.009796
10 0.594672 0.010629 0.008135 0.005419
10 0.584299 0.007816 0.009762 0.006044
10 0.532235 0.345352 0.004474 0.007920
10 0.536506 0.345040 0.004881 0.008962
10 0.541082 0.346394 0.004271 0.008337
10 0.469799 0.319717 0.005695 0.009170
10 0.539150 0.355252 0.005288 0.008962
10 0.569656 0.366611 0.007728 0.008337
14 0.950681 0.264173 0.046573 0.046061
10 0.027252 0.698416 0.008542 0.008337
10 0.076368 0.056899 0.007525 0.009170
10 0.068944 0.046790 0.008135 0.009796
10 0.062233 0.037724 0.007728 0.009170
10 0.024507 0.019070 0.009559 0.007712
3 0.788896 0.360775 0.340858 0.212172
14 0.966443 0.280534 0.043522 0.047520
11 0.712426 0.685702 0.180191 0.224260
10 0.112264 0.353481 0.008135 0.008337
6 0.688123 0.220613 0.019727 0.007295
14 0.342587 0.249166 0.032744 0.050229
14 0.315843 0.240517 0.033354 0.049604
14 0.322859 0.316278 0.032337 0.049396
14 0.295810 0.307941 0.033557 0.049396
1 0.351841 0.337536 0.044336 0.061067
11 0.463697 0.762088 0.140736 0.156524
10 0.049522 0.014694 0.009965 0.007295
10 0.029490 0.286578 0.005695 0.010004
10 0.554505 0.371822 0.007118 0.008337
10 0.476612 0.367341 0.008338 0.008128
10 0.518406 0.423614 0.008949 0.005211
10 0.513931 0.419237 0.008135 0.004794
10 0.515660 0.400167 0.008338 0.008337
10 0.509152 0.394539 0.008338 0.007503
10 0.500407 0.387870 0.008338 0.007920
10 0.491865 0.380158 0.008745 0.007920
10 0.484442 0.374010 0.007728 0.007295
10 0.470002 0.360775 0.007322 0.007920
10 0.021660 0.294393 0.005898 0.008962
10 0.531727 0.322218 0.005898 0.009587
10 0.036811 0.281263 0.006101 0.008128
10 0.007118 0.308566 0.007728 0.010629
10 0.003254 0.312630 0.006508 0.009170
10 0.010372 0.304710 0.006915 0.010004
10 0.017185 0.297520 0.006711 0.009379
10 0.013931 0.301480 0.007525 0.011046
10 0.488103 0.333055 0.005695 0.010004
10 0.514745 0.339725 0.005288 0.009170
10 0.896990 0.905481 0.008745 0.006878
10 0.570775 0.291267 0.005084 0.009379
10 0.247102 0.201125 0.007322 0.007086
10 0.137381 0.011255 0.007118 0.008754
6 0.091418 0.086599 0.007525 0.006878
10 0.098637 0.078991 0.008135 0.008754
10 0.120500 0.037516 0.007932 0.009170
10 0.035184 0.042935 0.005288 0.007920
10 0.031218 0.041267 0.005491 0.008754
6 0.069148 0.091184 0.008949 0.008962
10 0.899024 0.690079 0.009152 0.007920
10 0.906040 0.678199 0.008542 0.006669
6 0.902786 0.683306 0.010982 0.008545
6 0.892821 0.703731 0.010982 0.010213
10 0.855298 0.829408 0.005898 0.009796
10 0.867907 0.835348 0.009965 0.008337
10 0.869331 0.802001 0.007118 0.010004
10 0.863230 0.815236 0.007932 0.009796
10 0.874924 0.783243 0.007322 0.010004
10 0.270388 0.060650 0.009152 0.007086
10 0.259813 0.079200 0.009152 0.006669
10 0.263474 0.072530 0.009559 0.007086
10 0.637381 0.184973 0.008542 0.006461
6 0.985662 0.562526 0.009152 0.012922
10 0.956986 0.009483 0.008338 0.003960
6 0.988306 0.063777 0.008338 0.013756
10 0.903701 0.202063 0.005898 0.009379
10 0.851739 0.206544 0.004474 0.008754
10 0.864043 0.208212 0.007118 0.008754
6 0.677547 0.188620 0.005084 0.010421
10 0.385499 0.145477 0.004678 0.008337
10 0.296827 0.066903 0.008338 0.006669
6 0.144295 0.336286 0.011592 0.011463
10 0.232561 0.004689 0.006305 0.009379
10 0.550844 0.257399 0.005084 0.008754
10 0.568233 0.260942 0.003254 0.006253
10 0.563758 0.260213 0.004881 0.009379
10 0.542404 0.254481 0.004474 0.007086
10 0.724629 0.199875 0.008949 0.005419
10 0.851129 0.809400 0.006915 0.009379
10 0.859772 0.766778 0.007525 0.006669
6 0.817877 0.899541 0.008745 0.011255
10 0.505695 0.276990 0.005898 0.009587
10 0.531117 0.283972 0.005491 0.008962
10 0.540167 0.285848 0.006101 0.009379
10 0.546675 0.277616 0.005695 0.010004
10 0.507932 0.267924 0.005491 0.009379
10 0.503152 0.267924 0.004474 0.008545
10 0.530608 0.305961 0.005695 0.009170
10 0.520541 0.272405 0.005491 0.008337
10 0.578910 0.295540 0.005898 0.010004
10 0.569961 0.313777 0.006305 0.011046
10 0.574741 0.293456 0.004474 0.009587
10 0.544438 0.286995 0.006101 0.009587
10 0.555013 0.280950 0.005288 0.010004
10 0.576774 0.284598 0.005288 0.008545
10 0.564369 0.282409 0.007322 0.010004
10 0.538133 0.275844 0.005288 0.008962
10 0.542302 0.276886 0.005898 0.009796
10 0.561420 0.290434 0.006305 0.009379
10 0.574537 0.316069 0.007728 0.012297
6 0.786964 0.965611 0.007932 0.011255
10 0.056335 0.961025 0.009762 0.010004
6 0.797743 0.944143 0.007932 0.011255
10 0.925869 0.909754 0.009559 0.007086
6 0.788692 0.951542 0.008135 0.011463
10 0.176429 0.711025 0.008338 0.008962
10 0.161887 0.756253 0.011389 0.011463
10 0.158430 0.753335 0.010169 0.011046
10 0.086028 0.973218 0.008542 0.008962
10 0.067928 0.957274 0.009355 0.009170
10 0.497865 0.313151 0.005695 0.010629
10 0.067724 0.941330 0.009355 0.010213
10 0.548810 0.325448 0.005084 0.009379
10 0.596807 0.300646 0.007118 0.011046
10 0.581249 0.285640 0.006101 0.008545
10 0.576774 0.329617 0.006508 0.010629
10 0.535692 0.322739 0.005695 0.008962
10 0.552268 0.310754 0.005898 0.010004
11 0.168599 0.502709 0.211918 0.225094
