10 0.455990 0.024949 0.056235 0.037678
10 0.177873 0.046843 0.057457 0.042770
10 0.243276 0.040224 0.058680 0.039715
6 0.747555 0.727597 0.091687 0.025458
6 0.734108 0.697556 0.086797 0.030550
6 0.691932 0.641039 0.095355 0.031568
6 0.674205 0.612016 0.094132 0.032587
6 0.625306 0.549389 0.099022 0.037678
6 0.608191 0.519348 0.094132 0.036660
6 0.583130 0.489817 0.095355 0.032587
6 0.724328 0.530550 0.074572 0.081466
6 0.567848 0.458758 0.094132 0.031568
6 0.620416 0.391548 0.081907 0.082485
6 0.693154 0.385947 0.088020 0.061100
6 0.774450 0.343177 0.099022 0.063136
6 0.753667 0.318737 0.094132 0.059063
6 0.642421 0.304481 0.113692 0.077393
6 0.613081 0.248473 0.111247 0.073320
6 0.314181 0.331466 0.110024 0.037678
6 0.413203 0.324847 0.092910 0.061100
6 0.248778 0.241344 0.062347 0.069246
6 0.291565 0.242872 0.086797 0.104888
6 0.327628 0.232179 0.095355 0.107943
6 0.372249 0.195010 0.084352 0.100815
6 0.403423 0.181772 0.090465 0.104888
6 0.446822 0.189409 0.099022 0.109980
6 0.466993 0.163442 0.078240 0.082485
6 0.495110 0.150204 0.095355 0.102851
6 0.529951 0.144603 0.074572 0.079430
6 0.557457 0.127800 0.070905 0.080448
6 0.572127 0.081466 0.063570 0.065173
10 0.227995 0.024440 0.055012 0.036660
10 0.205990 0.080448 0.057457 0.036660
10 0.011614 0.237780 0.023227 0.043788
10 0.158313 0.104379 0.057457 0.037678
10 0.963325 0.810081 0.078240 0.035642
10 0.917482 0.171079 0.047677 0.042770
10 0.902200 0.059063 0.048900 0.044807
10 0.018949 0.417515 0.030562 0.044807
10 0.056846 0.383401 0.028117 0.043788
10 0.081907 0.425153 0.026895 0.041752
10 0.132641 0.358961 0.052567 0.021385
10 0.136308 0.316701 0.055012 0.030550
10 0.135086 0.291242 0.055012 0.030550
10 0.141198 0.245927 0.057457 0.021385
10 0.017115 0.278004 0.031785 0.044807
10 0.160758 0.195519 0.052567 0.050916
10 0.182763 0.184827 0.042787 0.045825
10 0.248778 0.153768 0.047677 0.048880
10 0.270171 0.140530 0.048900 0.052953
10 0.306235 0.099287 0.047677 0.053971
10 0.292176 0.130855 0.044010 0.049898
10 0.040954 0.261711 0.030562 0.050916
10 0.108802 0.028513 0.053790 0.036660
10 0.050122 0.034114 0.056235 0.039715
10 0.060513 0.055499 0.067237 0.045825
10 0.121027 0.049389 0.056235 0.039715
10 0.161980 0.029022 0.052567 0.037678
10 0.087408 0.087576 0.055012 0.034623
10 0.131418 0.067719 0.059902 0.039715
10 0.144254 0.089613 0.053790 0.036660
10 0.100856 0.107943 0.059902 0.036660
10 0.068460 0.147149 0.051345 0.037678
10 0.111247 0.125255 0.053790 0.034623
6 0.617359 0.148676 0.066015 0.081466
