6 0.929323 0.515080 0.058647 0.153629
6 0.245865 0.276626 0.031579 0.063148
6 0.333459 0.114043 0.066917 0.050895
6 0.322556 0.141847 0.069173 0.051838
6 0.315038 0.174364 0.067669 0.056550
6 0.306015 0.204524 0.066165 0.050895
6 0.298120 0.236569 0.069925 0.047125
6 0.299248 0.272856 0.069173 0.048068
6 0.293233 0.298775 0.067669 0.047125
6 0.257895 0.199340 0.034586 0.063148
6 0.045113 0.814797 0.054135 0.044298
10 0.234586 0.398680 0.028571 0.050895
10 0.217293 0.388784 0.027068 0.049953
6 0.278947 0.124882 0.031579 0.057493
6 0.858271 0.625353 0.042857 0.095193
6 0.446617 0.204053 0.049624 0.051838
6 0.470301 0.304901 0.054887 0.038643
6 0.594361 0.137606 0.056391 0.041470
6 0.712782 0.188973 0.051128 0.036758
10 0.663534 0.166824 0.036842 0.032045
10 0.095489 0.832234 0.039098 0.030160
10 0.136090 0.843073 0.033083 0.025448
6 0.839474 0.357210 0.032331 0.079171
6 0.859774 0.362394 0.033835 0.080113
6 0.882331 0.367578 0.035338 0.077286
6 0.836842 0.617813 0.040602 0.095193
6 0.369549 0.159284 0.044361 0.094251
