10 0.926758 0.269398 0.019975 0.026155
6 0.766334 0.142546 0.023720 0.034002
6 0.736371 0.091979 0.042031 0.054926
6 0.638161 0.049695 0.030379 0.041848
6 0.751769 0.226242 0.024553 0.028771
6 0.771536 0.217088 0.024136 0.034874
6 0.482314 0.538797 0.044112 0.036617
6 0.714524 0.663906 0.045776 0.046207
6 0.712651 0.693112 0.046192 0.041848
6 0.760300 0.684394 0.044112 0.038361
6 0.760300 0.716652 0.044944 0.040105
6 0.754266 0.741500 0.044528 0.035745
6 0.754266 0.773758 0.045360 0.032258
6 0.814815 0.708806 0.044944 0.040105
6 0.817104 0.736269 0.042863 0.030514
6 0.802538 0.758500 0.043695 0.033130
6 0.800042 0.784656 0.043695 0.031386
6 0.720974 0.109852 0.037869 0.052310
6 0.790262 0.159111 0.031627 0.044464
10 0.889097 0.244987 0.022056 0.029643
6 0.817312 0.158239 0.035789 0.051439
6 0.106533 0.361378 0.044112 0.061901
6 0.101332 0.396251 0.046192 0.061901
6 0.096754 0.425894 0.044528 0.056670
6 0.084270 0.466870 0.045360 0.063644
6 0.249688 0.412380 0.034124 0.081953
10 0.160216 0.586312 0.019975 0.021796
10 0.253849 0.615955 0.014149 0.040976
10 0.276529 0.614211 0.012901 0.037489
10 0.286101 0.622058 0.011236 0.035745
10 0.198294 0.369660 0.023720 0.034874
10 0.380150 0.650392 0.012901 0.036617
10 0.404078 0.659983 0.013317 0.045336
10 0.222846 0.595031 0.013733 0.044464
10 0.232418 0.602877 0.012068 0.035745
10 0.242821 0.605929 0.014565 0.045336
6 0.713067 0.203575 0.029546 0.040976
10 0.489804 0.035310 0.021640 0.025283
10 0.469829 0.022668 0.023304 0.029643
10 0.512901 0.051003 0.020391 0.027027
6 0.939867 0.018745 0.050354 0.035745
6 0.825010 0.074106 0.048689 0.054054
6 0.819184 0.187446 0.032876 0.047079
6 0.872243 0.729294 0.045776 0.042720
6 0.864752 0.751526 0.044944 0.041848
6 0.848523 0.789887 0.044112 0.034874
6 0.899917 0.803836 0.045360 0.031386
10 0.940491 0.357890 0.011652 0.035745
10 0.858718 0.323888 0.012068 0.040976
6 0.956929 0.044464 0.048689 0.047079
6 0.957345 0.074106 0.048689 0.043592
6 0.956097 0.109416 0.062006 0.049695
10 0.644819 0.144725 0.022888 0.031386
10 0.533916 0.066260 0.022472 0.031386
10 0.553891 0.046643 0.021640 0.027027
10 0.555139 0.080209 0.023304 0.031386
10 0.553683 0.062337 0.021223 0.025283
10 0.575739 0.074978 0.020391 0.027899
10 0.622347 0.129468 0.022056 0.027027
10 0.661673 0.064516 0.020807 0.029643
10 0.676030 0.079337 0.016230 0.022668
10 0.674573 0.058413 0.021640 0.033130
10 0.637744 0.108108 0.018727 0.029643
10 0.717645 0.186574 0.019559 0.026155
10 0.694132 0.075850 0.019143 0.027899
10 0.706409 0.063208 0.017894 0.028771
10 0.635040 0.027463 0.016646 0.025283
6 0.123387 0.295990 0.045360 0.061901
