10 0.030391 0.469506 0.020260 0.024185
6 0.232272 0.410358 0.039074 0.017350
6 0.156295 0.436120 0.046310 0.016299
6 0.198987 0.429285 0.040521 0.019453
6 0.235166 0.421661 0.039074 0.016824
6 0.114689 0.433228 0.039797 0.017876
6 0.155572 0.425605 0.041968 0.017350
6 0.194284 0.418244 0.045586 0.019453
6 0.111071 0.422713 0.039797 0.016824
6 0.087554 0.364353 0.039074 0.016824
6 0.149059 0.416404 0.039074 0.018927
6 0.186324 0.407992 0.038350 0.019979
6 0.225036 0.401157 0.039074 0.017876
6 0.145803 0.405363 0.042692 0.019979
6 0.106006 0.412198 0.045586 0.017876
6 0.103111 0.402208 0.047033 0.018927
6 0.232996 0.433491 0.040521 0.017350
6 0.197902 0.440589 0.038350 0.018927
6 0.160637 0.446635 0.040521 0.018402
6 0.116136 0.444532 0.036903 0.017350
6 0.122648 0.454784 0.039797 0.017876
6 0.235890 0.444532 0.037627 0.016299
6 0.199711 0.451367 0.039074 0.017350
6 0.160999 0.459516 0.039797 0.019979
6 0.124096 0.466088 0.038350 0.017350
6 0.241317 0.454522 0.038350 0.017350
6 0.204052 0.461882 0.039074 0.017350
6 0.170043 0.468717 0.039074 0.017350
6 0.131331 0.476604 0.044139 0.019453
6 0.244211 0.465563 0.039797 0.017350
6 0.208755 0.472397 0.039797 0.017350
6 0.172938 0.478707 0.039074 0.018402
6 0.134226 0.487382 0.048480 0.019979
6 0.099493 0.390116 0.047033 0.019979
6 0.126266 0.356467 0.035456 0.015773
6 0.178726 0.490536 0.039074 0.018927
6 0.556440 0.103049 0.021708 0.034700
6 0.624819 0.150105 0.019537 0.029968
6 0.603473 0.131703 0.020260 0.027865
6 0.659913 0.099895 0.020260 0.029443
6 0.640738 0.099369 0.020984 0.029443
6 0.623010 0.099369 0.017366 0.029443
6 0.603835 0.086751 0.022431 0.046267
6 0.523155 0.104101 0.026049 0.030494
6 0.162446 0.337802 0.039797 0.017350
6 0.752894 0.067298 0.020984 0.028391
6 0.733357 0.067560 0.020984 0.031020
6 0.713459 0.067823 0.021708 0.029443
6 0.695369 0.068875 0.020260 0.031546
6 0.676918 0.070189 0.020984 0.028917
6 0.657742 0.070189 0.017366 0.029968
6 0.641823 0.149842 0.017366 0.029443
6 0.608538 0.172713 0.018813 0.028917
6 0.662084 0.176919 0.017366 0.028917
6 0.643994 0.180074 0.017366 0.028917
6 0.626990 0.179811 0.020984 0.029443
6 0.631693 0.245794 0.020260 0.031020
6 0.650507 0.246583 0.020260 0.030494
6 0.669320 0.245531 0.020260 0.031546
6 0.629161 0.276551 0.020984 0.029443
6 0.646889 0.276814 0.020260 0.028917
6 0.664978 0.278391 0.018813 0.028917
6 0.325977 0.313091 0.038350 0.055205
6 0.305716 0.312303 0.036903 0.055731
6 0.286179 0.311514 0.035456 0.054154
6 0.267366 0.315457 0.039797 0.055731
6 0.269175 0.436383 0.037627 0.076761
6 0.203690 0.331230 0.038350 0.016824
6 0.219609 0.481335 0.038350 0.017350
6 0.138929 0.497108 0.044863 0.019453
10 0.725760 0.815983 0.030391 0.016824
10 0.172576 0.223186 0.028220 0.009989
10 0.585384 0.771293 0.027496 0.015773
10 0.513386 0.749737 0.028220 0.016824
10 0.492402 0.742639 0.026773 0.017350
10 0.571997 0.968980 0.034009 0.017876
10 0.175832 0.243954 0.026049 0.012618
10 0.172576 0.213722 0.029667 0.014196
10 0.174747 0.233176 0.028220 0.011041
6 0.386758 0.303365 0.025326 0.034700
10 0.235890 0.220032 0.020260 0.021556
10 0.534732 0.223186 0.014472 0.017350
10 0.550289 0.223712 0.012301 0.018402
10 0.564399 0.222660 0.015919 0.021556
6 0.541245 0.240799 0.044863 0.011567
6 0.229740 0.284437 0.019537 0.029443
10 0.676194 0.799947 0.028220 0.016299
10 0.689580 0.805731 0.027496 0.016299
10 0.659913 0.793375 0.033285 0.017876
6 0.809696 0.825973 0.036179 0.024185
6 0.853473 0.831493 0.035456 0.020505
6 0.424385 0.399579 0.047033 0.024185
6 0.408828 0.428496 0.046310 0.023134
6 0.390014 0.457939 0.047757 0.026288
6 0.371925 0.487382 0.049204 0.025237
6 0.363965 0.502629 0.046310 0.023134
6 0.356729 0.516299 0.044863 0.022082
6 0.339001 0.546267 0.045586 0.024185
10 0.929812 0.891167 0.030391 0.017876
6 0.955499 0.720557 0.019537 0.026814
10 0.603111 0.777340 0.032562 0.017350
10 0.779305 0.066509 0.014472 0.023659
10 0.967438 0.670084 0.020260 0.021556
6 0.338640 0.429548 0.047757 0.078864
6 0.458394 0.337802 0.039797 0.028917
6 0.223589 0.491851 0.040521 0.017350
6 0.501809 0.674027 0.104920 0.042061
6 0.939219 0.838591 0.112880 0.045216
6 0.930535 0.854101 0.101302 0.045741
6 0.267366 0.719769 0.026773 0.027340
6 0.248553 0.718980 0.032562 0.032072
6 0.263025 0.687697 0.028220 0.032597
6 0.276411 0.691640 0.027496 0.034175
6 0.313314 0.519190 0.056440 0.073081
6 0.900507 0.402734 0.042692 0.023134
6 0.178726 0.528128 0.109986 0.034175
6 0.142547 0.517876 0.041968 0.019979
6 0.183430 0.511567 0.039797 0.017876
6 0.225036 0.503417 0.039074 0.017350
6 0.140738 0.507886 0.045586 0.018927
6 0.179812 0.500789 0.039797 0.017350
6 0.948263 0.825447 0.104920 0.044164
6 0.829957 0.799422 0.039074 0.015247
6 0.951881 0.795216 0.039797 0.020505
6 0.946093 0.769716 0.103473 0.060988
6 0.915702 0.695584 0.051375 0.064143
6 0.882055 0.680599 0.052098 0.060463
6 0.964182 0.554416 0.042692 0.063617
6 0.907742 0.611462 0.057164 0.060988
6 0.891823 0.595426 0.054269 0.061514
12 0.825615 0.653260 0.028944 0.022608
12 0.852026 0.645636 0.023878 0.018927
12 0.801375 0.686120 0.029667 0.023134
12 0.831766 0.694006 0.029667 0.022082
12 0.787988 0.709253 0.030391 0.024185
12 0.818741 0.716877 0.031114 0.022608
12 0.833213 0.637750 0.020984 0.014721
6 0.886035 0.375131 0.047033 0.015247
6 0.640014 0.069926 0.018090 0.028391
