10 0.957714 0.718720 0.036245 0.040737
10 0.536245 0.518914 0.029740 0.046557
10 0.535781 0.572745 0.026952 0.039767
10 0.554833 0.578565 0.024164 0.043647
10 0.395446 0.591174 0.036245 0.030068
10 0.450279 0.606693 0.045539 0.028128
10 0.395911 0.633851 0.031599 0.043647
10 0.542286 0.613967 0.045539 0.027158
10 0.414498 0.643550 0.026022 0.043647
10 0.474442 0.655674 0.026952 0.042677
10 0.494424 0.660039 0.027881 0.045587
10 0.536710 0.665858 0.026952 0.043647
10 0.577602 0.528613 0.030669 0.044617
10 0.599442 0.534433 0.029740 0.042677
10 0.616171 0.538797 0.026022 0.039767
10 0.635223 0.542192 0.026952 0.040737
10 0.656134 0.545102 0.029740 0.044617
10 0.677509 0.552861 0.027881 0.046557
10 0.694238 0.558681 0.026022 0.042677
10 0.717007 0.564016 0.023234 0.041707
10 0.577138 0.582929 0.029740 0.044617
10 0.557621 0.522308 0.031599 0.047527
10 0.518123 0.515034 0.026952 0.044617
10 0.616171 0.592144 0.027881 0.039767
10 0.506041 0.568865 0.026952 0.043647
10 0.177974 0.284675 0.026952 0.041707
10 0.219796 0.295344 0.025093 0.041707
10 0.277881 0.310378 0.026022 0.038797
10 0.296468 0.313773 0.027881 0.045587
10 0.317379 0.320563 0.021375 0.033948
10 0.339684 0.319593 0.023234 0.037827
10 0.488383 0.352570 0.058550 0.033948
10 0.456784 0.394277 0.030669 0.045587
10 0.485595 0.399612 0.025093 0.040737
10 0.514870 0.408826 0.026022 0.043647
10 0.533922 0.411251 0.023234 0.040737
10 0.554833 0.416101 0.026022 0.044617
10 0.576673 0.421920 0.026952 0.042677
10 0.595725 0.426770 0.027881 0.044617
10 0.431227 0.491756 0.027881 0.046557
10 0.375000 0.526673 0.023234 0.040737
10 0.416822 0.546557 0.026952 0.039767
10 0.447026 0.548012 0.026022 0.040737
10 0.474907 0.556741 0.020446 0.034918
10 0.597119 0.585839 0.026952 0.042677
10 0.636617 0.595538 0.027881 0.042677
10 0.955390 0.640640 0.027881 0.043647
10 0.591543 0.766731 0.019517 0.037827
10 0.699814 0.739573 0.046468 0.049467
10 0.697955 0.708535 0.048327 0.043647
10 0.733736 0.711445 0.041822 0.041707
10 0.754182 0.698836 0.038104 0.041707
10 0.771840 0.684772 0.039963 0.048497
10 0.787639 0.669738 0.047398 0.049467
10 0.828067 0.623666 0.042751 0.025218
10 0.835967 0.597963 0.039963 0.022308
10 0.840149 0.576625 0.040892 0.028128
10 0.832249 0.550921 0.041822 0.029098
10 0.822026 0.527643 0.043680 0.036857
10 0.804368 0.505820 0.039963 0.039767
10 0.786710 0.488846 0.038104 0.042677
10 0.769052 0.473327 0.039963 0.046557
10 0.745818 0.467992 0.032528 0.043647
10 0.725836 0.454898 0.029740 0.038797
10 0.663569 0.403492 0.039033 0.040737
10 0.967472 0.490301 0.044610 0.028128
10 0.970260 0.512609 0.044610 0.030068
6 0.613383 0.761397 0.024164 0.046557
10 0.574349 0.768671 0.022305 0.043647
10 0.655204 0.597963 0.024164 0.037827
10 0.555297 0.770611 0.019517 0.035887
10 0.673327 0.603298 0.026952 0.042677
10 0.694238 0.610087 0.024164 0.040737
10 0.716078 0.611057 0.026952 0.038797
10 0.015335 0.785160 0.023234 0.039767
10 0.036245 0.785160 0.024164 0.039767
10 0.054833 0.786130 0.020446 0.041707
10 0.083178 0.797284 0.041822 0.019399
10 0.131041 0.796314 0.039033 0.019399
10 0.306691 0.751212 0.046468 0.045587
10 0.348513 0.778855 0.020446 0.046557
10 0.371747 0.779825 0.022305 0.040737
10 0.394517 0.779825 0.017658 0.038797
10 0.415892 0.776916 0.021375 0.044617
10 0.434015 0.777886 0.020446 0.040737
10 0.453532 0.774976 0.024164 0.044617
10 0.473978 0.775946 0.022305 0.040737
10 0.493494 0.771581 0.024164 0.045587
10 0.515799 0.772551 0.020446 0.041707
10 0.536710 0.770126 0.023234 0.040737
10 0.039963 0.254122 0.026022 0.034918
