10 0.659810 0.120425 0.024684 0.009489
10 0.463924 0.304338 0.012658 0.015816
10 0.436709 0.305694 0.011392 0.017623
10 0.601899 0.317668 0.013924 0.016268
10 0.587342 0.318798 0.012658 0.018527
10 0.573418 0.320154 0.012658 0.015816
10 0.559494 0.319702 0.012658 0.017623
10 0.545570 0.319476 0.012658 0.018979
10 0.533861 0.317668 0.013291 0.013556
10 0.519937 0.321283 0.014557 0.016268
10 0.507278 0.321509 0.012025 0.019431
10 0.492089 0.322865 0.014557 0.019431
10 0.478797 0.322865 0.014557 0.019431
10 0.466139 0.321735 0.013291 0.018979
10 0.451899 0.323995 0.016456 0.020786
10 0.424684 0.327384 0.015190 0.017623
10 0.408544 0.305920 0.014557 0.017171
10 0.411392 0.326028 0.015190 0.017623
10 0.396835 0.324898 0.012658 0.017171
10 0.382595 0.307049 0.015823 0.021238
10 0.384177 0.324898 0.013924 0.017171
10 0.371835 0.325802 0.014557 0.020786
10 0.359494 0.328739 0.013924 0.016719
10 0.448734 0.304338 0.013924 0.017623
10 0.477532 0.303208 0.010759 0.015364
10 0.656013 0.110935 0.024684 0.010393
10 0.492089 0.303886 0.014557 0.019431
10 0.474367 0.263669 0.013291 0.015816
10 0.487975 0.265477 0.015190 0.017623
10 0.501899 0.263669 0.013924 0.018527
10 0.515506 0.262765 0.012025 0.019431
10 0.529114 0.261862 0.012658 0.017623
10 0.557278 0.260732 0.017089 0.019883
10 0.569937 0.258247 0.014557 0.015816
10 0.583228 0.258473 0.013291 0.018075
10 0.598101 0.258925 0.013924 0.018979
10 0.613291 0.258699 0.015190 0.019431
10 0.560443 0.276096 0.027215 0.015364
10 0.591456 0.281744 0.027215 0.012201
10 0.614557 0.298012 0.012658 0.017623
10 0.601582 0.299141 0.013291 0.017171
10 0.586392 0.297786 0.013291 0.020786
10 0.573101 0.298690 0.013291 0.018979
10 0.559494 0.300045 0.011392 0.017171
10 0.545253 0.301175 0.012025 0.017623
10 0.531329 0.301853 0.014557 0.018075
10 0.518354 0.302079 0.015190 0.019431
10 0.505696 0.301627 0.015190 0.017623
10 0.341772 0.309986 0.013924 0.018075
10 0.618671 0.355852 0.013291 0.018527
10 0.599684 0.356304 0.014557 0.019431
10 0.581962 0.357885 0.014557 0.019883
10 0.586392 0.417081 0.014557 0.020786
10 0.547468 0.419114 0.012658 0.016719
10 0.529747 0.420244 0.013924 0.018075
10 0.511076 0.420696 0.014557 0.018979
10 0.431962 0.423859 0.014557 0.017171
10 0.376582 0.424311 0.013924 0.017171
10 0.128165 0.290556 0.027215 0.017171
10 0.109177 0.304790 0.027215 0.010393
10 0.343987 0.328739 0.012025 0.015816
10 0.286709 0.332580 0.012658 0.015364
10 0.200633 0.335066 0.013924 0.020334
10 0.186076 0.335743 0.013924 0.018075
10 0.145886 0.319928 0.013291 0.019883
10 0.182911 0.354722 0.027848 0.013556
10 0.163924 0.377090 0.012658 0.017623
10 0.227532 0.370764 0.014557 0.018527
10 0.245886 0.370990 0.012025 0.018075
10 0.264873 0.370764 0.013291 0.021238
10 0.283861 0.373023 0.013291 0.015816
10 0.301899 0.370990 0.012658 0.018979
10 0.298734 0.392002 0.011392 0.018527
10 0.504430 0.401039 0.026582 0.009489
10 0.356329 0.387709 0.013924 0.018979
10 0.362658 0.367601 0.012658 0.018527
10 0.504430 0.382286 0.011392 0.014460
10 0.563291 0.357885 0.013924 0.017171
10 0.545253 0.361952 0.012025 0.018979
10 0.526582 0.360822 0.011392 0.020334
10 0.522785 0.379575 0.012658 0.018979
10 0.584810 0.376186 0.015190 0.018527
10 0.566772 0.378671 0.010759 0.019883
10 0.543354 0.379123 0.010759 0.017171
10 0.507595 0.361500 0.013924 0.018979
10 0.487975 0.360371 0.011392 0.017623
10 0.484177 0.380931 0.012658 0.018075
10 0.375949 0.385450 0.012658 0.017171
10 0.452215 0.361500 0.012025 0.018075
10 0.451582 0.381383 0.012025 0.017171
10 0.435759 0.363534 0.014557 0.019431
10 0.431329 0.383416 0.012025 0.018527
10 0.418354 0.363986 0.015190 0.017623
10 0.414557 0.382738 0.012658 0.018075
10 0.399367 0.364211 0.013924 0.018979
10 0.395253 0.385676 0.013291 0.016719
10 0.380696 0.364889 0.013291 0.019431
10 0.610127 0.236331 0.015190 0.019883
10 0.594620 0.238138 0.012025 0.017171
10 0.566772 0.241527 0.013291 0.016719
10 0.205380 0.275644 0.014557 0.018979
10 0.493038 0.144826 0.015190 0.016719
10 0.479114 0.144600 0.015190 0.018075
10 0.462975 0.128107 0.018354 0.020334
10 0.435127 0.129914 0.014557 0.017623
10 0.437975 0.148667 0.015190 0.019883
10 0.407595 0.128333 0.016456 0.020786
10 0.369937 0.134433 0.013291 0.017623
10 0.258544 0.155671 0.014557 0.016719
10 0.232595 0.140985 0.014557 0.018075
10 0.183228 0.157704 0.013291 0.016268
10 0.144620 0.142341 0.014557 0.017171
10 0.046203 0.151378 0.025316 0.009941
10 0.048734 0.178943 0.029114 0.009941
10 0.175000 0.200633 0.014557 0.019883
10 0.136076 0.201988 0.013924 0.017171
10 0.236076 0.198147 0.012658 0.017623
10 0.289241 0.215996 0.015190 0.018075
10 0.179114 0.258021 0.015190 0.020786
10 0.042722 0.275870 0.024684 0.009489
10 0.043038 0.295300 0.024051 0.010393
10 0.142089 0.278581 0.014557 0.019431
10 0.518987 0.144826 0.015190 0.018527
10 0.533544 0.145052 0.015190 0.019883
10 0.561076 0.144374 0.017089 0.020334
10 0.526582 0.079756 0.015190 0.018527
10 0.157278 0.115906 0.024684 0.009489
10 0.043354 0.134207 0.022152 0.008134
10 0.347468 0.090601 0.015190 0.018527
10 0.371203 0.088116 0.014557 0.017171
10 0.397785 0.086308 0.013291 0.018075
10 0.425000 0.085856 0.014557 0.018075
10 0.450633 0.083371 0.012658 0.017623
10 0.462975 0.083371 0.013291 0.019431
10 0.513608 0.080434 0.013291 0.017171
10 0.538924 0.079530 0.013291 0.018075
10 0.575000 0.143244 0.015823 0.018075
10 0.579114 0.079078 0.011392 0.018075
10 0.439873 0.103028 0.025316 0.010845
10 0.599684 0.122910 0.014557 0.018075
10 0.585759 0.123362 0.013291 0.018979
10 0.571835 0.123588 0.015823 0.018527
10 0.544620 0.125621 0.014557 0.019883
10 0.517405 0.127655 0.013291 0.016719
10 0.504430 0.128784 0.012658 0.019883
10 0.604114 0.142115 0.014557 0.018527
10 0.169937 0.277225 0.014557 0.017623
10 0.291772 0.254180 0.013924 0.017623
10 0.552532 0.242431 0.013924 0.018527
10 0.269304 0.273159 0.014557 0.016719
10 0.522468 0.185269 0.013291 0.017171
10 0.523418 0.203796 0.012658 0.017171
10 0.535759 0.185495 0.012025 0.018527
10 0.550633 0.186399 0.012658 0.017623
10 0.563924 0.184365 0.013924 0.018075
10 0.577532 0.183913 0.013291 0.018075
10 0.590823 0.183687 0.014557 0.018527
10 0.606013 0.182332 0.014557 0.019431
10 0.537342 0.204474 0.011392 0.015816
10 0.551266 0.204248 0.013924 0.017171
10 0.579430 0.202440 0.014557 0.018979
10 0.592089 0.200859 0.013291 0.016719
10 0.605380 0.200859 0.014557 0.017623
10 0.565190 0.216448 0.020253 0.018979
10 0.656962 0.183687 0.015190 0.022142
10 0.472785 0.246498 0.012658 0.017623
10 0.486392 0.245820 0.015823 0.018075
10 0.500000 0.245142 0.015190 0.017623
10 0.513924 0.243561 0.013924 0.018979
10 0.527215 0.244465 0.012658 0.016268
10 0.540190 0.242205 0.013291 0.019883
10 0.497468 0.205377 0.012658 0.017623
10 0.495253 0.185721 0.013291 0.017171
10 0.470253 0.206055 0.015190 0.019883
10 0.432595 0.266380 0.013291 0.018527
10 0.288608 0.290104 0.022785 0.009941
10 0.312658 0.275644 0.012658 0.016268
10 0.294304 0.272481 0.013924 0.015364
10 0.267405 0.254632 0.012025 0.018527
10 0.377532 0.249661 0.012025 0.016719
10 0.391456 0.245820 0.017089 0.021690
10 0.379114 0.267284 0.012658 0.018527
10 0.392405 0.265251 0.013924 0.018979
10 0.419937 0.266606 0.012025 0.019883
10 0.417405 0.246498 0.014557 0.020334
10 0.456646 0.206507 0.013291 0.018075
10 0.445253 0.248080 0.013291 0.018979
10 0.658228 0.139178 0.030380 0.011749
10 0.346203 0.194306 0.013924 0.018979
10 0.386709 0.191821 0.015190 0.019431
10 0.402532 0.209218 0.013924 0.019883
10 0.400000 0.189788 0.015190 0.019883
10 0.414557 0.189562 0.013924 0.019431
10 0.440190 0.189336 0.013291 0.020786
10 0.441139 0.206055 0.011392 0.014460
10 0.279430 0.390420 0.013291 0.018075
10 0.260127 0.392228 0.016456 0.018075
10 0.241772 0.391776 0.013924 0.018075
10 0.831646 0.807953 0.026582 0.016268
10 0.734494 0.670357 0.022152 0.008586
10 0.709810 0.689336 0.023418 0.007682
10 0.710443 0.697921 0.023418 0.007682
10 0.742405 0.743335 0.022785 0.009038
10 0.797468 0.558744 0.016456 0.018527
10 0.809494 0.564618 0.016456 0.019431
10 0.825949 0.563940 0.022785 0.018075
10 0.836709 0.571622 0.025316 0.018979
10 0.846203 0.578626 0.025316 0.018527
10 0.859810 0.582467 0.025949 0.019883
10 0.780380 0.593086 0.012658 0.018527
10 0.785127 0.609806 0.023418 0.008586
10 0.789241 0.636466 0.027848 0.009489
10 0.792089 0.654089 0.027215 0.009489
10 0.872785 0.599413 0.027848 0.016719
10 0.879747 0.608902 0.024051 0.013104
10 0.885443 0.617714 0.025316 0.011749
10 0.885443 0.630366 0.024051 0.009941
10 0.796203 0.708315 0.024051 0.008586
10 0.794620 0.726390 0.027215 0.009489
10 0.796203 0.752372 0.024051 0.009038
10 0.732278 0.661094 0.024051 0.009941
10 0.706329 0.662675 0.029114 0.010393
10 0.733228 0.633981 0.025949 0.009038
10 0.726266 0.565974 0.022152 0.008586
10 0.797785 0.526209 0.027215 0.009489
10 0.811392 0.536150 0.025316 0.012201
10 0.854430 0.546995 0.026582 0.015816
10 0.898101 0.577948 0.021519 0.018979
10 0.697468 0.547673 0.022785 0.009038
10 0.724367 0.545865 0.024684 0.008134
10 0.697468 0.556258 0.024051 0.009038
10 0.724051 0.554451 0.026582 0.009038
10 0.700949 0.566200 0.027215 0.010845
10 0.702532 0.575463 0.024051 0.008586
10 0.706962 0.636466 0.024051 0.008586
10 0.727532 0.575689 0.023418 0.009038
10 0.728797 0.585404 0.028481 0.010393
10 0.701899 0.586308 0.022785 0.008586
10 0.729114 0.595346 0.025316 0.010393
10 0.728797 0.605739 0.022152 0.008586
10 0.706646 0.606643 0.023418 0.008586
10 0.706962 0.615680 0.024051 0.009489
10 0.728797 0.614550 0.022152 0.008134
10 0.729747 0.623362 0.024051 0.009489
10 0.861392 0.764573 0.025316 0.014460
10 0.868354 0.852915 0.020253 0.018527
10 0.641139 0.800045 0.026582 0.009489
10 0.847152 0.879801 0.023418 0.021690
6 0.236076 0.818798 0.067089 0.024401
10 0.489873 0.829869 0.025316 0.028468
10 0.965823 0.635111 0.021519 0.018527
10 0.978165 0.582015 0.027215 0.014460
10 0.981646 0.592860 0.025316 0.012653
10 0.985759 0.602350 0.025949 0.013556
10 0.943987 0.518979 0.014557 0.020334
10 0.957911 0.518075 0.014557 0.018527
10 0.971519 0.515816 0.011392 0.015816
10 0.984810 0.517849 0.011392 0.017171
10 0.996203 0.518075 0.008861 0.014912
10 0.659494 0.207185 0.013924 0.020334
10 0.617405 0.014686 0.031013 0.011297
10 0.705063 0.023949 0.025316 0.009038
10 0.202532 0.030953 0.026582 0.009489
10 0.203165 0.046769 0.029114 0.011297
10 0.096835 0.034117 0.026582 0.009489
10 0.029747 0.229327 0.026582 0.014912
10 0.216456 0.670131 0.029114 0.015364
10 0.110127 0.970402 0.017722 0.010393
10 0.166456 0.993674 0.022785 0.013556
6 0.250949 0.841618 0.051266 0.019431
6 0.255063 0.852689 0.055696 0.018075
6 0.274051 0.861952 0.053165 0.017623
10 0.544937 0.915047 0.021519 0.018979
10 0.797468 0.933348 0.026582 0.020334
10 0.838924 0.924763 0.022152 0.008586
10 0.763291 0.963850 0.018987 0.016268
10 0.721203 0.963398 0.027215 0.018979
10 0.713291 0.938997 0.024051 0.018075
10 0.673101 0.972887 0.020886 0.017171
10 0.592405 0.966109 0.027848 0.019883
10 0.575316 0.951875 0.021519 0.017623
10 0.556962 0.931767 0.022785 0.018979
10 0.579430 0.976277 0.029747 0.020334
6 0.314241 0.904654 0.027215 0.043380
10 0.561392 0.962720 0.022785 0.018527
10 0.542722 0.944419 0.022152 0.018979
10 0.513608 0.901943 0.020886 0.018979
10 0.500633 0.921148 0.021519 0.020334
10 0.514873 0.954812 0.014557 0.018075
6 0.387342 0.880479 0.021519 0.032987
6 0.358861 0.891550 0.026582 0.050610
6 0.344304 0.894487 0.025316 0.047447
6 0.329747 0.901039 0.025316 0.040669
10 0.730063 0.527564 0.024684 0.008586
10 0.497468 0.739494 0.031646 0.016719
10 0.060127 0.458427 0.025316 0.018527
10 0.400633 0.579304 0.024051 0.008134
10 0.400000 0.501130 0.013924 0.018979
10 0.386076 0.503163 0.013924 0.018527
10 0.371835 0.503615 0.015823 0.019431
10 0.358228 0.505197 0.012658 0.016268
10 0.592722 0.512653 0.015823 0.020334
10 0.578165 0.513330 0.015823 0.017171
10 0.564557 0.514234 0.012658 0.018075
10 0.549051 0.516493 0.013291 0.018979
10 0.537025 0.516493 0.013291 0.017171
10 0.523734 0.517849 0.014557 0.019883
10 0.511076 0.517849 0.014557 0.018979
10 0.496203 0.518753 0.016456 0.018075
10 0.469304 0.518753 0.014557 0.018979
10 0.455063 0.519205 0.013924 0.017171
10 0.441456 0.518979 0.014557 0.017623
10 0.428481 0.519431 0.015190 0.017623
10 0.415823 0.519657 0.012658 0.015364
10 0.389241 0.521916 0.013924 0.018075
10 0.374367 0.522142 0.014557 0.018527
10 0.315823 0.564844 0.026582 0.009038
10 0.376582 0.561907 0.027848 0.009489
10 0.413924 0.499774 0.012658 0.017171
10 0.426582 0.501356 0.013924 0.017623
10 0.440190 0.501582 0.013291 0.018075
10 0.456013 0.459783 0.013291 0.020334
10 0.100633 0.494803 0.027848 0.021690
10 0.287342 0.508134 0.013924 0.019431
10 0.260443 0.509038 0.014557 0.017623
10 0.313924 0.525079 0.016456 0.018979
10 0.582911 0.455942 0.012658 0.018075
10 0.544620 0.457072 0.013291 0.016719
10 0.525316 0.457524 0.015190 0.019431
10 0.510127 0.458653 0.015190 0.018979
10 0.474051 0.457976 0.012658 0.017623
10 0.436392 0.461591 0.014557 0.018527
10 0.453165 0.500452 0.013924 0.020334
10 0.417089 0.461139 0.013924 0.017623
10 0.590823 0.493222 0.013291 0.018527
10 0.576266 0.494577 0.013291 0.018527
10 0.562975 0.496159 0.013291 0.017171
10 0.548734 0.496385 0.013924 0.016719
10 0.535443 0.497741 0.012658 0.016719
10 0.508228 0.499774 0.016456 0.018075
10 0.495570 0.500452 0.011392 0.017623
10 0.482278 0.501130 0.016456 0.020786
10 0.378481 0.571622 0.025316 0.009941
10 0.401899 0.589019 0.022785 0.009489
10 0.632911 0.720741 0.026582 0.009941
10 0.453797 0.558518 0.027848 0.009038
10 0.573101 0.668549 0.025949 0.009489
10 0.522785 0.671713 0.012658 0.017623
10 0.470886 0.708766 0.025316 0.015816
10 0.618354 0.550610 0.026582 0.008586
10 0.646203 0.549480 0.021519 0.008134
10 0.643671 0.558970 0.025316 0.008134
10 0.620570 0.571396 0.027215 0.010393
10 0.644304 0.570493 0.024051 0.009489
10 0.646203 0.580886 0.027848 0.009489
10 0.646519 0.590149 0.028481 0.009941
10 0.619937 0.589923 0.028481 0.010393
10 0.599051 0.613873 0.013291 0.019431
10 0.649051 0.628107 0.023418 0.009038
10 0.625000 0.628784 0.025949 0.009489
10 0.623734 0.638726 0.027215 0.008586
10 0.650316 0.649571 0.022152 0.009489
10 0.626899 0.656801 0.025949 0.008586
10 0.654747 0.665386 0.025949 0.010393
10 0.656646 0.690691 0.028481 0.012201
10 0.630696 0.701762 0.024684 0.008134
10 0.654430 0.710122 0.025316 0.009489
10 0.547152 0.669905 0.025949 0.009489
10 0.568671 0.640759 0.022152 0.008134
10 0.542089 0.622684 0.025949 0.009941
10 0.363608 0.642793 0.022152 0.021238
10 0.454747 0.568007 0.023418 0.008134
10 0.456646 0.577271 0.027215 0.009489
10 0.460127 0.587438 0.022785 0.008134
10 0.459810 0.596701 0.024684 0.008586
10 0.483228 0.566426 0.025949 0.008586
10 0.482911 0.557614 0.025316 0.009038
10 0.506013 0.561907 0.013291 0.018527
10 0.534810 0.554677 0.021519 0.008586
10 0.341456 0.634659 0.019620 0.017623
10 0.418038 0.668098 0.022152 0.016719
10 0.567722 0.608676 0.025316 0.009038
10 0.477215 0.607094 0.026582 0.008586
10 0.487975 0.634433 0.026582 0.009038
10 0.499684 0.644374 0.024684 0.009038
10 0.487342 0.654993 0.026582 0.010393
10 0.560443 0.554451 0.023418 0.009038
10 0.564241 0.564618 0.027215 0.010393
10 0.537975 0.574333 0.026582 0.009941
10 0.564241 0.582919 0.024684 0.009038
10 0.538291 0.594216 0.022152 0.009941
10 0.090506 0.100768 0.011392 0.016268
