10 0.754847 0.542980 0.019898 0.009742
6 0.458163 0.449857 0.019388 0.061891
6 0.355867 0.505158 0.044388 0.017765
6 0.368622 0.525501 0.062755 0.018338
6 0.369133 0.544699 0.056633 0.015473
6 0.369388 0.561318 0.061224 0.016619
6 0.360969 0.580802 0.056633 0.016619
6 0.468622 0.518338 0.020918 0.041834
6 0.412500 0.573352 0.015816 0.079656
6 0.417602 0.626648 0.030102 0.014327
6 0.426786 0.449570 0.016837 0.064756
6 0.440816 0.391404 0.037755 0.014900
6 0.601020 0.612034 0.067347 0.018338
6 0.508673 0.335817 0.042857 0.022923
6 0.510969 0.354155 0.047449 0.022923
6 0.512500 0.377937 0.048469 0.023496
6 0.513776 0.401433 0.046939 0.018911
6 0.516837 0.428940 0.046939 0.015473
6 0.517092 0.448997 0.033163 0.017765
6 0.519898 0.471060 0.045918 0.018338
6 0.516071 0.491691 0.045408 0.019484
6 0.502806 0.510315 0.030102 0.014327
6 0.348724 0.421777 0.047449 0.024069
6 0.358163 0.399713 0.051020 0.023496
6 0.366071 0.358453 0.082143 0.022350
6 0.362245 0.339255 0.079592 0.022923
6 0.150000 0.383095 0.018367 0.041834
6 0.108163 0.405158 0.020408 0.065330
6 0.121429 0.389685 0.017347 0.036676
6 0.193622 0.403725 0.056633 0.024642
6 0.184694 0.420630 0.036735 0.021777
6 0.279847 0.427221 0.013776 0.042980
6 0.263265 0.347278 0.030612 0.020630
6 0.132398 0.446705 0.039286 0.021203
6 0.177551 0.441547 0.038776 0.021203
6 0.195663 0.457307 0.038265 0.021777
6 0.206633 0.474499 0.035714 0.020630
6 0.159184 0.483095 0.034694 0.022923
6 0.163776 0.499713 0.046939 0.022923
6 0.198724 0.513467 0.055612 0.024069
6 0.212245 0.532378 0.058163 0.026361
6 0.127041 0.466189 0.030612 0.016619
6 0.516837 0.242120 0.086735 0.031519
6 0.367857 0.301146 0.081633 0.028080
6 0.362245 0.321203 0.081633 0.024642
6 0.501276 0.531805 0.030102 0.014900
6 0.621429 0.645559 0.069388 0.020057
10 0.457143 0.581948 0.011224 0.023496
10 0.289541 0.959885 0.015816 0.026361
6 0.599745 0.683954 0.015816 0.032665
10 0.488776 0.475358 0.010204 0.020057
10 0.559949 0.390544 0.018878 0.012034
10 0.572959 0.331232 0.019388 0.011461
10 0.422449 0.312607 0.020408 0.020057
10 0.313010 0.914040 0.020918 0.017192
10 0.327041 0.953582 0.021429 0.017192
10 0.317347 0.930372 0.020408 0.016619
10 0.263010 0.910602 0.015816 0.025215
10 0.363265 0.932951 0.018367 0.024069
6 0.596684 0.553295 0.066837 0.024642
10 0.197194 0.947564 0.020918 0.014327
10 0.215561 0.908309 0.019898 0.011461
10 0.861735 0.809742 0.009184 0.024069
10 0.858929 0.642407 0.010714 0.021777
10 0.940306 0.230086 0.016327 0.025788
10 0.887245 0.831519 0.013265 0.027507
10 0.861224 0.888539 0.011224 0.023496
10 0.070663 0.873066 0.018878 0.010888
10 0.230102 0.820344 0.020408 0.025788
6 0.479847 0.569054 0.013776 0.029799
10 0.576531 0.519198 0.022449 0.011461
10 0.570663 0.496275 0.019898 0.009169
6 0.306633 0.900287 0.028571 0.021777
6 0.593367 0.472779 0.085714 0.022923
6 0.590816 0.452722 0.084694 0.025215
6 0.589286 0.431519 0.083673 0.022923
6 0.595918 0.408883 0.084694 0.024642
6 0.614796 0.251576 0.044898 0.021777
6 0.676276 0.243266 0.048469 0.022350
6 0.727296 0.229799 0.044388 0.022923
6 0.733163 0.243553 0.047959 0.026361
6 0.714541 0.483668 0.042347 0.022923
6 0.752296 0.562751 0.094388 0.027507
6 0.841327 0.503152 0.013265 0.052722
6 0.844133 0.437249 0.016837 0.051576
8 0.948469 0.570201 0.037755 0.040115
8 0.948724 0.627221 0.039286 0.038395
6 0.909949 0.838968 0.018878 0.056160
6 0.961990 0.974785 0.013776 0.045845
14 0.379082 0.783668 0.045918 0.065903
14 0.439796 0.754441 0.044898 0.065903
6 0.295918 0.869341 0.037755 0.027507
6 0.195153 0.382521 0.037245 0.021203
