10 0.540446 0.963575 0.028662 0.016742
10 0.401592 0.536199 0.026115 0.009955
10 0.340446 0.471267 0.013376 0.020362
10 0.367516 0.469910 0.012739 0.020362
10 0.380255 0.471946 0.014013 0.017195
10 0.429299 0.466968 0.014013 0.019910
10 0.447771 0.467421 0.014013 0.019005
10 0.466879 0.468552 0.012739 0.019457
10 0.491083 0.447738 0.025478 0.009502
10 0.492994 0.462217 0.026752 0.008597
10 0.492675 0.476018 0.024841 0.009955
10 0.405414 0.488688 0.023567 0.009955
10 0.344268 0.508145 0.022293 0.009050
10 0.369427 0.514480 0.012739 0.018100
10 0.304777 0.517195 0.026115 0.009955
10 0.304459 0.527149 0.028025 0.009050
10 0.344268 0.517647 0.022293 0.008145
10 0.343631 0.526923 0.023567 0.008597
10 0.345541 0.536652 0.024841 0.009050
10 0.342675 0.545249 0.022930 0.008145
10 0.304140 0.536199 0.028662 0.009050
10 0.307006 0.545023 0.021656 0.008597
10 0.305096 0.554299 0.026752 0.010860
10 0.342357 0.571493 0.023567 0.008145
10 0.400000 0.509050 0.025478 0.009050
10 0.400955 0.518326 0.023567 0.009502
10 0.400637 0.526697 0.021656 0.008145
10 0.427707 0.509276 0.024841 0.010407
10 0.427070 0.518552 0.024841 0.009955
10 0.008599 0.513575 0.013376 0.019910
10 0.012102 0.491176 0.011465 0.019457
10 0.979299 0.386878 0.028662 0.010860
10 0.805732 0.283032 0.012739 0.017647
10 0.753503 0.452489 0.014013 0.018100
10 0.819745 0.441403 0.026752 0.009502
10 0.820701 0.432579 0.028662 0.009050
10 0.821656 0.423077 0.025478 0.009050
10 0.821338 0.414253 0.023567 0.010407
10 0.824204 0.404525 0.024204 0.009955
10 0.822293 0.395475 0.025478 0.009050
10 0.824522 0.386199 0.023567 0.009502
10 0.822293 0.377376 0.024204 0.009050
10 0.820382 0.358145 0.028025 0.009502
10 0.796497 0.333032 0.015924 0.016290
10 0.800955 0.307014 0.014650 0.020362
10 0.807006 0.245249 0.012739 0.019005
10 0.926115 0.380090 0.015287 0.022624
10 0.807643 0.214253 0.012739 0.018552
10 0.927389 0.241855 0.011465 0.017647
10 0.980255 0.247738 0.028025 0.011312
10 0.925796 0.288235 0.013376 0.018100
10 0.973567 0.277376 0.024841 0.008145
10 0.981210 0.286425 0.028662 0.009050
10 0.926115 0.310407 0.012739 0.018100
10 0.978025 0.306109 0.026115 0.009502
10 0.926115 0.342081 0.014013 0.019910
10 0.980255 0.321946 0.028025 0.011312
10 0.981529 0.347059 0.026752 0.009050
10 0.982803 0.337783 0.026752 0.010407
10 0.426115 0.527602 0.021656 0.008145
10 0.400637 0.545475 0.021656 0.010407
10 0.728662 0.454751 0.012739 0.017195
10 0.427707 0.536199 0.023567 0.010860
10 0.392994 0.677602 0.028025 0.020362
10 0.401274 0.685747 0.024204 0.016742
10 0.409554 0.692986 0.028025 0.017647
10 0.424522 0.706787 0.029936 0.017195
10 0.432803 0.714932 0.026115 0.016290
10 0.438535 0.723756 0.028662 0.017647
10 0.451274 0.737783 0.024841 0.015837
10 0.481210 0.768326 0.027389 0.019910
10 0.505732 0.782805 0.017834 0.021719
10 0.536624 0.787330 0.009554 0.019005
10 0.484076 0.508824 0.025478 0.009502
10 0.509873 0.509729 0.026115 0.008597
10 0.483439 0.518552 0.024204 0.009955
10 0.510828 0.518552 0.025478 0.009955
10 0.481529 0.528281 0.022930 0.009502
10 0.510510 0.528507 0.026115 0.009050
10 0.482484 0.537330 0.023567 0.008597
10 0.508917 0.536878 0.022930 0.008597
10 0.481210 0.546606 0.024841 0.009050
10 0.508280 0.545701 0.022930 0.009050
10 0.479618 0.554525 0.024204 0.007692
10 0.505414 0.555204 0.026115 0.008145
10 0.480892 0.564253 0.024204 0.009050
10 0.481847 0.573756 0.027389 0.009050
10 0.485032 0.582579 0.024841 0.010407
10 0.511465 0.574434 0.024204 0.009502
10 0.509236 0.582805 0.023567 0.009050
10 0.382166 0.670362 0.025478 0.020362
10 0.371656 0.664932 0.026115 0.021267
10 0.358917 0.658597 0.023567 0.019457
10 0.425796 0.571493 0.023567 0.010860
10 0.427389 0.546154 0.026752 0.009050
10 0.306051 0.572851 0.023567 0.009050
10 0.305414 0.580995 0.024841 0.009050
10 0.304459 0.599095 0.022930 0.009955
10 0.240764 0.566063 0.028025 0.009050
10 0.242357 0.579638 0.022293 0.009955
10 0.240127 0.591403 0.022930 0.008145
10 0.240127 0.607466 0.026752 0.009502
10 0.344268 0.590045 0.023567 0.009050
10 0.343949 0.607014 0.028025 0.009502
10 0.426433 0.561765 0.024841 0.012217
10 0.400955 0.571946 0.022293 0.008145
10 0.426433 0.581222 0.022293 0.007692
10 0.344904 0.653167 0.019745 0.022172
10 0.400318 0.590498 0.022293 0.009050
10 0.427389 0.590950 0.024204 0.009050
10 0.400318 0.599548 0.026115 0.009050
10 0.424841 0.599321 0.020382 0.008597
10 0.400000 0.609050 0.025478 0.009050
10 0.427070 0.609955 0.024841 0.009050
10 0.400000 0.617421 0.025478 0.008597
10 0.425159 0.626471 0.023567 0.009502
10 0.421975 0.637330 0.023567 0.010407
10 0.264968 0.640950 0.015287 0.019457
10 0.278662 0.642081 0.013376 0.018100
10 0.304140 0.646380 0.014650 0.018552
10 0.741720 0.453620 0.012102 0.017647
10 0.702229 0.453167 0.013376 0.018552
10 0.509236 0.592081 0.026115 0.009502
10 0.622930 0.276244 0.025478 0.009502
10 0.509236 0.406335 0.013376 0.019910
10 0.565605 0.353620 0.012739 0.020362
10 0.578662 0.354525 0.015924 0.021267
10 0.593631 0.353394 0.012739 0.018100
10 0.608599 0.354299 0.012102 0.018100
10 0.563694 0.393213 0.012739 0.018100
10 0.551274 0.411538 0.012102 0.016742
10 0.577070 0.391855 0.011465 0.017195
10 0.565924 0.413348 0.012102 0.020362
10 0.579299 0.413348 0.012102 0.017647
10 0.590764 0.393439 0.012102 0.019457
10 0.590764 0.412670 0.013376 0.019005
10 0.603185 0.394570 0.012739 0.019005
10 0.602229 0.412443 0.012102 0.016742
10 0.615287 0.395475 0.012739 0.018100
10 0.617516 0.413801 0.013376 0.017647
10 0.015605 0.423303 0.015924 0.021267
10 0.627070 0.195023 0.021019 0.009050
10 0.626433 0.203394 0.024841 0.009502
10 0.626433 0.213801 0.026115 0.009502
10 0.626115 0.221719 0.026752 0.009050
10 0.624522 0.230317 0.023567 0.009050
10 0.625159 0.240271 0.029936 0.009050
10 0.625796 0.249548 0.024841 0.010407
10 0.620701 0.257692 0.024841 0.008597
10 0.549363 0.361765 0.017197 0.018552
10 0.599363 0.325566 0.011465 0.018552
10 0.585987 0.324661 0.011465 0.020362
10 0.496815 0.223077 0.024204 0.009050
6 0.292357 0.009729 0.059873 0.014932
10 0.048408 0.027602 0.030573 0.026244
10 0.544586 0.052715 0.011465 0.019457
10 0.550000 0.088235 0.018471 0.019005
10 0.562102 0.049774 0.012102 0.016290
10 0.564013 0.069457 0.017197 0.019457
10 0.575478 0.092534 0.022293 0.019457
10 0.597452 0.109955 0.026752 0.015385
10 0.559873 0.165611 0.012739 0.017195
10 0.577707 0.166063 0.011465 0.019005
10 0.496815 0.186425 0.028025 0.009955
10 0.496497 0.209955 0.022293 0.009050
10 0.496815 0.236199 0.022930 0.009050
10 0.570064 0.325339 0.012739 0.019910
10 0.495860 0.263801 0.024841 0.009955
10 0.577707 0.201357 0.029299 0.019005
10 0.558599 0.209276 0.022930 0.009502
10 0.556688 0.217421 0.024204 0.008597
10 0.557962 0.226471 0.022930 0.009502
10 0.558917 0.235747 0.022293 0.009050
10 0.557643 0.244570 0.023567 0.009502
10 0.557962 0.253846 0.025478 0.009050
10 0.557962 0.262670 0.026752 0.009502
10 0.558917 0.271946 0.023567 0.009050
10 0.559554 0.280543 0.028662 0.009955
10 0.531529 0.295249 0.013376 0.019457
10 0.621656 0.267195 0.026752 0.009502
10 0.621338 0.285520 0.026115 0.009955
10 0.689490 0.453394 0.012102 0.019910
10 0.622293 0.298190 0.025478 0.009955
10 0.620701 0.308597 0.029936 0.009955
10 0.623885 0.354751 0.013376 0.019005
10 0.638854 0.353846 0.012739 0.016290
10 0.653822 0.354751 0.012102 0.019005
10 0.668471 0.354977 0.012102 0.019457
10 0.682803 0.353394 0.012739 0.017195
10 0.698408 0.353620 0.012102 0.014932
10 0.712102 0.354977 0.012739 0.018552
10 0.728344 0.353620 0.012102 0.016742
10 0.627070 0.394570 0.013376 0.019005
10 0.653822 0.395249 0.013376 0.020362
10 0.667516 0.393891 0.014013 0.018552
10 0.680255 0.392760 0.012739 0.019910
10 0.692038 0.394118 0.012102 0.017195
10 0.628344 0.414932 0.012102 0.017195
10 0.640764 0.413575 0.012739 0.019005
10 0.652548 0.413801 0.013376 0.018552
10 0.664968 0.413801 0.012739 0.018552
10 0.679299 0.411991 0.013376 0.018552
10 0.691720 0.413575 0.014013 0.018100
10 0.753185 0.368100 0.022293 0.009502
10 0.751592 0.377376 0.026752 0.009050
10 0.751592 0.386878 0.024204 0.009050
10 0.746815 0.404072 0.022293 0.009050
10 0.748726 0.413575 0.027389 0.009955
10 0.653185 0.452262 0.013376 0.019457
10 0.676752 0.451584 0.012102 0.016290
10 0.640127 0.452715 0.011465 0.016742
10 0.550637 0.453167 0.013376 0.019457
10 0.576752 0.454299 0.013376 0.016290
10 0.588854 0.453846 0.010828 0.016290
10 0.600955 0.452941 0.012102 0.016290
10 0.614013 0.452036 0.012739 0.016290
10 0.627070 0.454751 0.013376 0.019005
10 0.481210 0.590271 0.026115 0.010407
10 0.507325 0.600226 0.022293 0.008597
10 0.545223 0.955882 0.026752 0.014932
10 0.652866 0.783710 0.014013 0.019005
10 0.624522 0.625566 0.013376 0.016742
10 0.676433 0.627602 0.015287 0.019005
10 0.738217 0.629186 0.012739 0.017647
10 0.612102 0.647059 0.014013 0.019005
10 0.661783 0.647511 0.016561 0.020814
10 0.687580 0.647285 0.014650 0.016742
10 0.712739 0.647738 0.015287 0.023077
10 0.751911 0.647738 0.013376 0.017647
10 0.611146 0.688688 0.014650 0.019910
10 0.739172 0.688462 0.012102 0.015837
10 0.750637 0.688688 0.012102 0.017195
10 0.624522 0.705882 0.014650 0.018100
10 0.648089 0.706335 0.013376 0.019005
10 0.661465 0.704977 0.013376 0.018100
10 0.674522 0.705430 0.012739 0.017195
10 0.686943 0.707466 0.013376 0.016742
10 0.722611 0.708597 0.013376 0.019005
10 0.750000 0.706335 0.013376 0.019005
10 0.610191 0.745249 0.011465 0.019910
10 0.623567 0.745701 0.012739 0.020814
10 0.639172 0.746606 0.013376 0.019910
10 0.654777 0.746380 0.014013 0.020362
10 0.670064 0.746154 0.011465 0.017195
10 0.684395 0.745475 0.010828 0.020362
10 0.700000 0.746833 0.014013 0.020362
10 0.714013 0.744796 0.012739 0.020814
10 0.730255 0.744570 0.013376 0.019457
10 0.603822 0.615611 0.021656 0.020362
10 0.769745 0.601810 0.024841 0.019005
10 0.713694 0.588688 0.012102 0.016290
10 0.613376 0.566290 0.012739 0.018552
10 0.626115 0.511312 0.012739 0.017195
10 0.613376 0.510181 0.014013 0.017647
10 0.651911 0.529864 0.012102 0.018100
10 0.664968 0.528507 0.012739 0.017195
10 0.677070 0.528281 0.012739 0.017647
10 0.688854 0.530317 0.012102 0.018100
10 0.701274 0.528959 0.012739 0.017195
10 0.714331 0.529638 0.013376 0.016742
10 0.727707 0.530317 0.012102 0.017195
10 0.739490 0.529638 0.012739 0.017647
10 0.751911 0.528733 0.013376 0.017647
10 0.631210 0.553394 0.022930 0.018100
10 0.639490 0.570814 0.011465 0.018552
10 0.700000 0.586652 0.014013 0.018552
10 0.651592 0.568778 0.011465 0.018100
10 0.663694 0.569231 0.011465 0.017195
10 0.676433 0.566516 0.011465 0.015385
10 0.687898 0.566742 0.011465 0.017647
10 0.728662 0.570136 0.011465 0.016290
10 0.741083 0.570588 0.013376 0.017195
10 0.754140 0.568778 0.012739 0.017195
10 0.624841 0.587557 0.014013 0.018552
10 0.636943 0.588009 0.011465 0.015837
10 0.649682 0.587557 0.012739 0.018552
10 0.675159 0.587104 0.012739 0.018552
10 0.688217 0.586425 0.012102 0.017195
10 0.612420 0.787783 0.012102 0.019005
10 0.811465 0.755430 0.028025 0.009502
10 0.664968 0.509502 0.012739 0.019910
10 0.815287 0.741403 0.028025 0.010407
10 0.972293 0.762443 0.023567 0.009955
10 0.975159 0.770814 0.024204 0.009502
10 0.976115 0.778959 0.021019 0.008597
10 0.974841 0.790271 0.023567 0.009502
10 0.974522 0.798643 0.026752 0.009955
10 0.918790 0.783258 0.012102 0.018100
10 0.668471 0.783710 0.012102 0.019005
10 0.700318 0.781222 0.014650 0.019457
6 0.848408 0.836425 0.033121 0.010407
10 0.757962 0.844570 0.026752 0.010407
10 0.789490 0.780090 0.013376 0.028054
10 0.772930 0.777602 0.012102 0.014932
10 0.172930 0.872851 0.023567 0.019910
10 0.207006 0.866742 0.025478 0.021267
10 0.196815 0.873077 0.019108 0.015837
10 0.114013 0.875566 0.020382 0.017195
10 0.128662 0.870814 0.021656 0.019457
10 0.076752 0.873529 0.013376 0.017647
10 0.092994 0.891403 0.022930 0.010860
10 0.048408 0.888009 0.024204 0.010407
10 0.034713 0.860407 0.015924 0.018552
10 0.022611 0.863801 0.015924 0.019910
10 0.588217 0.895701 0.021019 0.013122
10 0.582484 0.904751 0.026115 0.014932
10 0.576115 0.913122 0.027389 0.015385
10 0.561783 0.930317 0.022930 0.014480
10 0.552548 0.946154 0.027389 0.016290
10 0.971656 0.754525 0.026115 0.009502
10 0.972293 0.739367 0.024841 0.009050
10 0.971975 0.729186 0.024204 0.008597
10 0.816561 0.727376 0.033121 0.010407
10 0.816242 0.716063 0.035032 0.012217
10 0.814331 0.693439 0.033758 0.009502
10 0.814331 0.675792 0.035032 0.011312
10 0.817197 0.648643 0.021656 0.008597
10 0.813057 0.638235 0.031210 0.009502
10 0.819108 0.620136 0.025478 0.009502
10 0.813376 0.602941 0.036943 0.008597
10 0.792038 0.557014 0.012102 0.016290
10 0.817197 0.557919 0.028025 0.009955
10 0.817834 0.513348 0.028025 0.010407
10 0.819427 0.485068 0.027389 0.009955
10 0.921019 0.733937 0.011465 0.016290
10 0.922930 0.492986 0.014013 0.021267
10 0.976115 0.531674 0.023567 0.009050
10 0.922930 0.517421 0.011465 0.017647
10 0.922293 0.537557 0.012739 0.017195
10 0.977070 0.549774 0.026752 0.010860
10 0.921656 0.568552 0.012739 0.017647
10 0.976115 0.583258 0.026115 0.009955
10 0.974841 0.629412 0.024841 0.009955
10 0.974204 0.650226 0.027389 0.009955
10 0.974522 0.665611 0.025478 0.009050
10 0.921019 0.679638 0.014013 0.019910
10 0.919745 0.713348 0.014013 0.019457
10 0.652548 0.511538 0.012102 0.015837
10 0.677389 0.509050 0.014650 0.019910
10 0.507643 0.610181 0.026752 0.008597
10 0.562420 0.470588 0.014013 0.018100
10 0.575796 0.471493 0.012739 0.018100
10 0.588854 0.472624 0.013376 0.018552
10 0.601592 0.471493 0.013376 0.018100
10 0.614968 0.472624 0.014650 0.020362
10 0.628025 0.472624 0.012739 0.016742
10 0.639490 0.471041 0.014013 0.017195
10 0.559873 0.529186 0.011465 0.018552
10 0.534395 0.537104 0.012739 0.017195
10 0.573885 0.527828 0.012739 0.018552
10 0.587898 0.530090 0.012739 0.019457
10 0.600955 0.528507 0.012102 0.017195
10 0.613694 0.530543 0.013376 0.020362
10 0.638217 0.528959 0.012739 0.017195
10 0.600000 0.510860 0.014013 0.017195
10 0.560510 0.564253 0.011465 0.015385
10 0.573248 0.564706 0.012739 0.017195
10 0.588217 0.567421 0.013376 0.019005
10 0.600318 0.565837 0.013376 0.019457
10 0.012420 0.721267 0.015924 0.018100
10 0.050000 0.729412 0.019745 0.019005
10 0.503503 0.708371 0.021019 0.007692
10 0.507643 0.618326 0.028025 0.008597
10 0.507006 0.626018 0.020382 0.008597
10 0.509236 0.636652 0.026115 0.010860
10 0.507325 0.646380 0.026115 0.010407
10 0.480573 0.627602 0.026115 0.009050
10 0.480573 0.636425 0.023567 0.008597
10 0.481529 0.653394 0.025478 0.009050
10 0.480255 0.663575 0.024204 0.008597
10 0.509236 0.661991 0.024841 0.009050
10 0.508599 0.671946 0.027389 0.009050
10 0.510191 0.690498 0.028025 0.009955
10 0.506051 0.717195 0.028662 0.009955
10 0.275478 0.831448 0.019745 0.018552
10 0.086624 0.730769 0.016561 0.017195
10 0.261465 0.847511 0.019745 0.018100
10 0.178662 0.730543 0.017197 0.019457
10 0.128981 0.729638 0.017197 0.021267
10 0.700637 0.510407 0.014013 0.019910
10 0.561783 0.585068 0.012739 0.018100
10 0.652548 0.471493 0.013376 0.018100
10 0.664968 0.470136 0.011465 0.013575
10 0.678025 0.470814 0.012102 0.015837
10 0.690446 0.472624 0.012739 0.015837
10 0.702866 0.472172 0.013376 0.016742
10 0.714650 0.470362 0.011465 0.014932
10 0.728662 0.472398 0.012739 0.019005
10 0.741720 0.472851 0.010828 0.015385
10 0.727389 0.511538 0.012739 0.016742
10 0.713694 0.511538 0.012102 0.018552
10 0.598726 0.785520 0.014013 0.020814
10 0.585669 0.785973 0.012102 0.018100
10 0.561783 0.785973 0.012739 0.019910
10 0.587261 0.646606 0.012739 0.018100
10 0.573885 0.585294 0.016561 0.020362
10 0.587261 0.585520 0.012739 0.018100
10 0.600318 0.585068 0.013376 0.016290
10 0.588535 0.626697 0.015287 0.019910
10 0.573885 0.627149 0.012739 0.019910
10 0.559554 0.626244 0.013376 0.019910
10 0.559554 0.645928 0.013376 0.018552
10 0.561146 0.691403 0.014013 0.026244
10 0.585987 0.685747 0.012739 0.018552
10 0.573248 0.705656 0.012739 0.017647
10 0.598726 0.706561 0.014013 0.018552
10 0.558280 0.743665 0.014650 0.020362
10 0.574841 0.743665 0.012102 0.020362
10 0.596815 0.744570 0.011465 0.020362
6 0.366242 0.007919 0.059873 0.014932
