10 0.701876 0.601515 0.040306 0.021212
10 0.587213 0.112727 0.019458 0.024242
6 0.448228 0.530606 0.061154 0.033333
6 0.440584 0.513636 0.062543 0.034545
6 0.431550 0.453030 0.044475 0.061212
6 0.409659 0.460606 0.042391 0.063030
6 0.388464 0.466061 0.043085 0.060606
6 0.363099 0.407879 0.045170 0.058182
10 0.112231 0.309394 0.022933 0.026061
10 0.041001 0.336667 0.023628 0.028485
10 0.282140 0.309394 0.034746 0.021212
10 0.097637 0.313333 0.024322 0.027879
10 0.078527 0.323333 0.019458 0.023636
10 0.600069 0.107576 0.021543 0.026061
10 0.553509 0.233333 0.034051 0.019394
6 0.660876 0.505758 0.051425 0.029697
10 0.558721 0.246667 0.037526 0.020606
10 0.568450 0.258788 0.027797 0.018182
10 0.578874 0.281818 0.025017 0.015758
10 0.580264 0.295455 0.031967 0.018788
10 0.587561 0.308485 0.028492 0.016970
10 0.593815 0.320606 0.027102 0.016970
10 0.605281 0.343939 0.030577 0.018788
10 0.610146 0.356364 0.030577 0.019394
10 0.623350 0.382727 0.029187 0.017576
10 0.623002 0.493636 0.021543 0.024848
10 0.684851 0.590606 0.031272 0.017576
10 0.486449 0.244545 0.022238 0.026061
6 0.456915 0.548788 0.056289 0.032121
6 0.478110 0.565152 0.055594 0.032121
6 0.482279 0.583030 0.061154 0.032727
6 0.484712 0.603636 0.060459 0.033939
6 0.127867 0.217576 0.043085 0.030303
6 0.457262 0.179394 0.037526 0.048485
6 0.430160 0.240909 0.055594 0.028485
6 0.446143 0.287273 0.063933 0.032727
6 0.455177 0.307576 0.051425 0.027273
6 0.549687 0.208485 0.034746 0.024242
6 0.626129 0.420909 0.055594 0.029697
6 0.633773 0.438182 0.051425 0.030303
6 0.639680 0.455152 0.050730 0.030303
6 0.648714 0.473939 0.052120 0.030303
6 0.655664 0.489394 0.052120 0.028485
6 0.668172 0.525455 0.052120 0.027879
6 0.672342 0.541212 0.056289 0.031515
6 0.675817 0.559091 0.046560 0.028485
6 0.684851 0.574545 0.059069 0.032727
6 0.506602 0.483939 0.055594 0.032121
6 0.538221 0.512121 0.052120 0.029091
6 0.511119 0.501515 0.056289 0.029697
6 0.533356 0.530606 0.052120 0.028485
6 0.539958 0.550909 0.058374 0.026667
6 0.561154 0.566667 0.053509 0.027879
6 0.562543 0.589091 0.060459 0.031515
6 0.617443 0.605758 0.032662 0.046667
6 0.572967 0.606970 0.054899 0.030909
10 0.718555 0.639091 0.038916 0.021212
10 0.290132 0.883939 0.028492 0.017576
6 0.518763 0.666970 0.052120 0.030909
6 0.518416 0.649091 0.052814 0.031515
6 0.445796 0.644848 0.039611 0.026667
6 0.252953 0.825758 0.048645 0.030909
6 0.287700 0.849394 0.051425 0.029697
6 0.333565 0.910303 0.051425 0.033939
6 0.334955 0.946364 0.048645 0.029697
6 0.708826 0.779697 0.038916 0.055152
10 0.256428 0.959091 0.026407 0.016364
10 0.262335 0.969091 0.024322 0.016970
10 0.226199 0.897273 0.029882 0.018788
10 0.181723 0.831212 0.029882 0.020000
10 0.174427 0.782727 0.033356 0.022424
10 0.096247 0.733333 0.024322 0.027879
10 0.082001 0.706970 0.025017 0.028485
10 0.070535 0.682727 0.020153 0.022424
10 0.049687 0.643939 0.022933 0.027273
6 0.731411 0.772121 0.036831 0.055758
6 0.752606 0.759697 0.038916 0.055152
6 0.779361 0.753030 0.046560 0.055152
6 0.868659 0.694545 0.034746 0.046061
6 0.520500 0.685152 0.054204 0.029697
6 0.534746 0.703030 0.053509 0.030303
6 0.531272 0.728182 0.053509 0.034545
6 0.598680 0.744545 0.052120 0.033333
10 0.747394 0.049394 0.020153 0.024848
10 0.761293 0.043939 0.020153 0.024848
10 0.806463 0.106970 0.021543 0.028485
10 0.834260 0.100303 0.020153 0.027273
10 0.777276 0.115758 0.020153 0.027879
10 0.763030 0.118485 0.019458 0.026061
10 0.731411 0.055152 0.021543 0.027879
10 0.933634 0.063939 0.029882 0.016364
10 0.985059 0.163636 0.031272 0.018182
10 0.975330 0.324848 0.025712 0.016970
6 0.579222 0.625758 0.054899 0.029697
6 0.585823 0.644242 0.062543 0.032727
6 0.585476 0.664242 0.063238 0.033939
6 0.590688 0.679697 0.056984 0.029697
6 0.639680 0.683636 0.057679 0.029091
6 0.643155 0.702121 0.053509 0.029697
6 0.649062 0.720000 0.058374 0.035152
6 0.583044 0.708788 0.055594 0.028485
6 0.595205 0.724242 0.049340 0.029091
6 0.288742 0.172424 0.045170 0.032121
