10 0.155088 0.917291 0.012720 0.007216
14 0.486791 0.776714 0.070450 0.058562
10 0.415117 0.806966 0.016145 0.005828
10 0.408023 0.795865 0.018591 0.007494
10 0.393591 0.763808 0.011252 0.011102
14 0.778376 0.245212 0.051859 0.055232
14 0.596869 0.756731 0.070450 0.057452
14 0.541096 0.766583 0.071429 0.058285
14 0.638943 0.828615 0.070450 0.058562
10 0.473581 0.907161 0.018591 0.007494
14 0.583170 0.839162 0.070450 0.058007
14 0.528376 0.849015 0.071429 0.058285
11 0.463796 0.688870 0.230920 0.087150
11 0.380382 0.545795 0.232387 0.087427
11 0.681751 0.567721 0.358611 0.257841
11 0.442759 0.265751 0.275930 0.226755
10 0.392857 0.804746 0.016634 0.006939
10 0.388943 0.992645 0.010763 0.010269
10 0.143591 0.908965 0.015166 0.008326
10 0.800881 0.717735 0.013699 0.009992
10 0.138209 0.349709 0.007339 0.009437
10 0.122309 0.295032 0.009785 0.009992
10 0.897016 0.931585 0.016145 0.008604
10 0.966977 0.874271 0.016145 0.005551
10 0.761986 0.702054 0.013209 0.011379
10 0.788650 0.696780 0.013699 0.011379
10 0.805039 0.743269 0.010274 0.008881
6 0.151174 0.960727 0.015656 0.013600
10 0.787916 0.719678 0.012231 0.009992
10 0.806996 0.692895 0.012231 0.011379
10 0.803816 0.953511 0.017613 0.008049
10 0.886497 0.941021 0.014677 0.007494
10 0.844667 0.954621 0.008317 0.009714
10 0.302104 0.962392 0.014188 0.003608
3 0.442270 0.267971 0.361057 0.378851
