0 0.731203 0.450532 0.093985 0.079524
0 0.695865 0.643081 0.121053 0.101440
14 0.933835 0.264872 0.036090 0.056356
14 0.883459 0.262680 0.036090 0.056982
14 0.818421 0.259549 0.036842 0.056982
14 0.768045 0.256731 0.036842 0.056356
14 0.710902 0.254540 0.035338 0.056982
14 0.661278 0.252035 0.035338 0.055729
14 0.826316 0.143394 0.034586 0.056356
14 0.776316 0.141515 0.035338 0.056356
14 0.718045 0.113651 0.034586 0.055729
14 0.668045 0.111459 0.035338 0.056356
3 0.228195 0.399499 0.250376 0.423294
11 0.250752 0.825611 0.193233 0.247339
11 0.227444 0.401691 0.149624 0.269881
