10 0.958062 0.572505 0.015472 0.045198
10 0.396987 0.129944 0.008958 0.037665
10 0.163274 0.111111 0.007329 0.045198
10 0.179153 0.112053 0.008143 0.043315
10 0.221906 0.034840 0.008958 0.047081
10 0.239007 0.037665 0.008958 0.041431
10 0.140879 0.213748 0.009772 0.043315
10 0.127443 0.211864 0.008958 0.047081
10 0.271173 0.220339 0.008143 0.041431
10 0.281759 0.113936 0.008143 0.035782
10 0.255293 0.034840 0.007329 0.039548
10 0.414495 0.126177 0.008143 0.033898
10 0.966612 0.564030 0.016287 0.043315
10 0.432410 0.128060 0.008143 0.033898
10 0.464984 0.237288 0.008143 0.037665
10 0.489414 0.239171 0.009772 0.037665
10 0.498371 0.237288 0.008143 0.041431
10 0.507736 0.240113 0.007329 0.039548
10 0.481678 0.126177 0.008958 0.037665
10 0.491042 0.129944 0.008143 0.033898
10 0.504886 0.139360 0.009772 0.048964
10 0.515472 0.137476 0.009772 0.041431
10 0.154316 0.109228 0.007329 0.037665
14 0.658795 0.795669 0.060261 0.193974
14 0.616042 0.831450 0.061075 0.193974
14 0.880700 0.666667 0.061075 0.195857
14 0.134772 0.516949 0.039902 0.178908
14 0.197476 0.519774 0.038274 0.177024
14 0.242671 0.523540 0.037459 0.177024
14 0.307003 0.525424 0.037459 0.180791
14 0.353013 0.529190 0.036645 0.177024
14 0.085912 0.790960 0.039902 0.180791
14 0.131515 0.795669 0.039902 0.178908
14 0.196254 0.797552 0.040717 0.178908
14 0.241450 0.800377 0.039902 0.177024
14 0.303339 0.803202 0.038274 0.178908
14 0.349756 0.806968 0.038274 0.175141
13 0.493078 0.685499 0.100163 0.259887
14 0.690147 0.502825 0.062704 0.199623
14 0.732899 0.467985 0.061889 0.197740
14 0.793160 0.415254 0.060261 0.197740
14 0.834691 0.378531 0.061889 0.195857
14 0.736156 0.790960 0.060261 0.195857
14 0.778094 0.754237 0.059446 0.190207
14 0.838762 0.702448 0.060261 0.195857
10 0.525244 0.137476 0.008143 0.041431
10 0.532980 0.135593 0.007329 0.033898
10 0.541531 0.135593 0.008143 0.037665
10 0.695847 0.146893 0.008958 0.037665
10 0.712134 0.148776 0.008958 0.037665
10 0.699511 0.251412 0.009772 0.039548
10 0.708062 0.253296 0.008958 0.039548
10 0.716612 0.254237 0.008143 0.037665
10 0.725570 0.250471 0.008143 0.041431
10 0.732899 0.252354 0.008143 0.041431
10 0.758958 0.257062 0.008143 0.035782
10 0.939739 0.291902 0.017915 0.037665
10 0.941775 0.310734 0.015472 0.033898
10 0.946254 0.327684 0.016287 0.033898
10 0.950326 0.343691 0.017915 0.035782
10 0.954397 0.360640 0.017915 0.035782
10 0.958469 0.376648 0.017915 0.037665
10 0.961319 0.397363 0.020358 0.041431
10 0.917752 0.428437 0.017915 0.035782
10 0.938111 0.489642 0.016287 0.033898
10 0.946661 0.525424 0.017101 0.037665
10 0.953990 0.538606 0.017101 0.037665
10 0.989414 0.510358 0.017915 0.033898
10 0.703990 0.153484 0.010586 0.039548
10 0.687296 0.145009 0.008143 0.037665
10 0.549674 0.133710 0.006515 0.033898
10 0.677932 0.144068 0.008958 0.039548
10 0.557003 0.135593 0.008143 0.033898
10 0.565554 0.139360 0.008958 0.037665
10 0.574919 0.140301 0.008143 0.039548
10 0.584283 0.140301 0.007329 0.035782
10 0.592427 0.143126 0.007329 0.033898
10 0.599756 0.146893 0.007329 0.033898
10 0.607899 0.147834 0.007329 0.035782
10 0.617264 0.145009 0.009772 0.033898
10 0.535016 0.238230 0.009772 0.047081
10 0.544381 0.238230 0.008958 0.047081
10 0.552932 0.241055 0.009772 0.045198
10 0.561482 0.243879 0.008958 0.039548
10 0.570033 0.244821 0.009772 0.041431
10 0.578176 0.247646 0.008143 0.035782
10 0.587134 0.246704 0.009772 0.037665
10 0.596498 0.245763 0.008958 0.039548
10 0.606270 0.246704 0.008958 0.041431
10 0.651873 0.142185 0.008958 0.039548
10 0.660423 0.141243 0.008143 0.037665
14 0.089577 0.515066 0.039088 0.178908
