10 0.587810 0.158240 0.024793 0.020599
10 0.027893 0.037453 0.014463 0.048689
6 0.730888 0.564607 0.046488 0.020599
6 0.730888 0.487828 0.044421 0.024345
6 0.856405 0.670412 0.047521 0.022472
6 0.731405 0.460674 0.045455 0.022472
6 0.737603 0.386704 0.043388 0.024345
6 0.739669 0.360487 0.045455 0.024345
6 0.730888 0.332397 0.040289 0.024345
6 0.736570 0.285581 0.043388 0.024345
6 0.733471 0.176966 0.043388 0.020599
6 0.737603 0.153558 0.041322 0.026217
6 0.734504 0.127341 0.047521 0.026217
10 0.239669 0.133895 0.018595 0.035581
10 0.237603 0.372659 0.020661 0.037453
10 0.239669 0.163858 0.018595 0.035581
10 0.261364 0.151685 0.016529 0.022472
10 0.263430 0.115169 0.018595 0.016854
10 0.263430 0.076779 0.016529 0.018727
10 0.263430 0.095506 0.016529 0.022472
10 0.264463 0.172285 0.024793 0.022472
10 0.262397 0.191948 0.018595 0.020599
10 0.239153 0.263109 0.019628 0.035581
10 0.265496 0.261236 0.020661 0.020599
10 0.263946 0.298689 0.021694 0.020599
10 0.238636 0.315543 0.018595 0.039326
6 0.731405 0.617041 0.045455 0.020599
6 0.728306 0.641386 0.035124 0.020599
6 0.669938 0.279963 0.042355 0.024345
6 0.670455 0.307116 0.039256 0.022472
6 0.156508 0.223783 0.011364 0.080524
6 0.135847 0.403558 0.019628 0.080524
6 0.154959 0.397940 0.010331 0.080524
6 0.116736 0.487828 0.016529 0.076779
6 0.333161 0.303371 0.034091 0.052434
6 0.340393 0.497191 0.013430 0.058052
6 0.382231 0.625468 0.041322 0.071161
6 0.392562 0.646067 0.037190 0.067416
6 0.412707 0.646067 0.036157 0.071161
6 0.435434 0.640449 0.038223 0.063670
6 0.471591 0.643258 0.038223 0.069288
6 0.667355 0.636704 0.041322 0.022472
6 0.665806 0.614232 0.032025 0.018727
6 0.670455 0.565543 0.041322 0.022472
6 0.667355 0.538390 0.043388 0.024345
6 0.667872 0.486891 0.042355 0.026217
6 0.668388 0.459738 0.039256 0.024345
6 0.667872 0.433521 0.040289 0.024345
6 0.670971 0.407303 0.040289 0.024345
6 0.669938 0.382959 0.042355 0.024345
6 0.551136 0.402622 0.042355 0.026217
6 0.551136 0.366105 0.042355 0.024345
6 0.671488 0.332397 0.041322 0.024345
10 0.238636 0.341760 0.020661 0.039326
10 0.238120 0.426966 0.021694 0.041199
10 0.670455 0.153558 0.020661 0.018727
10 0.980372 0.955056 0.020661 0.018727
10 0.485537 0.530899 0.020661 0.043071
10 0.500000 0.533708 0.020661 0.044944
10 0.529442 0.530899 0.023760 0.043071
10 0.545455 0.529963 0.024793 0.048689
10 0.557335 0.513109 0.027893 0.044944
10 0.808884 0.467228 0.012397 0.043071
10 0.731921 0.435393 0.025826 0.024345
10 0.810434 0.528090 0.011364 0.037453
10 0.937500 0.886704 0.009298 0.043071
10 0.949897 0.882022 0.009298 0.037453
10 0.967975 0.883895 0.010331 0.041199
10 0.824897 0.228464 0.021694 0.018727
10 0.299587 0.120787 0.008264 0.039326
10 0.825930 0.192884 0.019628 0.018727
10 0.824897 0.166667 0.021694 0.018727
10 0.828512 0.151685 0.020661 0.018727
10 0.829029 0.132959 0.021694 0.018727
10 0.619835 0.288390 0.014463 0.041199
10 0.667872 0.253745 0.021694 0.020599
10 0.730888 0.254682 0.023760 0.022472
10 0.729339 0.225655 0.020661 0.024345
10 0.667872 0.225655 0.023760 0.020599
10 0.671488 0.202247 0.026860 0.022472
10 0.673554 0.176966 0.026860 0.020599
10 0.474690 0.537453 0.021694 0.048689
10 0.350207 0.636704 0.018595 0.041199
10 0.363120 0.594569 0.023760 0.046816
10 0.435434 0.027154 0.009298 0.039326
10 0.309917 0.120787 0.008264 0.039326
10 0.321281 0.126404 0.008264 0.031835
10 0.333678 0.123596 0.010331 0.033708
10 0.238120 0.454120 0.019628 0.031835
10 0.240186 0.481273 0.019628 0.041199
10 0.239153 0.512172 0.019628 0.035581
10 0.241219 0.534644 0.017562 0.031835
10 0.265496 0.467228 0.022727 0.020599
10 0.264463 0.505618 0.020661 0.018727
10 0.263946 0.523408 0.021694 0.020599
10 0.177686 0.584270 0.012397 0.037453
10 0.094525 0.672285 0.013430 0.048689
10 0.082128 0.670412 0.011364 0.037453
10 0.237087 0.569288 0.021694 0.041199
10 0.297004 0.331461 0.009298 0.033708
10 0.362603 0.026217 0.010331 0.041199
10 0.350723 0.022472 0.009298 0.037453
10 0.372417 0.027154 0.009298 0.039326
10 0.383264 0.027154 0.010331 0.039326
10 0.392562 0.024345 0.010331 0.037453
10 0.403409 0.023408 0.009298 0.035581
10 0.413223 0.025281 0.010331 0.039326
10 0.425620 0.026217 0.010331 0.041199
6 0.128099 0.279026 0.016529 0.071161
