10 0.137019 0.922535 0.072115 0.066901
6 0.147837 0.374120 0.199519 0.110915
6 0.599760 0.092430 0.199519 0.114437
6 0.631010 0.129401 0.199519 0.114437
6 0.669471 0.165493 0.199519 0.116197
6 0.704327 0.204225 0.201923 0.116197
6 0.733173 0.241197 0.201923 0.112676
6 0.633413 0.340669 0.156250 0.149648
6 0.762019 0.282570 0.201923 0.110915
6 0.799279 0.317782 0.204327 0.114437
6 0.824519 0.357394 0.201923 0.116197
6 0.848558 0.397007 0.197115 0.121479
6 0.121394 0.338028 0.204327 0.116197
6 0.205529 0.405810 0.199519 0.117958
10 0.086538 0.934859 0.067308 0.073944
6 0.237981 0.446303 0.197115 0.117958
6 0.268029 0.484155 0.199519 0.116197
6 0.301683 0.518486 0.194712 0.117958
6 0.336538 0.558979 0.197115 0.117958
6 0.372596 0.595070 0.197115 0.119718
6 0.413462 0.630282 0.197115 0.119718
6 0.419471 0.683099 0.204327 0.123239
6 0.451923 0.721831 0.197115 0.119718
6 0.487981 0.757923 0.201923 0.125000
6 0.516827 0.804577 0.192308 0.123239
10 0.909856 0.444542 0.088942 0.065141
6 0.290865 0.310739 0.158654 0.146127
