10 0.332838 0.240741 0.101040 0.050505
6 0.448737 0.845118 0.139673 0.114478
6 0.645617 0.494108 0.132244 0.109428
6 0.627043 0.530303 0.118871 0.097643
6 0.595840 0.561448 0.136701 0.109428
6 0.578752 0.597643 0.138187 0.111111
6 0.555721 0.628788 0.139673 0.109428
6 0.190936 0.635522 0.156018 0.055556
6 0.539376 0.666667 0.133730 0.101010
6 0.522288 0.704545 0.132244 0.109428
6 0.502972 0.738215 0.135215 0.109428
6 0.486627 0.772727 0.135215 0.111111
6 0.466568 0.807239 0.133730 0.109428
6 0.427935 0.881313 0.136701 0.112795
10 0.463596 0.055556 0.065379 0.107744
6 0.135958 0.825758 0.120357 0.055556
10 0.287519 0.048822 0.052006 0.080808
10 0.299406 0.137205 0.046062 0.079125
10 0.257058 0.310606 0.068351 0.042088
10 0.024517 0.508418 0.049034 0.077441
10 0.765230 0.340909 0.092125 0.082492
10 0.794205 0.276094 0.090639 0.084175
10 0.612927 0.105219 0.072808 0.116162
10 0.571322 0.091751 0.066865 0.106061
10 0.537147 0.078283 0.069837 0.112795
10 0.500000 0.068182 0.063893 0.106061
6 0.700594 0.389731 0.132244 0.116162
