10 0.524246 0.990775 0.047182 0.012300
6 0.465924 0.471095 0.103539 0.031980
6 0.201835 0.420049 0.078637 0.051661
6 0.209699 0.399446 0.076016 0.051046
6 0.218873 0.378536 0.081258 0.049815
6 0.223460 0.353321 0.082569 0.053506
6 0.365662 0.450185 0.102228 0.029520
6 0.372215 0.432042 0.099607 0.030135
6 0.636304 0.479090 0.079948 0.046740
6 0.180865 0.460947 0.078637 0.049815
6 0.643512 0.457257 0.076016 0.044895
6 0.653342 0.438499 0.074705 0.044280
6 0.473788 0.452645 0.103539 0.033210
6 0.480341 0.434502 0.103539 0.033825
6 0.490826 0.416974 0.103539 0.033210
6 0.380734 0.414207 0.100917 0.028905
6 0.190039 0.440037 0.081258 0.052276
6 0.356488 0.467405 0.102228 0.029520
6 0.400393 0.376691 0.103539 0.031365
6 0.343381 0.504305 0.102228 0.030750
6 0.145478 0.545510 0.083879 0.051661
6 0.151376 0.522755 0.082569 0.052891
6 0.163827 0.501230 0.078637 0.050431
6 0.169069 0.478782 0.083879 0.052276
6 0.330275 0.539360 0.104849 0.031980
6 0.332896 0.523063 0.102228 0.030135
6 0.434469 0.541513 0.103539 0.033825
6 0.349934 0.485855 0.102228 0.029520
6 0.442333 0.523985 0.103539 0.031980
6 0.448886 0.507380 0.100917 0.033210
6 0.604849 0.540898 0.077326 0.044895
6 0.615990 0.519065 0.081258 0.044280
6 0.623853 0.497847 0.073394 0.044895
6 0.456750 0.488315 0.100917 0.031980
6 0.389908 0.396064 0.106160 0.029520
6 0.403014 0.359779 0.100917 0.030750
10 0.523591 0.976937 0.043250 0.011685
6 0.719528 0.230320 0.110092 0.041205
6 0.429882 0.304736 0.102228 0.030135
6 0.439056 0.284133 0.102228 0.028290
6 0.356488 0.295510 0.060288 0.047355
6 0.264089 0.276138 0.077326 0.049200
6 0.270642 0.254613 0.079948 0.050431
6 0.296855 0.213100 0.074705 0.049815
6 0.664482 0.228167 0.089122 0.036900
6 0.421363 0.323186 0.103539 0.030135
6 0.622543 0.222017 0.094364 0.038130
6 0.574050 0.218942 0.096986 0.036900
6 0.536697 0.213715 0.103539 0.042435
6 0.484273 0.210332 0.106160 0.040590
6 0.405636 0.198647 0.045872 0.054121
6 0.379423 0.190959 0.043250 0.052276
6 0.537353 0.307503 0.102228 0.031980
6 0.250983 0.293973 0.090433 0.051661
6 0.498034 0.399446 0.102228 0.032595
6 0.699869 0.335178 0.086501 0.040590
6 0.503932 0.382226 0.100917 0.032595
6 0.512451 0.362546 0.102228 0.033825
6 0.660550 0.416667 0.076016 0.046125
6 0.669069 0.396064 0.079948 0.045510
6 0.673657 0.372694 0.073394 0.045510
6 0.685452 0.355166 0.076016 0.044895
6 0.711664 0.313653 0.096986 0.036900
6 0.243119 0.313346 0.087811 0.052276
6 0.714941 0.299200 0.098296 0.038745
6 0.726081 0.281365 0.091743 0.036285
6 0.523591 0.344096 0.103539 0.032595
6 0.527523 0.325953 0.100917 0.031980
6 0.416121 0.340406 0.100917 0.028905
6 0.237221 0.335486 0.078637 0.049815
6 0.320446 0.558426 0.103539 0.028290
6 0.425295 0.559963 0.103539 0.033825
6 0.585845 0.582103 0.078637 0.046125
10 0.658585 0.683272 0.045872 0.014760
10 0.629751 0.760455 0.056356 0.015375
10 0.640236 0.747232 0.040629 0.013530
10 0.643512 0.734317 0.044561 0.012300
10 0.639581 0.719557 0.047182 0.013530
10 0.649410 0.708180 0.048493 0.011685
10 0.657929 0.695264 0.055046 0.014145
10 0.667759 0.671894 0.053735 0.014145
10 0.611402 0.789668 0.069463 0.020910
10 0.673657 0.659594 0.052425 0.012915
10 0.682831 0.645141 0.049803 0.013530
10 0.709043 0.576568 0.047182 0.009225
6 0.396461 0.858241 0.048493 0.049815
6 0.359109 0.855166 0.049803 0.049815
6 0.334207 0.847478 0.057667 0.056581
10 0.616645 0.774293 0.051114 0.013530
10 0.606815 0.802276 0.049803 0.014145
6 0.575360 0.602706 0.073394 0.047970
10 0.471166 0.922509 0.066841 0.019680
10 0.529489 0.960640 0.049803 0.013530
10 0.461992 0.962792 0.058978 0.012915
10 0.535387 0.949262 0.053735 0.017835
10 0.466579 0.938499 0.065531 0.018450
10 0.538008 0.936962 0.051114 0.016605
10 0.547182 0.925277 0.051114 0.014145
10 0.399083 0.913592 0.032765 0.027675
10 0.599607 0.813038 0.056356 0.018450
10 0.483617 0.908672 0.055046 0.016605
10 0.552425 0.914514 0.053735 0.014760
10 0.554391 0.901907 0.049803 0.015375
10 0.490170 0.896679 0.057667 0.014760
10 0.494758 0.884994 0.056356 0.013530
10 0.536697 0.783210 0.035387 0.023985
6 0.201180 0.837638 0.048493 0.056581
6 0.068807 0.802276 0.100917 0.026445
6 0.142857 0.802276 0.060288 0.051046
6 0.308650 0.576568 0.103539 0.028905
6 0.113368 0.616544 0.085190 0.021525
6 0.123198 0.582103 0.076016 0.046125
6 0.134993 0.566421 0.089122 0.051661
6 0.184142 0.606704 0.045872 0.048585
6 0.293578 0.613469 0.102228 0.030135
6 0.302752 0.594711 0.104849 0.028290
6 0.410878 0.595326 0.100917 0.033210
6 0.076016 0.786593 0.102228 0.027060
6 0.420708 0.577183 0.102228 0.033825
6 0.536042 0.741082 0.057667 0.054121
6 0.553080 0.691267 0.055046 0.051661
6 0.566841 0.662362 0.053735 0.047970
6 0.513761 0.647601 0.047182 0.055351
6 0.570118 0.626384 0.076016 0.046125
6 0.287680 0.634994 0.100917 0.028905
6 0.395151 0.631919 0.108781 0.031365
6 0.400393 0.612546 0.106160 0.031980
6 0.385976 0.648524 0.106160 0.032595
6 0.375491 0.667282 0.106160 0.030750
6 0.368283 0.685117 0.104849 0.033210
6 0.386632 0.696187 0.115334 0.035670
6 0.144168 0.659287 0.060288 0.052891
6 0.269987 0.693727 0.039318 0.050431
6 0.307995 0.722632 0.036697 0.047970
6 0.344037 0.744772 0.030144 0.055351
6 0.373526 0.756458 0.028834 0.046740
6 0.405636 0.730320 0.077326 0.044895
6 0.116645 0.713100 0.104849 0.023985
6 0.108126 0.727860 0.103539 0.025215
6 0.095020 0.757995 0.103539 0.023985
6 0.079948 0.771833 0.117955 0.028290
6 0.307995 0.194034 0.078637 0.047355
