10 0.448454 0.242284 0.021764 0.021605
10 0.454754 0.233539 0.025200 0.022634
6 0.785223 0.312757 0.067583 0.053498
10 0.193585 0.026235 0.018328 0.021605
10 0.214204 0.037551 0.020619 0.025720
10 0.278351 0.059156 0.018328 0.021605
10 0.203322 0.461420 0.033219 0.025720
10 0.260596 0.474280 0.028637 0.024691
10 0.028637 0.466049 0.022910 0.024691
10 0.038946 0.472222 0.016037 0.022634
10 0.052692 0.477366 0.018328 0.022634
10 0.064719 0.481996 0.014891 0.019547
10 0.088774 0.489712 0.026346 0.020576
10 0.093356 0.479938 0.024055 0.021605
10 0.100229 0.470679 0.026346 0.021605
10 0.106529 0.461420 0.025200 0.017490
10 0.154066 0.470679 0.021764 0.025720
6 0.677549 0.376029 0.058419 0.056584
6 0.624857 0.335391 0.058419 0.057613
6 0.631730 0.298868 0.051546 0.066872
6 0.474227 0.514918 0.057274 0.058642
6 0.309851 0.437243 0.069874 0.055556
6 0.298396 0.453704 0.069874 0.057613
6 0.282360 0.570473 0.060710 0.062757
6 0.407789 0.464506 0.057274 0.058642
6 0.447308 0.495370 0.058419 0.058642
6 0.461054 0.504630 0.056128 0.058642
6 0.498855 0.536523 0.056128 0.058642
6 0.587056 0.305041 0.056128 0.058642
6 0.538946 0.566872 0.058419 0.057613
6 0.369416 0.619342 0.063001 0.063786
6 0.441008 0.682613 0.061856 0.062757
6 0.542383 0.254630 0.063001 0.060700
6 0.548110 0.275206 0.058419 0.056584
6 0.573883 0.295267 0.057274 0.057613
10 0.164376 0.475309 0.019473 0.024691
10 0.174685 0.481996 0.019473 0.023663
10 0.184422 0.487140 0.022910 0.025720
10 0.305269 0.807613 0.021764 0.024691
10 0.050974 0.514403 0.026346 0.020576
10 0.033792 0.621399 0.019473 0.022634
10 0.076747 0.654321 0.016037 0.022634
10 0.117984 0.693416 0.041237 0.034979
10 0.161512 0.718107 0.027491 0.024691
10 0.285223 0.790638 0.025200 0.025720
10 0.584765 0.062757 0.021764 0.026749
10 0.125430 0.531379 0.017182 0.021605
10 0.552692 0.047840 0.017182 0.023663
10 0.585911 0.032922 0.019473 0.022634
10 0.605956 0.054012 0.018328 0.025720
10 0.616838 0.047840 0.019473 0.023663
10 0.653494 0.081790 0.026346 0.015432
10 0.654066 0.069444 0.018328 0.011317
10 0.114548 0.525720 0.020619 0.024691
10 0.136312 0.536008 0.018328 0.020576
10 0.196449 0.490226 0.021764 0.027778
10 0.269759 0.525206 0.021764 0.027778
10 0.204467 0.495885 0.021764 0.026749
10 0.217068 0.500514 0.021764 0.023663
10 0.228522 0.505144 0.021764 0.026749
10 0.237686 0.509259 0.021764 0.028807
10 0.247995 0.515432 0.019473 0.024691
10 0.260023 0.519547 0.018328 0.026749
10 0.227950 0.564815 0.016037 0.022634
10 0.147766 0.540123 0.018328 0.022634
10 0.215349 0.563272 0.016037 0.023663
10 0.204467 0.556584 0.014891 0.020576
10 0.192440 0.555556 0.016037 0.020576
10 0.182131 0.549897 0.018328 0.021605
10 0.171249 0.544753 0.017182 0.019547
10 0.160367 0.539609 0.018328 0.023663
6 0.391753 0.244342 0.068729 0.058642
