10 0.855750 0.748811 0.022500 0.029132
6 0.582000 0.813020 0.048000 0.050535
6 0.569000 0.801724 0.047000 0.046968
6 0.559500 0.786564 0.047000 0.049941
6 0.548250 0.772889 0.045500 0.048751
6 0.520500 0.728300 0.050000 0.052319
6 0.629750 0.629608 0.041500 0.055886
6 0.617750 0.642390 0.045500 0.063615
6 0.608750 0.657551 0.047500 0.064209
6 0.651250 0.717895 0.049500 0.064804
6 0.594000 0.668549 0.048000 0.067182
6 0.659500 0.336801 0.050000 0.062426
6 0.709750 0.247622 0.051500 0.052913
6 0.697500 0.234542 0.046000 0.051724
6 0.689250 0.219976 0.047500 0.052319
6 0.687750 0.199465 0.048500 0.051724
6 0.739750 0.167955 0.046500 0.050535
6 0.678500 0.186385 0.048000 0.051724
6 0.725250 0.137634 0.048500 0.051724
6 0.636250 0.791023 0.059500 0.082640
6 0.512250 0.834721 0.049500 0.052319
6 0.701000 0.090963 0.050000 0.055886
6 0.523250 0.847503 0.047500 0.051724
6 0.726500 0.795482 0.043000 0.058264
6 0.717750 0.810939 0.046500 0.061831
6 0.739750 0.701249 0.042500 0.057669
6 0.726000 0.712545 0.042000 0.058859
6 0.714250 0.721463 0.042500 0.056480
6 0.703000 0.647444 0.042000 0.055886
6 0.710250 0.629013 0.044500 0.061831
6 0.722250 0.619203 0.043500 0.060048
6 0.737750 0.529429 0.044500 0.058859
6 0.737250 0.554102 0.042500 0.057075
6 0.714000 0.549049 0.045000 0.062426
6 0.669000 0.571641 0.044000 0.058859
6 0.663750 0.593044 0.045500 0.061237
6 0.601750 0.845719 0.048500 0.052913
6 0.597000 0.821938 0.037000 0.039834
6 0.564000 0.854935 0.032000 0.034483
6 0.532750 0.861772 0.049500 0.051724
6 0.721500 0.119203 0.041000 0.044590
6 0.670500 0.096611 0.047000 0.051724
6 0.763500 0.189655 0.047000 0.051130
6 0.285750 0.424495 0.050500 0.053508
6 0.259750 0.498811 0.051500 0.055886
6 0.250500 0.484839 0.050000 0.055291
6 0.271750 0.414685 0.049500 0.050535
6 0.265750 0.393876 0.047500 0.051724
6 0.220000 0.441439 0.052000 0.055291
6 0.207750 0.430143 0.048500 0.050535
6 0.198750 0.414090 0.050500 0.054102
6 0.255250 0.379905 0.049500 0.054697
6 0.271500 0.326100 0.043000 0.058859
6 0.224000 0.339774 0.047000 0.051724
6 0.211000 0.326694 0.049000 0.051724
6 0.177500 0.387337 0.048000 0.051724
6 0.158000 0.355826 0.052000 0.056480
6 0.145750 0.344828 0.047500 0.051130
6 0.127500 0.313615 0.049000 0.052913
6 0.195250 0.297562 0.047500 0.050535
6 0.230000 0.262485 0.045000 0.062426
6 0.315500 0.385256 0.047000 0.060642
6 0.297500 0.436088 0.050000 0.054102
6 0.649250 0.086801 0.048500 0.053508
6 0.311750 0.447979 0.049500 0.054102
6 0.491000 0.099881 0.051000 0.049941
6 0.484000 0.079370 0.054000 0.050535
6 0.501750 0.820452 0.048500 0.052319
6 0.491250 0.806778 0.050500 0.052319
6 0.482500 0.792509 0.049000 0.052319
6 0.471000 0.778835 0.049000 0.051130
6 0.461000 0.765458 0.049000 0.051724
6 0.450750 0.751784 0.048500 0.051724
6 0.490250 0.688466 0.049500 0.051130
6 0.478500 0.676873 0.049000 0.050535
6 0.468750 0.660820 0.034500 0.038644
6 0.458000 0.645957 0.034000 0.035077
6 0.439750 0.737812 0.048500 0.051130
6 0.430000 0.724435 0.049000 0.051724
6 0.419000 0.710464 0.050000 0.052319
6 0.411250 0.692628 0.049500 0.052319
6 0.447000 0.633769 0.051000 0.053508
6 0.740000 0.785077 0.043000 0.057669
6 0.766250 0.212545 0.049500 0.054102
10 0.873000 0.728597 0.025000 0.026754
10 0.880500 0.411118 0.024000 0.021998
10 0.871250 0.389715 0.023500 0.019620
10 0.866750 0.376932 0.026500 0.023781
10 0.861000 0.362961 0.021000 0.020809
10 0.852250 0.353448 0.022500 0.021998
10 0.848500 0.152200 0.017000 0.024970
10 0.664750 0.129310 0.034500 0.036266
10 0.669000 0.171225 0.035000 0.036861
10 0.738250 0.146849 0.032500 0.036861
10 0.794500 0.233948 0.031000 0.035077
10 0.769250 0.259215 0.031500 0.033294
10 0.742500 0.287158 0.034000 0.038050
10 0.793500 0.258026 0.031000 0.032105
10 0.763500 0.288050 0.035000 0.037455
10 0.737500 0.314209 0.031000 0.033888
10 0.825250 0.299049 0.032500 0.036861
10 0.834500 0.335910 0.031000 0.035672
10 0.836750 0.368312 0.021500 0.024376
10 0.875000 0.399227 0.026000 0.021998
10 0.850000 0.338882 0.024000 0.026159
10 0.804000 0.368906 0.033000 0.037455
10 0.906750 0.473841 0.026500 0.021403
10 0.957500 0.611177 0.022000 0.021403
10 0.926500 0.595422 0.030000 0.039834
10 0.952250 0.590071 0.026500 0.023187
10 0.945750 0.580856 0.024500 0.021403
10 0.942250 0.568074 0.022500 0.021998
10 0.937500 0.556480 0.023000 0.020214
10 0.902750 0.564209 0.030500 0.039239
10 0.929750 0.545779 0.020500 0.021403
10 0.917250 0.539536 0.034500 0.027943
10 0.879500 0.529727 0.031000 0.041617
10 0.910500 0.526159 0.037000 0.028537
10 0.917750 0.506837 0.022500 0.020809
10 0.898750 0.518728 0.021500 0.023187
10 0.894000 0.508918 0.024000 0.023781
10 0.912750 0.496136 0.023500 0.020809
10 0.890000 0.495541 0.026000 0.025565
10 0.909250 0.485137 0.020500 0.017836
10 0.819250 0.370987 0.033500 0.036861
10 0.794500 0.332937 0.032000 0.033294
6 0.775250 0.228300 0.050500 0.053508
6 0.757500 0.673603 0.042000 0.057075
6 0.882500 0.647444 0.047000 0.063020
6 0.893750 0.636445 0.048500 0.063615
6 0.834500 0.553805 0.048000 0.064804
6 0.815500 0.554994 0.047000 0.063615
6 0.799750 0.559453 0.043500 0.057075
6 0.786000 0.568074 0.043000 0.058859
6 0.754500 0.606421 0.045000 0.060642
6 0.833750 0.466112 0.047500 0.063020
6 0.807500 0.456302 0.043000 0.056480
6 0.797250 0.471760 0.044500 0.060048
6 0.769250 0.487218 0.044500 0.062426
6 0.760500 0.502973 0.043000 0.057075
6 0.747250 0.513377 0.043500 0.058859
6 0.790500 0.359394 0.048000 0.051724
6 0.810000 0.293401 0.039000 0.043401
6 0.797250 0.280916 0.046500 0.050535
6 0.751500 0.328478 0.047000 0.051724
6 0.749000 0.686980 0.046000 0.060048
6 0.752000 0.774970 0.042000 0.056480
10 0.760750 0.343044 0.031500 0.035672
6 0.766000 0.768430 0.046000 0.061237
10 0.720250 0.880499 0.030500 0.034483
10 0.728750 0.893876 0.017500 0.024376
10 0.785250 0.935493 0.016500 0.024376
10 0.423500 0.553805 0.019000 0.023187
10 0.449750 0.595125 0.019500 0.021403
10 0.445250 0.584721 0.025500 0.027943
10 0.292250 0.501189 0.039500 0.043995
10 0.565500 0.051427 0.022000 0.030321
10 0.220000 0.538644 0.022000 0.027348
10 0.182500 0.403686 0.034000 0.035672
10 0.207750 0.377824 0.032500 0.037455
10 0.236000 0.350178 0.032000 0.034483
10 0.201750 0.313615 0.033500 0.038644
6 0.810750 0.716706 0.041500 0.054102
6 0.799500 0.731272 0.045000 0.058264
6 0.788250 0.741974 0.044500 0.058264
6 0.778750 0.756243 0.044500 0.060642
6 0.175500 0.264863 0.052000 0.055291
