10 0.843117 0.886818 0.030364 0.027963
6 0.222166 0.635153 0.086032 0.049268
6 0.447874 0.544940 0.114372 0.076565
6 0.110324 0.542943 0.082996 0.048602
6 0.140688 0.570240 0.087045 0.049933
6 0.161943 0.581225 0.087045 0.050599
6 0.175607 0.595539 0.084008 0.048602
6 0.190789 0.609521 0.086032 0.048602
6 0.239879 0.648802 0.082996 0.048602
6 0.414980 0.515646 0.113360 0.075233
6 0.256579 0.660453 0.086032 0.049268
6 0.286437 0.681425 0.085020 0.051265
6 0.301113 0.695073 0.088057 0.050599
6 0.317308 0.708056 0.088057 0.049933
6 0.331984 0.724035 0.087045 0.051265
6 0.464069 0.561252 0.114372 0.075899
6 0.431174 0.529960 0.113360 0.077230
6 0.397773 0.500000 0.113360 0.074567
6 0.498988 0.590213 0.113360 0.076565
6 0.509615 0.313249 0.069838 0.051265
6 0.375506 0.197403 0.064777 0.052597
6 0.393219 0.208722 0.065789 0.051265
6 0.422065 0.234687 0.068826 0.052597
6 0.465081 0.274301 0.067814 0.050599
6 0.479757 0.287617 0.066802 0.050599
6 0.491903 0.301598 0.070850 0.051931
6 0.535425 0.341877 0.078947 0.057923
6 0.382085 0.485686 0.116397 0.075233
6 0.282389 0.370839 0.072874 0.049268
6 0.293522 0.390146 0.072874 0.046605
6 0.313259 0.403129 0.071862 0.047270
6 0.348178 0.457390 0.115385 0.075899
6 0.123482 0.487683 0.062753 0.065912
6 0.363360 0.473702 0.113360 0.075233
6 0.481781 0.574567 0.113360 0.075899
6 0.517206 0.604194 0.111336 0.076565
10 0.949393 0.523635 0.036437 0.027297
10 0.509109 0.178762 0.036437 0.027297
6 0.794028 0.745007 0.094130 0.035952
6 0.778340 0.761318 0.095142 0.036618
6 0.740385 0.809920 0.094130 0.039281
6 0.727733 0.826565 0.093117 0.039281
10 0.360324 0.043609 0.034413 0.025965
10 0.437753 0.072903 0.041498 0.031292
10 0.649291 0.276964 0.041498 0.027963
6 0.813259 0.709387 0.096154 0.037949
10 0.690789 0.227696 0.037449 0.027963
10 0.667510 0.125832 0.035425 0.023968
10 0.837045 0.129494 0.056680 0.028628
10 0.836538 0.351864 0.035425 0.024634
10 0.876012 0.461718 0.045547 0.031292
10 0.951923 0.498668 0.041498 0.030626
6 0.804150 0.729361 0.092105 0.036618
6 0.820344 0.693076 0.096154 0.038615
6 0.533907 0.619840 0.114372 0.075899
6 0.703441 0.498336 0.074899 0.056591
6 0.379049 0.763316 0.088057 0.051265
6 0.426619 0.803262 0.077935 0.044607
6 0.576417 0.387816 0.077935 0.057923
6 0.594130 0.400799 0.076923 0.057257
6 0.661437 0.454061 0.075911 0.058589
6 0.691802 0.483023 0.075911 0.056591
6 0.723178 0.510320 0.073887 0.056591
6 0.617915 0.693409 0.071862 0.049933
6 0.740385 0.522969 0.069838 0.051265
6 0.752024 0.540613 0.066802 0.050599
6 0.767713 0.553595 0.069838 0.052597
6 0.579960 0.639814 0.078947 0.053262
6 0.768219 0.633489 0.064777 0.053928
6 0.588563 0.685752 0.081984 0.055925
6 0.360324 0.183422 0.058704 0.047270
