6 0.354573 0.119430 0.067466 0.065954
6 0.548726 0.815062 0.041979 0.063280
6 0.246627 0.764260 0.019490 0.068627
6 0.278861 0.769162 0.014993 0.065954
6 0.325337 0.801693 0.017991 0.066845
6 0.431034 0.852941 0.013493 0.065954
6 0.521739 0.732175 0.020990 0.066845
6 0.545727 0.733512 0.017991 0.065954
6 0.565967 0.732175 0.016492 0.066845
6 0.588456 0.732620 0.016492 0.067736
6 0.607196 0.754456 0.014993 0.066845
6 0.172414 0.403743 0.017991 0.069519
6 0.245877 0.399287 0.020990 0.064171
6 0.330585 0.405080 0.016492 0.066845
6 0.847076 0.786096 0.119940 0.010695
6 0.176912 0.601159 0.017991 0.066845
6 0.548726 0.512478 0.017991 0.065954
6 0.526987 0.495989 0.019490 0.063280
6 0.613193 0.232175 0.020990 0.065062
6 0.634183 0.233957 0.017991 0.065062
6 0.233133 0.140820 0.061469 0.019608
6 0.170915 0.189840 0.017991 0.040998
6 0.522489 0.806595 0.028486 0.060606
6 0.125187 0.761586 0.019490 0.070410
