6 0.827650 0.322797 0.025945 0.055556
6 0.818013 0.311303 0.024463 0.053640
6 0.441438 0.796456 0.031875 0.083333
6 0.410675 0.812261 0.034099 0.084291
6 0.348777 0.849138 0.033358 0.083333
6 0.344329 0.731322 0.042254 0.031609
6 0.392142 0.611590 0.040030 0.029693
6 0.376575 0.620211 0.040030 0.031609
6 0.389177 0.534483 0.063751 0.042146
6 0.381394 0.513889 0.064492 0.041188
6 0.375463 0.494732 0.063010 0.043103
6 0.432913 0.425287 0.023721 0.053640
6 0.362120 0.456897 0.064492 0.044061
6 0.334322 0.378352 0.063751 0.042146
6 0.328021 0.358716 0.064492 0.043103
6 0.405115 0.344828 0.022980 0.053640
6 0.396219 0.325670 0.024463 0.055556
6 0.389918 0.303640 0.025204 0.053640
6 0.307635 0.300287 0.063751 0.043103
6 0.289474 0.259100 0.063010 0.041188
6 0.285397 0.241379 0.062268 0.038314
6 0.348777 0.184387 0.024463 0.054598
6 0.459229 0.024904 0.027428 0.047893
6 0.488510 0.109674 0.034099 0.075670
6 0.265752 0.866858 0.025945 0.057471
6 0.276872 0.480843 0.031875 0.084291
6 0.241660 0.384100 0.032617 0.082375
6 0.234248 0.367816 0.032617 0.084291
6 0.224981 0.355364 0.033358 0.084291
6 0.205337 0.288314 0.034099 0.084291
6 0.177168 0.240421 0.032617 0.082375
6 0.498147 0.777778 0.022239 0.057471
6 0.498517 0.731801 0.025945 0.057471
6 0.451816 0.232759 0.042254 0.034483
6 0.717939 0.322797 0.031875 0.086207
6 0.881023 0.252874 0.058562 0.038314
6 0.786509 0.241858 0.031134 0.075670
6 0.765752 0.180077 0.031134 0.078544
6 0.859896 0.193008 0.059303 0.039272
6 0.853595 0.172893 0.058562 0.039272
6 0.848036 0.154693 0.059303 0.039272
6 0.838028 0.132184 0.058562 0.038314
6 0.833951 0.113506 0.059303 0.039272
6 0.752409 0.027299 0.023721 0.046935
6 0.589325 0.724138 0.023721 0.055556
6 0.544107 0.750958 0.023721 0.057471
6 0.687176 0.550287 0.023721 0.058429
6 0.732394 0.364464 0.034099 0.083333
6 0.711268 0.304598 0.031875 0.086207
6 0.457005 0.248084 0.042254 0.036398
6 0.653447 0.409483 0.033358 0.085249
6 0.644922 0.393199 0.032617 0.085249
6 0.640104 0.363027 0.033358 0.086207
6 0.628243 0.357280 0.033358 0.086207
6 0.704596 0.282567 0.033358 0.084291
6 0.613417 0.317050 0.033358 0.084291
6 0.689029 0.243295 0.031875 0.082375
6 0.666049 0.188697 0.022980 0.051724
6 0.597850 0.281130 0.031875 0.085249
6 0.591179 0.262931 0.033358 0.083333
6 0.582283 0.245690 0.031875 0.083333
6 0.570793 0.239943 0.023721 0.052682
6 0.461824 0.262452 0.042995 0.038314
6 0.118236 0.177682 0.042254 0.033525
