10 0.932273 0.370643 0.009423 0.036193
10 0.181684 0.117292 0.008834 0.033512
10 0.011484 0.170241 0.014723 0.016086
10 0.148704 0.132708 0.007656 0.032172
10 0.155771 0.126676 0.008834 0.030831
10 0.160483 0.121984 0.008834 0.034853
10 0.167256 0.121314 0.009423 0.036193
10 0.174617 0.118633 0.008834 0.036193
10 0.187279 0.111260 0.010601 0.034853
10 0.141637 0.132038 0.008834 0.033512
10 0.195230 0.106568 0.008834 0.030831
10 0.215253 0.100536 0.010012 0.034853
10 0.236749 0.091823 0.010601 0.038874
10 0.182862 0.038874 0.008834 0.034853
10 0.189929 0.038874 0.010012 0.037534
10 0.202002 0.031501 0.009423 0.030831
10 0.089223 0.209786 0.014723 0.017426
10 0.128386 0.139410 0.009423 0.034853
10 0.214664 0.027480 0.007656 0.030831
10 0.057715 0.172252 0.009423 0.033512
10 0.154888 0.050938 0.010601 0.034853
10 0.161661 0.047587 0.010012 0.033512
10 0.169317 0.045576 0.008834 0.034853
10 0.175795 0.041555 0.007656 0.029491
10 0.031508 0.164209 0.017079 0.022788
10 0.047998 0.170912 0.014723 0.033512
10 0.063899 0.164879 0.011190 0.040214
10 0.121908 0.144102 0.010601 0.033512
10 0.070082 0.160188 0.008245 0.030831
10 0.076561 0.160188 0.010601 0.033512
10 0.083922 0.159517 0.010012 0.032172
10 0.091578 0.153485 0.008834 0.038874
10 0.103062 0.152815 0.009423 0.032172
10 0.111013 0.148794 0.008834 0.032172
10 0.209069 0.027480 0.009423 0.030831
10 0.222320 0.023458 0.008834 0.036193
10 0.139870 0.058311 0.008834 0.033512
10 0.181979 0.614611 0.008245 0.033512
10 0.054770 0.402815 0.015312 0.020107
10 0.113958 0.377346 0.018257 0.025469
10 0.151649 0.355898 0.017079 0.022788
10 0.176090 0.531501 0.008245 0.033512
10 0.181684 0.530161 0.008834 0.030831
10 0.187868 0.531501 0.008245 0.030831
10 0.189635 0.611930 0.009423 0.030831
10 0.027091 0.286193 0.012956 0.017426
10 0.190224 0.341823 0.014134 0.016086
10 0.188163 0.316354 0.014723 0.024129
10 0.210247 0.334450 0.014134 0.020107
10 0.196408 0.605228 0.010012 0.036193
10 0.203475 0.604558 0.010012 0.037534
10 0.210542 0.598525 0.007656 0.033512
10 0.030035 0.371314 0.014134 0.018767
10 0.026207 0.017426 0.012367 0.018767
10 0.229388 0.021448 0.010012 0.034853
10 0.292108 0.063003 0.008245 0.032172
10 0.237633 0.017426 0.006478 0.029491
10 0.247644 0.088472 0.010012 0.034853
10 0.265312 0.078418 0.008834 0.033512
10 0.272968 0.074397 0.010012 0.036193
10 0.279741 0.071046 0.009423 0.034853
10 0.285925 0.070375 0.010012 0.036193
10 0.299176 0.063673 0.009423 0.030831
10 0.009717 0.023458 0.015901 0.022788
10 0.305654 0.061662 0.009423 0.032172
10 0.316549 0.058311 0.007656 0.030831
10 0.330389 0.049598 0.009423 0.037534
10 0.337456 0.044906 0.008245 0.033512
10 0.343934 0.041555 0.009423 0.032172
10 0.350118 0.036193 0.010012 0.034853
10 0.147232 0.053619 0.009423 0.034853
10 0.133098 0.061662 0.010601 0.034853
10 0.224382 0.594504 0.009423 0.033512
6 0.643993 0.463137 0.054770 0.044236
6 0.568610 0.597185 0.026502 0.076408
6 0.583333 0.589812 0.028857 0.077748
6 0.598940 0.579759 0.028269 0.081769
6 0.625442 0.569035 0.037691 0.111260
6 0.641048 0.565684 0.026502 0.080429
6 0.579505 0.492627 0.054181 0.044236
6 0.692874 0.440349 0.035925 0.033512
6 0.520907 0.290885 0.035925 0.045576
6 0.565371 0.272118 0.036514 0.042895
6 0.586867 0.263405 0.035925 0.041555
6 0.630153 0.243298 0.035336 0.041555
6 0.654888 0.235925 0.035336 0.040214
6 0.678445 0.226542 0.036514 0.040214
6 0.671673 0.544906 0.027680 0.079088
6 0.543875 0.603887 0.038280 0.113941
6 0.499706 0.625335 0.024146 0.073727
6 0.713192 0.530831 0.028269 0.080429
6 0.300942 0.709115 0.037691 0.115282
6 0.172556 0.470509 0.047114 0.040214
6 0.103946 0.849196 0.055948 0.041555
6 0.298292 0.412869 0.044170 0.037534
6 0.289458 0.358579 0.030035 0.033512
6 0.375147 0.378686 0.045936 0.038874
6 0.272085 0.720509 0.038869 0.113941
6 0.313604 0.703083 0.027680 0.079088
6 0.487338 0.628016 0.035925 0.111260
6 0.326266 0.701743 0.027091 0.079088
6 0.398999 0.674933 0.027680 0.079088
6 0.431095 0.649464 0.028269 0.079088
6 0.442285 0.652815 0.032980 0.093834
6 0.457892 0.639410 0.027680 0.077748
6 0.490283 0.712466 0.035925 0.036193
6 0.686985 0.535523 0.035925 0.116622
6 0.724676 0.530831 0.026502 0.075067
10 0.125442 0.068365 0.008245 0.029491
10 0.071260 0.092493 0.009423 0.037534
10 0.021790 0.113271 0.009423 0.033512
10 0.029741 0.111260 0.008834 0.032172
10 0.036808 0.103217 0.010012 0.032172
10 0.047998 0.099866 0.008834 0.033512
10 0.054181 0.096515 0.009423 0.032172
10 0.060954 0.093834 0.011190 0.037534
10 0.078033 0.087802 0.008834 0.033512
6 0.887809 0.439678 0.027680 0.085791
10 0.085689 0.085791 0.008834 0.032172
10 0.092756 0.081769 0.007656 0.032172
10 0.098940 0.078418 0.008245 0.028150
10 0.106007 0.077748 0.008245 0.029491
10 0.111896 0.071716 0.007067 0.025469
10 0.118963 0.070375 0.008245 0.030831
10 0.012073 0.119973 0.010012 0.033512
6 0.872497 0.448391 0.026502 0.071046
6 0.741166 0.515416 0.027680 0.081769
6 0.807420 0.169571 0.035336 0.038874
6 0.756478 0.506032 0.027680 0.079088
6 0.737633 0.420241 0.034747 0.033512
6 0.722026 0.207775 0.036514 0.042895
6 0.738516 0.193029 0.035336 0.042895
6 0.765607 0.189678 0.040047 0.046917
6 0.790931 0.182976 0.036514 0.044236
6 0.824794 0.157507 0.035925 0.041555
6 0.855418 0.461796 0.026502 0.084450
6 0.853357 0.152145 0.037691 0.038874
6 0.769140 0.504021 0.025913 0.077748
6 0.782097 0.503351 0.025913 0.076408
6 0.797703 0.491957 0.028857 0.083110
6 0.833628 0.453083 0.024146 0.072386
6 0.843051 0.462466 0.027680 0.083110
10 0.217609 0.596515 0.010012 0.034853
10 0.229976 0.592493 0.006478 0.029491
10 0.924617 0.267426 0.009423 0.036193
10 0.554181 0.368633 0.007067 0.029491
10 0.576266 0.436997 0.010012 0.032172
10 0.583628 0.436327 0.009423 0.030831
10 0.592462 0.433646 0.010601 0.033512
10 0.599529 0.432976 0.008245 0.034853
10 0.606596 0.428284 0.009423 0.028150
10 0.613663 0.421582 0.008245 0.022788
10 0.560954 0.365282 0.007656 0.030831
10 0.560660 0.450402 0.008245 0.029491
10 0.567727 0.363941 0.008245 0.033512
10 0.576266 0.360590 0.007656 0.032172
10 0.586572 0.358579 0.008245 0.030831
10 0.593051 0.353217 0.009423 0.033512
10 0.601001 0.349196 0.007656 0.030831
10 0.608657 0.347855 0.007656 0.033512
10 0.568905 0.441019 0.007067 0.026810
10 0.553887 0.451743 0.010012 0.034853
10 0.623086 0.339812 0.008245 0.033512
10 0.511190 0.387399 0.009423 0.029491
10 0.515607 0.468499 0.008834 0.028150
10 0.483510 0.399464 0.009423 0.032172
10 0.485866 0.328418 0.015312 0.021448
10 0.491166 0.392761 0.008245 0.032172
10 0.497644 0.394102 0.009423 0.034853
10 0.504122 0.390080 0.009423 0.034853
10 0.522085 0.382708 0.007656 0.030831
10 0.545936 0.454424 0.008245 0.034853
10 0.528857 0.379357 0.009423 0.032172
10 0.536219 0.378686 0.008834 0.033512
10 0.542403 0.373324 0.009423 0.036193
10 0.523852 0.463807 0.010012 0.037534
10 0.532097 0.460456 0.008834 0.033512
10 0.538869 0.455764 0.009423 0.032172
10 0.615135 0.344504 0.008834 0.034853
10 0.621025 0.421582 0.007656 0.033512
10 0.497350 0.476542 0.008834 0.030831
10 0.691991 0.391421 0.009423 0.034853
10 0.645171 0.410188 0.008834 0.032172
10 0.652827 0.404826 0.008834 0.034853
10 0.659600 0.402815 0.008245 0.033512
10 0.667550 0.400804 0.011190 0.034853
10 0.676973 0.400134 0.008834 0.038874
10 0.684335 0.390751 0.009423 0.030831
10 0.701708 0.383378 0.010012 0.034853
10 0.776207 0.268767 0.008245 0.030831
10 0.707892 0.380027 0.009423 0.036193
10 0.714370 0.375335 0.009423 0.032172
10 0.722320 0.373995 0.008834 0.034853
10 0.916078 0.168231 0.008834 0.033512
10 0.919317 0.200402 0.007067 0.028150
10 0.921084 0.231903 0.010601 0.034853
10 0.634276 0.415550 0.009423 0.032172
10 0.769140 0.276139 0.008245 0.029491
10 0.627208 0.420912 0.008245 0.032172
10 0.673734 0.316354 0.008245 0.032172
10 0.629859 0.337802 0.007656 0.034853
10 0.636631 0.333780 0.009423 0.032172
10 0.645171 0.329088 0.007656 0.028150
10 0.651355 0.327748 0.008245 0.030831
10 0.658716 0.323727 0.007656 0.025469
10 0.666078 0.319035 0.008245 0.029491
10 0.680212 0.313003 0.008245 0.033512
10 0.761484 0.278150 0.009423 0.033512
10 0.688751 0.312332 0.008834 0.034853
10 0.696408 0.304290 0.008834 0.037534
10 0.703475 0.300938 0.008834 0.030831
10 0.715548 0.298257 0.008245 0.033512
10 0.727915 0.293566 0.008245 0.032172
10 0.754711 0.280161 0.008834 0.032172
10 0.505595 0.473861 0.008834 0.036193
10 0.490872 0.483244 0.007656 0.030831
10 0.236455 0.588472 0.008834 0.034853
10 0.297998 0.478552 0.008245 0.029491
10 0.252061 0.496649 0.009423 0.033512
10 0.258539 0.493298 0.008245 0.026810
10 0.267962 0.493298 0.009423 0.034853
10 0.277974 0.487265 0.008245 0.033512
10 0.283569 0.483914 0.007656 0.024129
10 0.290636 0.480563 0.010012 0.033512
10 0.304476 0.477882 0.009423 0.036193
10 0.234099 0.504021 0.008834 0.034853
10 0.310365 0.473861 0.008245 0.030831
10 0.315960 0.472520 0.007656 0.025469
10 0.323322 0.470509 0.008245 0.032172
10 0.329800 0.467158 0.009423 0.033512
10 0.336278 0.463807 0.008245 0.026810
10 0.358363 0.583110 0.010012 0.034853
10 0.242933 0.503351 0.010012 0.036193
10 0.228799 0.510724 0.007656 0.026810
10 0.364547 0.654826 0.009423 0.033512
10 0.282980 0.569035 0.010012 0.036193
10 0.243522 0.586461 0.010012 0.033512
10 0.250000 0.582440 0.008834 0.030831
10 0.256478 0.578418 0.008834 0.033512
10 0.262956 0.577078 0.010012 0.036193
10 0.269729 0.574397 0.009423 0.033512
10 0.276502 0.571046 0.007656 0.029491
10 0.290636 0.564343 0.010012 0.032172
10 0.222320 0.514745 0.008834 0.029491
10 0.299470 0.560992 0.007656 0.025469
10 0.309776 0.555630 0.010601 0.030831
10 0.194935 0.526139 0.009423 0.036193
10 0.201708 0.524129 0.007656 0.032172
10 0.208186 0.519437 0.007656 0.030831
10 0.214075 0.516756 0.008834 0.030831
10 0.361307 0.619973 0.008834 0.030831
10 0.367786 0.693029 0.010012 0.032172
10 0.480271 0.485255 0.007656 0.029491
10 0.420495 0.508713 0.009423 0.036193
10 0.447291 0.414209 0.008834 0.029491
10 0.455536 0.410188 0.010012 0.032172
10 0.464075 0.407507 0.010601 0.034853
10 0.472026 0.405496 0.008834 0.033512
10 0.404594 0.513405 0.010601 0.034853
10 0.412250 0.512064 0.007067 0.026810
10 0.427856 0.506032 0.010012 0.033512
10 0.433157 0.422922 0.010012 0.033512
10 0.436101 0.505362 0.008834 0.034853
10 0.444052 0.497989 0.007067 0.033512
10 0.452002 0.498660 0.008834 0.034853
10 0.459658 0.491287 0.008834 0.030831
10 0.466431 0.493298 0.008245 0.029491
10 0.473793 0.489276 0.008834 0.032172
10 0.440518 0.418231 0.008245 0.029491
10 0.426090 0.424933 0.010012 0.034853
10 0.371025 0.731903 0.009423 0.037534
10 0.356890 0.451743 0.008245 0.032172
10 0.374853 0.765416 0.010012 0.032172
10 0.383098 0.861930 0.008834 0.029491
10 0.385748 0.899464 0.008245 0.032172
10 0.388693 0.936997 0.009423 0.034853
10 0.391048 0.973861 0.009423 0.030831
10 0.346879 0.457105 0.009423 0.032172
10 0.367197 0.449732 0.008834 0.030831
10 0.419317 0.426273 0.009423 0.032172
10 0.373969 0.446381 0.009423 0.037534
10 0.380448 0.440349 0.009423 0.033512
10 0.388104 0.439678 0.008245 0.032172
10 0.394876 0.437668 0.010012 0.033512
10 0.405771 0.432306 0.010601 0.036193
10 0.412544 0.428954 0.008834 0.032172
6 0.141343 0.457105 0.036514 0.034853
