10 0.885455 0.208506 0.018182 0.026971
6 0.736970 0.461618 0.038788 0.066390
6 0.792121 0.622407 0.035152 0.068465
6 0.636970 0.601660 0.037576 0.060166
6 0.647273 0.581950 0.038788 0.070539
6 0.584242 0.562759 0.033939 0.057054
6 0.596970 0.544087 0.030303 0.059129
6 0.612121 0.533195 0.033939 0.064315
6 0.633939 0.495851 0.043636 0.070539
6 0.671515 0.542012 0.038788 0.067427
6 0.695758 0.505705 0.033939 0.067427
6 0.647273 0.479772 0.033939 0.057054
6 0.661212 0.458506 0.040000 0.070539
6 0.672727 0.438278 0.036364 0.057054
6 0.684848 0.420643 0.033939 0.061203
6 0.707879 0.485477 0.041212 0.072614
6 0.721818 0.479772 0.037576 0.065353
6 0.774545 0.546680 0.038788 0.068465
6 0.796970 0.548755 0.032727 0.070539
6 0.772121 0.617739 0.036364 0.071577
6 0.752121 0.616183 0.035152 0.070539
6 0.735152 0.609440 0.035152 0.069502
6 0.193939 0.522822 0.065455 0.031120
6 0.328485 0.284751 0.050909 0.050830
6 0.465455 0.272303 0.048485 0.048755
6 0.353939 0.323133 0.053333 0.052905
6 0.216970 0.401452 0.055758 0.051867
6 0.319394 0.424793 0.054545 0.054979
6 0.333939 0.452801 0.054545 0.054979
6 0.390303 0.397822 0.060606 0.061203
6 0.696364 0.776452 0.027879 0.067427
6 0.692121 0.640041 0.016970 0.070539
6 0.715152 0.780083 0.029091 0.066390
6 0.733333 0.783195 0.029091 0.066390
6 0.755758 0.780602 0.023030 0.067427
6 0.784848 0.784232 0.018182 0.060166
6 0.566061 0.682573 0.080000 0.018672
6 0.552121 0.659751 0.081212 0.022822
6 0.518788 0.637967 0.080000 0.024896
6 0.815152 0.546680 0.032727 0.068465
6 0.751515 0.450207 0.038788 0.068465
10 0.870909 0.204357 0.018182 0.024896
6 0.699394 0.410788 0.033939 0.060166
10 0.812121 0.137448 0.019394 0.023859
10 0.823030 0.143154 0.019394 0.024896
10 0.835758 0.144710 0.018182 0.023859
10 0.849697 0.147303 0.016970 0.022822
10 0.860606 0.151971 0.016970 0.023859
10 0.869697 0.129668 0.018182 0.024896
10 0.881212 0.133817 0.016970 0.022822
10 0.892727 0.136929 0.015758 0.020747
10 0.905455 0.140560 0.019394 0.025934
10 0.918182 0.144710 0.020606 0.025934
10 0.897576 0.161307 0.018182 0.021784
10 0.884242 0.157158 0.015758 0.019710
10 0.873939 0.155083 0.014545 0.021784
10 0.748485 0.178423 0.018182 0.022822
10 0.762424 0.178423 0.016970 0.022822
10 0.733939 0.174793 0.018182 0.023859
10 0.849091 0.199689 0.015758 0.023859
10 0.775758 0.127593 0.016970 0.022822
10 0.786667 0.130705 0.021818 0.024896
10 0.845455 0.123963 0.020606 0.025934
6 0.790909 0.340768 0.078788 0.021784
6 0.713333 0.398340 0.037576 0.058091
6 0.726061 0.386929 0.033939 0.053942
6 0.741212 0.372925 0.032727 0.050830
6 0.764242 0.434129 0.035152 0.061203
6 0.773333 0.404046 0.033939 0.059129
6 0.786061 0.385373 0.035152 0.054979
6 0.627879 0.351141 0.048485 0.050830
6 0.789697 0.323651 0.064242 0.018672
10 0.833939 0.121369 0.016970 0.022822
10 0.803636 0.055498 0.019394 0.025934
10 0.928485 0.044087 0.024242 0.015560
10 0.933333 0.053942 0.026667 0.018672
10 0.948485 0.073133 0.027879 0.019710
10 0.961818 0.095436 0.025455 0.018672
10 0.971515 0.113589 0.027879 0.019710
10 0.819394 0.115664 0.019394 0.028008
6 0.410909 0.316909 0.041212 0.065353
