10 0.263480 0.359105 0.026961 0.016277
6 0.650735 0.360122 0.041667 0.044761
6 0.696691 0.224313 0.028186 0.045778
6 0.678922 0.219736 0.026961 0.044761
6 0.659926 0.217701 0.028186 0.046796
6 0.641544 0.215666 0.028186 0.046796
6 0.622549 0.215666 0.024510 0.042726
6 0.606618 0.211597 0.024510 0.044761
6 0.580270 0.206002 0.025735 0.043744
6 0.563725 0.202950 0.026961 0.045778
6 0.546569 0.200916 0.026961 0.045778
6 0.525123 0.195829 0.025735 0.045778
6 0.506740 0.191251 0.025735 0.046796
6 0.487745 0.190234 0.024510 0.044761
6 0.120711 0.685656 0.020833 0.042726
6 0.116422 0.729908 0.022059 0.043744
6 0.130515 0.738555 0.020833 0.042726
6 0.172794 0.764496 0.044118 0.045778
6 0.185049 0.753306 0.041667 0.043744
6 0.714461 0.229908 0.026961 0.044761
6 0.620098 0.261953 0.058824 0.023398
6 0.741422 0.263988 0.056373 0.021363
6 0.896446 0.299593 0.050245 0.021363
6 0.562500 0.349440 0.058824 0.025432
6 0.566789 0.336216 0.057598 0.025432
6 0.510417 0.320448 0.057598 0.028484
6 0.551471 0.314344 0.058824 0.026450
6 0.651348 0.300610 0.030637 0.047813
6 0.705270 0.288911 0.050245 0.020346
6 0.895221 0.312818 0.050245 0.021363
6 0.844975 0.301628 0.050245 0.021363
6 0.779412 0.255341 0.051471 0.022380
6 0.791667 0.288403 0.049020 0.021363
6 0.741422 0.279756 0.056373 0.024415
6 0.900123 0.284334 0.050245 0.021363
6 0.844975 0.287386 0.050245 0.019329
6 0.794118 0.273143 0.051471 0.021363
6 0.683211 0.272126 0.055147 0.021363
6 0.832108 0.268057 0.053922 0.023398
6 0.197917 0.744659 0.042892 0.042726
6 0.145833 0.711089 0.034314 0.048830
6 0.161765 0.706002 0.034314 0.042726
6 0.378676 0.173449 0.026961 0.047813
6 0.264093 0.254323 0.055147 0.022380
6 0.468137 0.183113 0.024510 0.048830
6 0.447304 0.182604 0.026961 0.047813
6 0.431373 0.177009 0.026961 0.048830
6 0.412990 0.175992 0.024510 0.048830
6 0.310662 0.199898 0.055147 0.021363
6 0.397059 0.169888 0.026961 0.046796
6 0.359681 0.167854 0.023284 0.046796
6 0.379902 0.272635 0.053922 0.024415
6 0.343137 0.164293 0.024510 0.047813
6 0.325368 0.161241 0.025735 0.045778
6 0.307598 0.157172 0.022059 0.043744
6 0.290441 0.153611 0.022059 0.044761
6 0.276961 0.147508 0.026961 0.046796
6 0.257966 0.149542 0.025735 0.042726
6 0.234069 0.151068 0.031863 0.047813
6 0.322917 0.263479 0.055147 0.022380
6 0.441176 0.283825 0.053922 0.026450
6 0.176471 0.698372 0.034314 0.043744
6 0.142770 0.653103 0.020833 0.042726
6 0.212623 0.733978 0.042892 0.043744
6 0.226103 0.718210 0.035539 0.046796
6 0.242647 0.712614 0.036765 0.047813
6 0.254289 0.701933 0.033088 0.046796
6 0.266544 0.690743 0.033088 0.046796
6 0.213848 0.667345 0.035539 0.046796
6 0.198529 0.673957 0.036765 0.045778
6 0.124387 0.641913 0.018382 0.040692
6 0.163603 0.398779 0.033088 0.046796
6 0.466299 0.561038 0.045343 0.043744
6 0.329044 0.639369 0.052696 0.017294
6 0.248162 0.607325 0.055147 0.030519
6 0.135417 0.558494 0.018382 0.042726
6 0.148897 0.509156 0.020833 0.045778
6 0.205270 0.481180 0.033088 0.046796
6 0.154412 0.445066 0.019608 0.043744
6 0.558211 0.364191 0.057598 0.026450
6 0.668505 0.316378 0.028186 0.040692
10 0.347426 0.351475 0.023284 0.025432
6 0.713235 0.304680 0.053922 0.021363
10 0.325368 0.093082 0.030637 0.017294
10 0.225490 0.076806 0.024510 0.013225
10 0.176471 0.068667 0.026961 0.019329
6 0.919118 0.358087 0.049020 0.020346
6 0.923407 0.345371 0.055147 0.021363
6 0.928309 0.333164 0.047794 0.021363
6 0.945466 0.323499 0.047794 0.020346
6 0.946691 0.309766 0.052696 0.023398
6 0.952206 0.295015 0.053922 0.022380
6 0.513480 0.542726 0.044118 0.035605
6 0.549020 0.534079 0.039216 0.042726
6 0.563113 0.522889 0.042892 0.042726
6 0.581495 0.515768 0.040441 0.040692
6 0.596201 0.507630 0.040441 0.044761
6 0.617647 0.502035 0.044118 0.043744
6 0.633578 0.493388 0.041667 0.044761
6 0.648284 0.482706 0.041667 0.041709
10 0.356005 0.098169 0.033088 0.015259
10 0.209559 0.132757 0.012255 0.023398
10 0.155637 0.230926 0.024510 0.012208
10 0.180147 0.300610 0.014706 0.029502
10 0.332721 0.348423 0.020833 0.029502
10 0.316789 0.345880 0.020833 0.024415
10 0.305147 0.341302 0.017157 0.021363
10 0.287377 0.334181 0.020833 0.023398
10 0.255515 0.328077 0.018382 0.021363
10 0.237745 0.324008 0.014706 0.021363
10 0.194853 0.310275 0.014706 0.024415
10 0.158701 0.303662 0.023284 0.009156
10 0.153799 0.244659 0.023284 0.011190
10 0.159926 0.290946 0.025735 0.010173
10 0.158088 0.278230 0.022059 0.011190
10 0.157475 0.266531 0.023284 0.012208
10 0.156250 0.255341 0.023284 0.010173
10 0.181373 0.271109 0.012255 0.019329
10 0.196078 0.261953 0.012255 0.019329
10 0.180760 0.251780 0.011029 0.019329
6 0.679534 0.467955 0.040441 0.040692
6 0.661152 0.473550 0.042892 0.043744
6 0.515319 0.431333 0.033088 0.044761
6 0.762868 0.325534 0.050245 0.022380
6 0.768995 0.362665 0.057598 0.025432
6 0.718137 0.348423 0.049020 0.023398
6 0.870711 0.362665 0.050245 0.023398
6 0.816176 0.351475 0.056373 0.025432
6 0.757966 0.339268 0.055147 0.021363
6 0.702819 0.331129 0.055147 0.021363
6 0.709559 0.317904 0.053922 0.021363
6 0.816176 0.336216 0.053922 0.023398
6 0.827206 0.392675 0.056373 0.030519
6 0.870098 0.348423 0.051471 0.023398
6 0.871324 0.335198 0.049020 0.023398
6 0.818627 0.322991 0.051471 0.023398
6 0.768995 0.312818 0.050245 0.021363
6 0.874387 0.321465 0.057598 0.024415
6 0.817402 0.309257 0.056373 0.026450
6 0.760417 0.298067 0.057598 0.022380
6 0.829044 0.377925 0.057598 0.029502
6 0.768382 0.375381 0.053922 0.026450
6 0.528186 0.436928 0.034314 0.045778
6 0.723652 0.438454 0.042892 0.040692
6 0.545956 0.440997 0.030637 0.041709
6 0.625000 0.437436 0.053922 0.030519
6 0.634191 0.449644 0.060049 0.032553
6 0.691176 0.459308 0.044118 0.041709
6 0.708333 0.454222 0.046569 0.045778
6 0.664216 0.425229 0.049020 0.028484
6 0.672794 0.414547 0.058824 0.029502
6 0.749387 0.437945 0.050245 0.041709
6 0.709559 0.364191 0.058824 0.026450
6 0.683824 0.401322 0.056373 0.031536
6 0.744485 0.409969 0.057598 0.036623
6 0.689338 0.389115 0.055147 0.027467
6 0.801471 0.400305 0.049020 0.031536
6 0.785539 0.410987 0.051471 0.032553
6 0.737132 0.390132 0.055147 0.031536
6 0.682598 0.373856 0.053922 0.025432
6 0.176471 0.144456 0.017157 0.044761
