10 0.036458 0.684303 0.031250 0.049383
10 0.223958 0.937390 0.031250 0.040564
6 0.216667 0.507055 0.062500 0.079365
6 0.271875 0.519400 0.052083 0.079365
6 0.296875 0.523810 0.052083 0.077601
6 0.376042 0.554674 0.052083 0.079365
6 0.433333 0.562610 0.050000 0.077601
6 0.325000 0.533510 0.050000 0.079365
6 0.242708 0.512346 0.052083 0.079365
10 0.263542 0.948854 0.039583 0.045855
10 0.196875 0.930335 0.031250 0.040564
10 0.071875 0.689594 0.031250 0.049383
10 0.173958 0.928571 0.027083 0.040564
10 0.154167 0.924162 0.033333 0.042328
10 0.129167 0.919753 0.033333 0.044092
10 0.051042 0.908289 0.035417 0.038801
10 0.267708 0.734568 0.031250 0.040564
10 0.220833 0.725750 0.033333 0.044092
10 0.176042 0.715168 0.031250 0.044092
10 0.098958 0.696649 0.039583 0.052910
6 0.181250 0.522046 0.050000 0.074074
