10 0.988171 0.568087 0.018198 0.023909
6 0.611465 0.713617 0.040036 0.044699
6 0.650136 0.571726 0.040946 0.043659
6 0.657416 0.583680 0.040946 0.044699
6 0.676524 0.505198 0.039126 0.045738
6 0.538672 0.619023 0.041856 0.046778
6 0.546406 0.631497 0.040946 0.044699
6 0.555050 0.642412 0.041856 0.045738
6 0.573703 0.666320 0.040946 0.043659
6 0.583258 0.677755 0.041856 0.043659
6 0.594631 0.686590 0.035487 0.038462
6 0.604641 0.699064 0.039126 0.042620
6 0.623294 0.725052 0.040036 0.042620
10 0.977707 0.574844 0.017288 0.024948
6 0.665150 0.777027 0.040036 0.044699
6 0.672884 0.796778 0.039126 0.042620
6 0.683803 0.808212 0.040946 0.046778
6 0.691538 0.821206 0.040036 0.043659
6 0.747953 0.891372 0.040036 0.044699
6 0.757962 0.902807 0.038217 0.044699
6 0.774340 0.920998 0.041856 0.045738
6 0.729299 0.675676 0.040946 0.045738
6 0.738854 0.687630 0.040036 0.042620
6 0.747043 0.700624 0.040036 0.043659
6 0.640582 0.560291 0.040036 0.043659
6 0.631028 0.547817 0.042766 0.047817
6 0.621474 0.537422 0.043676 0.045738
6 0.613285 0.524428 0.041856 0.044699
6 0.222475 0.360187 0.033667 0.055094
6 0.237034 0.347713 0.026388 0.048857
6 0.363512 0.359148 0.048226 0.036383
6 0.317106 0.512994 0.031847 0.050936
6 0.328935 0.506757 0.031847 0.053015
6 0.347589 0.493243 0.032757 0.055094
6 0.360328 0.488046 0.030937 0.053015
6 0.371702 0.480769 0.031847 0.053015
6 0.469973 0.548337 0.046406 0.017672
6 0.494086 0.372661 0.045496 0.048857
6 0.504095 0.384615 0.040036 0.043659
6 0.511374 0.395530 0.043676 0.046778
6 0.523203 0.406445 0.040036 0.043659
6 0.540036 0.432432 0.042766 0.045738
6 0.528662 0.422557 0.040036 0.042620
6 0.549591 0.443347 0.041856 0.044699
6 0.566424 0.467775 0.042766 0.045738
6 0.576433 0.478170 0.040946 0.045738
6 0.585532 0.489605 0.040946 0.043659
6 0.595086 0.500520 0.040036 0.042620
6 0.604641 0.513514 0.040946 0.043659
6 0.756597 0.712578 0.039126 0.044699
6 0.765241 0.726091 0.043676 0.046778
6 0.774340 0.736486 0.041856 0.044699
10 0.282530 0.502599 0.019108 0.023909
10 0.372611 0.056653 0.019108 0.019751
10 0.378071 0.065489 0.022748 0.018711
10 0.296178 0.400208 0.015469 0.024948
10 0.328025 0.383056 0.019108 0.028067
10 0.920382 0.668919 0.015469 0.021830
10 0.874431 0.633056 0.014559 0.022869
10 0.928571 0.658004 0.017288 0.024948
10 0.938581 0.652287 0.015469 0.023909
10 0.946770 0.645010 0.015469 0.025988
10 0.954959 0.640852 0.015469 0.023909
10 0.963603 0.634615 0.014559 0.023909
10 0.972247 0.628898 0.015469 0.024948
10 0.980437 0.624220 0.017288 0.025988
10 0.989081 0.617464 0.018198 0.024948
10 0.951774 0.711019 0.016379 0.022869
10 0.963148 0.704782 0.013649 0.020790
10 0.970883 0.698545 0.016379 0.024948
10 0.980437 0.692308 0.017288 0.024948
10 0.990446 0.684511 0.017288 0.025988
10 0.959054 0.585239 0.014559 0.018711
10 0.967698 0.581081 0.015469 0.024948
10 0.307097 0.064969 0.020928 0.019751
10 0.258872 0.475572 0.019108 0.021830
6 0.781165 0.750520 0.039126 0.041580
10 0.203367 0.430873 0.019108 0.021830
6 0.790719 0.761435 0.043676 0.046778
10 0.263421 0.071206 0.019108 0.017672
10 0.273430 0.090437 0.020928 0.016632
10 0.275705 0.101871 0.018198 0.018711
10 0.031847 0.172037 0.016379 0.019751
10 0.040036 0.179834 0.021838 0.022869
10 0.115560 0.193347 0.020018 0.020790
10 0.129663 0.209979 0.020928 0.020790
10 0.136943 0.218295 0.017288 0.018711
10 0.149227 0.235967 0.020018 0.020790
10 0.074158 0.253119 0.020928 0.023909
10 0.082348 0.277547 0.017288 0.018711
10 0.090992 0.286902 0.018198 0.018711
10 0.177434 0.271310 0.020018 0.020790
10 0.202912 0.286383 0.018198 0.019751
10 0.208371 0.295218 0.025478 0.024948
10 0.123294 0.326923 0.019108 0.021830
10 0.130573 0.337318 0.019108 0.021830
10 0.147862 0.355509 0.020928 0.022869
10 0.168790 0.391372 0.019108 0.019751
10 0.194268 0.420478 0.022748 0.030146
6 0.422657 0.231809 0.044586 0.035343
