10 0.765946 0.072482 0.022703 0.056511
10 0.793514 0.369779 0.023784 0.051597
6 0.209730 0.537469 0.092973 0.097052
6 0.217838 0.497543 0.085405 0.085995
6 0.221622 0.460074 0.084324 0.084767
6 0.635135 0.382678 0.027027 0.099509
6 0.608649 0.388206 0.025946 0.100737
6 0.584865 0.386364 0.030270 0.099509
6 0.559459 0.385749 0.029189 0.100737
6 0.532973 0.382678 0.032432 0.099509
6 0.508649 0.382064 0.031351 0.100737
6 0.455135 0.377150 0.034595 0.103194
6 0.425405 0.375307 0.029189 0.101966
6 0.213514 0.413391 0.065946 0.070025
6 0.227027 0.384521 0.092973 0.095823
6 0.233514 0.345823 0.088649 0.092138
6 0.229730 0.299754 0.089730 0.095823
6 0.233514 0.261057 0.090811 0.094595
6 0.230270 0.216830 0.090811 0.097052
6 0.237297 0.178133 0.094054 0.098280
6 0.237838 0.137592 0.092973 0.090909
6 0.205946 0.617936 0.089730 0.093366
6 0.202703 0.654177 0.089730 0.094595
6 0.199459 0.697789 0.091892 0.093366
6 0.660000 0.384521 0.031351 0.100737
10 0.769730 0.363022 0.025946 0.062654
10 0.726486 0.285627 0.047568 0.028256
10 0.669730 0.248771 0.055135 0.035627
10 0.637297 0.066953 0.029189 0.055283
10 0.578378 0.064496 0.025946 0.045455
10 0.447568 0.058354 0.025946 0.052826
6 0.241622 0.041155 0.061622 0.023342
6 0.688108 0.390663 0.029189 0.095823
6 0.677297 0.735258 0.024865 0.094595
6 0.382162 0.734644 0.031351 0.098280
6 0.651351 0.731572 0.031351 0.099509
6 0.624865 0.731572 0.028108 0.097052
6 0.600541 0.732187 0.031351 0.095823
6 0.575676 0.726658 0.029189 0.101966
6 0.547027 0.729115 0.032432 0.097052
6 0.470270 0.719902 0.032432 0.113022
6 0.440541 0.726658 0.029189 0.097052
6 0.411892 0.726044 0.032432 0.098280
6 0.240000 0.097052 0.095135 0.085995
