6 0.367828 0.634259 0.043033 0.018519
6 0.296619 0.642747 0.037910 0.020062
6 0.295082 0.704475 0.036885 0.020062
6 0.293545 0.725309 0.042008 0.018519
6 0.295082 0.744599 0.040984 0.020062
6 0.294570 0.764660 0.039959 0.020062
6 0.293033 0.786265 0.040984 0.020062
6 0.295082 0.804012 0.038934 0.018519
6 0.293545 0.825617 0.037910 0.021605
6 0.293545 0.843364 0.037910 0.023148
6 0.293033 0.862654 0.038934 0.024691
6 0.294057 0.883488 0.040984 0.023148
6 0.293545 0.902006 0.037910 0.023148
6 0.411885 0.897377 0.047131 0.026235
6 0.394980 0.868056 0.037910 0.023148
6 0.440061 0.831790 0.011270 0.064815
6 0.461578 0.838735 0.013320 0.066358
6 0.365266 0.849537 0.042008 0.020062
6 0.365779 0.830247 0.040984 0.018519
6 0.364754 0.810957 0.043033 0.016975
6 0.366291 0.792438 0.042008 0.020062
6 0.366291 0.770062 0.042008 0.018519
6 0.365779 0.750772 0.040984 0.020062
6 0.294570 0.682870 0.037910 0.020062
6 0.296619 0.623457 0.037910 0.018519
6 0.297131 0.564815 0.038934 0.018519
6 0.394980 0.416667 0.013320 0.064815
6 0.279201 0.412037 0.013320 0.064815
6 0.293033 0.410494 0.014344 0.067901
6 0.304816 0.413580 0.011270 0.067901
6 0.316086 0.413580 0.011270 0.067901
6 0.329406 0.412809 0.011270 0.066358
6 0.342725 0.415123 0.011270 0.064815
6 0.355020 0.413580 0.011270 0.064815
6 0.368340 0.413580 0.013320 0.067901
6 0.381148 0.415123 0.012295 0.064815
6 0.408299 0.415123 0.011270 0.067901
6 0.297643 0.547840 0.037910 0.018519
6 0.748975 0.469136 0.014344 0.067901
6 0.763320 0.472994 0.014344 0.063272
6 0.794057 0.469136 0.014344 0.070988
6 0.809939 0.472994 0.013320 0.063272
6 0.824795 0.471451 0.012295 0.069444
6 0.840164 0.472222 0.012295 0.067901
6 0.853996 0.471451 0.011270 0.069444
6 0.298668 0.506944 0.037910 0.020062
6 0.297643 0.526235 0.037910 0.021605
6 0.366291 0.733025 0.042008 0.021605
6 0.365779 0.711420 0.040984 0.018519
6 0.366803 0.692901 0.040984 0.018519
6 0.502561 0.611883 0.042008 0.020062
6 0.500512 0.843364 0.044057 0.020062
6 0.498975 0.822531 0.040984 0.021605
6 0.500512 0.803241 0.044057 0.020062
6 0.501537 0.781636 0.042008 0.020062
6 0.501537 0.758488 0.042008 0.016975
6 0.502049 0.696759 0.040984 0.020062
6 0.503586 0.675926 0.042008 0.018519
6 0.502561 0.654321 0.042008 0.021605
6 0.501537 0.635031 0.042008 0.023148
6 0.504098 0.592593 0.040984 0.018519
6 0.407787 0.846451 0.038934 0.020062
6 0.503074 0.572531 0.043033 0.018519
6 0.503586 0.552469 0.042008 0.018519
6 0.504098 0.530093 0.040984 0.020062
6 0.503074 0.509259 0.043033 0.021605
6 0.873975 0.460648 0.014344 0.103395
6 0.416496 0.155093 0.085041 0.020062
6 0.297643 0.587191 0.037910 0.020062
6 0.297643 0.607253 0.037910 0.023148
6 0.296107 0.665895 0.038934 0.020062
6 0.498463 0.865741 0.042008 0.027778
6 0.407275 0.827932 0.037910 0.020062
6 0.367828 0.672840 0.040984 0.018519
6 0.411885 0.594907 0.038934 0.020062
6 0.368340 0.655093 0.042008 0.023148
6 0.368340 0.614969 0.042008 0.020062
6 0.368852 0.595679 0.043033 0.018519
6 0.368852 0.576389 0.040984 0.020062
6 0.369365 0.558642 0.042008 0.021605
6 0.369365 0.539352 0.044057 0.020062
6 0.410861 0.538580 0.038934 0.018519
6 0.410861 0.557099 0.038934 0.021605
6 0.410861 0.576389 0.038934 0.020062
6 0.411885 0.615741 0.040984 0.021605
6 0.406250 0.809414 0.037910 0.023148
6 0.410348 0.633488 0.039959 0.023148
6 0.409836 0.650463 0.040984 0.023148
6 0.409324 0.672840 0.037910 0.018519
6 0.409836 0.691358 0.040984 0.018519
6 0.408811 0.711420 0.038934 0.024691
6 0.409324 0.730710 0.035861 0.020062
6 0.407787 0.750000 0.038934 0.021605
6 0.407275 0.770833 0.035861 0.023148
6 0.406762 0.791667 0.036885 0.018519
6 0.265369 0.418210 0.012295 0.064815
