10 0.990521 0.101859 0.012187 0.024012
10 0.967840 0.084043 0.023697 0.013168
6 0.413338 0.217273 0.042654 0.058095
6 0.418416 0.196747 0.043331 0.057320
6 0.422139 0.176607 0.044008 0.057320
6 0.431618 0.163439 0.042654 0.057320
6 0.436357 0.143687 0.042654 0.058095
6 0.444482 0.128582 0.042654 0.058869
6 0.636087 0.151433 0.018280 0.061193
6 0.651320 0.147560 0.018957 0.058095
6 0.666892 0.149497 0.018957 0.058869
6 0.682126 0.151433 0.018280 0.059644
6 0.697360 0.152982 0.020311 0.061193
6 0.677725 0.213788 0.020311 0.061967
6 0.693297 0.211851 0.020311 0.059644
6 0.475288 0.290473 0.056872 0.021689
6 0.650643 0.312548 0.052810 0.033308
6 0.655044 0.328815 0.053487 0.033308
6 0.552810 0.398141 0.031821 0.063517
6 0.567366 0.402014 0.031144 0.060418
6 0.652336 0.364059 0.053487 0.037180
6 0.708192 0.357862 0.039269 0.058869
6 0.720379 0.345081 0.037915 0.061193
6 0.707177 0.396592 0.038592 0.060418
6 0.697698 0.416344 0.033175 0.061193
6 0.690928 0.434934 0.033175 0.061193
6 0.644211 0.403176 0.052133 0.039504
6 0.645904 0.422541 0.052810 0.039504
6 0.682126 0.455848 0.031821 0.061193
6 0.670616 0.470953 0.027759 0.061967
6 0.654367 0.470953 0.030467 0.061967
6 0.405890 0.234314 0.042654 0.056545
6 0.374746 0.749032 0.052133 0.035631
6 0.200406 0.730442 0.052810 0.029435
6 0.225796 0.420991 0.050779 0.034857
6 0.288761 0.232765 0.057549 0.036406
6 0.281991 0.248644 0.056195 0.035631
6 0.277590 0.265298 0.055518 0.036406
6 0.271158 0.279241 0.054841 0.037955
6 0.268788 0.296669 0.055518 0.038730
6 0.257278 0.327266 0.055518 0.036406
6 0.371022 0.362510 0.039269 0.029435
6 0.380840 0.329589 0.042654 0.031758
6 0.366622 0.377227 0.041300 0.032533
6 0.361205 0.395430 0.041300 0.031758
6 0.251862 0.347405 0.055518 0.034857
6 0.247123 0.363672 0.055518 0.036406
6 0.237982 0.407049 0.050779 0.036406
6 0.219364 0.438807 0.051456 0.036406
6 0.142857 0.705267 0.052810 0.033308
6 0.239675 0.494965 0.052810 0.035631
6 0.233582 0.517041 0.052810 0.036406
6 0.229858 0.532146 0.052133 0.034082
6 0.224780 0.548025 0.052810 0.036406
6 0.220718 0.562742 0.054164 0.037955
6 0.265064 0.535244 0.025051 0.061967
6 0.214624 0.578234 0.052810 0.036406
6 0.210223 0.592564 0.053487 0.035631
6 0.214963 0.633230 0.052133 0.036406
6 0.211239 0.650271 0.052810 0.037955
6 0.206161 0.671960 0.052133 0.036406
6 0.201422 0.690163 0.052133 0.038730
6 0.190251 0.705655 0.051456 0.037180
6 0.644211 0.484508 0.034529 0.061193
6 0.631686 0.493029 0.033852 0.061193
6 0.618483 0.500000 0.031821 0.059644
10 0.804333 0.144462 0.017603 0.030209
10 0.128978 0.436096 0.025051 0.041828
10 0.113067 0.491479 0.017603 0.028660
10 0.105958 0.515492 0.015572 0.025562
6 0.083615 0.489930 0.030467 0.056545
6 0.088693 0.565840 0.031144 0.050349
6 0.069059 0.622773 0.035206 0.060418
10 0.015911 0.703331 0.018280 0.027885
10 0.031821 0.748644 0.014895 0.027111
10 0.085647 0.808288 0.023697 0.020914
10 0.042316 0.829977 0.025051 0.019365
10 0.409953 0.061967 0.015572 0.026336
10 0.781652 0.133617 0.015572 0.027111
10 0.793162 0.137490 0.018280 0.030209
10 0.814489 0.148722 0.017603 0.030984
10 0.110359 0.371805 0.018957 0.030984
10 0.841232 0.134392 0.025051 0.017816
10 0.829384 0.151433 0.014895 0.027111
10 0.839878 0.159179 0.016926 0.030209
10 0.852404 0.161890 0.014895 0.026336
10 0.862221 0.165763 0.011510 0.024787
10 0.904875 0.103796 0.012864 0.026336
10 0.782668 0.182029 0.013541 0.027885
10 0.794177 0.186290 0.013541 0.030209
10 0.806026 0.191712 0.010156 0.025562
10 0.852404 0.208753 0.013541 0.027111
10 0.864590 0.217273 0.010833 0.020914
10 0.876777 0.221534 0.010833 0.026336
10 0.920785 0.105732 0.020311 0.025562
10 0.116114 0.381875 0.016926 0.027885
10 0.125931 0.353602 0.018957 0.031758
6 0.616791 0.538342 0.040623 0.057320
6 0.554502 0.945004 0.033852 0.066615
6 0.466486 0.556545 0.058226 0.037955
6 0.566689 0.652595 0.031144 0.059644
6 0.596479 0.667699 0.033852 0.061967
6 0.610359 0.675833 0.030467 0.059644
6 0.576845 0.731216 0.032498 0.061967
6 0.427217 0.772270 0.054164 0.040279
6 0.435680 0.864059 0.031821 0.062742
6 0.482735 0.872192 0.031144 0.060418
6 0.495938 0.881100 0.030467 0.059644
6 0.541977 0.862897 0.050779 0.038730
6 0.593433 0.888846 0.050779 0.036406
6 0.509479 0.913246 0.031821 0.060418
6 0.524712 0.919830 0.031144 0.061193
6 0.581923 0.958559 0.030467 0.061193
10 0.132701 0.303253 0.025728 0.036406
6 0.795531 0.212626 0.052810 0.036406
6 0.847326 0.235476 0.052133 0.035631
6 0.782668 0.247095 0.054164 0.034082
6 0.842586 0.252517 0.053487 0.035631
6 0.837170 0.266460 0.053487 0.035631
6 0.781991 0.268784 0.052810 0.030984
6 0.772850 0.285825 0.052133 0.027885
6 0.827014 0.300155 0.052133 0.034857
6 0.813135 0.317971 0.051456 0.031758
6 0.623223 0.680868 0.031821 0.060418
6 0.616791 0.049961 0.051456 0.024012
6 0.701760 0.058482 0.052133 0.025562
6 0.817197 0.070875 0.064997 0.025562
6 0.291131 0.211464 0.052810 0.035631
