10 0.516985 0.349741 0.044586 0.036269
6 0.200637 0.640760 0.040340 0.037997
6 0.294055 0.495682 0.048832 0.048359
6 0.463907 0.648532 0.116773 0.101900
6 0.504246 0.622625 0.112527 0.108808
6 0.539278 0.624352 0.084926 0.081174
6 0.541401 0.600173 0.114650 0.101900
6 0.668790 0.565630 0.059448 0.053541
6 0.680467 0.545769 0.074310 0.065630
6 0.730361 0.536269 0.055202 0.046632
10 0.658174 0.481865 0.038217 0.031088
10 0.403397 0.269430 0.029724 0.027634
10 0.385350 0.281520 0.031847 0.027634
10 0.445860 0.758204 0.042463 0.041451
10 0.055202 0.107945 0.042463 0.036269
10 0.417197 0.727116 0.040340 0.037997
10 0.263270 0.708117 0.038217 0.034542
10 0.472399 0.706390 0.040340 0.041451
10 0.594480 0.912781 0.038217 0.036269
10 0.632696 0.952504 0.038217 0.032815
10 0.082803 0.082038 0.033970 0.029361
10 0.928875 0.906736 0.040340 0.031088
10 0.938429 0.933506 0.038217 0.032815
10 0.363057 0.292746 0.029724 0.025907
6 0.149682 0.673575 0.044586 0.031088
10 0.167728 0.120035 0.038217 0.029361
6 0.277070 0.507772 0.057325 0.055268
