10 0.426343 0.331484 0.020797 0.015257
10 0.142981 0.615118 0.020797 0.015257
10 0.250433 0.547157 0.020797 0.016644
10 0.218804 0.525659 0.014731 0.011096
10 0.211438 0.531553 0.017331 0.013176
10 0.241768 0.560680 0.015598 0.011789
10 0.203640 0.546117 0.019064 0.014563
10 0.198007 0.552358 0.018198 0.013176
10 0.192808 0.557906 0.019931 0.015950
10 0.222704 0.581484 0.020797 0.015950
10 0.177643 0.572816 0.022530 0.015257
10 0.217504 0.587725 0.017331 0.013176
10 0.212738 0.593967 0.018198 0.014563
10 0.207106 0.599861 0.017331 0.012483
10 0.202773 0.605409 0.015598 0.012483
10 0.172877 0.578710 0.021664 0.014563
10 0.169411 0.584605 0.016464 0.011096
10 0.162045 0.591886 0.019064 0.014563
10 0.198007 0.609917 0.019931 0.013176
10 0.193241 0.617545 0.019064 0.013176
10 0.187608 0.622399 0.014731 0.011789
10 0.255633 0.541262 0.017331 0.013176
10 0.263432 0.529126 0.017331 0.013870
10 0.270797 0.522885 0.021664 0.015257
10 0.219237 0.212205 0.020797 0.015257
14 0.767764 0.171637 0.074523 0.067268
14 0.812825 0.194175 0.076256 0.067961
11 0.422010 0.637309 0.355286 0.314840
3 0.420277 0.637656 0.558059 0.509709
14 0.660745 0.317268 0.085789 0.058946
0 0.851386 0.666436 0.181109 0.145631
10 0.202773 0.191401 0.022530 0.013870
10 0.211005 0.205617 0.019931 0.014563
10 0.163778 0.343967 0.019064 0.018031
10 0.278163 0.510749 0.019064 0.014563
10 0.138648 0.330444 0.019064 0.017337
10 0.265165 0.466019 0.022530 0.016644
10 0.260399 0.472607 0.016464 0.013176
10 0.255633 0.479889 0.019064 0.013870
10 0.249567 0.485784 0.019064 0.013176
10 0.245234 0.491678 0.022530 0.015257
10 0.241334 0.498960 0.018198 0.014563
10 0.235269 0.503814 0.016464 0.011789
10 0.178943 0.626560 0.019931 0.011789
10 0.178943 0.633842 0.016464 0.011096
10 0.411179 0.350208 0.018198 0.012483
10 0.174177 0.640777 0.017331 0.012483
10 0.309359 0.474341 0.020797 0.015257
10 0.314125 0.468447 0.014731 0.010402
10 0.317591 0.462552 0.018198 0.013870
10 0.276430 0.455964 0.017331 0.013176
10 0.282929 0.449029 0.019931 0.014563
10 0.285962 0.443135 0.017331 0.012483
10 0.289861 0.435853 0.016464 0.011789
10 0.294627 0.430999 0.017331 0.013176
10 0.329723 0.450069 0.019931 0.012483
10 0.338821 0.438627 0.022530 0.015950
10 0.350953 0.428225 0.015598 0.011789
10 0.353986 0.421983 0.021664 0.015950
10 0.331456 0.389390 0.021664 0.014563
10 0.336222 0.381761 0.019064 0.013176
10 0.369151 0.403606 0.015598 0.012483
10 0.383016 0.385576 0.020797 0.016644
10 0.392981 0.375520 0.019931 0.013176
10 0.347920 0.369972 0.016464 0.011789
10 0.358752 0.356796 0.017331 0.013176
10 0.307626 0.482316 0.017331 0.011789
10 0.300693 0.487864 0.017331 0.013176
10 0.295494 0.492372 0.022530 0.016644
10 0.119151 0.643551 0.018198 0.012483
10 0.139081 0.622746 0.023397 0.015257
10 0.167244 0.644938 0.017331 0.012483
10 0.161612 0.651179 0.018198 0.013870
10 0.159012 0.657420 0.019931 0.013870
10 0.154246 0.664702 0.019064 0.014563
10 0.149047 0.671290 0.019064 0.013870
10 0.144281 0.676491 0.018198 0.013176
10 0.125650 0.638003 0.019064 0.013870
10 0.113951 0.653259 0.016464 0.011096
10 0.284229 0.504161 0.020797 0.015257
10 0.107886 0.659154 0.023397 0.015950
10 0.137348 0.682039 0.021664 0.014563
10 0.128683 0.693828 0.016464 0.013176
10 0.096187 0.670596 0.024263 0.015257
10 0.117851 0.705270 0.020797 0.013870
10 0.081456 0.691054 0.020797 0.014563
10 0.071490 0.703537 0.021664 0.014563
10 0.060225 0.714632 0.016464 0.011789
14 0.685442 0.286408 0.088388 0.059639
