10 0.016490 0.964159 0.030624 0.025664
10 0.047114 0.981858 0.044759 0.025664
10 0.522968 0.383628 0.047114 0.029204
10 0.482332 0.364159 0.048292 0.030973
10 0.439340 0.343805 0.044759 0.025664
10 0.612485 0.405752 0.044759 0.027434
10 0.575972 0.387611 0.044759 0.026549
10 0.534747 0.368142 0.049470 0.030088
10 0.495878 0.348673 0.047114 0.028319
10 0.451119 0.328761 0.051826 0.029204
10 0.622497 0.388496 0.045936 0.028319
10 0.582450 0.368142 0.045936 0.028319
10 0.544170 0.349115 0.047114 0.029204
10 0.504122 0.330088 0.049470 0.030088
10 0.464075 0.310177 0.044759 0.027434
10 0.636631 0.372566 0.041225 0.026549
10 0.595406 0.352212 0.048292 0.030088
10 0.574205 0.319027 0.048292 0.029204
10 0.494111 0.280973 0.043581 0.025664
10 0.667256 0.342035 0.048292 0.029204
10 0.627208 0.323009 0.045936 0.028319
10 0.588928 0.303097 0.047114 0.029204
10 0.644876 0.306637 0.048292 0.029204
10 0.562426 0.401327 0.043581 0.027434
10 0.598351 0.419912 0.047114 0.029204
10 0.580683 0.437168 0.047114 0.028319
10 0.415194 0.445133 0.048292 0.030088
10 0.365135 0.492035 0.047114 0.028319
10 0.521790 0.543363 0.044759 0.028319
10 0.487633 0.526991 0.042403 0.027434
10 0.454064 0.511947 0.041225 0.025664
10 0.394582 0.480088 0.049470 0.027434
10 0.345112 0.457522 0.042403 0.026549
10 0.512367 0.515487 0.044759 0.027434
10 0.473498 0.497788 0.047114 0.029204
10 0.432273 0.478761 0.044759 0.026549
10 0.369847 0.425221 0.047114 0.027434
10 0.411072 0.375664 0.047114 0.027434
10 0.537102 0.483186 0.044759 0.026549
10 0.502356 0.464602 0.045936 0.026549
10 0.554770 0.468142 0.044759 0.028319
10 0.514134 0.448673 0.048292 0.030088
10 0.475854 0.430088 0.044759 0.028319
10 0.438163 0.410177 0.044759 0.027434
10 0.570082 0.452655 0.044759 0.027434
10 0.529446 0.434513 0.045936 0.028319
10 0.449352 0.394690 0.048292 0.028319
10 0.685512 0.306195 0.049470 0.030088
10 0.536514 0.233628 0.048292 0.028319
10 0.696113 0.286283 0.044759 0.027434
10 0.676090 0.073009 0.051826 0.032743
10 0.660777 0.134956 0.042403 0.027434
10 0.626620 0.117257 0.042403 0.027434
10 0.729093 0.144248 0.051826 0.031858
10 0.660188 0.087611 0.048292 0.030088
10 0.789164 0.150885 0.049470 0.030973
10 0.832155 0.172124 0.048292 0.030973
10 0.829211 0.148230 0.044759 0.027434
10 0.789753 0.128319 0.045936 0.028319
10 0.716137 0.092920 0.044759 0.026549
10 0.769140 0.096460 0.051826 0.031858
10 0.617197 0.135841 0.047114 0.027434
10 0.853946 0.114159 0.040047 0.024779
10 0.814488 0.095133 0.045936 0.025664
10 0.773852 0.076549 0.044759 0.025664
10 0.828033 0.079204 0.049470 0.030973
10 0.784452 0.058850 0.044759 0.025664
10 0.700824 0.041150 0.044759 0.027434
10 0.805065 0.045575 0.048292 0.029204
10 0.747939 0.039823 0.042403 0.024779
10 0.709658 0.022124 0.043581 0.024779
10 0.805654 0.206637 0.051826 0.030973
10 0.656066 0.154867 0.044759 0.026549
10 0.659011 0.270796 0.041225 0.026549
10 0.753828 0.248230 0.047114 0.029204
10 0.625442 0.253540 0.044759 0.027434
10 0.590695 0.234956 0.045936 0.027434
10 0.714370 0.274336 0.043581 0.026549
10 0.679623 0.254867 0.042403 0.026549
10 0.644287 0.238938 0.047114 0.028319
10 0.606007 0.219912 0.045936 0.027434
10 0.657244 0.222566 0.042403 0.025664
10 0.619552 0.203982 0.054181 0.030973
10 0.573616 0.182743 0.044759 0.027434
10 0.711425 0.227434 0.049470 0.030088
10 0.603651 0.151327 0.041225 0.024779
10 0.669611 0.205752 0.050648 0.030973
10 0.625442 0.184956 0.049470 0.030088
10 0.587161 0.166814 0.043581 0.025664
10 0.739105 0.218584 0.041225 0.026549
10 0.705536 0.202212 0.042403 0.027434
10 0.773852 0.214159 0.042403 0.028319
10 0.734393 0.193363 0.043581 0.027434
10 0.673145 0.185398 0.043581 0.025664
10 0.636631 0.168142 0.043581 0.028319
10 0.402238 0.507522 0.043581 0.025664
10 0.439340 0.525664 0.049470 0.030088
10 0.477621 0.545133 0.043581 0.026549
10 0.189635 0.812389 0.047114 0.030088
10 0.348645 0.873451 0.037691 0.033628
10 0.190813 0.858850 0.044759 0.029204
10 0.176678 0.829646 0.049470 0.030973
10 0.137809 0.809735 0.047114 0.028319
10 0.103062 0.792035 0.043581 0.026549
10 0.063604 0.773894 0.049470 0.029204
10 0.074794 0.757522 0.048292 0.028319
10 0.114252 0.775664 0.047114 0.025664
10 0.154299 0.795133 0.042403 0.025664
10 0.228504 0.831858 0.049470 0.030088
10 0.293286 0.936726 0.037691 0.032743
10 0.242049 0.815487 0.048292 0.029204
10 0.200236 0.796018 0.044759 0.029204
10 0.163722 0.777434 0.042403 0.025664
10 0.127797 0.760177 0.048292 0.028319
10 0.090106 0.741150 0.045936 0.029204
10 0.144876 0.746018 0.047114 0.028319
10 0.183157 0.764602 0.041225 0.026549
10 0.219670 0.782301 0.045936 0.028319
10 0.257362 0.801327 0.048292 0.029204
10 0.319199 0.908407 0.037691 0.032743
10 0.267373 0.964602 0.035336 0.030088
10 0.157244 0.730088 0.045936 0.028319
10 0.170789 0.895575 0.044759 0.026549
10 0.018257 0.942478 0.034158 0.024779
10 0.054181 0.961947 0.047114 0.028319
10 0.091873 0.980973 0.044759 0.027434
10 0.069494 0.947788 0.049470 0.028319
10 0.030624 0.928319 0.047114 0.030088
10 0.019435 0.896903 0.036514 0.025664
10 0.052415 0.915929 0.045936 0.026549
10 0.086572 0.932301 0.043581 0.025664
10 0.124264 0.952212 0.045936 0.028319
10 0.134865 0.876549 0.048292 0.030973
10 0.045347 0.788496 0.043581 0.026549
10 0.093640 0.857522 0.048292 0.030088
10 0.054181 0.838053 0.047114 0.028319
10 0.144287 0.858850 0.045936 0.029204
10 0.103651 0.838053 0.047114 0.028319
10 0.064782 0.820796 0.044759 0.027434
10 0.030624 0.801770 0.044759 0.028319
10 0.154888 0.841150 0.041225 0.025664
10 0.114252 0.820796 0.044759 0.027434
10 0.080094 0.803540 0.042403 0.026549
10 0.120141 0.709735 0.047114 0.028319
10 0.196113 0.749115 0.045936 0.027434
10 0.438163 0.548673 0.047114 0.028319
10 0.273263 0.536726 0.047114 0.029204
10 0.221437 0.601327 0.051826 0.030973
10 0.276796 0.605310 0.051826 0.031858
10 0.233804 0.584513 0.050648 0.030973
10 0.365135 0.626549 0.049470 0.030088
10 0.324499 0.607080 0.045936 0.028319
10 0.284452 0.587168 0.048292 0.029204
10 0.241461 0.565929 0.051826 0.030973
10 0.419317 0.630973 0.047114 0.028319
10 0.380448 0.611947 0.047114 0.029204
10 0.316843 0.557965 0.049470 0.029204
10 0.306243 0.643805 0.049470 0.029204
10 0.359246 0.578761 0.049470 0.030088
10 0.401649 0.599115 0.049470 0.030088
10 0.452886 0.602212 0.050648 0.030973
10 0.412250 0.581858 0.044759 0.027434
10 0.373969 0.563274 0.048292 0.029204
10 0.330978 0.543363 0.047114 0.028319
10 0.288575 0.521239 0.049470 0.030088
10 0.470554 0.587611 0.053004 0.030088
10 0.426384 0.566372 0.049470 0.028319
10 0.265607 0.623009 0.048292 0.030088
10 0.343345 0.661947 0.045936 0.028319
10 0.234982 0.767257 0.045936 0.026549
10 0.145465 0.678761 0.043581 0.028319
10 0.277974 0.787611 0.047114 0.030088
10 0.289164 0.769912 0.045936 0.028319
10 0.249706 0.752212 0.042403 0.026549
10 0.213781 0.733186 0.045936 0.029204
10 0.173734 0.714602 0.048292 0.030973
10 0.133098 0.694248 0.049470 0.029204
10 0.265607 0.738496 0.043581 0.027434
10 0.227326 0.719027 0.044759 0.027434
10 0.187279 0.698230 0.047114 0.028319
10 0.316254 0.740265 0.043581 0.027434
10 0.383981 0.681416 0.049470 0.030088
10 0.277385 0.720354 0.048292 0.028319
10 0.235571 0.700000 0.044759 0.026549
10 0.199647 0.683186 0.043581 0.026549
10 0.162544 0.663274 0.047114 0.027434
10 0.327444 0.721239 0.042403 0.026549
10 0.291519 0.703540 0.045936 0.026549
10 0.253828 0.686283 0.041225 0.025664
10 0.220259 0.669027 0.044759 0.026549
10 0.179034 0.648673 0.049470 0.030088
10 0.765018 0.027876 0.045936 0.027434
