10 0.817323 0.966903 0.034646 0.040189
10 0.449606 0.537234 0.051969 0.020095
10 0.641732 0.727541 0.058268 0.020095
10 0.569291 0.744090 0.061417 0.022459
10 0.788189 0.815603 0.055118 0.018913
10 0.168504 0.824468 0.059843 0.020095
10 0.351181 0.822695 0.053543 0.021277
10 0.177165 0.722813 0.058268 0.024823
10 0.354331 0.777187 0.059843 0.020095
10 0.369291 0.657801 0.055118 0.022459
10 0.428346 0.637707 0.053543 0.022459
10 0.427559 0.610520 0.058268 0.022459
10 0.374803 0.583924 0.059843 0.026005
10 0.194488 0.586879 0.061417 0.022459
10 0.446457 0.562648 0.058268 0.018913
10 0.385039 0.558511 0.061417 0.022459
10 0.454331 0.513593 0.055118 0.017730
10 0.660630 0.634161 0.061417 0.022459
10 0.391339 0.508274 0.055118 0.021277
10 0.454331 0.487589 0.051969 0.020095
10 0.391339 0.485225 0.058268 0.017730
10 0.453543 0.465721 0.056693 0.018913
10 0.388976 0.460993 0.056693 0.018913
10 0.454331 0.439125 0.058268 0.020095
10 0.388976 0.439125 0.056693 0.017730
10 0.460630 0.407801 0.058268 0.018913
10 0.206299 0.461584 0.053543 0.022459
10 0.211811 0.434988 0.051969 0.021277
10 0.218110 0.414303 0.055118 0.022459
10 0.218110 0.387707 0.051969 0.021277
10 0.432283 0.328014 0.064567 0.022459
10 0.038583 0.124113 0.051969 0.018913
10 0.580315 0.674350 0.061417 0.022459
10 0.806299 0.693853 0.056693 0.021277
10 0.976378 0.455083 0.050394 0.018913
10 0.599213 0.481087 0.061417 0.021277
10 0.971654 0.576832 0.056693 0.028369
10 0.951969 0.677896 0.061417 0.020095
10 0.953543 0.703310 0.070866 0.021277
10 0.951181 0.729314 0.056693 0.018913
10 0.940945 0.775414 0.055118 0.021277
10 0.833071 0.492908 0.056693 0.018913
10 0.833071 0.468085 0.062992 0.023641
10 0.837008 0.447991 0.061417 0.026005
10 0.841732 0.419031 0.055118 0.020095
10 0.844882 0.395981 0.055118 0.018913
10 0.843307 0.372340 0.048819 0.018913
10 0.617323 0.416076 0.050394 0.018913
10 0.686614 0.425532 0.062992 0.018913
10 0.611024 0.446809 0.047244 0.018913
10 0.670079 0.484043 0.061417 0.022459
10 0.821260 0.646572 0.058268 0.021277
10 0.826772 0.545508 0.056693 0.017730
10 0.602362 0.507092 0.067717 0.023641
10 0.819685 0.518913 0.058268 0.021277
10 0.818110 0.567967 0.055118 0.022459
10 0.668504 0.510638 0.064567 0.021277
10 0.593701 0.526596 0.059843 0.020095
10 0.815748 0.592790 0.059843 0.020095
10 0.818110 0.619385 0.070866 0.021277
10 0.658268 0.534279 0.062992 0.018913
10 0.591339 0.550236 0.051969 0.022459
10 0.662205 0.560284 0.061417 0.021277
10 0.659843 0.581560 0.059843 0.021277
10 0.661417 0.602837 0.056693 0.018913
10 0.595276 0.601064 0.059843 0.020095
10 0.030709 0.029551 0.055118 0.023641
