10 0.899015 0.576712 0.041051 0.037443
10 0.921182 0.853881 0.036125 0.032877
14 0.590312 0.405936 0.224959 0.176256
14 0.758621 0.437900 0.223317 0.176256
14 0.273399 0.606393 0.231527 0.177169
14 0.446634 0.638356 0.223317 0.177169
14 0.617406 0.670320 0.220033 0.177169
10 0.472906 0.808219 0.059113 0.021918
10 0.611658 0.834247 0.057471 0.021005
10 0.446634 0.837900 0.062397 0.022831
10 0.603448 0.860731 0.054187 0.019178
10 0.409688 0.905479 0.057471 0.019178
10 0.573892 0.910046 0.057471 0.021005
10 0.408046 0.923744 0.067323 0.022831
10 0.385878 0.953425 0.065681 0.021918
10 0.552545 0.945662 0.050903 0.017352
10 0.541051 0.961644 0.057471 0.020091
10 0.533662 0.978539 0.055829 0.021005
10 0.665846 0.970776 0.041051 0.036530
10 0.873563 0.941553 0.039409 0.034703
10 0.729064 0.856621 0.036125 0.031050
10 0.887521 0.809589 0.034483 0.033790
10 0.794745 0.741553 0.042693 0.038356
10 0.822660 0.695434 0.039409 0.035616
10 0.844007 0.656621 0.045977 0.042009
10 0.876026 0.612329 0.044335 0.039269
10 0.892447 0.905479 0.034483 0.030137
14 0.419540 0.373059 0.224959 0.176256
