10 0.022177 0.882398 0.023387 0.018013
10 0.389516 0.527535 0.024194 0.019557
10 0.275403 0.509779 0.021774 0.018013
10 0.304839 0.496655 0.022581 0.019557
10 0.289113 0.515440 0.023387 0.020072
10 0.319758 0.502059 0.023387 0.019043
10 0.305242 0.519300 0.023387 0.019557
10 0.333468 0.506691 0.025000 0.021101
10 0.319758 0.525219 0.021774 0.020072
10 0.347177 0.511580 0.021774 0.017499
10 0.333871 0.527535 0.022581 0.018528
10 0.362500 0.514668 0.025000 0.020587
10 0.346371 0.532939 0.023387 0.018013
10 0.377016 0.519300 0.025000 0.021616
10 0.360484 0.538600 0.024194 0.020072
10 0.375806 0.544776 0.024194 0.020072
10 0.436694 0.410190 0.023387 0.019557
10 0.404032 0.531909 0.024194 0.020072
10 0.390323 0.549151 0.022581 0.019557
10 0.419758 0.536799 0.023387 0.019557
10 0.405242 0.554812 0.023387 0.018528
10 0.416935 0.560988 0.024194 0.019557
10 0.432258 0.543489 0.022581 0.019557
10 0.447581 0.547349 0.024194 0.019043
10 0.433065 0.564334 0.024194 0.018013
10 0.447984 0.569738 0.021774 0.019557
10 0.252419 0.556871 0.025806 0.020587
10 0.266129 0.563304 0.024194 0.019043
10 0.249194 0.580546 0.024194 0.020587
10 0.279839 0.567936 0.027419 0.021101
10 0.290726 0.491765 0.025000 0.020072
10 0.260484 0.504632 0.025806 0.020072
10 0.277419 0.486619 0.025806 0.020072
10 0.247177 0.497684 0.021774 0.017499
10 0.467339 0.417396 0.023387 0.019557
10 0.314516 0.419197 0.024194 0.020072
10 0.344758 0.430777 0.025000 0.020587
10 0.356855 0.435409 0.025000 0.020587
10 0.256855 0.421770 0.023387 0.019043
10 0.271371 0.425630 0.025000 0.020587
10 0.284274 0.433093 0.023387 0.019043
10 0.300000 0.438497 0.022581 0.019557
10 0.311290 0.445445 0.022581 0.019043
10 0.325806 0.448533 0.022581 0.018013
10 0.342339 0.452393 0.021774 0.018528
10 0.374194 0.439012 0.024194 0.019557
10 0.386290 0.445445 0.022581 0.019043
10 0.357258 0.458055 0.027419 0.023675
10 0.371371 0.463716 0.025000 0.019557
10 0.404839 0.446989 0.024194 0.019043
10 0.387097 0.465775 0.025806 0.020587
10 0.417742 0.452908 0.025806 0.022645
10 0.402016 0.471179 0.023387 0.019043
10 0.429032 0.461657 0.024194 0.019557
10 0.414516 0.479413 0.024194 0.021101
10 0.427419 0.484045 0.022581 0.018013
10 0.457661 0.472208 0.023387 0.019043
10 0.442339 0.489449 0.021774 0.018528
10 0.474194 0.475553 0.027419 0.021616
10 0.250000 0.475553 0.024194 0.020587
10 0.263306 0.481472 0.021774 0.018013
10 0.262500 0.586722 0.025000 0.020587
10 0.293145 0.574112 0.023387 0.019043
10 0.274597 0.594184 0.026613 0.022131
10 0.312500 0.658775 0.023387 0.020587
10 0.296371 0.677818 0.023387 0.018528
10 0.313306 0.680906 0.025000 0.019557
10 0.325000 0.688369 0.024194 0.019043
10 0.339919 0.667524 0.021774 0.021616
10 0.355242 0.672928 0.025000 0.022131
10 0.339919 0.692486 0.023387 0.019043
10 0.370565 0.678075 0.023387 0.021101
10 0.353629 0.697633 0.025000 0.020072
10 0.385887 0.682964 0.025000 0.020587
10 0.369758 0.703809 0.025000 0.021101
10 0.400403 0.687597 0.021774 0.019557
10 0.384274 0.707154 0.025000 0.022645
10 0.416532 0.690427 0.021774 0.019043
10 0.428629 0.698147 0.023387 0.019043
10 0.444355 0.704066 0.020968 0.017499
10 0.458871 0.707411 0.024194 0.020072
10 0.430242 0.724395 0.023387 0.020072
10 0.450000 0.731086 0.022581 0.019043
10 0.255242 0.722851 0.023387 0.019043
10 0.272177 0.725167 0.021774 0.018528
10 0.287097 0.729542 0.020968 0.018013
10 0.302823 0.735203 0.021774 0.018013
10 0.271774 0.748070 0.025806 0.020072
10 0.287500 0.753731 0.025000 0.021101
10 0.316532 0.740865 0.023387 0.019043
10 0.300806 0.758106 0.022581 0.018528
10 0.331048 0.744725 0.025000 0.020587
10 0.327016 0.662378 0.021774 0.020587
10 0.299597 0.652599 0.025000 0.018528
10 0.308468 0.579516 0.025000 0.019557
10 0.267742 0.665980 0.022581 0.018528
10 0.290323 0.596500 0.025806 0.020587
10 0.323790 0.583119 0.023387 0.019557
10 0.308468 0.598816 0.023387 0.020072
10 0.321371 0.606536 0.026613 0.021101
10 0.336290 0.612198 0.025806 0.020072
10 0.337500 0.587494 0.026613 0.022131
10 0.354032 0.592898 0.025806 0.020587
10 0.368145 0.596758 0.026613 0.021101
10 0.353226 0.617602 0.022581 0.018528
10 0.382258 0.601132 0.027419 0.020587
10 0.367339 0.620947 0.023387 0.020072
10 0.393548 0.608595 0.022581 0.018013
10 0.379032 0.626351 0.022581 0.019557
10 0.408871 0.613227 0.024194 0.019043
10 0.392339 0.631755 0.025000 0.021101
10 0.404839 0.638703 0.022581 0.018528
10 0.421371 0.641534 0.025000 0.021101
10 0.420161 0.620947 0.022581 0.019043
10 0.437903 0.623778 0.022581 0.020587
10 0.285887 0.625836 0.036290 0.016469
10 0.453629 0.626094 0.023387 0.020072
10 0.437500 0.645394 0.026613 0.020587
10 0.451210 0.651055 0.025000 0.020587
10 0.254839 0.638960 0.020968 0.019043
10 0.270161 0.642820 0.022581 0.018528
10 0.252419 0.661348 0.022581 0.018528
10 0.285081 0.648482 0.025000 0.020587
10 0.452419 0.413021 0.025806 0.020072
10 0.422177 0.404272 0.025000 0.019043
10 0.696774 0.499485 0.025806 0.021101
10 0.154032 0.628410 0.024194 0.019557
10 0.180645 0.554040 0.024194 0.020072
10 0.209274 0.539887 0.023387 0.020587
10 0.193145 0.558672 0.023387 0.019043
10 0.223790 0.545805 0.025000 0.020072
10 0.208065 0.563562 0.022581 0.017499
10 0.236290 0.553268 0.022581 0.018528
10 0.222177 0.569223 0.023387 0.018528
10 0.234274 0.575914 0.021774 0.018528
10 0.042742 0.559701 0.022581 0.019043
10 0.110887 0.587751 0.021774 0.019557
10 0.094355 0.607051 0.022581 0.020072
10 0.158065 0.601132 0.025806 0.020587
10 0.137903 0.601132 0.024194 0.019557
10 0.183871 0.635615 0.024194 0.020587
10 0.438306 0.385486 0.026613 0.020587
10 0.213710 0.645136 0.022581 0.019043
10 0.212097 0.624035 0.020968 0.018013
10 0.228226 0.627123 0.024194 0.020072
10 0.240726 0.634071 0.021774 0.017499
10 0.226613 0.652342 0.024194 0.020072
10 0.036694 0.718477 0.026613 0.020587
10 0.187903 0.694545 0.024194 0.019043
10 0.217742 0.702779 0.025806 0.022131
10 0.199597 0.722337 0.025000 0.020072
10 0.231452 0.710499 0.022581 0.019043
10 0.229032 0.733145 0.022581 0.018013
10 0.243145 0.715903 0.023387 0.019557
10 0.047984 0.746526 0.026613 0.019043
10 0.164113 0.550437 0.026613 0.021101
10 0.195161 0.536541 0.022581 0.018013
10 0.032258 0.528821 0.032258 0.014925
10 0.181452 0.532167 0.027419 0.021616
10 0.215726 0.386001 0.025000 0.020587
10 0.198387 0.405301 0.025806 0.020072
10 0.212097 0.409933 0.024194 0.018013
10 0.225806 0.415337 0.022581 0.018528
10 0.243952 0.417653 0.020161 0.016984
10 0.048790 0.463459 0.026613 0.012867
10 0.117742 0.450592 0.022581 0.020072
10 0.132661 0.456511 0.025000 0.020587
10 0.160887 0.446217 0.023387 0.019557
10 0.145565 0.463201 0.021774 0.018528
10 0.175806 0.450335 0.024194 0.021616
10 0.160081 0.469377 0.021774 0.019557
10 0.175000 0.475553 0.024194 0.020587
10 0.189919 0.455739 0.023387 0.020072
10 0.204839 0.460628 0.024194 0.019557
10 0.187903 0.480957 0.024194 0.019043
10 0.216935 0.468348 0.020968 0.017499
10 0.232661 0.470407 0.025000 0.019557
10 0.204032 0.484303 0.022581 0.019557
10 0.218548 0.490993 0.022581 0.020587
10 0.234274 0.494339 0.023387 0.020072
10 0.081048 0.496912 0.025000 0.020072
10 0.064919 0.513896 0.021774 0.019043
10 0.108871 0.505404 0.025806 0.021616
10 0.124194 0.510293 0.027419 0.022131
10 0.153629 0.520587 0.023387 0.021101
10 0.164919 0.527792 0.023387 0.019043
10 0.076210 0.757591 0.025000 0.019557
10 0.088306 0.766083 0.025000 0.020072
10 0.118145 0.751415 0.021774 0.018528
10 0.197984 0.855636 0.025000 0.022131
10 0.195565 0.880082 0.021774 0.018528
10 0.226210 0.866186 0.023387 0.019557
10 0.211290 0.884457 0.025806 0.021101
10 0.239919 0.872620 0.023387 0.019043
10 0.238306 0.896552 0.026613 0.022645
10 0.035081 0.888574 0.023387 0.021101
10 0.049597 0.892692 0.020161 0.019043
10 0.063710 0.898096 0.022581 0.018528
10 0.078629 0.901698 0.028226 0.020587
10 0.093548 0.906588 0.022581 0.020072
10 0.107661 0.913021 0.020161 0.018528
10 0.122984 0.917653 0.023387 0.018528
10 0.133871 0.924858 0.024194 0.019557
10 0.148387 0.930262 0.022581 0.018013
10 0.162903 0.936696 0.024194 0.019557
10 0.402823 0.209727 0.025000 0.020072
10 0.305645 0.278950 0.024194 0.019557
10 0.327419 0.287442 0.022581 0.019043
10 0.378629 0.282295 0.023387 0.019043
10 0.436694 0.301338 0.021774 0.019043
10 0.462903 0.313690 0.022581 0.020072
10 0.420565 0.320381 0.025000 0.022131
10 0.295161 0.355378 0.025806 0.022131
10 0.324194 0.365672 0.024194 0.020072
10 0.366532 0.360010 0.026613 0.023160
10 0.379839 0.388832 0.022581 0.020072
10 0.395161 0.392949 0.022581 0.019043
10 0.210887 0.861812 0.025000 0.022131
10 0.182258 0.875708 0.022581 0.019043
10 0.120968 0.773546 0.022581 0.018528
10 0.164919 0.871590 0.020161 0.018013
10 0.150806 0.760422 0.024194 0.020072
10 0.133871 0.778435 0.025806 0.019043
10 0.149194 0.784097 0.024194 0.019043
10 0.162097 0.788471 0.024194 0.018528
10 0.193548 0.774061 0.025806 0.022645
10 0.207661 0.780751 0.025000 0.022645
10 0.189919 0.798507 0.026613 0.021101
10 0.204032 0.802367 0.022581 0.018528
10 0.218548 0.807771 0.024194 0.022131
10 0.233468 0.812918 0.025000 0.022131
10 0.023790 0.817550 0.025000 0.020072
10 0.040726 0.822697 0.023387 0.021101
10 0.054435 0.828358 0.023387 0.019043
10 0.069758 0.809573 0.025000 0.020587
10 0.082258 0.814977 0.024194 0.018013
10 0.095968 0.818837 0.024194 0.020587
10 0.079435 0.839166 0.023387 0.020072
10 0.111694 0.824241 0.023387 0.019043
10 0.125000 0.831704 0.022581 0.018528
10 0.095565 0.844570 0.025000 0.019557
10 0.110484 0.847916 0.024194 0.019043
10 0.123790 0.854606 0.023387 0.019043
10 0.139113 0.837365 0.025000 0.019557
10 0.138306 0.860525 0.025000 0.019557
10 0.152016 0.865157 0.023387 0.018528
10 0.168145 0.847658 0.021774 0.018528
10 0.181048 0.853320 0.025000 0.021616
10 0.343548 0.752187 0.024194 0.019043
10 0.360484 0.754246 0.024194 0.020072
10 0.344355 0.772259 0.025806 0.021101
10 0.334274 0.849460 0.021774 0.019043
10 0.263710 0.802110 0.024194 0.019043
10 0.277419 0.806227 0.022581 0.020072
10 0.248387 0.818837 0.022581 0.018528
10 0.262903 0.825528 0.024194 0.019557
10 0.291935 0.811374 0.024194 0.022131
10 0.277823 0.829902 0.023387 0.020072
10 0.308065 0.816778 0.024194 0.019557
10 0.290323 0.836593 0.024194 0.020072
10 0.320161 0.822440 0.024194 0.019557
10 0.305242 0.840710 0.023387 0.019043
10 0.336290 0.827072 0.024194 0.020587
10 0.320161 0.846629 0.024194 0.021616
10 0.350000 0.831961 0.022581 0.020072
10 0.364113 0.835821 0.021774 0.019557
10 0.373387 0.761966 0.020968 0.018013
10 0.348790 0.855121 0.023387 0.019043
10 0.379839 0.841225 0.024194 0.021101
10 0.364516 0.860525 0.024194 0.019557
10 0.394758 0.846114 0.023387 0.021616
10 0.412097 0.848688 0.022581 0.019557
10 0.385887 0.868245 0.021774 0.019557
10 0.255242 0.878024 0.025000 0.019557
10 0.267742 0.884457 0.020968 0.021101
10 0.295161 0.895780 0.022581 0.019043
10 0.312097 0.900669 0.020968 0.017499
10 0.223387 0.892434 0.024194 0.019557
10 0.433468 0.881369 0.028226 0.019043
10 0.813306 0.035255 0.029839 0.015955
10 0.250403 0.795419 0.021774 0.019043
10 0.443548 0.810602 0.025806 0.020587
10 0.429839 0.802882 0.024194 0.021616
10 0.414919 0.798507 0.023387 0.020072
10 0.561290 0.610396 0.025806 0.020587
10 0.591129 0.598044 0.022581 0.019557
10 0.607258 0.600875 0.024194 0.020072
10 0.575806 0.616572 0.024194 0.019557
10 0.591532 0.620947 0.023387 0.019043
10 0.467742 0.631240 0.024194 0.020072
10 0.482258 0.636387 0.024194 0.020072
10 0.465726 0.654400 0.023387 0.020072
10 0.496774 0.640762 0.022581 0.018528
10 0.480242 0.659804 0.025000 0.020587
10 0.495161 0.665208 0.022581 0.019043
10 0.510887 0.647452 0.025000 0.019557
10 0.526613 0.651827 0.024194 0.020072
10 0.509274 0.670612 0.021774 0.019557
10 0.537903 0.659547 0.022581 0.018013
10 0.556855 0.661863 0.021774 0.017499
10 0.522984 0.676788 0.025000 0.020587
10 0.538710 0.682707 0.029032 0.024189
6 0.589113 0.716675 0.041129 0.041688
10 0.472984 0.713587 0.023387 0.021101
10 0.487500 0.719763 0.021774 0.020072
10 0.501613 0.724395 0.022581 0.020072
10 0.486290 0.745239 0.025806 0.021616
6 0.549597 0.782810 0.042742 0.042203
10 0.475403 0.795934 0.025000 0.022131
10 0.386290 0.789243 0.024194 0.021101
10 0.401210 0.793103 0.025000 0.020587
10 0.720968 0.085178 0.025806 0.020072
10 0.747581 0.118888 0.024194 0.019557
10 0.790323 0.133042 0.022581 0.020072
10 0.718145 0.323212 0.023387 0.019557
10 0.732661 0.325785 0.021774 0.018528
10 0.715323 0.346629 0.024194 0.020072
10 0.729032 0.351518 0.022581 0.018528
10 0.747581 0.356922 0.025806 0.020072
10 0.765323 0.335049 0.020968 0.019557
10 0.779839 0.338909 0.020968 0.016984
10 0.792742 0.345600 0.022581 0.019043
10 0.834274 0.328101 0.012097 0.019043
10 0.763710 0.362584 0.022581 0.016984
10 0.788306 0.370818 0.025000 0.020072
10 0.679032 0.388317 0.022581 0.020072
10 0.692339 0.395522 0.020161 0.018013
10 0.677419 0.412764 0.024194 0.020587
10 0.707258 0.398353 0.025806 0.021616
10 0.691935 0.417138 0.024194 0.020072
10 0.721371 0.404014 0.023387 0.019557
10 0.741129 0.404786 0.022581 0.021101
10 0.706452 0.422542 0.022581 0.019557
10 0.718548 0.428718 0.024194 0.020587
10 0.751210 0.414822 0.021774 0.019557
10 0.734677 0.432578 0.022581 0.018013
10 0.763710 0.419454 0.022581 0.019557
10 0.748387 0.439012 0.022581 0.019557
10 0.683871 0.470664 0.020968 0.018013
10 0.699597 0.475296 0.021774 0.019043
10 0.682258 0.494081 0.022581 0.019557
10 0.715726 0.479928 0.025000 0.020072
10 0.702419 0.340710 0.022581 0.018528
10 0.687500 0.335564 0.023387 0.019557
10 0.848387 0.154400 0.012903 0.018528
10 0.704839 0.316778 0.025806 0.021101
10 0.768145 0.179104 0.023387 0.020587
10 0.786694 0.188369 0.023387 0.019557
10 0.722177 0.188369 0.025000 0.020587
10 0.737097 0.192743 0.024194 0.020072
10 0.750806 0.197890 0.022581 0.020072
10 0.762903 0.203809 0.024194 0.020587
10 0.778629 0.210242 0.021774 0.019043
10 0.850806 0.226197 0.011290 0.019043
10 0.685484 0.231601 0.024194 0.020587
10 0.712500 0.242409 0.021774 0.018528
10 0.798387 0.248842 0.027419 0.016984
10 0.726613 0.248327 0.024194 0.020072
10 0.684274 0.252702 0.025000 0.021616
10 0.695968 0.261966 0.025806 0.021616
10 0.710484 0.266598 0.022581 0.019557
10 0.742742 0.252187 0.025806 0.020587
10 0.725000 0.270715 0.022581 0.018528
10 0.755242 0.258363 0.023387 0.018528
10 0.738710 0.276119 0.024194 0.020072
10 0.771371 0.263253 0.023387 0.020072
10 0.787097 0.270201 0.022581 0.018528
10 0.767742 0.287957 0.020968 0.020072
10 0.785484 0.288986 0.019355 0.019043
10 0.799194 0.295419 0.017742 0.018528
10 0.674597 0.308286 0.018548 0.018528
10 0.689919 0.313176 0.023387 0.019043
10 0.673387 0.331704 0.022581 0.019043
10 0.575000 0.594184 0.020968 0.016984
10 0.547581 0.603191 0.022581 0.018528
10 0.563306 0.586464 0.023387 0.019043
10 0.646774 0.319609 0.024194 0.019557
10 0.480242 0.314720 0.026613 0.022131
10 0.505242 0.328101 0.023387 0.019043
10 0.518548 0.334020 0.022581 0.019557
10 0.533065 0.338909 0.022581 0.019043
10 0.550403 0.343798 0.021774 0.020587
10 0.564113 0.348688 0.025000 0.020072
10 0.576613 0.353834 0.022581 0.019043
10 0.490726 0.346886 0.025000 0.019557
10 0.504032 0.353577 0.024194 0.020587
10 0.518548 0.356922 0.020968 0.018013
10 0.547581 0.367473 0.024194 0.019557
10 0.562903 0.371076 0.022581 0.019557
10 0.592742 0.357694 0.024194 0.021616
10 0.576613 0.376994 0.020968 0.019043
10 0.608065 0.365157 0.024194 0.019043
10 0.590726 0.381626 0.023387 0.019043
10 0.606452 0.388060 0.022581 0.019557
10 0.621774 0.370304 0.020968 0.018013
10 0.635081 0.376222 0.020161 0.018528
10 0.650806 0.379053 0.024194 0.020072
10 0.664113 0.385229 0.021774 0.019043
10 0.621774 0.392949 0.022581 0.020072
10 0.635887 0.396037 0.023387 0.018013
10 0.649597 0.401184 0.023387 0.018013
10 0.663306 0.406073 0.023387 0.018528
10 0.480645 0.399382 0.022581 0.020587
10 0.497581 0.402985 0.022581 0.019557
10 0.661290 0.324241 0.022581 0.018528
10 0.631452 0.316264 0.024194 0.020072
10 0.495565 0.427689 0.025000 0.021616
10 0.614919 0.312146 0.023387 0.019043
10 0.388306 0.764797 0.025000 0.019557
10 0.372177 0.784611 0.025000 0.020072
10 0.403226 0.770201 0.024194 0.019043
10 0.437903 0.782038 0.024194 0.019043
10 0.570161 0.213587 0.024194 0.020587
10 0.612903 0.206897 0.022581 0.019557
10 0.630242 0.209727 0.025000 0.020072
10 0.595565 0.227741 0.021774 0.019043
10 0.626210 0.236233 0.023387 0.019557
10 0.638306 0.240865 0.025000 0.020587
10 0.656048 0.243438 0.023387 0.020587
10 0.533871 0.255533 0.024194 0.020072
10 0.514919 0.273546 0.025000 0.019043
10 0.548790 0.261194 0.025000 0.020072
10 0.530645 0.278950 0.024194 0.019557
10 0.560081 0.269171 0.023387 0.018528
10 0.541129 0.287442 0.024194 0.019043
10 0.574194 0.274061 0.025806 0.022131
10 0.556855 0.292074 0.026613 0.020072
10 0.573387 0.295677 0.025806 0.020072
10 0.587903 0.302367 0.025806 0.020072
10 0.604435 0.283325 0.025000 0.021101
10 0.620161 0.286670 0.024194 0.020587
10 0.632661 0.292846 0.021774 0.018528
10 0.646371 0.297735 0.025000 0.021101
10 0.661694 0.301595 0.025000 0.019557
10 0.601210 0.306742 0.025000 0.019557
10 0.482661 0.421513 0.023387 0.018528
10 0.525403 0.415337 0.023387 0.019557
10 0.549597 0.581318 0.023387 0.019043
10 0.514919 0.513896 0.021774 0.019043
10 0.530242 0.518013 0.023387 0.019043
10 0.558468 0.505919 0.026613 0.021616
10 0.543548 0.524704 0.024194 0.020072
10 0.572581 0.513124 0.024194 0.019557
10 0.557661 0.528821 0.023387 0.019043
10 0.571371 0.533968 0.023387 0.022131
10 0.588710 0.516469 0.024194 0.020072
10 0.604839 0.518528 0.022581 0.020072
10 0.588306 0.540401 0.023387 0.019557
10 0.616129 0.526763 0.020968 0.019043
10 0.632661 0.529593 0.025000 0.021616
10 0.647581 0.533453 0.020968 0.020072
10 0.661694 0.540401 0.021774 0.018528
10 0.618952 0.553525 0.023387 0.020072
10 0.643548 0.560731 0.024194 0.020072
10 0.462500 0.550952 0.023387 0.020072
10 0.461290 0.574884 0.024194 0.020587
10 0.477419 0.556613 0.025806 0.021101
10 0.491532 0.562275 0.025000 0.020072
10 0.506855 0.564591 0.021774 0.018528
10 0.475000 0.580546 0.024194 0.020587
10 0.491129 0.583891 0.020968 0.018013
10 0.521371 0.569995 0.023387 0.019043
10 0.506452 0.586722 0.020968 0.018528
10 0.533468 0.577715 0.023387 0.020072
10 0.520161 0.594442 0.020968 0.017499
10 0.533871 0.598559 0.024194 0.019557
10 0.544355 0.500772 0.022581 0.020587
10 0.530242 0.497169 0.020161 0.019557
10 0.508065 0.434380 0.025806 0.020587
10 0.499597 0.510551 0.023387 0.019557
10 0.539919 0.420998 0.025000 0.019557
10 0.522581 0.439012 0.025806 0.020587
10 0.537500 0.445703 0.023387 0.018528
10 0.555242 0.425888 0.025000 0.020072
10 0.567339 0.431806 0.021774 0.018528
10 0.583871 0.433608 0.022581 0.020072
10 0.553629 0.448791 0.025000 0.020587
10 0.566935 0.452651 0.022581 0.018013
10 0.582258 0.455996 0.022581 0.018528
10 0.599597 0.439012 0.023387 0.018528
10 0.609677 0.445445 0.022581 0.019043
10 0.595968 0.463973 0.022581 0.020072
10 0.627016 0.449305 0.025000 0.019557
10 0.609274 0.467833 0.023387 0.019557
10 0.639516 0.454967 0.022581 0.019557
10 0.625806 0.471693 0.022581 0.019043
10 0.654839 0.459341 0.022581 0.020072
10 0.639516 0.478384 0.024194 0.020072
10 0.670161 0.465260 0.024194 0.020587
10 0.654032 0.483273 0.022581 0.020587
10 0.668952 0.487391 0.025000 0.020587
10 0.485887 0.481215 0.023387 0.019557
10 0.456855 0.494596 0.021774 0.018528
10 0.472177 0.497427 0.021774 0.018013
10 0.501613 0.485075 0.024194 0.020072
10 0.485081 0.504889 0.023387 0.020587
10 0.515323 0.490993 0.022581 0.020587
10 0.185484 0.375450 0.022581 0.019043
