6 0.507162 0.231140 0.081468 0.064035
6 0.184423 0.682018 0.075201 0.058772
6 0.364369 0.592105 0.069830 0.059649
6 0.384512 0.607456 0.074306 0.058772
6 0.392569 0.633333 0.074306 0.057895
6 0.411817 0.652193 0.073411 0.057018
6 0.423903 0.671053 0.074306 0.059649
6 0.439123 0.691228 0.076097 0.057895
6 0.449866 0.713596 0.074306 0.057018
6 0.468218 0.732018 0.073411 0.060526
6 0.483438 0.750877 0.073411 0.057895
6 0.501791 0.766667 0.074306 0.057895
6 0.196061 0.703509 0.076992 0.061404
6 0.143688 0.621053 0.058192 0.049123
6 0.204566 0.728509 0.076097 0.060526
6 0.216652 0.749561 0.075201 0.060526
6 0.235452 0.767982 0.076992 0.057018
6 0.284691 0.797807 0.057296 0.046491
6 0.306625 0.841228 0.059982 0.050877
6 0.343330 0.905263 0.058192 0.050877
6 0.361683 0.948684 0.057296 0.053509
6 0.376007 0.967105 0.059087 0.050000
6 0.478514 0.573246 0.076097 0.058772
6 0.494628 0.593421 0.076097 0.057018
6 0.167413 0.633772 0.057296 0.048246
6 0.129812 0.600439 0.071620 0.057018
6 0.513429 0.259649 0.085049 0.064912
6 0.391226 0.422807 0.055506 0.047368
6 0.233662 0.166667 0.080573 0.047368
6 0.216204 0.212719 0.079678 0.042982
6 0.211728 0.236404 0.079678 0.044737
6 0.169651 0.298684 0.079678 0.042982
6 0.161594 0.347807 0.079678 0.044737
6 0.148165 0.394737 0.081468 0.045614
6 0.135184 0.416228 0.082363 0.046491
6 0.133841 0.439912 0.083259 0.044737
6 0.256938 0.367544 0.076992 0.075439
6 0.387645 0.394737 0.057296 0.047368
6 0.423903 0.459211 0.045658 0.042982
6 0.115936 0.579386 0.074306 0.057018
6 0.441808 0.477193 0.058192 0.045614
6 0.129364 0.464474 0.079678 0.044737
6 0.108774 0.483333 0.081468 0.045614
6 0.097583 0.503947 0.082363 0.048246
6 0.313339 0.503070 0.073411 0.058772
6 0.325873 0.528070 0.073411 0.059649
6 0.337064 0.549561 0.072516 0.060526
6 0.352283 0.570175 0.072516 0.059649
6 0.466876 0.518421 0.047449 0.040351
6 0.485676 0.537281 0.047449 0.041228
6 0.745300 0.958772 0.077887 0.057895
6 0.757833 0.975000 0.076097 0.050000
6 0.620859 0.951754 0.085049 0.061404
6 0.786929 0.641667 0.073411 0.057018
6 0.584602 0.714035 0.073411 0.056140
6 0.568487 0.694298 0.073411 0.055263
6 0.528648 0.809211 0.074306 0.055263
6 0.516115 0.787281 0.072516 0.055263
6 0.555953 0.674123 0.073411 0.057018
6 0.547001 0.647368 0.069830 0.056140
6 0.525067 0.633333 0.072516 0.056140
6 0.512534 0.611404 0.070725 0.056140
6 0.818711 0.678070 0.072516 0.057895
6 0.805282 0.660965 0.068935 0.057018
6 0.778872 0.618421 0.073411 0.056140
6 0.737690 0.935965 0.076992 0.056140
6 0.751119 0.576754 0.071620 0.055263
6 0.738585 0.555263 0.073411 0.056140
6 0.704566 0.518421 0.069830 0.056140
6 0.681289 0.505263 0.071620 0.057895
6 0.670546 0.483333 0.071620 0.056140
6 0.662489 0.457895 0.073411 0.057895
6 0.644584 0.439035 0.069830 0.057018
6 0.540286 0.443860 0.068935 0.078947
6 0.600716 0.380263 0.084154 0.065789
6 0.586392 0.359649 0.084154 0.061404
6 0.602507 0.731579 0.071620 0.057895
6 0.621307 0.746930 0.073411 0.058772
6 0.627574 0.771053 0.071620 0.057895
6 0.832140 0.700439 0.074306 0.057018
6 0.719785 0.916228 0.076992 0.055263
6 0.704118 0.895175 0.074306 0.060526
6 0.631155 0.971930 0.084154 0.056140
6 0.688899 0.877632 0.077887 0.060526
6 0.677261 0.856140 0.074306 0.056140
6 0.666517 0.834649 0.072516 0.057018
6 0.929722 0.844737 0.070725 0.056140
6 0.914951 0.823684 0.071620 0.057895
6 0.954342 0.884211 0.071620 0.061404
6 0.961056 0.907895 0.056401 0.052632
6 0.901074 0.803947 0.072516 0.058772
6 0.586392 0.887719 0.071620 0.057895
6 0.653089 0.810088 0.074306 0.055263
6 0.568935 0.870175 0.072516 0.059649
6 0.889884 0.781140 0.073411 0.055263
6 0.876455 0.763158 0.071620 0.057895
6 0.858550 0.745175 0.071620 0.058772
6 0.553715 0.850000 0.070725 0.057895
6 0.638765 0.792982 0.074306 0.056140
6 0.540734 0.830263 0.073411 0.060526
6 0.851388 0.718421 0.073411 0.057895
6 0.246643 0.146930 0.081468 0.046491
