6 0.733032 0.274942 0.061086 0.053364
6 0.307692 0.693735 0.052036 0.058005
6 0.333710 0.671694 0.052036 0.060325
6 0.506787 0.520302 0.058824 0.063805
6 0.456448 0.564385 0.062217 0.066125
6 0.445701 0.574826 0.058824 0.063805
6 0.755090 0.160673 0.055430 0.066125
6 0.740950 0.153712 0.052036 0.061485
6 0.748303 0.262181 0.055430 0.046404
6 0.340498 0.422274 0.061086 0.067285
6 0.458710 0.344548 0.055430 0.053364
6 0.448529 0.331787 0.053167 0.051044
6 0.423643 0.305104 0.055430 0.053364
6 0.411199 0.290603 0.055430 0.052204
6 0.445701 0.173434 0.054299 0.052204
6 0.434955 0.160673 0.053167 0.052204
6 0.323529 0.209977 0.049774 0.051044
6 0.308824 0.216357 0.058824 0.061485
6 0.296946 0.226798 0.053167 0.056845
6 0.267534 0.258701 0.053167 0.058005
6 0.248869 0.279582 0.058824 0.062645
6 0.347285 0.662413 0.054299 0.060325
6 0.320701 0.680974 0.053167 0.060325
6 0.723416 0.287703 0.059955 0.053364
6 0.359163 0.651392 0.053167 0.061485
6 0.711538 0.300464 0.061086 0.053364
6 0.701923 0.312645 0.062217 0.052204
6 0.692308 0.325986 0.061086 0.051044
6 0.658371 0.382831 0.061086 0.053364
6 0.639706 0.400232 0.055430 0.058005
6 0.630090 0.412413 0.058824 0.068445
6 0.578620 0.454176 0.062217 0.066125
6 0.554864 0.476218 0.062217 0.066125
6 0.543552 0.487239 0.055430 0.060325
6 0.570136 0.468677 0.054299 0.060325
6 0.529977 0.495940 0.062217 0.066125
6 0.520928 0.512761 0.053167 0.060325
6 0.497172 0.535383 0.059955 0.066125
6 0.485294 0.545244 0.061086 0.069606
6 0.423077 0.598608 0.054299 0.060325
6 0.411199 0.609049 0.053167 0.058005
6 0.395928 0.616589 0.054299 0.059165
6 0.382919 0.627030 0.053167 0.059165
6 0.370475 0.637471 0.050905 0.059165
6 0.367081 0.091067 0.039593 0.066125
