6 0.857394 0.713339 0.050469 0.029152
1 0.926056 0.465989 0.136150 0.089223
14 0.254108 0.568021 0.099765 0.091873
14 0.309859 0.542403 0.100939 0.091873
14 0.365610 0.518993 0.102113 0.090989
14 0.420775 0.493375 0.099765 0.092756
14 0.478286 0.468198 0.099765 0.091873
14 0.532277 0.443905 0.102113 0.090989
14 0.589789 0.418286 0.099765 0.090989
14 0.644366 0.393110 0.100939 0.091873
14 0.699531 0.367933 0.098592 0.090989
14 0.734742 0.319788 0.046948 0.044170
14 0.772300 0.368816 0.051643 0.045053
14 0.802817 0.355124 0.051643 0.045936
14 0.832746 0.342756 0.052817 0.044170
14 0.865023 0.329064 0.049296 0.045053
14 0.765258 0.306979 0.046948 0.043286
14 0.794601 0.294170 0.049296 0.044170
14 0.825117 0.280477 0.049296 0.043286
11 0.499413 0.620583 0.372066 0.232332
1 0.782864 0.462898 0.133803 0.090106
1 0.886150 0.416519 0.131455 0.087456
1 0.822183 0.511926 0.139671 0.092756
14 0.198357 0.593198 0.100939 0.090989
