6 0.700595 0.974608 0.003966 0.011912
9 0.325512 0.148276 0.009914 0.008150
9 0.324190 0.230721 0.013880 0.003762
9 0.324190 0.227586 0.009914 0.003762
9 0.320225 0.222884 0.013880 0.004389
9 0.318242 0.212226 0.015202 0.006897
9 0.318242 0.203135 0.017845 0.005016
9 0.313285 0.192163 0.014541 0.004389
9 0.311302 0.184326 0.014541 0.005016
9 0.307667 0.176176 0.007270 0.003762
9 0.306675 0.166458 0.011897 0.008150
9 0.320886 0.151724 0.007270 0.007524
9 0.395572 0.224765 0.004627 0.009404
9 0.313946 0.162382 0.013219 0.010031
12 0.485790 0.055486 0.014541 0.011912
2 0.374422 0.252351 0.056180 0.040752
14 0.849636 0.752665 0.012558 0.025705
6 0.786847 0.977116 0.009914 0.004389
6 0.984468 0.257680 0.009914 0.003762
0 0.515202 0.644201 0.064111 0.057053
0 0.564442 0.584953 0.048909 0.047649
0 0.515532 0.514734 0.072703 0.065204
9 0.342697 0.227900 0.013880 0.008150
9 0.394580 0.208150 0.003966 0.011285
14 0.833113 0.752351 0.013880 0.026332
9 0.278255 0.439185 0.006609 0.009404
9 0.353933 0.382759 0.013880 0.008150
9 0.350958 0.391223 0.009253 0.006270
9 0.338401 0.404702 0.011897 0.010658
9 0.332452 0.410345 0.014541 0.010658
9 0.328817 0.417555 0.012558 0.006270
9 0.325182 0.425078 0.011897 0.007524
9 0.311302 0.426332 0.010575 0.013793
9 0.296761 0.433542 0.010575 0.010658
9 0.289822 0.433856 0.011236 0.012539
9 0.271646 0.439812 0.006609 0.010658
9 0.393919 0.186520 0.005288 0.014420
9 0.235955 0.443574 0.005288 0.013166
9 0.221745 0.441693 0.012558 0.011912
9 0.379048 0.351411 0.008592 0.008150
9 0.388632 0.334483 0.011897 0.005643
9 0.392928 0.315361 0.005948 0.012539
9 0.394911 0.295298 0.004627 0.008777
9 0.393589 0.131034 0.008592 0.012539
9 0.394250 0.146708 0.005948 0.015047
9 0.393919 0.167712 0.005288 0.010658
0 0.679775 0.815674 0.056180 0.051411
