10 0.500000 0.739110 0.018480 0.010417
10 0.374743 0.515625 0.022587 0.010417
10 0.383984 0.508523 0.024641 0.011364
6 0.380903 0.470170 0.022587 0.017992
6 0.344969 0.409564 0.024641 0.019886
10 0.210472 0.307292 0.022587 0.014205
10 0.072895 0.030303 0.022587 0.013258
10 0.150924 0.014205 0.026694 0.015152
10 0.189938 0.072917 0.018480 0.015152
6 0.211499 0.085701 0.028747 0.021780
2 0.527721 0.824811 0.094456 0.066288
2 0.442505 0.823864 0.096509 0.066288
6 0.429158 0.575284 0.032854 0.038826
6 0.313142 0.344697 0.026694 0.032197
6 0.241273 0.180871 0.034908 0.041667
