6 0.767262 0.835406 0.072299 0.013168
6 0.341186 0.610827 0.071487 0.017557
6 0.329001 0.730066 0.071487 0.016094
6 0.331438 0.710680 0.071487 0.015362
6 0.333063 0.689466 0.071487 0.016825
6 0.334281 0.670812 0.070674 0.014631
6 0.337530 0.649963 0.070674 0.015362
6 0.339155 0.630212 0.072299 0.015362
6 0.341998 0.592173 0.069862 0.015362
6 0.328188 0.771031 0.071487 0.016094
6 0.343623 0.570958 0.071487 0.015362
6 0.344842 0.551207 0.070674 0.015362
6 0.342811 0.533285 0.073111 0.019020
6 0.347279 0.493050 0.070674 0.014631
6 0.350122 0.473299 0.073111 0.016094
6 0.352153 0.435260 0.072299 0.016094
6 0.333063 0.749086 0.071487 0.016094
6 0.561738 0.741039 0.070674 0.019020
10 0.894395 0.769203 0.034119 0.012436
6 0.582859 0.241405 0.064175 0.017557
6 0.578392 0.381127 0.056864 0.013168
6 0.579610 0.340892 0.056052 0.013168
6 0.582859 0.322238 0.064175 0.013899
6 0.583266 0.303584 0.064988 0.013168
6 0.578798 0.282004 0.064175 0.013899
6 0.585297 0.261887 0.064175 0.017557
6 0.577985 0.460863 0.056052 0.014631
6 0.565800 0.709583 0.070674 0.014631
6 0.576767 0.480980 0.055240 0.013899
6 0.574330 0.500366 0.056864 0.016094
6 0.573924 0.517557 0.057677 0.013899
6 0.573517 0.538405 0.058489 0.016094
6 0.573517 0.557059 0.056864 0.015362
6 0.571080 0.577908 0.056864 0.014631
6 0.350934 0.414777 0.071487 0.014631
6 0.354996 0.393563 0.071487 0.014631
6 0.354590 0.354792 0.072299 0.016094
6 0.214866 0.347842 0.073924 0.018288
6 0.205930 0.524872 0.072299 0.016825
6 0.208367 0.508047 0.072299 0.015362
6 0.209180 0.486101 0.072299 0.018288
6 0.209586 0.466715 0.073111 0.016094
6 0.211210 0.425750 0.073111 0.014631
6 0.215272 0.367959 0.071487 0.014631
6 0.217709 0.328822 0.073111 0.013899
6 0.359058 0.336503 0.071487 0.017557
6 0.218928 0.307608 0.072299 0.016825
6 0.220959 0.287857 0.073111 0.018288
6 0.221365 0.268471 0.073924 0.014631
6 0.222177 0.248720 0.072299 0.016094
6 0.225426 0.229700 0.072299 0.016094
6 0.225020 0.210315 0.073111 0.018288
6 0.205118 0.543160 0.073924 0.016825
6 0.203899 0.565838 0.073111 0.015362
6 0.203087 0.584857 0.073111 0.018288
6 0.202275 0.604974 0.073111 0.014631
6 0.200650 0.624360 0.073111 0.016825
6 0.198213 0.663862 0.074736 0.019751
6 0.197400 0.683248 0.073111 0.016094
6 0.194963 0.721653 0.073111 0.018288
6 0.192933 0.741405 0.069050 0.016825
6 0.192933 0.760790 0.073924 0.016094
6 0.192933 0.780541 0.073924 0.017557
6 0.190902 0.800658 0.073111 0.016825
6 0.197400 0.820410 0.074736 0.015362
6 0.364338 0.256035 0.070674 0.016094
6 0.363526 0.275055 0.070674 0.014631
6 0.361495 0.295172 0.071487 0.013899
6 0.361089 0.316020 0.070674 0.014631
6 0.581641 0.361741 0.056864 0.013899
6 0.579204 0.399781 0.056864 0.015362
6 0.809504 0.282004 0.038180 0.065106
10 0.901706 0.521214 0.029245 0.012436
10 0.814785 0.646306 0.012998 0.021214
10 0.781885 0.644477 0.013810 0.023409
10 0.747360 0.642282 0.012998 0.026335
10 0.903737 0.550841 0.030057 0.014631
10 0.902112 0.580468 0.026807 0.012436
10 0.905768 0.600585 0.029245 0.011704
10 0.938262 0.354426 0.012998 0.027067
6 0.408205 0.713241 0.072299 0.014631
10 0.936231 0.394660 0.013810 0.027067
10 0.933794 0.438552 0.012185 0.022677
10 0.761170 0.461960 0.032494 0.010973
10 0.631194 0.495977 0.014622 0.029261
6 0.404955 0.772495 0.072299 0.014631
6 0.406174 0.752012 0.071487 0.013168
10 0.832656 0.647403 0.014622 0.023409
10 0.866369 0.648135 0.015435 0.021946
10 0.883428 0.649963 0.015435 0.024140
10 0.899675 0.649232 0.013810 0.025604
10 0.937449 0.123628 0.029245 0.010241
10 0.903737 0.123994 0.030057 0.010973
10 0.801381 0.123263 0.026807 0.009510
10 0.768887 0.086686 0.030057 0.010973
10 0.764419 0.123994 0.027620 0.009510
10 0.724614 0.121800 0.030869 0.009510
10 0.688871 0.113387 0.032494 0.013168
10 0.624289 0.114484 0.036556 0.013899
10 0.582047 0.103511 0.028432 0.021214
10 0.515841 0.034748 0.024370 0.028530
10 0.502843 0.023043 0.021121 0.031456
10 0.558083 0.080102 0.022746 0.022677
10 0.825345 0.761887 0.030869 0.010973
6 0.406580 0.731163 0.072299 0.018288
6 0.409829 0.693855 0.072299 0.016825
6 0.851340 0.288222 0.048741 0.058522
6 0.724614 0.381127 0.038993 0.059985
6 0.441105 0.319312 0.071487 0.013899
6 0.443136 0.299561 0.070674 0.016825
6 0.445167 0.276884 0.071487 0.015362
6 0.446385 0.259693 0.072299 0.014631
6 0.768075 0.698244 0.072299 0.013899
6 0.692120 0.369422 0.045491 0.058522
6 0.748578 0.381492 0.041430 0.060717
6 0.411454 0.673007 0.072299 0.014631
6 0.772543 0.381492 0.045491 0.059254
6 0.812348 0.384053 0.042242 0.059985
6 0.837530 0.381858 0.043867 0.059985
6 0.876929 0.389539 0.046304 0.059254
6 0.680747 0.279444 0.042242 0.054133
6 0.724614 0.280541 0.045491 0.059254
6 0.439480 0.337966 0.071487 0.019020
6 0.438262 0.359181 0.072299 0.016094
6 0.430950 0.377469 0.072299 0.019020
6 0.428920 0.396854 0.071487 0.015362
6 0.428513 0.416971 0.072299 0.014631
6 0.427701 0.435991 0.072299 0.016094
6 0.426483 0.456474 0.071487 0.016094
6 0.425264 0.476957 0.070674 0.017557
6 0.422827 0.496342 0.072299 0.018288
6 0.422015 0.516094 0.072299 0.016825
6 0.422827 0.535479 0.072299 0.014631
6 0.422421 0.555230 0.071487 0.016094
6 0.419578 0.575347 0.072299 0.015362
6 0.417141 0.594733 0.072299 0.016094
6 0.415516 0.614119 0.072299 0.013899
6 0.413891 0.633870 0.072299 0.015362
6 0.412673 0.653621 0.073111 0.018288
6 0.226239 0.188734 0.073924 0.019020
