13 0.980137 0.349073 0.008667 0.007532
6 0.521307 0.691483 0.005417 0.023754
6 0.169375 0.188297 0.011557 0.019699
6 0.079270 0.025492 0.006139 0.011587
6 0.883351 0.935400 0.015168 0.016802
6 0.795594 0.693221 0.006501 0.021437
6 0.575479 0.557068 0.011195 0.013326
6 0.587035 0.745075 0.013362 0.015064
6 0.564825 0.747972 0.009390 0.008111
6 0.550379 0.716686 0.006501 0.023175
6 0.559408 0.694959 0.014446 0.009849
6 0.544962 0.680185 0.012279 0.005794
6 0.522932 0.659038 0.012279 0.007532
6 0.506501 0.679316 0.003973 0.012167
13 0.231130 0.665411 0.012279 0.022596
6 0.537739 0.698725 0.007945 0.022016
6 0.546407 0.713499 0.004334 0.016802
6 0.759119 0.688007 0.015890 0.009849
6 0.813471 0.712920 0.006139 0.023754
6 0.796497 0.736385 0.009751 0.006952
2 0.151318 0.148899 0.089563 0.119351
2 0.261647 0.153534 0.098592 0.118192
2 0.638859 0.163963 0.005778 0.040556
0 0.176417 0.306779 0.021307 0.034183
14 0.187613 0.649479 0.011918 0.027810
14 0.196641 0.643685 0.011918 0.026651
6 0.300831 0.212341 0.013001 0.020278
