10 0.254446 0.814815 0.013680 0.010893
7 0.357045 0.745643 0.046512 0.021786
7 0.721614 0.098312 0.039672 0.021242
7 0.719562 0.153595 0.038304 0.021786
7 0.712038 0.194717 0.047880 0.023420
7 0.581395 0.178922 0.046512 0.022331
7 0.636115 0.285403 0.041040 0.021786
7 0.633379 0.311547 0.043776 0.022876
7 0.595759 0.297386 0.036936 0.021786
7 0.596443 0.324074 0.027360 0.017429
7 0.632695 0.337146 0.028728 0.015251
7 0.604651 0.452614 0.095759 0.031590
7 0.613543 0.623366 0.053352 0.016885
7 0.576607 0.689270 0.053352 0.016885
7 0.611491 0.668028 0.057456 0.020153
7 0.652531 0.689815 0.054720 0.015795
7 0.497264 0.747549 0.042408 0.024510
10 0.281122 0.813453 0.015048 0.010349
7 0.580711 0.774782 0.075239 0.026688
7 0.642955 0.784314 0.054720 0.017429
7 0.562927 0.797658 0.058824 0.025599
7 0.602599 0.843137 0.053352 0.013072
7 0.569083 0.882625 0.043776 0.012527
10 0.370041 0.792484 0.025992 0.008715
10 0.338577 0.797386 0.025992 0.009804
10 0.322845 0.799292 0.030096 0.011438
10 0.322161 0.774237 0.015048 0.011438
10 0.309166 0.772876 0.013680 0.009804
10 0.293434 0.772603 0.015048 0.010349
10 0.277702 0.772603 0.016416 0.010349
10 0.367989 0.815359 0.016416 0.009804
10 0.339945 0.816176 0.017784 0.011438
7 0.587551 0.069717 0.034200 0.021786
