13 0.485674 0.931835 0.008427 0.006632
13 0.455899 0.792926 0.011798 0.011791
13 0.128652 0.786293 0.025843 0.022108
13 0.176966 0.904937 0.010112 0.007369
13 0.324719 0.909359 0.017978 0.020634
13 0.187079 0.696758 0.016854 0.021371
13 0.195787 0.639278 0.015169 0.015475
13 0.490169 0.834562 0.009551 0.012528
13 0.506742 0.422255 0.022472 0.023581
13 0.700843 0.107222 0.010674 0.011054
13 0.785674 0.068534 0.008427 0.011791
8 0.870787 0.438467 0.084270 0.110538
13 0.957022 0.095063 0.019663 0.023581
14 0.320787 0.228814 0.011236 0.033161
14 0.380337 0.260870 0.011236 0.030951
14 0.398034 0.261238 0.011798 0.031688
14 0.355618 0.317612 0.011236 0.030951
14 0.337640 0.316507 0.010112 0.031688
14 0.301966 0.316139 0.011798 0.030951
13 0.799157 0.047900 0.007303 0.007369
13 0.367135 0.844141 0.011798 0.014001
13 0.361798 0.173913 0.008989 0.030951
