13 0.172754 0.767072 0.021718 0.011225
13 0.275913 0.872311 0.010859 0.023386
13 0.337117 0.903648 0.022705 0.016838
13 0.388450 0.897568 0.016782 0.021515
13 0.458045 0.920954 0.025666 0.017774
13 0.542448 0.920486 0.022705 0.014967
13 0.708786 0.631431 0.015795 0.016838
13 0.641658 0.668849 0.017769 0.022451
13 0.594768 0.704864 0.016782 0.021515
13 0.557749 0.748831 0.025666 0.021515
13 0.706811 0.199719 0.015795 0.017774
13 0.527641 0.275023 0.014808 0.013096
13 0.767522 0.257250 0.016782 0.013096
13 0.783317 0.094013 0.020731 0.015903
13 0.286772 0.084659 0.022705 0.027128
