7 0.787330 0.384584 0.008227 0.025556
7 0.383176 0.446826 0.008227 0.024732
7 0.353867 0.519786 0.008844 0.025556
7 0.358700 0.533800 0.010695 0.033800
7 0.368470 0.532152 0.009667 0.033800
7 0.378445 0.497115 0.014809 0.054411
7 0.401584 0.581204 0.019128 0.084089
7 0.416187 0.609233 0.006376 0.032976
7 0.369910 0.445589 0.017894 0.043693
7 0.340395 0.534625 0.009872 0.028854
7 0.359317 0.448063 0.010284 0.032152
7 0.348622 0.451360 0.011518 0.040396
7 0.335253 0.450948 0.009872 0.032976
7 0.325792 0.452185 0.009050 0.030503
7 0.352016 0.337181 0.014192 0.052762
7 0.340703 0.355730 0.024887 0.084913
7 0.349548 0.536274 0.008844 0.023908
7 0.355821 0.571723 0.012341 0.046991
7 0.330934 0.535862 0.008638 0.026381
7 0.481798 0.346661 0.006376 0.020610
7 0.548231 0.338005 0.008844 0.026381
7 0.538667 0.339242 0.009050 0.025556
7 0.529000 0.338417 0.007404 0.023908
7 0.509770 0.343364 0.008021 0.023908
7 0.500926 0.342951 0.008433 0.024732
7 0.491464 0.342951 0.008433 0.026381
7 0.464315 0.345837 0.008021 0.025556
7 0.368470 0.569250 0.014603 0.051937
7 0.450638 0.345837 0.008638 0.027205
7 0.436960 0.350371 0.009667 0.024732
7 0.464624 0.429514 0.009050 0.023083
7 0.445701 0.428277 0.008227 0.023908
7 0.423797 0.865210 0.005965 0.037098
7 0.382661 0.591921 0.012135 0.042869
7 0.326512 0.354081 0.010901 0.050289
7 0.321473 0.534625 0.008638 0.027205
7 0.777869 0.385820 0.008638 0.024732
7 0.039387 0.610470 0.011312 0.043693
7 0.203517 0.465375 0.008021 0.032152
7 0.203106 0.427453 0.005965 0.032152
7 0.186652 0.504946 0.008433 0.050289
7 0.185109 0.467436 0.006993 0.037923
7 0.186240 0.431575 0.006376 0.035449
7 0.185212 0.392415 0.008021 0.032976
7 0.097594 0.535037 0.009255 0.024732
7 0.204648 0.537923 0.006170 0.033800
7 0.071575 0.540396 0.009050 0.023908
7 0.065200 0.534625 0.008638 0.023908
7 0.077129 0.453833 0.009050 0.023908
7 0.057795 0.462077 0.007404 0.025556
7 0.083093 0.380462 0.007816 0.023908
7 0.077129 0.377576 0.008227 0.024732
7 0.204443 0.500412 0.005759 0.032976
7 0.222645 0.462902 0.007199 0.032152
7 0.312834 0.538335 0.006170 0.024732
7 0.278383 0.544106 0.005553 0.029678
7 0.303682 0.539571 0.008844 0.025556
7 0.316331 0.619538 0.011107 0.040396
7 0.306870 0.642209 0.015631 0.062655
7 0.306561 0.454658 0.007199 0.022259
7 0.297100 0.454246 0.008433 0.032976
7 0.274990 0.494641 0.013575 0.056059
7 0.260078 0.531739 0.005553 0.021434
7 0.222336 0.499588 0.006582 0.034625
7 0.259358 0.492168 0.006170 0.034625
7 0.259358 0.452185 0.005348 0.033800
7 0.241259 0.534625 0.005759 0.027205
7 0.240436 0.497527 0.006582 0.033800
7 0.218634 0.371805 0.011518 0.049464
7 0.222748 0.537510 0.006170 0.032976
7 0.569930 0.333883 0.009050 0.028030
7 0.584122 0.330998 0.009050 0.023908
7 0.483135 0.427453 0.009050 0.025556
7 0.315919 0.370981 0.009872 0.031327
7 0.393151 0.446826 0.010901 0.039571
7 0.381427 0.363974 0.009255 0.027205
7 0.375051 0.353669 0.011312 0.037923
7 0.316228 0.452185 0.008844 0.027205
7 0.277458 0.425804 0.006170 0.032152
7 0.307178 0.373454 0.008844 0.024732
7 0.278898 0.580791 0.004936 0.023908
7 0.436857 0.432811 0.008638 0.024732
7 0.260284 0.579143 0.006787 0.035449
7 0.240847 0.459604 0.006993 0.035449
7 0.240847 0.423331 0.006582 0.035449
7 0.054504 0.635202 0.008638 0.033800
7 0.097079 0.455894 0.009050 0.024732
7 0.090395 0.453833 0.008021 0.018961
7 0.427705 0.433636 0.009255 0.029678
7 0.510695 0.422918 0.008638 0.024732
7 0.500823 0.424567 0.007816 0.023083
7 0.699815 0.311624 0.009255 0.029678
7 0.768408 0.384584 0.009461 0.027205
7 0.749383 0.387469 0.007610 0.021434
7 0.738996 0.389942 0.009050 0.028030
7 0.739819 0.470322 0.008638 0.027205
7 0.710304 0.393652 0.009255 0.027205
7 0.672974 0.398186 0.007816 0.029678
7 0.736940 0.284831 0.010695 0.035449
7 0.519745 0.422094 0.009050 0.026381
7 0.895516 0.665293 0.013163 0.047815
7 0.913307 0.683430 0.008433 0.026381
7 0.558926 0.417972 0.009255 0.029678
7 0.580522 0.496702 0.009255 0.027205
7 0.547923 0.504122 0.008227 0.027205
7 0.527869 0.503710 0.008844 0.028030
7 0.095640 0.370569 0.011929 0.033800
7 0.387392 0.350783 0.012135 0.051937
7 0.737248 0.836768 0.006787 0.037923
7 0.502160 0.505771 0.008433 0.027205
7 0.639243 0.714757 0.009050 0.044518
7 0.635232 0.354905 0.007199 0.037098
7 0.509255 0.593570 0.011929 0.036274
7 0.532805 0.540396 0.007610 0.038747
7 0.537742 0.501649 0.008844 0.027205
7 0.518305 0.504122 0.008638 0.027205
7 0.493213 0.507420 0.008638 0.025556
7 0.736940 0.668590 0.009461 0.024732
7 0.483752 0.507007 0.007404 0.023083
7 0.581962 0.416735 0.008844 0.025556
7 0.570341 0.419621 0.008227 0.026381
7 0.548334 0.419621 0.008227 0.028030
7 0.538873 0.418796 0.009461 0.034625
7 0.529617 0.421270 0.008638 0.023083
7 0.681304 0.312036 0.009255 0.025556
7 0.714212 0.300082 0.012958 0.046167
7 0.721308 0.288541 0.011518 0.041220
7 0.745475 0.300907 0.012958 0.046167
7 0.681613 0.396950 0.008227 0.027205
7 0.700226 0.393240 0.008433 0.024732
7 0.719663 0.392828 0.009050 0.027205
7 0.749589 0.469085 0.008844 0.028030
7 0.759255 0.466612 0.008844 0.026381
7 0.787639 0.465375 0.010490 0.035449
7 0.907754 0.652927 0.014192 0.061006
7 0.918963 0.651690 0.012341 0.046991
7 0.929761 0.658697 0.015014 0.062655
7 0.922151 0.686315 0.012546 0.043693
7 0.919992 0.726711 0.011518 0.051937
7 0.937063 0.711871 0.015631 0.073372
6 0.823221 0.920445 0.008433 0.010717
7 0.070444 0.379637 0.007610 0.023908
