1 0.660110 0.739352 0.037766 0.037963
1 0.640834 0.701389 0.035405 0.034259
1 0.650669 0.719444 0.036192 0.035185
14 0.676633 0.781019 0.022030 0.021296
14 0.669945 0.770370 0.021243 0.020370
14 0.664437 0.758333 0.021243 0.020370
0 0.547600 0.854167 0.051928 0.054630
0 0.565303 0.761574 0.084186 0.089815
11 0.394571 0.618519 0.139260 0.192593
3 0.393784 0.617593 0.224233 0.314815
14 0.290716 0.483333 0.032258 0.042593
14 0.311959 0.468056 0.032258 0.043519
14 0.285995 0.418056 0.032258 0.043519
14 0.263965 0.432870 0.032258 0.043519
