10 0.210740 0.649167 0.017901 0.007965
10 0.152156 0.799783 0.013019 0.015206
7 0.789260 0.511948 0.144833 0.125996
7 0.415785 0.639030 0.141579 0.115134
12 0.036208 0.779870 0.028478 0.024620
12 0.055736 0.811007 0.025224 0.023172
5 0.220911 0.211441 0.056143 0.055033
5 0.124085 0.174511 0.054516 0.052136
5 0.152970 0.355539 0.050448 0.052136
10 0.159886 0.803041 0.013832 0.017379
6 0.183483 0.848298 0.015460 0.016655
10 0.167616 0.806300 0.011391 0.015206
10 0.176973 0.808834 0.012205 0.013034
10 0.183076 0.812093 0.014646 0.016655
10 0.105370 0.780956 0.015460 0.018103
10 0.130187 0.828747 0.013019 0.015206
10 0.138324 0.830920 0.011391 0.016655
10 0.161920 0.840333 0.014646 0.016655
7 0.808381 0.790007 0.148902 0.118755
