4 0.568802 0.253527 0.102507 0.072752
12 0.341365 0.371231 0.035933 0.034302
12 0.612535 0.518257 0.016156 0.017427
12 0.578552 0.500277 0.015599 0.016321
12 0.642618 0.473721 0.008914 0.009129
12 0.637326 0.462656 0.011142 0.011342
12 0.650139 0.456570 0.011142 0.010235
12 0.633148 0.506639 0.021727 0.020194
12 0.622145 0.484232 0.020891 0.019087
12 0.597911 0.490456 0.015877 0.016044
12 0.629109 0.418949 0.026462 0.026833
12 0.600279 0.432780 0.025070 0.026279
12 0.516852 0.475934 0.010306 0.010235
12 0.483565 0.493914 0.016713 0.016321
12 0.463370 0.503320 0.015877 0.015768
12 0.412674 0.523928 0.025348 0.026003
12 0.404735 0.341217 0.031198 0.030705
12 0.661978 0.497095 0.006964 0.006639
12 0.377577 0.289212 0.030919 0.029046
12 0.437047 0.259613 0.030084 0.029046
12 0.463370 0.311757 0.030362 0.030429
12 0.551114 0.459059 0.015877 0.015768
12 0.502646 0.483264 0.017549 0.016598
12 0.525209 0.291840 0.016435 0.015491
12 0.431755 0.396127 0.034540 0.034855
12 0.519777 0.423513 0.034540 0.033195
12 0.460446 0.452006 0.035097 0.034855
12 0.489972 0.365560 0.036212 0.036238
12 0.587326 0.400968 0.027577 0.027939
12 0.569359 0.368603 0.026741 0.026279
12 0.552089 0.335131 0.027298 0.026833
12 0.536490 0.311342 0.020056 0.019640
12 0.511142 0.568880 0.011142 0.010788
12 0.557521 0.511203 0.016992 0.016044
12 0.592897 0.528354 0.016435 0.015491
12 0.572423 0.538451 0.017270 0.016321
12 0.653760 0.501107 0.007242 0.006362
12 0.650000 0.494467 0.006964 0.005809
12 0.658635 0.490318 0.006964 0.005809
12 0.663231 0.479253 0.009471 0.009682
12 0.530084 0.569295 0.009471 0.007746
12 0.525070 0.560719 0.007242 0.006086
12 0.522145 0.553942 0.005292 0.006362
9 0.692479 0.378976 0.016713 0.026556
9 0.666852 0.313693 0.010585 0.023237
4 0.763649 0.613416 0.077159 0.009682
4 0.709331 0.417427 0.021448 0.047580
9 0.673398 0.321024 0.005850 0.011342
9 0.683426 0.789212 0.035933 0.032642
4 0.723816 0.791010 0.037047 0.039557
12 0.456267 0.565560 0.007242 0.005256
12 0.471866 0.629876 0.007799 0.008299
12 0.672563 0.498617 0.009749 0.009682
12 0.605432 0.571369 0.011978 0.011342
12 0.618245 0.564592 0.011421 0.012172
12 0.541226 0.524343 0.007242 0.006362
12 0.536769 0.515491 0.006685 0.007469
12 0.553343 0.547580 0.016992 0.016874
12 0.496240 0.576625 0.009749 0.010788
12 0.490111 0.564177 0.010306 0.010235
12 0.505432 0.557400 0.011421 0.009959
12 0.499164 0.545090 0.011142 0.010788
12 0.484680 0.552420 0.011142 0.010512
12 0.478830 0.541632 0.009471 0.009959
12 0.451811 0.555740 0.010028 0.010512
12 0.314206 0.317151 0.035097 0.035131
