7 0.145027 0.834916 0.016325 0.019853
7 0.925209 0.141239 0.010630 0.011869
7 0.757403 0.217307 0.017084 0.019422
7 0.935744 0.145015 0.010440 0.011221
7 0.944856 0.135952 0.010440 0.011221
7 0.954347 0.126565 0.011959 0.012732
7 0.963648 0.117285 0.009301 0.011437
7 0.962699 0.103474 0.011579 0.013164
7 0.953018 0.113077 0.010061 0.011653
7 0.943717 0.122249 0.010061 0.011437
7 0.934890 0.131312 0.010630 0.012732
7 0.915907 0.149763 0.008352 0.011653
7 0.113326 0.865775 0.017464 0.021148
7 0.926538 0.154834 0.011010 0.011006
7 0.858675 0.189901 0.017654 0.022443
7 0.893413 0.157208 0.016515 0.020501
7 0.908504 0.141562 0.010251 0.012516
7 0.919894 0.129370 0.010630 0.012732
7 0.931663 0.118364 0.010630 0.013164
7 0.943242 0.106711 0.009112 0.012732
7 0.951689 0.099374 0.010061 0.013164
7 0.848994 0.125486 0.018793 0.023090
7 0.741553 0.233168 0.016515 0.020069
7 0.722760 0.249784 0.011959 0.014027
7 0.706055 0.267803 0.013098 0.015969
7 0.650911 0.326068 0.016325 0.019853
7 0.074127 0.864912 0.018033 0.018990
7 0.097380 0.933751 0.017844 0.019853
7 0.205581 0.872572 0.017084 0.021364
7 0.248766 0.820134 0.016894 0.019206
7 0.265186 0.803733 0.015566 0.018774
7 0.281796 0.790030 0.017654 0.021148
7 0.207194 0.771688 0.016894 0.020716
7 0.277620 0.754963 0.017274 0.014027
7 0.406986 0.665408 0.015945 0.018774
7 0.314920 0.756582 0.016705 0.020716
7 0.368166 0.703927 0.016515 0.021148
7 0.347380 0.681485 0.015186 0.018127
7 0.330296 0.646094 0.015566 0.018990
7 0.341401 0.634981 0.016135 0.019206
7 0.352790 0.624191 0.015376 0.017911
7 0.445615 0.527622 0.015376 0.019853
7 0.472665 0.500000 0.017844 0.022011
7 0.573557 0.408287 0.017274 0.020716
7 0.633068 0.344519 0.016705 0.019206
7 0.874525 0.099914 0.012908 0.015106
