7 0.902519 0.021107 0.025187 0.022827
7 0.916667 0.050969 0.023010 0.023765
7 0.417289 0.256254 0.021144 0.025328
7 0.390392 0.261882 0.022077 0.024703
7 0.360541 0.255941 0.025808 0.027205
7 0.326493 0.182770 0.026119 0.025328
7 0.436878 0.037211 0.026741 0.031270
7 0.441387 0.112883 0.029540 0.031270
7 0.331468 0.646185 0.046642 0.050344
7 0.362251 0.487805 0.040423 0.040650
7 0.338153 0.454503 0.026430 0.025954
7 0.310168 0.434959 0.020211 0.022514
7 0.283271 0.444809 0.025498 0.025954
7 0.182525 0.469512 0.029851 0.027830
7 0.143501 0.399468 0.028296 0.025954
7 0.168066 0.384459 0.028918 0.031582
7 0.211132 0.359912 0.029229 0.031270
7 0.258706 0.282520 0.023632 0.024078
7 0.246580 0.258443 0.029851 0.030331
7 0.412002 0.218105 0.025498 0.027205
7 0.460821 0.233427 0.027363 0.026579
7 0.493004 0.222170 0.022699 0.027205
7 0.682058 0.553940 0.023321 0.020951
7 0.931903 0.081301 0.023010 0.021889
7 0.975902 0.168856 0.022077 0.021889
7 0.860386 0.753283 0.023632 0.025641
7 0.585199 0.136023 0.024254 0.024390
7 0.929104 0.526579 0.024254 0.027517
7 0.715641 0.348186 0.023321 0.029081
7 0.699471 0.581614 0.029540 0.030644
7 0.586132 0.501720 0.020522 0.022201
7 0.527985 0.242339 0.037313 0.035022
7 0.566698 0.513133 0.019590 0.021263
7 0.506685 0.514228 0.050062 0.052220
7 0.451959 0.435116 0.027052 0.026579
7 0.439055 0.396498 0.022388 0.022514
7 0.489428 0.340682 0.023632 0.025328
7 0.511194 0.329268 0.023010 0.024390
7 0.548663 0.287992 0.027052 0.029393
7 0.185790 0.292370 0.033271 0.028768
