7 0.924160 0.235737 0.041737 0.034446
7 0.880896 0.250269 0.026468 0.019376
7 0.015948 0.752826 0.027146 0.019107
7 0.062945 0.762513 0.022735 0.021798
7 0.230573 0.735065 0.045809 0.035791
7 0.275195 0.721609 0.042077 0.034715
7 0.202749 0.654736 0.045131 0.032293
7 0.164913 0.668595 0.041398 0.033100
7 0.110960 0.707212 0.027825 0.023681
7 0.082457 0.666846 0.051578 0.038751
7 0.074992 0.624596 0.027146 0.020452
7 0.141500 0.594322 0.025789 0.020721
7 0.201391 0.570102 0.028164 0.025027
7 0.285375 0.456405 0.021717 0.016146
7 0.134204 0.440258 0.027486 0.019376
7 0.202918 0.375807 0.021038 0.017492
7 0.248558 0.375673 0.022735 0.019914
7 0.286563 0.374865 0.021378 0.019914
7 0.054462 0.321448 0.026128 0.018568
7 0.277740 0.273681 0.026807 0.023143
7 0.189684 0.220936 0.030540 0.023143
7 0.275534 0.198062 0.027146 0.026372
7 0.243977 0.192546 0.026468 0.023950
7 0.202240 0.189989 0.047506 0.039290
7 0.303190 0.132939 0.022056 0.018837
7 0.239735 0.096071 0.043773 0.034446
7 0.319138 0.037002 0.026128 0.020721
7 0.187818 0.808396 0.017306 0.015070
7 0.071768 0.242061 0.027486 0.022874
7 0.027995 0.206270 0.028164 0.023412
7 0.642178 0.637648 0.029522 0.022874
7 0.809637 0.237083 0.025789 0.022605
7 0.785714 0.231432 0.027486 0.022605
7 0.825416 0.306243 0.029522 0.023681
7 0.839667 0.386437 0.027486 0.023681
7 0.813200 0.378633 0.025450 0.021529
7 0.778419 0.375538 0.028504 0.022336
7 0.725823 0.465151 0.028504 0.021798
7 0.753987 0.475242 0.029182 0.025296
7 0.835256 0.536464 0.044452 0.034177
7 0.737021 0.556916 0.031218 0.025027
7 0.705633 0.545075 0.031558 0.024489
7 0.666780 0.666577 0.048185 0.036060
7 0.073295 0.927341 0.029182 0.022605
7 0.692229 0.695237 0.048185 0.037406
7 0.738548 0.788079 0.054632 0.043326
7 0.680862 0.797094 0.047167 0.038751
7 0.649135 0.770452 0.045470 0.035522
7 0.623685 0.740581 0.050221 0.038213
7 0.572447 0.686760 0.030540 0.024758
7 0.502375 0.801399 0.030879 0.023681
7 0.542755 0.845264 0.026807 0.020452
7 0.704106 0.935818 0.046827 0.042250
7 0.620461 0.919672 0.040380 0.034177
7 0.327621 0.980355 0.028164 0.020990
7 0.272480 0.029467 0.028504 0.022874
