10 0.608612 0.238337 0.005742 0.007366
14 0.114354 0.452297 0.027751 0.036128
11 0.376794 0.251315 0.207177 0.116100
14 0.275120 0.530516 0.028708 0.036829
14 0.240191 0.533497 0.027751 0.035075
14 0.192823 0.507892 0.026794 0.036478
14 0.159809 0.510873 0.026794 0.036128
14 0.126316 0.513329 0.026794 0.036829
14 0.144737 0.368818 0.028230 0.036128
14 0.148565 0.449316 0.027273 0.036478
14 0.068660 0.455630 0.028230 0.035777
10 0.624402 0.306384 0.008612 0.009470
14 0.033971 0.458436 0.028708 0.037180
14 0.082536 0.232199 0.027273 0.037180
14 0.045215 0.295510 0.026316 0.036128
14 0.090909 0.291652 0.027751 0.036128
14 0.125120 0.289372 0.028230 0.037180
9 0.688517 0.876359 0.189474 0.092950
9 0.021770 0.710979 0.032057 0.009821
9 0.205981 0.886882 0.204306 0.061382
14 0.444258 0.402841 0.047368 0.036829
14 0.473445 0.387057 0.046411 0.037531
14 0.502392 0.371624 0.045933 0.037531
14 0.532057 0.356015 0.046890 0.038583
10 0.690431 0.431603 0.008612 0.008067
10 0.716507 0.468257 0.009091 0.007717
10 0.755981 0.506138 0.009569 0.007717
10 0.731100 0.495440 0.008612 0.007366
10 0.633732 0.347773 0.008134 0.009470
6 0.605742 0.202736 0.008612 0.011926
14 0.433732 0.155209 0.028230 0.036128
14 0.397608 0.158892 0.028708 0.036478
14 0.386364 0.102420 0.028230 0.036478
14 0.375598 0.049982 0.029665 0.036829
11 0.156220 0.080849 0.158373 0.160996
13 0.223923 0.364960 0.021053 0.029814
9 0.433493 0.796036 0.129187 0.039635
14 0.525837 0.562259 0.046890 0.036478
14 0.500478 0.439670 0.046890 0.038232
14 0.528947 0.424237 0.046411 0.036829
14 0.470335 0.455279 0.044976 0.037180
9 0.221770 0.750789 0.202392 0.061382
