6 0.314456 0.562202 0.020748 0.008686
9 0.271769 0.684365 0.010884 0.004763
9 0.270408 0.671757 0.014966 0.005884
9 0.291327 0.686887 0.020068 0.005324
9 0.291156 0.681844 0.020408 0.005324
9 0.290816 0.675399 0.019048 0.005884
9 0.288265 0.670216 0.018027 0.005043
9 0.291837 0.665453 0.022449 0.005604
9 0.289116 0.659428 0.018367 0.005324
9 0.269728 0.667554 0.014286 0.004203
9 0.269388 0.663771 0.013605 0.003923
9 0.270578 0.659148 0.013265 0.004203
4 0.278912 0.682404 0.006122 0.054637
9 0.219558 0.667414 0.011905 0.006164
9 0.251701 0.706220 0.024490 0.007005
9 0.239116 0.696414 0.008844 0.019894
9 0.239286 0.677641 0.011224 0.019894
9 0.237585 0.659008 0.007143 0.011208
9 0.238605 0.644859 0.008503 0.015971
9 0.247959 0.639115 0.012925 0.004483
9 0.267517 0.640375 0.024150 0.010927
9 0.293707 0.640516 0.023469 0.007285
9 0.316837 0.640095 0.020068 0.006444
9 0.339456 0.640375 0.021769 0.007565
9 0.360374 0.640095 0.020748 0.007005
9 0.400680 0.637574 0.016327 0.005884
9 0.418707 0.634772 0.021088 0.012048
9 0.442007 0.613757 0.022109 0.032782
9 0.361565 0.554497 0.012245 0.015691
9 0.270578 0.680303 0.013265 0.003923
9 0.270578 0.688848 0.012585 0.004763
6 0.316497 0.552396 0.020748 0.008126
9 0.269388 0.693892 0.014966 0.005324
4 0.343878 0.682124 0.006803 0.055758
9 0.331973 0.706781 0.020408 0.005324
9 0.355952 0.707341 0.015986 0.004763
9 0.331122 0.702858 0.020748 0.005324
9 0.332313 0.697955 0.019048 0.004483
9 0.332483 0.693191 0.018707 0.004483
9 0.332993 0.688708 0.017687 0.004483
9 0.333333 0.684225 0.017007 0.005043
9 0.335034 0.678762 0.012925 0.004763
9 0.334014 0.673998 0.014966 0.005324
9 0.334694 0.668955 0.014286 0.004763
9 0.354422 0.702298 0.016327 0.005324
9 0.352211 0.697114 0.014626 0.005043
9 0.356293 0.692071 0.020748 0.006164
9 0.353741 0.687167 0.017007 0.005324
9 0.354422 0.676240 0.015646 0.005324
9 0.355952 0.671056 0.019388 0.006164
9 0.357143 0.664472 0.021088 0.005884
9 0.353571 0.659148 0.017347 0.004763
9 0.334524 0.659569 0.013946 0.004483
9 0.270068 0.702438 0.013605 0.004483
9 0.270748 0.698095 0.013605 0.004203
9 0.269218 0.707341 0.013946 0.004763
9 0.292347 0.707201 0.020748 0.004483
9 0.289456 0.702298 0.015646 0.005324
9 0.289456 0.697394 0.015646 0.005043
9 0.289796 0.692071 0.015646 0.004483
9 0.481293 0.481227 0.012925 0.019333
9 0.533844 0.476744 0.005782 0.007005
9 0.385374 0.461894 0.013605 0.017092
9 0.391667 0.443822 0.016667 0.021294
9 0.560204 0.393668 0.006122 0.008966
9 0.564286 0.352900 0.006803 0.012609
9 0.519218 0.428832 0.010544 0.012048
9 0.529252 0.420006 0.015646 0.007285
9 0.531293 0.415523 0.014966 0.008406
9 0.544728 0.402914 0.020068 0.010647
9 0.508333 0.430092 0.007143 0.007845
9 0.517177 0.409779 0.015306 0.017652
9 0.511054 0.407957 0.011224 0.011768
9 0.522959 0.398011 0.005782 0.007005
9 0.511395 0.391566 0.018707 0.009807
9 0.495238 0.385402 0.014966 0.007005
9 0.476190 0.380919 0.025850 0.015410
9 0.452211 0.371112 0.022109 0.012048
9 0.431122 0.365088 0.020068 0.010647
9 0.411565 0.359484 0.023810 0.014010
9 0.535204 0.308069 0.005782 0.010927
12 0.883503 0.189969 0.006463 0.005043
12 0.839966 0.197674 0.005782 0.005324
9 0.665476 0.403334 0.005782 0.008126
9 0.688265 0.375455 0.008503 0.011208
9 0.507143 0.311992 0.006803 0.008686
9 0.528401 0.326702 0.007823 0.012889
6 0.138946 0.606893 0.022109 0.006725
12 0.108844 0.469599 0.006122 0.003923
12 0.109014 0.465537 0.005782 0.004203
12 0.111565 0.460213 0.006122 0.003642
9 0.587415 0.416924 0.012245 0.007285
9 0.595408 0.429812 0.009184 0.010647
9 0.604252 0.414822 0.009184 0.012609
2 0.822959 0.439059 0.024830 0.007285
9 0.365986 0.465817 0.025170 0.014290
9 0.342007 0.459653 0.023469 0.013169
9 0.318537 0.454469 0.024830 0.012328
9 0.318367 0.437658 0.017687 0.018493
9 0.330612 0.420286 0.016327 0.016251
9 0.342517 0.403334 0.017007 0.017092
9 0.356973 0.392407 0.013946 0.015410
9 0.351871 0.388624 0.014626 0.015130
9 0.371259 0.378678 0.015986 0.016531
9 0.364626 0.373914 0.019728 0.018212
4 0.520238 0.415663 0.026190 0.042869
4 0.794558 0.863407 0.070068 0.067526
2 0.682653 0.415803 0.024490 0.007285
9 0.606293 0.427851 0.007823 0.010087
4 0.567517 0.481788 0.077211 0.014850
9 0.597619 0.486271 0.025170 0.007565
9 0.586395 0.470020 0.006803 0.012609
9 0.548810 0.473942 0.007823 0.012048
9 0.611905 0.466657 0.008163 0.011488
9 0.570408 0.488652 0.025850 0.008966
9 0.557993 0.470860 0.007143 0.015410
9 0.574320 0.471561 0.007143 0.010647
9 0.601531 0.469459 0.006463 0.010367
9 0.599150 0.457691 0.005782 0.009807
9 0.609184 0.443121 0.008844 0.013169
9 0.597109 0.444943 0.009184 0.014010
9 0.398299 0.686747 0.021769 0.007845
9 0.390136 0.699776 0.012245 0.017092
9 0.416156 0.682404 0.020748 0.019333
9 0.566156 0.762398 0.018707 0.008966
9 0.654082 0.782712 0.016327 0.009807
4 0.630102 0.823620 0.092177 0.103390
9 0.544218 0.847156 0.017007 0.010927
9 0.545238 0.841132 0.012925 0.007845
9 0.526701 0.836649 0.018707 0.011768
9 0.550510 0.834127 0.015306 0.007845
9 0.552211 0.829644 0.015306 0.008406
9 0.535544 0.823480 0.011224 0.007285
9 0.540136 0.816755 0.011565 0.006164
9 0.540816 0.812272 0.013605 0.006164
9 0.541837 0.807509 0.014966 0.008406
9 0.561224 0.815495 0.016327 0.008686
9 0.562585 0.810451 0.014966 0.008126
9 0.546599 0.799804 0.013605 0.008126
9 0.548299 0.797002 0.013605 0.007005
9 0.567177 0.802606 0.013946 0.007005
9 0.550340 0.793359 0.014286 0.008126
9 0.571088 0.798543 0.019048 0.009526
9 0.552891 0.789017 0.013265 0.007845
9 0.573639 0.793500 0.016667 0.009526
9 0.554592 0.784533 0.013946 0.007845
9 0.555612 0.780191 0.018027 0.009807
9 0.557823 0.775567 0.017007 0.009526
9 0.581293 0.780611 0.018367 0.009526
9 0.585034 0.774447 0.019728 0.010087
9 0.586224 0.768282 0.018027 0.008406
9 0.588776 0.763239 0.016327 0.008406
9 0.677891 0.788036 0.025170 0.015971
9 0.659694 0.806388 0.018027 0.012889
9 0.642857 0.797422 0.013605 0.009526
9 0.597109 0.876016 0.015986 0.010927
6 0.253571 0.533903 0.022109 0.005884
6 0.271939 0.542869 0.019388 0.012048
9 0.278061 0.741804 0.006463 0.012609
9 0.375680 0.865509 0.005102 0.007845
9 0.367007 0.869431 0.008163 0.009526
9 0.708503 0.735360 0.010884 0.007005
9 0.658503 0.889325 0.009524 0.007285
9 0.650510 0.887644 0.009864 0.007285
9 0.670408 0.878537 0.009524 0.008126
9 0.668027 0.870972 0.010204 0.009807
9 0.648469 0.901653 0.005102 0.007845
9 0.579762 0.866629 0.015306 0.010647
9 0.598980 0.871393 0.012925 0.008966
9 0.632993 0.805968 0.017687 0.011488
9 0.588095 0.859484 0.012925 0.008686
9 0.593707 0.854021 0.011224 0.007285
9 0.596599 0.851079 0.010884 0.007565
9 0.599490 0.847997 0.011224 0.007565
9 0.601531 0.843934 0.013946 0.008966
9 0.604932 0.840431 0.012585 0.008686
9 0.617517 0.850799 0.013946 0.009246
9 0.622279 0.847857 0.015986 0.010087
9 0.624150 0.843373 0.014286 0.010087
9 0.610544 0.832166 0.016327 0.010087
9 0.620918 0.818016 0.018707 0.012609
9 0.636224 0.829784 0.016667 0.013169
9 0.594388 0.757355 0.022789 0.012889
9 0.569218 0.756655 0.015306 0.009807
9 0.421429 0.699075 0.020408 0.007285
9 0.574830 0.748389 0.014286 0.008406
9 0.512755 0.736901 0.016667 0.007845
9 0.488435 0.747688 0.015646 0.006444
9 0.491497 0.743486 0.011565 0.006444
9 0.491156 0.739143 0.014966 0.006725
9 0.490986 0.733679 0.018027 0.008126
9 0.558333 0.717568 0.013265 0.012889
9 0.515986 0.730737 0.019728 0.009526
9 0.494388 0.729476 0.013946 0.006444
9 0.492007 0.723732 0.022109 0.007845
9 0.495918 0.718969 0.017007 0.007285
9 0.494558 0.713645 0.021769 0.007845
9 0.521259 0.714906 0.020068 0.007005
9 0.499150 0.707901 0.016667 0.007005
9 0.497109 0.702017 0.024830 0.009246
9 0.501531 0.696133 0.018707 0.008126
9 0.522619 0.710143 0.020748 0.009246
9 0.524490 0.704399 0.021088 0.007845
4 0.496939 0.754553 0.040816 0.124965
9 0.523129 0.697815 0.014286 0.005884
4 0.663946 0.879378 0.055782 0.050154
4 0.565476 0.786915 0.069048 0.119641
9 0.455272 0.802606 0.020748 0.013729
9 0.439966 0.795181 0.015986 0.011208
9 0.419388 0.723452 0.020408 0.007285
9 0.421429 0.717708 0.022449 0.006444
9 0.420238 0.711824 0.020748 0.007565
9 0.420918 0.705240 0.020068 0.006725
9 0.512245 0.742225 0.018367 0.008966
9 0.509524 0.746988 0.017007 0.007845
9 0.508333 0.751751 0.015986 0.007845
9 0.475680 0.795881 0.012585 0.006444
9 0.598980 0.746568 0.021088 0.011488
9 0.601190 0.740684 0.017347 0.009246
9 0.575340 0.742785 0.017347 0.008966
9 0.607993 0.736481 0.024830 0.013169
9 0.578231 0.737321 0.019048 0.010367
9 0.596599 0.726254 0.011565 0.005604
9 0.488946 0.818296 0.015306 0.008126
9 0.489456 0.812132 0.012245 0.006444
9 0.490986 0.808350 0.013265 0.006725
9 0.492517 0.804287 0.014286 0.006444
9 0.493197 0.800084 0.012925 0.006444
9 0.494898 0.796021 0.014966 0.007845
9 0.476871 0.792939 0.012925 0.005604
9 0.507143 0.756655 0.016327 0.008126
9 0.478061 0.789577 0.012585 0.005604
9 0.478571 0.785654 0.012925 0.005604
9 0.499150 0.787195 0.018027 0.008126
9 0.479252 0.781311 0.014286 0.006444
9 0.479932 0.777108 0.014966 0.005884
9 0.502211 0.776968 0.017347 0.010087
9 0.483163 0.769263 0.013946 0.007005
9 0.483844 0.764640 0.015306 0.006725
9 0.484694 0.760297 0.014966 0.007005
9 0.486395 0.755954 0.014966 0.007285
9 0.504932 0.766881 0.018707 0.008966
9 0.505952 0.761978 0.016667 0.008126
6 0.270748 0.441580 0.014286 0.008966
