10 0.837612 0.807560 0.034660 0.009622
6 0.784339 0.048110 0.148909 0.020619
6 0.827985 0.336770 0.089859 0.015120
6 0.813864 0.284880 0.112965 0.019931
6 0.820924 0.266667 0.093710 0.015120
6 0.818999 0.249141 0.097561 0.017182
6 0.818999 0.227835 0.094994 0.015808
6 0.815148 0.209622 0.105263 0.020619
6 0.788190 0.111340 0.146341 0.017869
6 0.787548 0.087285 0.145058 0.016495
6 0.292683 0.539175 0.082157 0.055670
10 0.863286 0.612027 0.039795 0.010309
6 0.348524 0.589691 0.065469 0.043986
6 0.399872 0.630928 0.086008 0.054983
6 0.464698 0.684880 0.077022 0.051546
6 0.576380 0.778007 0.069320 0.045361
6 0.849807 0.696907 0.089859 0.016495
6 0.847882 0.718213 0.096277 0.017869
6 0.842747 0.738488 0.109114 0.017182
6 0.822850 0.759107 0.077022 0.015808
6 0.806162 0.400687 0.143774 0.016495
6 0.806804 0.444674 0.147625 0.019244
6 0.831836 0.463918 0.100128 0.020619
6 0.845315 0.482474 0.073171 0.016495
10 0.627728 0.651546 0.043646 0.010997
10 0.514763 0.315120 0.038511 0.010309
10 0.519255 0.297938 0.044929 0.011684
6 0.204108 0.363918 0.023107 0.032302
6 0.865854 0.670447 0.055199 0.013058
6 0.858793 0.639863 0.059050 0.012371
6 0.829910 0.067698 0.055199 0.013058
6 0.779846 0.021306 0.065469 0.012371
6 0.521823 0.282474 0.055199 0.012371
6 0.523748 0.267698 0.056483 0.013058
6 0.523107 0.253952 0.057766 0.013058
6 0.521823 0.238144 0.057766 0.011684
6 0.521181 0.221306 0.059050 0.012371
6 0.519897 0.203780 0.059050 0.011684
6 0.517972 0.187285 0.060334 0.013058
6 0.856226 0.655670 0.066752 0.015120
6 0.530809 0.169416 0.086008 0.015808
6 0.821566 0.775258 0.084724 0.017869
