6 0.150970 0.380798 0.016620 0.008349
10 0.070983 0.140538 0.014543 0.010204
10 0.069598 0.239332 0.015928 0.009276
10 0.071330 0.226809 0.013850 0.010204
10 0.071330 0.212430 0.015235 0.009276
10 0.071330 0.201299 0.013850 0.009276
10 0.071676 0.189239 0.015928 0.009276
10 0.073407 0.177644 0.013850 0.008349
10 0.073061 0.164657 0.013158 0.008349
10 0.072715 0.128942 0.013850 0.009276
10 0.320291 0.096475 0.007618 0.022263
10 0.197715 0.659555 0.014543 0.009276
10 0.205679 0.526438 0.012465 0.010204
10 0.187673 0.502783 0.013850 0.009276
10 0.186288 0.514842 0.013850 0.009276
10 0.183864 0.615028 0.014543 0.009276
10 0.183518 0.581169 0.015235 0.010204
10 0.186981 0.547310 0.015235 0.009276
10 0.345914 0.102505 0.006233 0.019481
10 0.309211 0.150278 0.007618 0.024119
6 0.497576 0.646104 0.007618 0.023191
10 0.581025 0.946660 0.006925 0.019481
6 0.531163 0.708256 0.005540 0.019481
6 0.471953 0.787570 0.014543 0.009276
6 0.534280 0.819573 0.015928 0.010204
6 0.602839 0.827458 0.015928 0.009276
10 0.596607 0.885436 0.007618 0.019481
10 0.598338 0.947588 0.006925 0.017625
10 0.589335 0.949443 0.005540 0.017625
10 0.507618 0.941095 0.006925 0.017625
10 0.341413 0.177180 0.006925 0.020408
10 0.499307 0.941095 0.006925 0.019481
10 0.481994 0.939703 0.006925 0.020408
10 0.457410 0.937848 0.006233 0.018553
10 0.503116 0.876160 0.006233 0.019481
10 0.512465 0.878479 0.006925 0.020408
10 0.479917 0.876623 0.005540 0.018553
10 0.456025 0.877087 0.006233 0.019481
10 0.187327 0.535714 0.015928 0.010204
10 0.141274 0.653989 0.013850 0.011132
10 0.141967 0.633117 0.013850 0.008349
10 0.125000 0.162338 0.006233 0.020408
10 0.191482 0.165584 0.006233 0.019481
10 0.183864 0.167904 0.006233 0.024119
10 0.175554 0.166512 0.007618 0.023191
10 0.158934 0.164193 0.006233 0.018553
10 0.150623 0.163729 0.006233 0.019481
10 0.143352 0.163729 0.006925 0.019481
10 0.134695 0.161874 0.006233 0.015770
10 0.226801 0.148423 0.006233 0.016698
10 0.143352 0.611781 0.016620 0.008349
10 0.158934 0.141002 0.006233 0.022263
10 0.218144 0.148423 0.005540 0.018553
10 0.209141 0.146104 0.005540 0.017625
10 0.176593 0.142857 0.006925 0.020408
10 0.168629 0.142857 0.006233 0.016698
10 0.151662 0.143785 0.006925 0.018553
10 0.134695 0.142857 0.006233 0.018553
10 0.200139 0.170686 0.005540 0.020408
10 0.208449 0.169759 0.005540 0.020408
10 0.216759 0.170223 0.006925 0.021336
10 0.225762 0.168367 0.006925 0.021336
10 0.254155 0.228664 0.005540 0.019481
10 0.262119 0.230056 0.006233 0.020408
10 0.193906 0.283859 0.018006 0.009276
10 0.193906 0.272263 0.018006 0.010204
10 0.149238 0.425788 0.014543 0.009276
10 0.154778 0.346475 0.013158 0.008349
10 0.155817 0.335343 0.013850 0.008349
10 0.155471 0.324212 0.015928 0.008349
10 0.155125 0.312616 0.012465 0.007421
10 0.155471 0.288961 0.015928 0.010204
10 0.156163 0.275510 0.013158 0.009276
10 0.157895 0.249072 0.012465 0.008349
10 0.270083 0.092764 0.006925 0.020408
10 0.249654 0.172542 0.007618 0.020408
10 0.242382 0.151206 0.006925 0.018553
6 0.481994 0.704082 0.006925 0.018553
6 0.522507 0.646104 0.007618 0.017625
6 0.152355 0.369202 0.015235 0.007421
10 0.623269 0.667904 0.005540 0.016698
10 0.948753 0.385900 0.013850 0.009276
10 0.649584 0.200835 0.005540 0.019481
10 0.719529 0.126160 0.006925 0.018553
10 0.714335 0.673469 0.006233 0.020408
10 0.605609 0.688776 0.007618 0.021336
10 0.605956 0.664657 0.006925 0.025046
10 0.614612 0.666512 0.004848 0.015770
10 0.742036 0.622913 0.007618 0.025046
10 0.956371 0.562616 0.016620 0.010204
10 0.699100 0.671150 0.006233 0.021336
10 0.759695 0.754638 0.006925 0.021336
10 0.743075 0.752319 0.006925 0.018553
10 0.640235 0.200371 0.006233 0.018553
10 0.649931 0.177180 0.006233 0.018553
10 0.658241 0.176252 0.006233 0.020408
10 0.619460 0.120594 0.007618 0.016698
10 0.931094 0.384508 0.014543 0.010204
10 0.892659 0.756030 0.013850 0.009276
6 0.557479 0.649814 0.008310 0.025046
6 0.737881 0.391466 0.007618 0.020408
6 0.189751 0.405844 0.013850 0.010204
6 0.190443 0.385436 0.013850 0.010204
6 0.189404 0.361781 0.017313 0.009276
6 0.271122 0.771800 0.018698 0.011132
6 0.244460 0.511596 0.018006 0.010204
6 0.523892 0.466605 0.007618 0.020408
6 0.727839 0.128942 0.006925 0.024119
6 0.706717 0.363636 0.009003 0.027829
10 0.941136 0.865492 0.015235 0.009276
6 0.756233 0.395640 0.006925 0.023191
6 0.711219 0.835343 0.026316 0.012059
6 0.766620 0.840445 0.016620 0.009276
6 0.850069 0.816327 0.017313 0.011132
6 0.867382 0.641929 0.006233 0.018553
6 0.906510 0.606215 0.019391 0.010204
10 0.826177 0.743970 0.006925 0.018553
10 0.686634 0.121521 0.007618 0.020408
10 0.694598 0.122449 0.006925 0.020408
10 0.703255 0.123840 0.006233 0.017625
10 0.610803 0.540353 0.006925 0.023191
10 0.657548 0.666512 0.006233 0.021336
10 0.683172 0.615492 0.009003 0.026902
10 0.667936 0.592764 0.009003 0.024119
10 0.641967 0.616419 0.008310 0.021336
10 0.618421 0.609462 0.006925 0.022263
10 0.636427 0.540353 0.008310 0.025046
10 0.620152 0.539889 0.007618 0.025974
10 0.494806 0.555195 0.006233 0.021336
10 0.784280 0.486549 0.007618 0.021336
10 0.527355 0.557978 0.007618 0.023191
6 0.566136 0.468924 0.007618 0.021336
10 0.471607 0.524119 0.006925 0.022263
10 0.513850 0.525510 0.006925 0.019481
10 0.554017 0.527365 0.006925 0.017625
10 0.486842 0.551484 0.008310 0.019481
6 0.484765 0.615028 0.006925 0.020408
10 0.640582 0.665584 0.006925 0.021336
10 0.631579 0.668367 0.006925 0.023191
10 0.614266 0.686920 0.008310 0.021336
10 0.738920 0.696197 0.006925 0.023191
10 0.782895 0.512523 0.007618 0.019481
10 0.775623 0.688312 0.006925 0.022263
10 0.830679 0.641002 0.006233 0.020408
10 0.799515 0.813544 0.013158 0.009276
10 0.921053 0.822820 0.012465 0.009276
10 0.904432 0.860853 0.013850 0.009276
10 0.885734 0.861317 0.013850 0.010204
10 0.690789 0.204545 0.007618 0.023191
10 0.691828 0.180891 0.006925 0.020408
10 0.674169 0.200835 0.007618 0.021336
10 0.632618 0.200371 0.006233 0.022263
10 0.615997 0.199907 0.007618 0.023191
10 0.839335 0.440167 0.006925 0.019481
10 0.824792 0.462894 0.006925 0.020408
10 0.781856 0.538497 0.006925 0.021336
10 0.125346 0.139610 0.006925 0.019481
