10 0.550778 0.489293 0.030303 0.032120
10 0.199427 0.159529 0.036855 0.029979
6 0.351351 0.576552 0.047502 0.099572
6 0.332105 0.564775 0.041769 0.101713
6 0.311220 0.554604 0.040950 0.089936
6 0.263309 0.533726 0.038493 0.091006
6 0.240377 0.516060 0.041769 0.094218
6 0.164619 0.463597 0.047502 0.092077
6 0.142506 0.452891 0.045864 0.094218
10 0.168714 0.291756 0.045864 0.037473
10 0.187961 0.214668 0.031941 0.028908
10 0.208026 0.134904 0.034398 0.025696
6 0.445536 0.621520 0.036036 0.097430
10 0.465602 0.226445 0.028665 0.028908
10 0.624488 0.380086 0.028665 0.047109
10 0.303849 0.230193 0.037674 0.034261
10 0.312039 0.207173 0.034398 0.031049
10 0.323915 0.071734 0.018837 0.042827
10 0.342752 0.086188 0.023751 0.041756
10 0.375512 0.110278 0.022113 0.042827
10 0.396806 0.116167 0.022113 0.039615
10 0.414005 0.127944 0.023751 0.041756
6 0.402948 0.598501 0.042588 0.104925
6 0.470516 0.626338 0.040131 0.098501
6 0.812449 0.655782 0.062244 0.039615
6 0.730958 0.500535 0.077805 0.054604
6 0.810811 0.554069 0.070434 0.050321
6 0.836609 0.490364 0.071253 0.051392
6 0.869369 0.390257 0.069615 0.046039
6 0.853808 0.453961 0.071253 0.051392
6 0.781736 0.357602 0.069615 0.051392
6 0.770680 0.389722 0.068796 0.053533
6 0.766994 0.418094 0.071253 0.054604
10 0.739558 0.435225 0.050778 0.041756
6 0.738739 0.470021 0.072072 0.053533
6 0.726863 0.552463 0.071253 0.049251
6 0.492219 0.639722 0.042588 0.103854
6 0.722768 0.582976 0.071253 0.046039
6 0.728501 0.617773 0.077805 0.053533
6 0.732187 0.658458 0.068796 0.047109
10 0.705569 0.675054 0.040131 0.033191
6 0.634726 0.695396 0.039312 0.101713
6 0.609746 0.682013 0.035217 0.092077
6 0.545455 0.652034 0.044226 0.096360
10 0.607289 0.438437 0.025389 0.050321
6 0.515152 0.648822 0.040950 0.098501
10 0.475430 0.158994 0.023751 0.041756
