12 0.721057 0.939114 0.076146 0.034686
12 0.627428 0.937823 0.078477 0.036531
12 0.701632 0.438930 0.071484 0.035055
12 0.608003 0.438007 0.070707 0.036900
12 0.515540 0.436900 0.072261 0.037638
12 0.420746 0.436900 0.073815 0.037638
12 0.699301 0.392989 0.069930 0.037638
12 0.608003 0.392620 0.069153 0.035424
12 0.513598 0.391697 0.079254 0.037269
12 0.420746 0.391882 0.080031 0.036162
12 0.221834 0.139114 0.062937 0.025830
12 0.222611 0.111624 0.064491 0.024723
12 0.720280 0.086716 0.049728 0.027306
12 0.656954 0.087085 0.048951 0.026568
12 0.597902 0.087454 0.050505 0.027306
12 0.538850 0.087823 0.048951 0.028044
12 0.472805 0.087823 0.053613 0.028782
12 0.401321 0.088561 0.059829 0.032472
12 0.722611 0.052952 0.051282 0.026937
12 0.659285 0.053137 0.048951 0.028044
12 0.595960 0.052768 0.052836 0.027306
12 0.535354 0.053875 0.049728 0.029520
12 0.471251 0.053875 0.056721 0.030996
12 0.478632 0.543173 0.087024 0.039852
12 0.584305 0.542989 0.091686 0.041697
12 0.695027 0.542435 0.087801 0.041328
12 0.391608 0.936900 0.071484 0.032472
12 0.719503 0.895387 0.074592 0.035055
12 0.623543 0.893727 0.070707 0.033948
12 0.716395 0.852214 0.071484 0.035055
12 0.625486 0.852030 0.074592 0.033210
12 0.716783 0.811439 0.075369 0.033948
12 0.623932 0.811439 0.073038 0.032472
12 0.712510 0.767897 0.077700 0.035424
12 0.621212 0.767897 0.072261 0.033210
12 0.483294 0.937823 0.071484 0.034317
12 0.479798 0.895387 0.072261 0.033579
12 0.481352 0.593542 0.087801 0.042435
12 0.390831 0.895018 0.076146 0.032103
12 0.482129 0.853690 0.075369 0.033579
12 0.386169 0.852583 0.071484 0.034317
12 0.478244 0.810332 0.073815 0.036162
12 0.386169 0.810701 0.076146 0.035424
12 0.479021 0.770111 0.072261 0.034686
12 0.386558 0.769926 0.075369 0.035055
12 0.695416 0.594649 0.087024 0.042435
12 0.589355 0.592989 0.090909 0.040590
12 0.402486 0.053321 0.059052 0.033579
