12 0.368589 0.034318 0.014633 0.017835
10 0.118128 0.331742 0.003268 0.005224
10 0.114931 0.319042 0.003125 0.005404
10 0.105129 0.323185 0.003694 0.005765
10 0.131979 0.316159 0.003125 0.005044
10 0.109533 0.325887 0.003410 0.005044
10 0.104844 0.328049 0.003125 0.005044
10 0.122816 0.329490 0.002983 0.004684
10 0.117630 0.336696 0.002841 0.004684
10 0.102003 0.338678 0.002557 0.004684
10 0.110385 0.335075 0.002841 0.005044
10 0.121182 0.335345 0.003125 0.005224
10 0.112445 0.378580 0.002415 0.004504
10 0.110811 0.805891 0.004262 0.006665
10 0.073590 0.194650 0.003125 0.005224
9 0.254511 0.674923 0.011507 0.026482
9 0.302103 0.685192 0.038216 0.021798
9 0.274471 0.713115 0.026708 0.017114
9 0.322773 0.757161 0.027277 0.017654
9 0.337832 0.803639 0.057110 0.031346
9 0.271914 0.764817 0.010797 0.007746
9 0.286262 0.775446 0.030686 0.023599
9 0.251172 0.677175 0.009660 0.025581
6 0.097954 0.397856 0.004688 0.012790
6 0.114931 0.605026 0.006251 0.014952
10 0.119903 0.331202 0.002841 0.004504
10 0.120756 0.321293 0.003694 0.004864
6 0.032675 0.645649 0.005967 0.014052
10 0.127717 0.328229 0.003125 0.006125
10 0.116707 0.346874 0.003268 0.004864
10 0.126225 0.342461 0.002983 0.005044
10 0.108325 0.341110 0.002983 0.004864
10 0.119619 0.316880 0.003410 0.005044
10 0.135531 0.309584 0.003125 0.004864
10 0.101719 0.309854 0.003125 0.005404
10 0.114292 0.324086 0.003268 0.005404
10 0.127078 0.318501 0.002983 0.005044
10 0.107757 0.326788 0.002699 0.005404
10 0.110882 0.310575 0.003552 0.005404
10 0.105910 0.313187 0.003268 0.005585
10 0.103495 0.309043 0.002983 0.005585
10 0.106549 0.307242 0.003410 0.005585
10 0.146967 0.333814 0.003268 0.005765
10 0.114789 0.333093 0.003125 0.005044
10 0.113297 0.334174 0.003268 0.005765
10 0.107260 0.337146 0.002841 0.004504
10 0.130913 0.312286 0.003268 0.004504
10 0.135886 0.323996 0.002699 0.004143
10 0.129990 0.316970 0.002841 0.005224
12 0.126012 0.314718 0.003125 0.005404
10 0.102998 0.314268 0.003410 0.005224
10 0.109959 0.320933 0.002841 0.005224
6 0.111308 0.602774 0.006109 0.012250
10 0.141142 0.920645 0.002983 0.005585
10 0.106194 0.382634 0.002699 0.005765
10 0.217431 0.837146 0.004688 0.004684
10 0.220912 0.832282 0.004830 0.004324
10 0.220415 0.829850 0.004404 0.003783
10 0.219776 0.827869 0.004546 0.003783
10 0.218923 0.825977 0.004262 0.003963
10 0.217716 0.821474 0.004688 0.003603
10 0.217431 0.819492 0.004688 0.003603
10 0.217005 0.817510 0.004972 0.003603
10 0.216437 0.814988 0.004972 0.004324
10 0.215372 0.813007 0.004830 0.003963
10 0.227589 0.822014 0.003978 0.003603
10 0.227234 0.819582 0.004688 0.004143
10 0.226524 0.818141 0.004688 0.004143
10 0.226097 0.815889 0.004688 0.004324
10 0.225174 0.813817 0.004262 0.004504
10 0.224890 0.811475 0.004262 0.003423
10 0.224322 0.809404 0.004546 0.004324
10 0.223824 0.807422 0.004688 0.004324
10 0.202301 0.814088 0.004262 0.003963
10 0.201236 0.809854 0.004404 0.004143
10 0.203793 0.803549 0.004972 0.004504
10 0.202870 0.799406 0.004546 0.003783
10 0.200455 0.804720 0.004262 0.004324
10 0.199531 0.800576 0.004120 0.004684
10 0.221622 0.835165 0.004262 0.004684
10 0.217858 0.850387 0.004404 0.003783
10 0.148174 0.918213 0.003410 0.005765
6 0.217431 0.722302 0.014917 0.009188
10 0.160676 0.991623 0.003694 0.006305
10 0.156272 0.986939 0.003694 0.004864
10 0.121750 0.846604 0.003410 0.005585
10 0.095255 0.874437 0.003268 0.005765
10 0.086376 0.840389 0.004546 0.007206
10 0.071175 0.785264 0.004262 0.007566
10 0.030047 0.520537 0.003268 0.006305
10 0.030757 0.511079 0.003268 0.006485
10 0.026779 0.507566 0.002699 0.005224
10 0.020386 0.468114 0.003552 0.007026
10 0.014775 0.457305 0.003125 0.007026
10 0.014846 0.442623 0.003268 0.006485
10 0.006322 0.393353 0.002983 0.005945
10 0.131198 0.326338 0.003268 0.005224
10 0.099020 0.354621 0.003125 0.005945
10 0.104063 0.352819 0.002699 0.005585
10 0.107189 0.350658 0.003268 0.005945
12 0.327532 0.104306 0.009518 0.012610
12 0.317446 0.098090 0.009518 0.011710
12 0.319861 0.111151 0.006109 0.007926
6 0.227163 0.697892 0.004546 0.015132
6 0.230004 0.722663 0.007103 0.006305
6 0.206137 0.727346 0.008524 0.006665
10 0.121892 0.345073 0.003125 0.005224
10 0.104560 0.383174 0.002841 0.005765
9 0.307643 0.699333 0.030260 0.018015
12 0.275039 0.929472 0.012218 0.010989
12 0.271416 0.916592 0.013212 0.012250
12 0.282569 0.912538 0.011934 0.012070
12 0.279940 0.900108 0.010371 0.010629
12 0.268433 0.904161 0.011791 0.011890
12 0.264597 0.892001 0.012644 0.011349
12 0.276460 0.887318 0.009092 0.011349
12 0.273618 0.874707 0.010797 0.010268
12 0.261472 0.878761 0.011791 0.011529
12 0.269996 0.862097 0.009518 0.011349
12 0.258062 0.866330 0.012644 0.011529
12 0.242932 0.831021 0.015627 0.015132
12 0.258915 0.824176 0.015769 0.015493
12 0.261330 0.811475 0.007245 0.006305
12 0.253232 0.807692 0.011507 0.012430
12 0.237960 0.813907 0.015911 0.015853
12 0.233627 0.795983 0.015769 0.016393
12 0.249609 0.794812 0.011934 0.011890
12 0.246910 0.782021 0.010229 0.011169
12 0.235332 0.780310 0.010655 0.011349
12 0.308851 0.168888 0.005398 0.007026
12 0.296349 0.122320 0.005114 0.006846
12 0.326964 0.092956 0.006677 0.008287
12 0.630487 0.342821 0.029834 0.036750
12 0.285765 0.925059 0.011791 0.011529
12 0.299403 0.985858 0.019747 0.017835
12 0.672255 0.323455 0.023867 0.027563
12 0.276531 0.986489 0.018042 0.016574
12 0.305512 0.264457 0.047024 0.054405
12 0.350547 0.244190 0.049013 0.059629
12 0.410072 0.218159 0.052138 0.055846
12 0.470592 0.193479 0.049013 0.051883
12 0.515130 0.173843 0.050007 0.055846
12 0.172539 0.379841 0.047024 0.057107
12 0.235616 0.350027 0.049013 0.063412
12 0.282640 0.333003 0.051002 0.059629
12 0.342591 0.306972 0.045035 0.053324
12 0.400554 0.280310 0.049013 0.058368
12 0.447578 0.261935 0.049013 0.059449
12 0.508027 0.235363 0.048018 0.052063
12 0.147535 0.432535 0.051002 0.058368
12 0.165080 0.490903 0.051996 0.060890
12 0.281006 0.065934 0.018184 0.018735
12 0.199176 0.093497 0.010797 0.010809
12 0.202728 0.104666 0.009945 0.011529
12 0.180281 0.107908 0.015627 0.018015
12 0.162665 0.122681 0.009376 0.010809
12 0.135531 0.378851 0.005398 0.005765
12 0.128854 0.393893 0.005967 0.006305
12 0.031397 0.922536 0.013922 0.014772
12 0.054340 0.993695 0.010655 0.010449
12 0.680779 0.349667 0.025004 0.027022
12 0.664654 0.297604 0.024577 0.027022
10 0.103637 0.390921 0.002983 0.005404
10 0.020102 0.041434 0.002415 0.005404
10 0.012431 0.034588 0.002415 0.004684
10 0.010868 0.042875 0.003268 0.005044
10 0.009305 0.049901 0.002699 0.004324
6 0.005754 0.066835 0.006109 0.018375
10 0.002983 0.085390 0.002557 0.006125
10 0.005470 0.084579 0.002699 0.004504
6 0.007529 0.336696 0.004262 0.014052
6 0.010939 0.437579 0.004830 0.012971
6 0.020528 0.482255 0.006109 0.016213
6 0.117417 0.960998 0.005825 0.016033
6 0.103779 0.904432 0.004972 0.009908
6 0.132476 0.897316 0.006961 0.015132
6 0.133258 0.889479 0.006819 0.014592
6 0.120188 0.852999 0.006535 0.014772
6 0.108183 0.807512 0.006393 0.015313
6 0.075224 0.686633 0.008382 0.022518
6 0.083250 0.671050 0.007387 0.015853
6 0.064072 0.645920 0.007956 0.021077
6 0.057537 0.621149 0.005114 0.010449
6 0.048444 0.588543 0.006535 0.015132
6 0.063148 0.597010 0.005825 0.013691
6 0.040560 0.559809 0.005541 0.012430
6 0.049652 0.546928 0.006961 0.016574
10 0.016267 0.029814 0.002983 0.004864
6 0.007174 0.138534 0.003836 0.014412
12 0.658474 0.271302 0.023583 0.026662
6 0.018611 0.061701 0.006535 0.020357
12 0.651726 0.246442 0.023441 0.025221
12 0.643415 0.219330 0.023867 0.027923
12 0.628214 0.164205 0.024435 0.025761
12 0.621111 0.137903 0.024435 0.026842
12 0.614505 0.111061 0.024009 0.025041
12 0.607757 0.086021 0.024435 0.026121
12 0.599020 0.058458 0.024293 0.026121
12 0.592698 0.032246 0.023015 0.026302
12 0.550717 0.212304 0.008950 0.007386
12 0.640503 0.948568 0.007529 0.008107
12 0.647748 0.946046 0.007814 0.007746
12 0.655065 0.943253 0.007387 0.008287
12 0.662736 0.940101 0.009092 0.010268
12 0.671686 0.936858 0.008524 0.009548
12 0.680210 0.933165 0.010513 0.011890
12 0.690155 0.934696 0.009376 0.010629
12 0.699744 0.932895 0.009803 0.010629
12 0.697471 0.944244 0.010371 0.011349
12 0.685538 0.955053 0.011791 0.012070
12 0.696051 0.957035 0.008098 0.010629
12 0.675522 0.953522 0.008240 0.010449
12 0.667069 0.956044 0.008382 0.007926
6 0.025430 0.029724 0.004830 0.011169
10 0.201307 0.791119 0.003694 0.003783
10 0.184188 0.775266 0.003552 0.006305
10 0.182128 0.767249 0.003694 0.006125
9 0.730999 0.899207 0.012076 0.015313
10 0.531823 0.986129 0.003268 0.006125
10 0.529550 0.987029 0.003268 0.005044
10 0.668135 0.922266 0.003978 0.003063
10 0.672468 0.920735 0.004404 0.003963
10 0.675948 0.919294 0.003410 0.003603
10 0.680565 0.916862 0.004688 0.004143
10 0.689587 0.916952 0.003125 0.004684
10 0.685751 0.915421 0.004546 0.004143
10 0.691078 0.907764 0.003836 0.003963
10 0.676232 0.913259 0.003694 0.003423
10 0.679571 0.912448 0.003836 0.003243
10 0.682910 0.910557 0.003410 0.003423
10 0.691718 0.915781 0.003410 0.005224
10 0.693920 0.907044 0.003268 0.003603
10 0.696477 0.905422 0.003268 0.003603
10 0.695056 0.915060 0.002983 0.005585
10 0.696690 0.914520 0.002841 0.005585
10 0.698324 0.913529 0.003268 0.005765
9 0.695980 0.171951 0.062793 0.160151
9 0.744637 0.229778 0.034238 0.093497
9 0.771345 0.283553 0.006677 0.023059
9 0.746200 0.385876 0.025146 0.070618
9 0.688592 0.468654 0.054269 0.031526
9 0.734977 0.888128 0.012644 0.016213
9 0.712388 0.882454 0.012360 0.011349
9 0.722262 0.011800 0.013070 0.019276
9 0.715798 0.893983 0.010655 0.012430
10 0.632973 0.415421 0.003552 0.002882
9 0.542975 0.682940 0.015059 0.017294
9 0.495383 0.624212 0.053985 0.035309
9 0.497869 0.633309 0.052990 0.034408
9 0.502131 0.642677 0.052990 0.036210
9 0.570536 0.555756 0.054837 0.023419
9 0.567410 0.566384 0.054269 0.023059
9 0.565634 0.577013 0.054127 0.023059
9 0.501065 0.768240 0.081262 0.047019
9 0.581759 0.794181 0.049439 0.031886
9 0.468888 0.738786 0.137946 0.082147
9 0.525430 0.907764 0.020031 0.052243
9 0.529194 0.898847 0.028129 0.077283
9 0.538571 0.906503 0.026992 0.073861
9 0.546953 0.904792 0.034948 0.093136
9 0.555690 0.903081 0.028271 0.077103
9 0.559881 0.894884 0.019889 0.056747
9 0.597954 0.876599 0.031539 0.072419
9 0.670692 0.872545 0.091774 0.048460
9 0.670834 0.861647 0.056826 0.033507
9 0.660889 0.855161 0.075579 0.042155
9 0.634536 0.878310 0.022304 0.014952
9 0.717929 0.891911 0.010371 0.012971
9 0.691078 0.478562 0.054411 0.032967
9 0.824265 0.069807 0.034096 0.093857
10 0.185751 0.780850 0.002983 0.005224
9 0.988564 0.331742 0.018326 0.045938
10 0.011862 0.050802 0.002415 0.004684
10 0.009945 0.060079 0.002273 0.004864
10 0.015627 0.062962 0.001989 0.004864
10 0.002912 0.154567 0.002131 0.005765
10 0.012076 0.428391 0.002841 0.005765
10 0.007743 0.420195 0.003268 0.005224
10 0.052138 0.590344 0.003410 0.007206
10 0.110456 0.620249 0.003552 0.006846
4 0.604489 0.923257 0.015343 0.039993
4 0.661031 0.900829 0.011934 0.034769
4 0.555761 0.952621 0.009945 0.027022
10 0.664583 0.147901 0.003410 0.006125
10 0.661102 0.137903 0.002983 0.005224
10 0.662239 0.142227 0.002983 0.004864
10 0.665577 0.155648 0.002841 0.005044
4 0.301392 0.759683 0.079131 0.039632
4 0.417034 0.785804 0.277738 0.141236
4 0.280153 0.703387 0.071033 0.035129
10 0.116210 0.826428 0.002841 0.005585
10 0.127291 0.879661 0.003410 0.006125
10 0.126367 0.863898 0.002983 0.005224
10 0.131269 0.848676 0.002273 0.005404
9 0.270422 0.736624 0.015769 0.029544
9 0.898565 0.266799 0.015343 0.037110
9 0.967396 0.359485 0.026850 0.065754
9 0.832078 0.064673 0.030686 0.084309
9 0.960151 0.362097 0.026566 0.066655
9 0.812615 0.129796 0.009945 0.017114
9 0.824549 0.166727 0.028697 0.066835
9 0.881020 0.206539 0.030544 0.080526
9 0.857508 0.796974 0.021878 0.077464
9 0.867524 0.800486 0.027135 0.090614
9 0.739167 0.976491 0.016764 0.023960
12 0.910783 0.902090 0.015059 0.014592
12 0.927902 0.906413 0.013780 0.016033
12 0.906947 0.924338 0.015343 0.014772
12 0.923995 0.928662 0.014491 0.015132
12 0.905668 0.949198 0.014491 0.014052
12 0.921509 0.953162 0.014064 0.014772
12 0.902614 0.969195 0.013780 0.013331
12 0.917886 0.972798 0.014775 0.013691
12 0.964128 0.918213 0.024577 0.028824
12 0.957238 0.956404 0.024719 0.027022
12 0.986717 0.964781 0.024577 0.026121
12 0.990055 0.926320 0.020173 0.027743
12 0.956102 0.823725 0.022162 0.027563
12 0.934437 0.782472 0.024009 0.026482
4 0.961216 0.647181 0.038074 0.020717
9 0.958375 0.507566 0.013070 0.011349
9 0.952195 0.364529 0.027135 0.066114
10 0.632334 0.413529 0.003410 0.003423
10 0.631127 0.409115 0.003552 0.002162
10 0.630629 0.407134 0.003694 0.003243
10 0.167495 0.713565 0.003978 0.007206
10 0.178079 0.719600 0.004688 0.003783
10 0.177511 0.717979 0.004688 0.004504
10 0.177298 0.715457 0.004830 0.004143
10 0.176730 0.713475 0.004830 0.004143
10 0.175806 0.709602 0.004120 0.003603
10 0.174457 0.705458 0.003410 0.003603
10 0.174030 0.703207 0.003410 0.003783
10 0.172752 0.699153 0.004262 0.004324
10 0.172326 0.697172 0.004830 0.003963
10 0.171473 0.695100 0.003978 0.003783
10 0.170408 0.690957 0.004120 0.003783
10 0.169697 0.688975 0.004688 0.003423
10 0.169413 0.686993 0.004972 0.003783
10 0.168632 0.682940 0.004546 0.003963
10 0.168348 0.680508 0.005114 0.004143
10 0.167637 0.678616 0.004830 0.004324
9 0.270209 0.698703 0.029266 0.019636
10 0.180352 0.616916 0.003268 0.005945
10 0.176730 0.618357 0.002841 0.005585
10 0.175451 0.618897 0.002841 0.005224
10 0.173604 0.620159 0.003125 0.005224
10 0.165649 0.609980 0.003694 0.006846
10 0.170337 0.607638 0.003410 0.005765
10 0.162097 0.689155 0.002841 0.005945
10 0.178719 0.723924 0.005398 0.005224
10 0.630345 0.405242 0.003694 0.003423
10 0.174528 0.735813 0.003552 0.005585
10 0.179145 0.757611 0.003978 0.007386
10 0.194630 0.782742 0.004546 0.004324
10 0.193849 0.780760 0.004120 0.004324
10 0.193209 0.777878 0.003978 0.003603
10 0.196122 0.776347 0.004404 0.004143
10 0.192073 0.775896 0.004546 0.003963
10 0.192073 0.773554 0.003694 0.003243
10 0.191078 0.772113 0.003694 0.003243
10 0.190084 0.768240 0.003694 0.003423
10 0.194701 0.770402 0.003836 0.003423
10 0.193564 0.769051 0.003836 0.003603
10 0.189089 0.763106 0.003694 0.003963
10 0.189800 0.765177 0.003125 0.003423
10 0.193138 0.766438 0.004120 0.003423
10 0.192570 0.763556 0.003268 0.003783
10 0.191504 0.757701 0.004262 0.003963
10 0.188024 0.758872 0.004120 0.003783
10 0.187456 0.756891 0.004120 0.003783
10 0.186319 0.752477 0.003552 0.003603
10 0.190794 0.755269 0.003978 0.003783
10 0.189658 0.751036 0.003978 0.003603
10 0.190368 0.753108 0.004262 0.003783
10 0.176019 0.741218 0.003410 0.005945
10 0.175238 0.604756 0.002415 0.004324
10 0.177156 0.604306 0.003125 0.005945
10 0.181631 0.602414 0.003268 0.005044
10 0.183762 0.601513 0.002983 0.005765
10 0.607615 0.381913 0.005114 0.003963
10 0.607828 0.384345 0.003836 0.003063
10 0.608964 0.386057 0.003836 0.003243
10 0.609959 0.390200 0.004120 0.003963
10 0.610598 0.392542 0.004262 0.003243
10 0.611024 0.394253 0.003978 0.003423
10 0.611593 0.396055 0.004262 0.004143
10 0.612303 0.398307 0.003978 0.003603
10 0.612587 0.400198 0.003978 0.003783
10 0.614008 0.403981 0.003978 0.004143
10 0.614505 0.406413 0.003836 0.002522
10 0.615215 0.410467 0.004120 0.003783
10 0.616281 0.412358 0.003410 0.003603
10 0.616707 0.414430 0.003978 0.003423
10 0.617133 0.416682 0.003978 0.003603
10 0.618057 0.420915 0.003836 0.003783
10 0.626154 0.405242 0.004404 0.003423
10 0.626723 0.407044 0.003552 0.003423
10 0.627433 0.408485 0.004120 0.003423
10 0.628001 0.410917 0.004120 0.003603
10 0.628640 0.412809 0.003978 0.004143
10 0.629067 0.415240 0.004262 0.004324
10 0.629635 0.403261 0.004262 0.003423
10 0.675664 0.442353 0.002841 0.005585
10 0.673675 0.443253 0.002841 0.005585
10 0.671899 0.444064 0.002983 0.004684
9 0.656130 0.058728 0.017474 0.049000
10 0.154141 0.589804 0.003694 0.005404
10 0.156059 0.585930 0.003268 0.004864
10 0.158687 0.582508 0.003978 0.005585
10 0.164725 0.573770 0.004120 0.005765
10 0.167993 0.570798 0.004404 0.004864
9 0.440972 0.933525 0.015627 0.013691
9 0.493607 0.947757 0.013212 0.031346
9 0.497301 0.936408 0.018895 0.049000
9 0.432661 0.733652 0.034238 0.019996
9 0.436355 0.667537 0.052990 0.019276
10 0.648530 0.426770 0.005114 0.005404
10 0.669982 0.444695 0.003410 0.005585
10 0.640787 0.397316 0.004688 0.004504
10 0.642137 0.399478 0.003978 0.003423
10 0.635389 0.392272 0.003552 0.003783
10 0.634678 0.390020 0.004120 0.003603
10 0.634394 0.388038 0.003836 0.003963
10 0.633044 0.383625 0.003410 0.003783
10 0.632405 0.381373 0.004404 0.003243
10 0.631766 0.378851 0.003694 0.003243
10 0.663802 0.447577 0.003836 0.005585
10 0.665649 0.445956 0.002699 0.005224
12 0.245560 0.291119 0.045035 0.051883
