12 0.774096 0.923378 0.062847 0.070756
10 0.627145 0.661778 0.008186 0.008000
10 0.629852 0.670489 0.007262 0.006933
10 0.631767 0.679111 0.006866 0.005689
10 0.635265 0.692711 0.007790 0.007644
10 0.647478 0.688622 0.007394 0.006933
10 0.650119 0.700178 0.008450 0.007289
10 0.654014 0.716978 0.008846 0.007467
10 0.637642 0.701689 0.006998 0.006756
10 0.638896 0.709422 0.006866 0.005867
10 0.639886 0.713956 0.007790 0.007111
10 0.641603 0.717156 0.006998 0.006756
10 0.643187 0.720889 0.006998 0.007467
10 0.644442 0.725422 0.007658 0.007289
10 0.622722 0.744000 0.011751 0.022044
10 0.637378 0.773333 0.006470 0.009956
10 0.639688 0.788267 0.005545 0.007822
10 0.637246 0.796089 0.005941 0.009244
10 0.633747 0.805778 0.005545 0.009067
9 0.591761 0.951822 0.110378 0.066844
6 0.254357 0.071911 0.016768 0.011556
10 0.221679 0.053156 0.008450 0.007822
10 0.207288 0.059733 0.008450 0.007822
10 0.199762 0.062667 0.007130 0.006933
10 0.193029 0.066222 0.007922 0.007289
10 0.628664 0.666133 0.007790 0.007111
10 0.626419 0.656711 0.007262 0.007111
10 0.540203 0.392444 0.007790 0.007289
10 0.623251 0.648000 0.006998 0.007111
10 0.575588 0.410489 0.009110 0.007111
10 0.567600 0.412000 0.006073 0.012267
10 0.576512 0.513244 0.006998 0.013156
10 0.660219 0.812000 0.005941 0.006222
10 0.659163 0.808444 0.005941 0.005867
10 0.657645 0.804533 0.006602 0.005867
10 0.655928 0.800356 0.007922 0.006756
10 0.655466 0.823911 0.008318 0.007644
10 0.636718 0.645244 0.007526 0.006578
10 0.635926 0.641511 0.007790 0.007289
10 0.634737 0.637867 0.007526 0.006400
10 0.632559 0.630933 0.007658 0.007467
10 0.629324 0.620000 0.007262 0.007289
10 0.627938 0.615022 0.007922 0.006933
10 0.626683 0.611022 0.007790 0.006756
10 0.614603 0.613333 0.007658 0.006400
10 0.615725 0.617156 0.006998 0.006222
10 0.618960 0.632000 0.006866 0.006400
10 0.617705 0.624267 0.007526 0.006222
10 0.617837 0.628800 0.007526 0.007467
10 0.619950 0.636267 0.006734 0.006756
10 0.621204 0.640356 0.007658 0.006756
10 0.621930 0.644089 0.007526 0.007111
10 0.230459 0.062844 0.007526 0.006578
10 0.223594 0.066222 0.007790 0.007289
10 0.216332 0.069511 0.006998 0.006756
10 0.209401 0.072622 0.007130 0.007289
10 0.117111 0.101689 0.007658 0.007111
10 0.103380 0.099111 0.006073 0.005511
10 0.089385 0.105956 0.005809 0.011378
9 0.627608 0.311822 0.123977 0.311111
12 0.402561 0.886756 0.024030 0.025600
12 0.421112 0.766933 0.020993 0.022756
12 0.399063 0.814667 0.031027 0.029689
12 0.438606 0.674667 0.024030 0.024178
12 0.372062 0.706311 0.035120 0.036267
12 0.333047 0.714400 0.042910 0.044267
12 0.356087 0.565600 0.026934 0.035022
12 0.442105 0.434667 0.020993 0.025600
12 0.429562 0.456356 0.018088 0.025600
12 0.410549 0.452178 0.022049 0.028267
12 0.386586 0.459644 0.021917 0.026844
12 0.370082 0.482578 0.025086 0.035022
12 0.341035 0.485156 0.033008 0.037689
12 0.276076 0.473067 0.029047 0.032356
12 0.406588 0.310844 0.047927 0.055289
12 0.328558 0.231644 0.051888 0.064711
12 0.280103 0.253956 0.055057 0.065956
12 0.342553 0.122578 0.043966 0.059200
12 0.300106 0.144089 0.043042 0.053867
10 0.123977 0.098044 0.006602 0.005867
10 0.130512 0.095111 0.006734 0.006756
10 0.137576 0.091911 0.007394 0.007467
10 0.265910 0.738667 0.007658 0.007467
10 0.202535 0.075733 0.007130 0.007111
10 0.195933 0.079378 0.006602 0.006222
10 0.190322 0.081867 0.006470 0.006578
10 0.183919 0.084444 0.007658 0.007467
10 0.173026 0.075644 0.007262 0.007289
6 0.227489 0.500089 0.012939 0.030578
10 0.241484 0.705600 0.007658 0.008178
10 0.258846 0.710311 0.007262 0.006578
10 0.259836 0.714222 0.006602 0.006578
10 0.220359 0.716444 0.005545 0.010667
10 0.267032 0.742844 0.008054 0.007289
10 0.144442 0.088978 0.006866 0.006933
10 0.267296 0.747378 0.007262 0.007111
10 0.268814 0.751733 0.006602 0.007289
10 0.288157 0.753244 0.006205 0.010667
10 0.340507 0.964089 0.005281 0.008889
6 0.027990 0.226489 0.007130 0.018133
6 0.020399 0.243644 0.008846 0.018311
10 0.160747 0.095289 0.006734 0.006400
10 0.154476 0.099111 0.006602 0.006578
10 0.136916 0.107111 0.007394 0.006933
10 0.143847 0.103556 0.008582 0.007289
10 0.572815 0.400089 0.007262 0.006933
10 0.535648 0.374667 0.008186 0.006578
12 0.775152 0.856444 0.031951 0.033244
12 0.456826 0.751111 0.021653 0.018489
12 0.492078 0.732533 0.021125 0.017956
12 0.464748 0.778222 0.019805 0.019378
12 0.401835 0.692711 0.022841 0.017956
12 0.420055 0.683378 0.022049 0.018844
12 0.455704 0.667200 0.021257 0.018844
12 0.473858 0.661244 0.017164 0.015467
12 0.488645 0.653956 0.017428 0.015111
12 0.504027 0.646667 0.017032 0.015467
12 0.405532 0.667289 0.022577 0.017956
12 0.423158 0.658667 0.022181 0.018489
12 0.441114 0.650311 0.022181 0.018844
12 0.458542 0.642578 0.022445 0.018667
12 0.476367 0.633333 0.019805 0.017956
12 0.495379 0.626133 0.022709 0.019911
12 0.518748 0.639822 0.017164 0.013867
12 0.387048 0.675822 0.023633 0.017600
12 0.309216 0.626756 0.041986 0.041067
12 0.349419 0.614756 0.032348 0.030578
12 0.377608 0.599644 0.027462 0.030578
12 0.410549 0.587022 0.031027 0.030578
12 0.439860 0.573333 0.029179 0.027733
12 0.467058 0.561067 0.029971 0.027022
12 0.430948 0.526311 0.022445 0.021156
12 0.474122 0.740622 0.021125 0.018844
12 0.439134 0.759911 0.021917 0.018311
10 0.521653 0.356000 0.006602 0.012267
12 0.402759 0.779644 0.022577 0.019022
12 0.744917 0.868711 0.031687 0.032889
12 0.750594 0.831200 0.024558 0.025067
12 0.724518 0.831467 0.024690 0.024533
12 0.518286 0.840533 0.016504 0.015644
12 0.399723 0.918222 0.025482 0.020622
12 0.422168 0.907822 0.022049 0.017956
12 0.442105 0.898578 0.022313 0.019378
12 0.462239 0.891289 0.019012 0.016889
12 0.447056 0.871822 0.019541 0.015644
12 0.469501 0.866667 0.017692 0.015289
12 0.490692 0.876356 0.017824 0.014400
12 0.485345 0.852889 0.016636 0.015111
12 0.502112 0.852444 0.017428 0.014222
12 0.526208 0.876533 0.012015 0.011200
12 0.528981 0.858578 0.008846 0.008356
12 0.427185 0.878844 0.021257 0.019022
12 0.383153 0.897511 0.024294 0.021511
12 0.378334 0.927644 0.024690 0.022400
12 0.360246 0.824089 0.041326 0.043200
12 0.426657 0.802222 0.028387 0.026133
12 0.485279 0.779200 0.021785 0.018489
12 0.451347 0.795022 0.022577 0.019556
12 0.381304 0.782756 0.022709 0.020622
12 0.453657 0.525689 0.024030 0.020267
12 0.470029 0.508800 0.024030 0.021333
12 0.409031 0.541956 0.029575 0.027556
12 0.382163 0.554844 0.029707 0.027733
9 0.654938 0.087467 0.028651 0.019200
9 0.652693 0.080444 0.030235 0.020089
9 0.662398 0.097067 0.128070 0.071467
9 0.680156 0.107822 0.098363 0.060267
10 0.662200 0.040978 0.004621 0.009067
9 0.637972 0.218844 0.045419 0.070044
10 0.819976 0.877244 0.006998 0.005867
10 0.818260 0.868000 0.005413 0.004800
10 0.815487 0.844622 0.004621 0.007111
10 0.813045 0.835289 0.003961 0.007644
9 0.900977 0.433422 0.010562 0.033422
9 0.708476 0.061067 0.047003 0.030400
10 0.550238 0.044356 0.008054 0.007289
10 0.617705 0.047022 0.007262 0.007289
10 0.527726 0.020800 0.007922 0.007822
10 0.483892 0.043111 0.004489 0.008711
10 0.533932 0.148000 0.007394 0.007644
10 0.541590 0.152711 0.008186 0.008178
10 0.535516 0.162400 0.007658 0.006578
10 0.517758 0.307378 0.006205 0.009600
10 0.519012 0.313689 0.006073 0.009067
10 0.520267 0.320356 0.005677 0.009244
6 0.525680 0.310667 0.010959 0.025067
9 0.613480 0.132267 0.039741 0.027022
12 0.501650 0.552356 0.008318 0.007822
4 0.486467 0.964089 0.036044 0.060444
12 0.432202 0.400889 0.021785 0.023111
12 0.328624 0.579200 0.028519 0.028089
12 0.303340 0.577867 0.020201 0.019022
12 0.311460 0.510133 0.027462 0.030044
12 0.284988 0.509244 0.031027 0.034311
12 0.297795 0.457422 0.030235 0.032711
12 0.328162 0.449333 0.029971 0.031111
12 0.350607 0.430133 0.029443 0.030400
12 0.373779 0.430756 0.022973 0.021333
12 0.396290 0.417689 0.025482 0.022578
12 0.411804 0.399289 0.024822 0.021333
12 0.358397 0.332089 0.043966 0.051911
4 0.579813 0.924622 0.029707 0.055822
12 0.311460 0.354578 0.043834 0.051022
12 0.265051 0.376444 0.042910 0.051733
12 0.231780 0.279111 0.051360 0.056533
12 0.375165 0.211556 0.052416 0.056889
12 0.381172 0.105422 0.044626 0.047644
12 0.209203 0.189689 0.050832 0.056889
6 0.496501 0.056711 0.007262 0.007467
6 0.487457 0.050400 0.006073 0.004444
6 0.137774 0.135200 0.006998 0.015111
6 0.071032 0.731644 0.008978 0.018667
12 0.257526 0.164356 0.043966 0.056711
