14 0.673445 0.855629 0.018120 0.051772
1 0.347292 0.273975 0.024562 0.073315
14 0.646366 0.809937 0.021140 0.071577
14 0.616569 0.807679 0.022347 0.071230
14 0.586672 0.806289 0.022549 0.071230
14 0.555869 0.805594 0.023354 0.072620
11 0.662472 0.522759 0.110932 0.290132
14 0.667506 0.215427 0.024361 0.076442
14 0.639320 0.214385 0.024361 0.076442
14 0.611033 0.214559 0.026173 0.076095
14 0.581538 0.213690 0.024763 0.074357
14 0.554560 0.212474 0.023958 0.075400
1 0.375478 0.274322 0.024562 0.073315
1 0.320213 0.272759 0.024361 0.072967
1 0.831488 0.347290 0.024159 0.088603
1 0.293537 0.272411 0.022549 0.073662
1 0.375478 0.193537 0.024562 0.082001
1 0.348500 0.192669 0.024562 0.080959
1 0.320515 0.191974 0.024965 0.082349
1 0.293839 0.191974 0.023958 0.081654
1 0.237769 0.838256 0.024562 0.082349
1 0.211194 0.838256 0.026575 0.082349
1 0.183914 0.837561 0.024763 0.083739
1 0.156835 0.837213 0.026173 0.081654
1 0.128347 0.836518 0.026777 0.083044
1 0.100362 0.836171 0.025971 0.080959
1 0.804812 0.348158 0.025166 0.088951
1 0.858164 0.346769 0.023958 0.090341
14 0.674250 0.795518 0.018120 0.052467
1 0.836320 0.654274 0.025770 0.084086
14 0.700423 0.857019 0.017717 0.050382
14 0.700020 0.795865 0.018522 0.050382
14 0.725891 0.857366 0.017516 0.050382
14 0.725488 0.797081 0.017918 0.050730
14 0.752064 0.857366 0.017516 0.051772
14 0.751460 0.796734 0.017516 0.050730
3 0.163882 0.531619 0.136098 0.455872
3 0.662875 0.522933 0.160056 0.460737
1 0.915241 0.651494 0.024159 0.083391
1 0.888867 0.652363 0.025367 0.084434
1 0.862694 0.653058 0.024965 0.083739
1 0.808637 0.654100 0.026374 0.080959
1 0.884236 0.345726 0.024159 0.088951
1 0.913429 0.563238 0.023757 0.082001
1 0.887357 0.564281 0.024361 0.082001
1 0.862090 0.564628 0.023354 0.082001
1 0.836320 0.564976 0.025770 0.082001
1 0.807731 0.565323 0.027381 0.081306
1 0.911617 0.436240 0.025770 0.083044
1 0.884941 0.437283 0.024361 0.083044
1 0.858667 0.437630 0.024562 0.080959
1 0.833098 0.438325 0.023354 0.081654
1 0.806523 0.439541 0.026575 0.079222
1 0.910610 0.346421 0.026173 0.087561
11 0.164486 0.527623 0.112341 0.280403
