9 0.854135 0.516932 0.050228 0.049758
12 0.317352 0.418452 0.014713 0.021424
9 0.499239 0.413269 0.037544 0.026261
9 0.458904 0.362129 0.048199 0.034554
9 0.458650 0.379406 0.069001 0.048376
9 0.404110 0.353490 0.044140 0.035245
9 0.357433 0.335522 0.051243 0.039392
9 0.313800 0.314098 0.030949 0.022806
9 0.316844 0.305805 0.032978 0.021424
12 0.377727 0.468901 0.006596 0.008984
12 0.365550 0.430546 0.009640 0.012440
12 0.384069 0.450933 0.016235 0.021424
12 0.365043 0.453697 0.016743 0.021424
12 0.342973 0.432274 0.022324 0.031099
12 0.296043 0.431583 0.013699 0.018659
9 0.851852 0.530408 0.039574 0.038010
12 0.299087 0.399793 0.013699 0.020041
9 0.281329 0.264340 0.047184 0.033863
9 0.278792 0.277125 0.056317 0.037319
9 0.274226 0.287491 0.054287 0.035936
9 0.194571 0.260194 0.050228 0.035245
9 0.198884 0.248445 0.050736 0.036628
9 0.201421 0.236006 0.049721 0.036628
9 0.200660 0.222875 0.055302 0.043538
9 0.052511 0.174499 0.087773 0.057360
9 0.051243 0.189357 0.086251 0.062198
9 0.134450 0.235660 0.054795 0.035936
9 0.084982 0.180373 0.046169 0.031790
9 0.674023 0.440912 0.029934 0.030408
9 0.675799 0.423981 0.023338 0.022806
9 0.674277 0.429855 0.019280 0.017968
9 0.623288 0.411887 0.021816 0.022115
9 0.847793 0.541811 0.046677 0.044229
9 0.842719 0.552868 0.046677 0.044229
9 0.836124 0.563925 0.048706 0.046994
9 0.831304 0.574637 0.039066 0.039392
9 0.824455 0.583967 0.046677 0.046994
9 0.817605 0.592605 0.041096 0.040774
9 0.811263 0.601589 0.042618 0.046303
9 0.802892 0.611956 0.040081 0.044921
9 0.799087 0.626469 0.043633 0.046303
9 0.761289 0.585695 0.051243 0.058742
9 0.772451 0.572564 0.041096 0.040774
9 0.772704 0.556669 0.048706 0.046303
9 0.778031 0.544229 0.051243 0.050449
9 0.780822 0.531099 0.040589 0.038010
9 0.785642 0.522460 0.040081 0.038701
9 0.787671 0.507602 0.046169 0.046303
9 0.731101 0.427782 0.041603 0.037319
9 0.728818 0.439530 0.043125 0.037319
9 0.725520 0.448514 0.040589 0.034554
9 0.721208 0.458535 0.048199 0.043538
9 0.717910 0.472357 0.051750 0.046303
9 0.715880 0.485833 0.040589 0.038701
9 0.588026 0.451624 0.046677 0.044921
9 0.620751 0.424672 0.019787 0.018659
9 0.621258 0.418106 0.017757 0.017968
9 0.089041 0.166897 0.053272 0.039392
