12 0.957632 0.052250 0.004924 0.007257
6 0.696294 0.189949 0.009329 0.004717
9 0.743327 0.503628 0.002850 0.009434
4 0.660145 0.684325 0.012698 0.010160
9 0.680098 0.649673 0.013734 0.032293
9 0.682431 0.626814 0.015807 0.046081
9 0.691500 0.355406 0.045867 0.104862
9 0.661570 0.175980 0.018139 0.148041
6 0.704587 0.187591 0.005701 0.004354
6 0.685152 0.193033 0.006219 0.003628
6 0.825084 0.019594 0.007256 0.014514
9 0.579813 0.369739 0.048976 0.146589
6 0.538741 0.483309 0.009847 0.010160
6 0.519694 0.491655 0.009588 0.007983
6 0.487173 0.479136 0.006737 0.011974
4 0.269889 0.388062 0.005960 0.011248
4 0.316921 0.693396 0.006219 0.009434
4 0.314978 0.678882 0.019435 0.010160
6 0.747473 0.344702 0.004924 0.005080
6 0.871599 0.021408 0.009588 0.005080
12 0.958150 0.043360 0.004924 0.007620
12 0.163255 0.311321 0.010365 0.015239
12 0.176859 0.314224 0.010625 0.015239
12 0.140451 0.210450 0.002073 0.002903
12 0.140969 0.206277 0.002073 0.003266
12 0.137212 0.214804 0.002332 0.003628
12 0.134361 0.214441 0.002332 0.003628
12 0.151723 0.209724 0.005442 0.008708
12 0.145763 0.208636 0.005442 0.007983
12 0.056103 0.073113 0.006478 0.009071
6 0.870174 0.013970 0.009847 0.005443
12 0.046903 0.071118 0.006737 0.009434
12 0.054159 0.060414 0.006219 0.009071
12 0.050272 0.048077 0.006737 0.009071
6 0.932495 0.077649 0.003369 0.007983
6 0.936253 0.056060 0.004146 0.013425
6 0.925110 0.043723 0.005183 0.014151
6 0.868360 0.018687 0.005183 0.003991
3 0.130086 0.414006 0.100544 0.085631
