12 0.884871 0.536595 0.005082 0.005309
12 0.132330 0.320440 0.026192 0.026545
4 0.572127 0.566363 0.037920 0.036784
4 0.601837 0.538491 0.037138 0.036405
4 0.634285 0.510997 0.040266 0.039060
4 0.662236 0.481797 0.034402 0.034509
4 0.695074 0.452598 0.041439 0.039818
12 0.118452 0.251612 0.014073 0.014790
12 0.167123 0.257300 0.015246 0.015548
12 0.214816 0.265264 0.019156 0.020099
12 0.137217 0.277588 0.027365 0.027304
12 0.108288 0.294463 0.013292 0.013273
12 0.187647 0.275502 0.017201 0.016306
12 0.185887 0.301669 0.016028 0.017823
12 0.206607 0.289344 0.008991 0.009860
12 0.100469 0.400076 0.028929 0.028821
12 0.220289 0.291619 0.009773 0.009860
12 0.209539 0.307736 0.009382 0.009480
12 0.181587 0.328972 0.016810 0.017823
12 0.106138 0.339780 0.016028 0.015927
12 0.156372 0.349071 0.023456 0.024649
12 0.204066 0.320440 0.009382 0.009101
12 0.207193 0.344710 0.013292 0.013652
12 0.226153 0.357603 0.008991 0.009860
12 0.198202 0.367653 0.013292 0.014031
12 0.117475 0.369928 0.019937 0.020099
12 0.183151 0.352294 0.009773 0.009860
12 0.146599 0.378840 0.018765 0.018203
4 0.850078 0.328593 0.023847 0.021615
4 0.829554 0.335609 0.010946 0.007584
4 0.734167 0.429845 0.010164 0.010997
4 0.721462 0.418089 0.011337 0.011756
6 0.120797 0.222791 0.011728 0.004171
6 0.013683 0.664960 0.006255 0.004930
6 0.113956 0.753318 0.013683 0.010997
6 0.132916 0.770573 0.017983 0.014410
6 0.229476 0.826887 0.011728 0.009480
6 0.276974 0.873531 0.008210 0.007205
6 0.166145 0.147327 0.012510 0.004171
6 0.192142 0.148464 0.004300 0.014031
6 0.197029 0.166287 0.002346 0.009480
6 0.187647 0.178233 0.004691 0.013652
6 0.194292 0.175578 0.009382 0.009860
6 0.278929 0.104664 0.004300 0.011377
6 0.267592 0.263178 0.006646 0.011377
6 0.331118 0.333902 0.017201 0.004171
4 0.341087 0.593477 0.008210 0.013652
4 0.381744 0.518013 0.027756 0.042473
9 0.374902 0.783466 0.010946 0.012135
6 0.286552 0.871824 0.017201 0.013652
2 0.232799 0.834092 0.231822 0.179370
9 0.469507 0.397421 0.089132 0.127418
9 0.747068 0.070724 0.046912 0.127797
9 0.783620 0.312476 0.010555 0.008343
4 0.804339 0.352294 0.011337 0.009101
4 0.761728 0.382253 0.011337 0.012135
4 0.731822 0.407281 0.010946 0.010618
12 0.176701 0.385666 0.022674 0.022753
12 0.151681 0.406333 0.016419 0.015548
12 0.876271 0.542473 0.005082 0.005688
9 0.698788 0.445392 0.010555 0.010997
9 0.620407 0.507016 0.009382 0.009860
9 0.632134 0.501517 0.007037 0.006447
9 0.656763 0.484831 0.006255 0.007205
9 0.662236 0.474213 0.007819 0.008722
9 0.659304 0.488813 0.008991 0.009101
9 0.661845 0.492605 0.010164 0.011377
9 0.666341 0.494312 0.007428 0.007205
9 0.665364 0.476868 0.008600 0.009480
9 0.671423 0.482556 0.008991 0.009480
9 0.681001 0.441600 0.012510 0.012514
9 0.695074 0.441790 0.011728 0.012135
9 0.683933 0.453166 0.011337 0.011377
9 0.701329 0.449943 0.009382 0.009480
12 0.208170 0.405385 0.019937 0.020478
9 0.695074 0.462837 0.007819 0.007964
9 0.730258 0.404058 0.014073 0.014790
9 0.738468 0.412400 0.012510 0.012514
9 0.741204 0.417899 0.007819 0.008343
9 0.723808 0.420933 0.012119 0.012893
9 0.728108 0.423019 0.008991 0.008722
9 0.730649 0.426621 0.007819 0.006826
12 0.770133 0.804702 0.009382 0.009101
12 0.749805 0.820440 0.008600 0.008722
9 0.646403 0.515927 0.006646 0.006447
12 0.577600 0.964353 0.007428 0.008343
12 0.583464 0.959044 0.007428 0.007584
9 0.634676 0.503792 0.007428 0.007205
9 0.641321 0.509860 0.007428 0.007964
9 0.638780 0.524839 0.006255 0.006826
9 0.604183 0.532044 0.007428 0.006826
12 0.170055 0.406333 0.010946 0.010997
12 0.181196 0.408229 0.011337 0.010997
12 0.167514 0.418089 0.010555 0.010997
12 0.179828 0.420364 0.008600 0.009480
12 0.189992 0.421881 0.009382 0.008722
12 0.124511 0.427190 0.022283 0.021615
12 0.178069 0.437429 0.013683 0.014031
12 0.243550 0.418658 0.012510 0.011377
12 0.255278 0.419226 0.007819 0.008722
12 0.246482 0.429655 0.008991 0.009101
12 0.256059 0.430982 0.009382 0.010239
12 0.500195 0.009860 0.005082 0.005309
12 0.498827 0.017065 0.004691 0.005309
12 0.470289 0.010049 0.004691 0.004930
12 0.476153 0.011187 0.004691 0.004930
12 0.482017 0.011945 0.004691 0.004930
12 0.483190 0.006636 0.003909 0.004171
12 0.977131 0.520478 0.006646 0.007205
9 0.558444 0.561813 0.007428 0.007205
9 0.586787 0.570724 0.010164 0.009860
9 0.593237 0.537353 0.008210 0.008343
9 0.564699 0.568449 0.008210 0.009101
9 0.608874 0.535836 0.008210 0.007584
9 0.574472 0.577171 0.006646 0.006826
9 0.582682 0.569018 0.008210 0.007964
6 0.118256 0.219568 0.012119 0.003792
