6 0.788321 0.903593 0.020276 0.006857
9 0.433698 0.708448 0.017437 0.006583
10 0.513179 0.754937 0.016626 0.010148
10 0.512774 0.747257 0.015815 0.009051
9 0.442417 0.764674 0.021898 0.006583
9 0.440795 0.758365 0.019465 0.006583
9 0.442011 0.752057 0.018654 0.005485
9 0.442822 0.746572 0.019465 0.006034
9 0.442620 0.726961 0.021492 0.007405
10 0.440592 0.733955 0.013382 0.004937
9 0.442011 0.713659 0.020276 0.007131
9 0.523723 0.704196 0.007705 0.011245
9 0.438767 0.701591 0.019465 0.006583
12 0.424980 0.576934 0.012976 0.009051
9 0.435118 0.694185 0.020276 0.007680
9 0.435118 0.687329 0.020276 0.006034
9 0.519059 0.661958 0.008921 0.013988
12 0.425791 0.678689 0.012976 0.009051
12 0.439984 0.677455 0.012976 0.009325
9 0.499594 0.653730 0.008921 0.013988
9 0.440592 0.638234 0.023114 0.007680
9 0.440187 0.619172 0.023114 0.007405
9 0.439984 0.612315 0.024331 0.007954
9 0.497364 0.610669 0.016626 0.012342
10 0.517032 0.769199 0.015410 0.009600
10 0.516626 0.775507 0.016221 0.009051
10 0.518654 0.782364 0.014599 0.009051
9 0.445458 0.770159 0.018248 0.006034
9 0.299270 0.378360 0.021898 0.009051
9 0.307583 0.401399 0.024736 0.009600
9 0.274939 0.232584 0.025953 0.014811
9 0.295823 0.207488 0.049067 0.034833
9 0.357056 0.180746 0.044201 0.021942
9 0.346310 0.247257 0.034063 0.023862
9 0.297040 0.246846 0.023114 0.014262
9 0.309205 0.256994 0.022303 0.014262
9 0.321979 0.266045 0.024331 0.015908
9 0.344688 0.280856 0.018654 0.012617
9 0.349959 0.288261 0.023520 0.016456
9 0.358678 0.293061 0.017437 0.011245
9 0.361922 0.300466 0.022303 0.014536
9 0.371857 0.313769 0.018654 0.010422
9 0.376521 0.318843 0.024736 0.013988
9 0.377940 0.407707 0.021087 0.007954
9 0.378143 0.413878 0.025547 0.009874
10 0.379562 0.418815 0.014599 0.004937
10 0.381792 0.430609 0.014193 0.005485
10 0.364558 0.440620 0.008921 0.010148
9 0.380576 0.436917 0.020681 0.009325
12 0.410178 0.577894 0.013382 0.008777
9 0.416869 0.558832 0.023520 0.007405
10 0.819546 0.674575 0.012165 0.004114
9 0.605434 0.349698 0.013788 0.025233
9 0.479521 0.250137 0.027981 0.025782
9 0.493512 0.254800 0.024331 0.021942
9 0.505880 0.261245 0.027981 0.024410
9 0.415653 0.208173 0.053528 0.027976
9 0.519870 0.268102 0.027575 0.023862
9 0.533455 0.274273 0.023925 0.020845
9 0.574412 0.292512 0.027981 0.024410
9 0.587186 0.298683 0.027575 0.025233
9 0.565491 0.351755 0.013382 0.022765
9 0.585361 0.351070 0.013382 0.024136
9 0.624290 0.349150 0.014193 0.022490
9 0.419505 0.551838 0.023925 0.007680
9 0.642944 0.349013 0.013382 0.022216
9 0.570154 0.385765 0.017843 0.030993
9 0.589416 0.380828 0.015815 0.025507
9 0.610097 0.383297 0.019059 0.031541
9 0.629359 0.379457 0.015410 0.026056
9 0.648418 0.378086 0.017843 0.026056
9 0.535685 0.481624 0.019465 0.023039
9 0.579684 0.449945 0.019059 0.032090
9 0.601784 0.451591 0.015410 0.025507
9 0.619221 0.452825 0.012976 0.021393
9 0.464720 0.243829 0.028386 0.025233
9 0.453366 0.236698 0.024331 0.020845
10 0.484185 0.225453 0.017032 0.009874
9 0.439984 0.229430 0.022709 0.019473
9 0.417275 0.539221 0.018654 0.007680
9 0.414031 0.534010 0.019465 0.007131
9 0.412612 0.522353 0.023925 0.007954
9 0.498378 0.515359 0.009732 0.010971
9 0.414436 0.516045 0.018654 0.006308
9 0.411395 0.503428 0.024736 0.007954
9 0.406326 0.491086 0.022709 0.007405
9 0.406732 0.478607 0.021087 0.008228
9 0.404501 0.471064 0.023925 0.008502
9 0.404704 0.459819 0.021898 0.007954
9 0.457624 0.447065 0.009327 0.012617
9 0.402879 0.453511 0.024736 0.009600
9 0.468978 0.444323 0.008516 0.012068
9 0.398013 0.447202 0.022303 0.007954
9 0.465734 0.428689 0.011760 0.017553
9 0.456204 0.431980 0.012165 0.017553
9 0.489457 0.434997 0.017032 0.030170
9 0.446472 0.415112 0.012976 0.023862
9 0.402879 0.388919 0.032847 0.016456
9 0.456002 0.390565 0.036902 0.015359
9 0.479724 0.390016 0.008110 0.011519
9 0.295823 0.372189 0.022303 0.009325
9 0.293796 0.366155 0.017437 0.008228
9 0.283049 0.362315 0.021898 0.008777
9 0.162003 0.141799 0.017437 0.012617
4 0.652474 0.365469 0.209246 0.072682
4 0.666261 0.460230 0.209246 0.067471
4 0.678021 0.536753 0.203569 0.054855
4 0.684712 0.594899 0.206407 0.051563
4 0.692620 0.650439 0.205191 0.048546
4 0.702555 0.705705 0.205596 0.046078
4 0.709854 0.767416 0.207218 0.061437
10 0.136861 0.171146 0.013382 0.010422
9 0.119424 0.185272 0.026358 0.008502
9 0.147607 0.199122 0.019465 0.012068
9 0.191809 0.158667 0.017032 0.011794
9 0.282036 0.349973 0.019870 0.009325
9 0.214517 0.155239 0.033252 0.023587
9 0.167275 0.215579 0.017437 0.009874
9 0.171127 0.222298 0.019465 0.012342
9 0.182076 0.234915 0.017843 0.010697
9 0.189578 0.238892 0.018248 0.011519
9 0.207218 0.256171 0.016221 0.009325
9 0.213301 0.262068 0.025953 0.014536
9 0.232157 0.198300 0.026358 0.015908
10 0.210868 0.198848 0.013788 0.009325
9 0.246148 0.206939 0.021898 0.015085
6 0.932482 0.528936 0.010138 0.016731
6 0.902676 0.543609 0.013788 0.032364
6 0.954582 0.619995 0.009732 0.013988
6 0.952555 0.664701 0.008921 0.014536
4 0.447891 0.230389 0.011760 0.010422
4 0.461273 0.236561 0.010949 0.010148
4 0.475872 0.242183 0.010949 0.010971
4 0.489659 0.248903 0.010949 0.010697
4 0.503041 0.254251 0.010949 0.010422
4 0.516221 0.260011 0.012165 0.010971
4 0.530819 0.266456 0.010543 0.010148
4 0.543998 0.272353 0.011760 0.009325
4 0.557583 0.278524 0.011354 0.009600
4 0.571371 0.284147 0.012165 0.009874
4 0.584955 0.290730 0.010138 0.009874
4 0.598540 0.296489 0.012165 0.011519
9 0.656732 0.700219 0.068532 0.014262
9 0.735199 0.823917 0.050284 0.012617
4 0.774939 0.818294 0.005677 0.009051
4 0.791363 0.817197 0.006083 0.009600
4 0.813058 0.814728 0.006488 0.012342
6 0.908759 0.917170 0.051095 0.014262
6 0.971817 0.794569 0.009327 0.014262
6 0.974453 0.759462 0.010543 0.013714
6 0.928427 0.726275 0.009327 0.015359
9 0.250811 0.212425 0.022303 0.013988
9 0.256894 0.218047 0.025547 0.016456
9 0.263179 0.223258 0.025142 0.015359
9 0.356448 0.631925 0.025953 0.007680
9 0.356650 0.618349 0.023114 0.007405
9 0.355028 0.604635 0.023114 0.007954
9 0.349148 0.593801 0.020276 0.006034
9 0.349148 0.581459 0.024331 0.006583
9 0.347729 0.574877 0.019870 0.006034
9 0.346918 0.567745 0.019870 0.006034
9 0.344282 0.541141 0.017032 0.005485
9 0.343877 0.554992 0.021898 0.007954
9 0.343471 0.548272 0.019465 0.006583
9 0.344891 0.561437 0.018248 0.007131
9 0.335564 0.516045 0.019059 0.006308
9 0.337186 0.509051 0.018248 0.007131
9 0.335361 0.503291 0.017843 0.005485
9 0.333333 0.497532 0.018654 0.006034
9 0.334347 0.490812 0.027170 0.006308
9 0.333333 0.478470 0.020276 0.008502
9 0.332320 0.472710 0.018248 0.007405
9 0.330495 0.461190 0.024331 0.009051
9 0.328670 0.453922 0.018248 0.005485
9 0.270276 0.338727 0.025547 0.012068
9 0.278589 0.344213 0.025142 0.011519
9 0.356853 0.625891 0.021898 0.006583
9 0.357056 0.639331 0.026358 0.008228
9 0.235807 0.289632 0.025547 0.013714
9 0.360097 0.645091 0.019465 0.006583
9 0.243715 0.302798 0.029197 0.013165
9 0.248783 0.309243 0.026358 0.012891
9 0.253244 0.315140 0.023925 0.012068
9 0.260138 0.320214 0.023925 0.011794
9 0.259732 0.327482 0.021492 0.010971
9 0.267234 0.332145 0.022709 0.010971
9 0.254663 0.187329 0.024331 0.018102
9 0.353609 0.772765 0.030008 0.007954
9 0.349757 0.765908 0.020681 0.006308
9 0.373682 0.762479 0.017437 0.006034
9 0.372263 0.756857 0.018654 0.006308
9 0.373885 0.744515 0.019465 0.007954
9 0.362328 0.740126 0.023925 0.008502
9 0.366788 0.719556 0.019870 0.006857
9 0.368816 0.712836 0.023114 0.007680
9 0.368613 0.705979 0.024331 0.008228
9 0.366991 0.700219 0.017032 0.006034
9 0.364761 0.672244 0.016626 0.007131
9 0.365572 0.664701 0.018248 0.005760
9 0.361314 0.657844 0.023520 0.006857
9 0.361517 0.651262 0.022303 0.007405
9 0.636050 0.447477 0.016626 0.028250
9 0.605637 0.482995 0.016626 0.025782
9 0.641930 0.479018 0.017843 0.024410
10 0.899838 0.452139 0.007299 0.009051
10 0.815288 0.648793 0.013382 0.004663
10 0.813463 0.630005 0.013788 0.004937
10 0.815896 0.642622 0.015410 0.004937
10 0.896188 0.579676 0.007299 0.009600
10 0.893958 0.566374 0.008516 0.010422
10 0.890511 0.536478 0.008110 0.010422
10 0.883414 0.485601 0.008516 0.010697
10 0.827656 0.487383 0.013788 0.008777
10 0.893552 0.481898 0.006894 0.008777
10 0.880170 0.463659 0.008516 0.009600
10 0.792174 0.464482 0.017437 0.005760
9 0.661192 0.348327 0.012571 0.020296
10 0.788929 0.457625 0.014193 0.005211
10 0.788929 0.451865 0.015815 0.005760
10 0.789538 0.445283 0.016221 0.004663
10 0.810016 0.419089 0.007705 0.010971
10 0.781427 0.399342 0.017032 0.008777
10 0.779603 0.391936 0.017437 0.009325
10 0.776156 0.369035 0.016221 0.008502
10 0.868613 0.386725 0.008110 0.010422
10 0.820560 0.056775 0.007705 0.008777
10 0.885036 0.050466 0.006894 0.010971
10 0.815491 0.655101 0.015410 0.006308
9 0.862733 0.690757 0.021492 0.013439
10 0.823804 0.694871 0.015815 0.004663
10 0.823195 0.714482 0.012165 0.004388
9 0.700730 0.377674 0.017032 0.030719
9 0.717153 0.373560 0.016626 0.025233
9 0.735807 0.374794 0.013382 0.029896
10 0.836577 0.935957 0.006488 0.008502
10 0.844079 0.935409 0.006894 0.009051
10 0.858881 0.934312 0.007299 0.009600
10 0.797445 0.843116 0.006894 0.009325
10 0.841646 0.825014 0.014193 0.005485
10 0.837794 0.807049 0.012165 0.004114
10 0.836375 0.802249 0.014193 0.005485
10 0.834347 0.791827 0.013382 0.004937
10 0.833942 0.787027 0.013382 0.004663
10 0.833536 0.760697 0.016626 0.005760
6 0.828467 0.734641 0.017843 0.005211
9 0.870438 0.745749 0.015004 0.008777
9 0.870843 0.739303 0.013382 0.008502
9 0.868410 0.733544 0.017437 0.010697
9 0.868613 0.726550 0.019465 0.010971
9 0.864355 0.705705 0.019059 0.011519
9 0.863950 0.697340 0.019870 0.012891
10 0.823804 0.700494 0.015004 0.005485
10 0.880170 0.014399 0.006894 0.010148
10 0.873277 0.098053 0.014193 0.005211
10 0.961273 0.086396 0.007705 0.010422
10 0.944039 0.613823 0.005677 0.009325
10 0.964315 0.604635 0.006488 0.009051
10 0.926196 0.636314 0.008110 0.010422
10 0.967762 0.628634 0.006083 0.008228
10 0.965734 0.616018 0.006083 0.009325
10 0.907948 0.665112 0.007299 0.010422
10 0.929846 0.676358 0.006488 0.009874
10 0.974047 0.680746 0.006488 0.008777
10 0.977291 0.700219 0.007299 0.010971
10 0.967356 0.710642 0.006083 0.009874
10 0.936740 0.718459 0.005677 0.008502
10 0.961679 0.739303 0.006083 0.009600
10 0.939376 0.747120 0.006894 0.010422
10 0.942822 0.762479 0.006488 0.009874
10 0.947689 0.796764 0.006488 0.010422
10 0.939984 0.813220 0.007299 0.009874
10 0.953163 0.840510 0.006894 0.009051
10 0.858070 0.984366 0.014599 0.004937
6 0.965734 0.826385 0.009327 0.012617
10 0.421533 0.933352 0.006894 0.008777
10 0.408759 0.985052 0.014599 0.004663
9 0.506488 0.583105 0.006488 0.008228
10 0.962490 0.592567 0.006083 0.009051
10 0.950122 0.506171 0.007299 0.010697
10 0.968370 0.083379 0.005677 0.008777
10 0.952149 0.517691 0.007299 0.009600
10 0.977088 0.081048 0.005272 0.009051
10 0.942822 0.092293 0.007299 0.007405
10 0.896594 0.134120 0.008110 0.010422
10 0.899838 0.162233 0.006488 0.009600
10 0.902676 0.177180 0.005677 0.007680
10 0.904501 0.187054 0.006894 0.009325
10 0.905312 0.200768 0.006894 0.008228
10 0.908556 0.214207 0.007705 0.010422
10 0.909773 0.226687 0.006083 0.010148
10 0.912814 0.247257 0.005677 0.009051
10 0.911395 0.237246 0.007705 0.008228
10 0.915045 0.263302 0.006083 0.009874
10 0.979116 0.302386 0.015004 0.005211
10 0.967356 0.319940 0.014193 0.005211
10 0.981752 0.319391 0.012165 0.004663
10 0.927413 0.352441 0.006488 0.010422
10 0.932685 0.388371 0.006488 0.009874
10 0.938767 0.426358 0.007299 0.010148
10 0.940592 0.442265 0.006083 0.007405
10 0.948500 0.494789 0.005677 0.009325
10 0.907543 0.511657 0.007299 0.010148
9 0.695661 0.348464 0.011760 0.015085
9 0.683090 0.375480 0.019059 0.025782
9 0.572182 0.543198 0.019465 0.034284
10 0.652879 0.969967 0.011354 0.007954
9 0.636253 0.756583 0.012976 0.018925
9 0.642133 0.780170 0.010138 0.020022
9 0.537307 0.786204 0.010543 0.014536
9 0.625912 0.785793 0.015815 0.029622
9 0.542174 0.828305 0.008110 0.010422
10 0.551703 0.867663 0.008516 0.010697
10 0.561638 0.868760 0.008921 0.010697
10 0.646188 0.852030 0.006894 0.009600
10 0.663423 0.852167 0.008110 0.010422
10 0.619627 0.926083 0.016221 0.008502
10 0.677818 0.968459 0.015004 0.010971
9 0.665653 0.375754 0.015815 0.023039
6 0.729724 0.964482 0.015815 0.011245
10 0.717153 0.946105 0.015004 0.011794
10 0.702352 0.948848 0.014599 0.010148
10 0.768045 0.962699 0.013788 0.009874
10 0.672344 0.851481 0.008921 0.010697
10 0.709854 0.848601 0.007705 0.010422
10 0.781225 0.844487 0.006894 0.009325
9 0.767640 0.818431 0.009732 0.013165
9 0.667680 0.782364 0.017437 0.026604
9 0.712287 0.779484 0.018248 0.028524
9 0.618613 0.756171 0.010949 0.019748
9 0.640308 0.718459 0.055150 0.013988
9 0.661800 0.662781 0.011354 0.017828
9 0.627129 0.662918 0.046634 0.012068
9 0.588808 0.532776 0.011354 0.017828
9 0.604826 0.532639 0.015004 0.020296
9 0.621249 0.531953 0.012165 0.018925
9 0.639092 0.529484 0.009732 0.017828
9 0.589416 0.555266 0.011760 0.017279
9 0.603609 0.554855 0.012571 0.019199
9 0.617397 0.553620 0.011760 0.017828
9 0.631995 0.552249 0.013382 0.018925
9 0.646188 0.552386 0.012571 0.017005
9 0.653285 0.445831 0.015410 0.029347
9 0.660178 0.551152 0.013788 0.017828
9 0.581306 0.603264 0.016626 0.028250
9 0.594891 0.589962 0.010543 0.016456
9 0.608881 0.589276 0.011760 0.016182
9 0.622668 0.587493 0.011760 0.017553
9 0.636456 0.587219 0.012571 0.019199
9 0.651257 0.586259 0.013788 0.018376
9 0.597729 0.610395 0.011354 0.015634
9 0.626318 0.608886 0.011760 0.017005
9 0.654298 0.606692 0.010949 0.015908
9 0.589416 0.658667 0.015004 0.026056
9 0.756691 0.772628 0.013788 0.021393
9 0.777778 0.774822 0.015410 0.025782
9 0.666667 0.752194 0.009732 0.019473
9 0.682685 0.604635 0.013382 0.018376
9 0.674574 0.550466 0.010949 0.015908
9 0.689376 0.550192 0.010543 0.018102
9 0.716951 0.547312 0.011354 0.017279
9 0.730333 0.545392 0.012165 0.015085
9 0.759530 0.546352 0.013788 0.019748
9 0.691403 0.523039 0.013788 0.021942
9 0.708637 0.525782 0.014193 0.019748
9 0.725669 0.522216 0.013382 0.020845
9 0.741687 0.523313 0.012976 0.020296
9 0.758110 0.517553 0.013382 0.024136
9 0.676602 0.476550 0.015815 0.020570
9 0.695255 0.478058 0.020681 0.028524
9 0.711071 0.473533 0.014193 0.020570
9 0.728913 0.473670 0.015815 0.024685
9 0.745945 0.472847 0.016626 0.023587
9 0.759124 0.467910 0.009732 0.011519
9 0.671938 0.446791 0.016221 0.025233
9 0.690592 0.444597 0.016221 0.027427
9 0.707826 0.444734 0.015004 0.023313
9 0.724047 0.442265 0.016626 0.026604
9 0.743106 0.440346 0.015004 0.028250
9 0.696675 0.606007 0.012976 0.018925
9 0.668491 0.606692 0.014193 0.018651
9 0.688970 0.751097 0.008921 0.017828
9 0.752230 0.600247 0.012165 0.015085
9 0.704785 0.750960 0.011354 0.019199
9 0.742295 0.747806 0.014193 0.020022
9 0.757908 0.747257 0.011354 0.018376
9 0.752028 0.692540 0.010138 0.015908
9 0.780414 0.691031 0.010138 0.016731
9 0.676805 0.661958 0.010543 0.017828
9 0.704380 0.660724 0.010543 0.018651
9 0.701946 0.640291 0.012976 0.019473
9 0.716342 0.639742 0.012571 0.019473
9 0.743512 0.636314 0.010949 0.017005
9 0.771898 0.635491 0.011760 0.018102
9 0.718775 0.659627 0.011760 0.018651
9 0.747161 0.658256 0.014193 0.018651
9 0.759732 0.655650 0.010138 0.012342
9 0.775547 0.656336 0.011760 0.017553
9 0.666058 0.587219 0.012571 0.018102
9 0.679643 0.585162 0.009732 0.016731
9 0.694039 0.583516 0.010138 0.016731
9 0.722019 0.583653 0.014193 0.017005
9 0.750203 0.580911 0.008921 0.014811
9 0.763990 0.578991 0.011354 0.017553
4 0.433901 0.224767 0.013788 0.012342
