12 0.855603 0.889326 0.007902 0.007184
12 0.415230 0.700992 0.015805 0.015737
12 0.541487 0.436709 0.004670 0.005132
12 0.548671 0.432775 0.005388 0.005474
12 0.542744 0.431748 0.005029 0.005474
12 0.477730 0.360588 0.002874 0.002737
12 0.474318 0.359904 0.002514 0.002737
12 0.568247 0.022751 0.005029 0.005132
12 0.450970 0.589976 0.003233 0.003079
12 0.451149 0.586555 0.002874 0.003079
12 0.447737 0.589805 0.003233 0.002737
12 0.448096 0.586042 0.002514 0.003421
12 0.444325 0.589292 0.002874 0.003079
12 0.445043 0.585871 0.002874 0.003079
12 0.393319 0.737940 0.003592 0.004105
12 0.440912 0.720322 0.004670 0.004447
12 0.425287 0.723743 0.015086 0.016079
12 0.399964 0.721519 0.012572 0.012316
12 0.375359 0.716558 0.016523 0.015395
12 0.546157 0.437906 0.003951 0.004105
12 0.550647 0.438762 0.003592 0.003763
12 0.541846 0.443551 0.007543 0.007869
12 0.494432 0.578857 0.004670 0.005474
12 0.485632 0.684742 0.008621 0.008553
12 0.529813 0.668491 0.008621 0.008895
12 0.495330 0.667123 0.005029 0.004790
12 0.487608 0.665412 0.006825 0.006158
12 0.482399 0.658912 0.005029 0.004790
12 0.521013 0.598187 0.011135 0.009921
12 0.467134 0.588779 0.003951 0.003421
12 0.550108 0.587923 0.011853 0.010606
12 0.549928 0.445091 0.007184 0.007527
12 0.549030 0.565686 0.014727 0.015395
12 0.530532 0.580055 0.011494 0.011290
12 0.506286 0.569962 0.015445 0.015737
12 0.566990 0.548922 0.016882 0.016079
12 0.548851 0.535238 0.011494 0.010606
12 0.517241 0.487342 0.015805 0.015395
12 0.558190 0.446117 0.007184 0.007527
12 0.441810 0.700992 0.007902 0.008211
12 0.389547 0.694834 0.014727 0.014369
12 0.512033 0.687821 0.008261 0.008553
12 0.356861 0.697913 0.016164 0.015053
6 0.722881 0.202874 0.003233 0.008211
6 0.724318 0.194150 0.003233 0.007869
6 0.732579 0.136161 0.003233 0.008211
6 0.587464 0.415669 0.012572 0.003421
6 0.464440 0.478789 0.010776 0.002395
6 0.444145 0.101095 0.006825 0.003079
6 0.423132 0.304311 0.012213 0.003763
6 0.433728 0.445262 0.003951 0.011974
6 0.436961 0.444749 0.003233 0.010948
6 0.439655 0.445262 0.003592 0.009921
6 0.442349 0.449880 0.003951 0.012316
6 0.092134 0.360588 0.003951 0.006842
6 0.119073 0.784981 0.002514 0.008553
8 0.064655 0.988026 0.012931 0.007527
6 0.111171 0.848957 0.008261 0.003763
6 0.128951 0.398392 0.003592 0.011290
6 0.106681 0.319022 0.004310 0.010606
6 0.721624 0.211598 0.002874 0.008553
6 0.764188 0.489052 0.005388 0.012658
4 0.911458 0.246151 0.003951 0.010606
12 0.269935 0.595279 0.007543 0.007527
12 0.415769 0.678926 0.015445 0.014711
12 0.383261 0.673623 0.015805 0.015737
12 0.451688 0.656859 0.003951 0.004105
12 0.441272 0.656004 0.008980 0.008553
12 0.419181 0.653609 0.015805 0.016079
12 0.393499 0.650530 0.015445 0.015395
12 0.359914 0.654294 0.025144 0.024290
12 0.313039 0.647109 0.024066 0.023606
4 0.917565 0.322101 0.003951 0.014711
12 0.308010 0.680465 0.024066 0.023264
12 0.255208 0.714506 0.008261 0.009237
12 0.239583 0.710913 0.010776 0.010948
12 0.159124 0.669860 0.007902 0.008895
12 0.159303 0.661478 0.008980 0.008553
12 0.159303 0.652412 0.008980 0.008895
12 0.159483 0.643517 0.009339 0.008895
12 0.498743 0.686110 0.008261 0.008553
12 0.533046 0.692952 0.012931 0.012658
12 0.848060 0.888471 0.007184 0.007527
12 0.744612 0.611529 0.004310 0.004447
12 0.759519 0.405576 0.003951 0.003763
12 0.768499 0.404550 0.005388 0.005132
12 0.745869 0.401471 0.008980 0.009237
12 0.770295 0.394116 0.004670 0.005474
12 0.763470 0.393089 0.006106 0.006158
12 0.756286 0.392234 0.006106 0.006500
12 0.747665 0.391208 0.008261 0.008553
12 0.771552 0.383681 0.005029 0.005132
12 0.765086 0.382655 0.006466 0.006500
12 0.757902 0.381800 0.006466 0.006158
12 0.749282 0.380260 0.008621 0.008553
12 0.725216 0.359391 0.025862 0.024974
12 0.748922 0.487171 0.002874 0.002737
12 0.715697 0.486829 0.004670 0.004790
12 0.745510 0.486829 0.003233 0.003421
12 0.747126 0.492302 0.006466 0.007527
12 0.703843 0.506329 0.026221 0.027369
12 0.754849 0.413445 0.003233 0.003079
12 0.750898 0.412761 0.003233 0.003079
12 0.753772 0.400274 0.002514 0.002737
12 0.744612 0.411735 0.002155 0.002395
12 0.840697 0.889839 0.002514 0.002737
12 0.841236 0.886418 0.002874 0.002737
12 0.836746 0.893774 0.003233 0.003763
12 0.832615 0.893260 0.003592 0.003421
12 0.889009 0.983921 0.014368 0.013000
12 0.871049 0.981184 0.012931 0.013000
12 0.747486 0.411906 0.002155 0.002737
12 0.748024 0.408998 0.002514 0.002395
12 0.757364 0.400445 0.002514 0.002395
12 0.744792 0.408655 0.002514 0.002395
12 0.751796 0.409682 0.002155 0.002395
12 0.754849 0.407458 0.002514 0.002053
12 0.752155 0.407287 0.002155 0.001711
12 0.755747 0.404892 0.002155 0.002395
12 0.752514 0.404721 0.002155 0.002053
12 0.760955 0.400958 0.002514 0.002737
12 0.669001 0.507698 0.012572 0.011632
12 0.738506 0.612385 0.004310 0.004790
12 0.488506 0.706124 0.017241 0.015737
12 0.687859 0.606740 0.016523 0.015395
12 0.632004 0.460828 0.006825 0.006842
12 0.625359 0.460486 0.005747 0.006158
12 0.606501 0.483407 0.003951 0.004105
12 0.601832 0.482381 0.003951 0.004105
12 0.576509 0.469210 0.020833 0.019501
12 0.598779 0.500000 0.020115 0.018132
12 0.572378 0.495039 0.021193 0.019843
12 0.593032 0.542593 0.015086 0.015053
12 0.570043 0.704584 0.023707 0.022922
12 0.637033 0.747520 0.007543 0.007527
12 0.634519 0.763941 0.007543 0.007527
12 0.538434 0.747691 0.012213 0.011974
12 0.489224 0.743756 0.006466 0.006842
12 0.508621 0.738112 0.024425 0.023606
12 0.472881 0.731953 0.005388 0.005132
12 0.537177 0.716387 0.014009 0.013000
12 0.514009 0.709716 0.013649 0.012658
12 0.624461 0.466815 0.006106 0.006500
12 0.631106 0.467499 0.006466 0.006500
12 0.623743 0.473315 0.006106 0.006500
12 0.708513 0.571502 0.016882 0.015395
12 0.717134 0.592542 0.003233 0.003421
12 0.709591 0.596647 0.006825 0.006842
12 0.701149 0.591687 0.007184 0.007869
12 0.690912 0.584844 0.008980 0.009921
12 0.731501 0.576805 0.008261 0.008211
12 0.731681 0.566370 0.005747 0.005816
12 0.674749 0.568936 0.016882 0.015737
12 0.666667 0.593055 0.015805 0.015395
12 0.629849 0.473999 0.006825 0.005816
12 0.728807 0.765994 0.008621 0.008211
12 0.716595 0.763770 0.008621 0.008553
12 0.726293 0.754191 0.007902 0.008553
12 0.720905 0.743072 0.008621 0.008211
12 0.628951 0.488539 0.006466 0.006842
12 0.621408 0.487000 0.006466 0.005816
12 0.622845 0.480157 0.006466 0.006500
6 0.056394 0.251796 0.002155 0.008211
