10 0.946082 0.106637 0.011637 0.008266
10 0.062839 0.679972 0.009310 0.008030
10 0.169899 0.402102 0.010861 0.010156
10 0.194531 0.429735 0.008922 0.007794
10 0.165438 0.463864 0.009697 0.008975
10 0.208689 0.490435 0.012413 0.004015
10 0.243406 0.496103 0.012801 0.004015
10 0.205974 0.500000 0.011637 0.004251
10 0.206943 0.504487 0.012801 0.003779
10 0.207719 0.510510 0.012025 0.003543
6 0.224399 0.526453 0.008922 0.008503
10 0.250000 0.530822 0.009697 0.008739
10 0.278898 0.556212 0.012413 0.005196
10 0.283553 0.567076 0.009310 0.008503
10 0.277347 0.565423 0.010085 0.009447
10 0.269783 0.563888 0.009697 0.008739
10 0.262413 0.562707 0.008922 0.008266
10 0.255625 0.561290 0.007758 0.007794
10 0.249224 0.560581 0.008922 0.007322
10 0.224399 0.539206 0.014352 0.006141
10 0.172808 0.575579 0.012025 0.005196
10 0.166796 0.583727 0.014740 0.006377
10 0.165438 0.587978 0.012801 0.005905
10 0.161947 0.596599 0.014352 0.006141
10 0.174554 0.867265 0.013189 0.005196
10 0.039760 0.825106 0.012801 0.008266
10 0.030256 0.742915 0.009310 0.007794
6 0.045772 0.712211 0.009310 0.009211
10 0.109387 0.696150 0.012413 0.005905
10 0.112490 0.691545 0.013964 0.005668
10 0.081846 0.686585 0.013964 0.006141
10 0.212956 0.400921 0.013189 0.004015
10 0.220714 0.416509 0.013189 0.004487
10 0.205586 0.409896 0.008534 0.006849
10 0.177463 0.232759 0.012801 0.008266
10 0.361327 0.048181 0.014352 0.006613
10 0.353569 0.041332 0.010473 0.008975
10 0.428433 0.034601 0.012025 0.008739
10 0.295190 0.131908 0.013189 0.005905
10 0.270171 0.112423 0.010473 0.009447
10 0.263770 0.110534 0.010861 0.009920
10 0.257176 0.109117 0.008534 0.007558
10 0.229829 0.104157 0.009697 0.008030
10 0.216059 0.102385 0.010085 0.008739
10 0.173972 0.095064 0.010473 0.008739
10 0.280062 0.211266 0.010085 0.008739
10 0.161753 0.251771 0.014740 0.006141
10 0.168348 0.240907 0.015516 0.006613
10 0.184251 0.234766 0.013964 0.008503
10 0.236811 0.409896 0.012025 0.007794
10 0.215865 0.249528 0.014352 0.005905
10 0.198604 0.259802 0.014740 0.006613
10 0.223623 0.299480 0.010473 0.008975
10 0.272692 0.282003 0.009310 0.008503
10 0.232351 0.335026 0.009310 0.007794
10 0.244569 0.336207 0.009697 0.008266
10 0.238945 0.345890 0.010085 0.009211
10 0.193367 0.357700 0.010473 0.009211
10 0.195500 0.374941 0.010861 0.010156
10 0.227114 0.369273 0.009697 0.008739
10 0.221877 0.378011 0.009310 0.009684
10 0.205198 0.384034 0.009310 0.008975
10 0.254849 0.412376 0.006982 0.007558
10 0.084756 0.682570 0.014352 0.006613
10 0.067882 0.671115 0.009310 0.008739
10 0.803336 0.183869 0.011637 0.010156
10 0.090768 0.669462 0.015516 0.006849
10 0.094647 0.205952 0.014740 0.005668
10 0.063615 0.210794 0.013189 0.008266
10 0.056439 0.209613 0.013576 0.009211
10 0.047517 0.207605 0.014352 0.008030
10 0.028123 0.192607 0.006594 0.007322
10 0.026959 0.163439 0.014352 0.006613
10 0.029674 0.157062 0.014352 0.006141
10 0.031420 0.152220 0.013189 0.005905
10 0.120636 0.084081 0.008534 0.007085
6 0.951513 0.491970 0.009310 0.015588
7 0.808379 0.624114 0.038014 0.017241
7 0.764934 0.367974 0.038790 0.023146
7 0.740690 0.440364 0.076416 0.041332
7 0.741466 0.686703 0.046936 0.025272
7 0.668929 0.335498 0.029092 0.013935
7 0.637898 0.333845 0.030644 0.014407
7 0.605314 0.333373 0.028317 0.013935
7 0.660978 0.187884 0.037238 0.021965
6 0.582428 0.082074 0.016680 0.008739
7 0.655741 0.138049 0.044608 0.025744
6 0.546742 0.698984 0.008922 0.012045
7 0.539178 0.144072 0.041893 0.024563
7 0.546354 0.233585 0.036074 0.018895
6 0.441427 0.840694 0.006982 0.010156
6 0.451125 0.777515 0.009310 0.013226
6 0.290729 0.246812 0.021334 0.029287
14 0.311870 0.017241 0.059736 0.030704
6 0.216059 0.313179 0.010085 0.009447
6 0.045772 0.637813 0.013189 0.012045
10 0.077386 0.213392 0.013576 0.007794
10 0.084368 0.215163 0.012801 0.007085
10 0.100272 0.218351 0.014352 0.008739
10 0.090186 0.520076 0.009697 0.009447
10 0.092514 0.664620 0.012025 0.005196
10 0.037626 0.610770 0.013189 0.006141
10 0.083204 0.642537 0.008922 0.008739
10 0.100853 0.647496 0.013189 0.005905
10 0.132079 0.654818 0.014352 0.005905
10 0.133243 0.650567 0.015128 0.006377
10 0.136540 0.641592 0.013189 0.004960
10 0.105702 0.639348 0.013576 0.005668
10 0.088053 0.632381 0.009310 0.008739
10 0.116757 0.617619 0.013189 0.005668
10 0.118697 0.613840 0.012413 0.004724
10 0.128006 0.596835 0.013964 0.006613
10 0.143134 0.569556 0.012413 0.005432
10 0.092126 0.509093 0.009697 0.009211
10 0.108029 0.219414 0.013576 0.007558
10 0.129558 0.478507 0.007758 0.007085
6 0.140807 0.455243 0.009310 0.008739
10 0.051784 0.419816 0.012025 0.009684
6 0.047324 0.290033 0.014740 0.005668
6 0.051978 0.282829 0.014740 0.005905
10 0.050233 0.286490 0.012025 0.005196
10 0.040535 0.279995 0.012025 0.004960
10 0.061482 0.292985 0.013576 0.005432
10 0.062839 0.288852 0.012413 0.004724
10 0.066718 0.285900 0.012413 0.005432
10 0.035299 0.274917 0.013964 0.006141
10 0.081458 0.236656 0.014740 0.006141
10 0.054306 0.231932 0.014740 0.006141
10 0.378588 0.198630 0.014740 0.005196
10 0.377812 0.204417 0.013964 0.004015
10 0.377036 0.209967 0.013189 0.004251
10 0.375291 0.214691 0.012801 0.003779
10 0.585725 0.434105 0.012413 0.003779
10 0.582816 0.451582 0.013576 0.004251
10 0.584174 0.456070 0.011637 0.004251
10 0.582234 0.465990 0.013189 0.003779
10 0.583010 0.460675 0.013189 0.003070
10 0.565167 0.496930 0.011637 0.004251
10 0.564197 0.501771 0.013576 0.004015
10 0.564973 0.506141 0.013576 0.003779
10 0.564585 0.514761 0.012801 0.004487
10 0.563809 0.519131 0.014352 0.004251
10 0.563809 0.523855 0.013576 0.004251
10 0.595229 0.544521 0.010473 0.004487
10 0.561870 0.542041 0.014352 0.005196
10 0.560900 0.551252 0.013189 0.004724
10 0.560900 0.555385 0.013964 0.004960
6 0.625485 0.597544 0.006594 0.007558
10 0.653026 0.599197 0.007370 0.008030
10 0.641195 0.598252 0.006206 0.008030
10 0.656905 0.916037 0.005043 0.006377
6 0.623351 0.936231 0.016292 0.006141
10 0.639643 0.971186 0.009310 0.007558
10 0.626649 0.968470 0.009697 0.009211
10 0.605508 0.965281 0.009310 0.008503
10 0.598526 0.963746 0.008534 0.008266
10 0.571567 0.960439 0.008146 0.009211
10 0.560900 0.959022 0.009310 0.008739
10 0.553142 0.959022 0.008534 0.008739
10 0.547130 0.855220 0.012801 0.004251
10 0.548875 0.842702 0.013189 0.003779
10 0.586113 0.424185 0.013964 0.004251
10 0.557603 0.404936 0.013576 0.006849
10 0.556827 0.399268 0.014352 0.007794
6 0.720132 0.985593 0.012801 0.010392
10 0.828743 0.144898 0.012801 0.009684
10 0.844065 0.131672 0.011637 0.007794
10 0.928045 0.121280 0.014352 0.007794
10 0.865206 0.111715 0.012025 0.008030
10 0.931536 0.101441 0.012025 0.008739
10 0.925330 0.098252 0.012801 0.009447
10 0.919705 0.095536 0.010861 0.007794
10 0.817494 0.077114 0.014352 0.007794
6 0.899341 0.091167 0.015128 0.009447
6 0.895656 0.086679 0.012413 0.008030
6 0.881497 0.079594 0.013576 0.008975
6 0.834368 0.061880 0.014740 0.007085
6 0.843483 0.010392 0.012025 0.009447
10 0.688130 0.976618 0.010861 0.008975
10 0.558960 0.393954 0.013189 0.006613
10 0.676299 0.920288 0.013576 0.005905
10 0.792669 0.182570 0.009697 0.007558
10 0.785881 0.179972 0.012413 0.008975
10 0.796742 0.167808 0.013189 0.007794
10 0.684057 0.128366 0.012025 0.009211
10 0.669123 0.125413 0.010085 0.007085
10 0.727114 0.017478 0.014352 0.007558
10 0.680566 0.022083 0.013576 0.007322
10 0.610357 0.081483 0.014352 0.007558
6 0.596780 0.087742 0.014352 0.007794
6 0.605702 0.085380 0.014352 0.007794
10 0.648371 0.354983 0.011249 0.003779
10 0.559542 0.389112 0.013576 0.007322
10 0.544414 0.957369 0.008146 0.006849
10 0.535299 0.956660 0.010085 0.008739
10 0.507952 0.950756 0.012025 0.008266
10 0.335337 0.522201 0.012025 0.004251
10 0.397401 0.542985 0.015128 0.005196
10 0.348720 0.546174 0.014740 0.005432
10 0.334756 0.540505 0.012413 0.004015
10 0.299069 0.544402 0.013964 0.003779
10 0.301009 0.540151 0.013189 0.003779
10 0.286850 0.536018 0.011249 0.003070
10 0.287820 0.530468 0.013964 0.003779
10 0.349690 0.527870 0.012801 0.004251
10 0.381691 0.537671 0.012413 0.004015
10 0.397401 0.533538 0.012025 0.003307
10 0.288014 0.525626 0.014352 0.004015
10 0.303724 0.521965 0.009310 0.003307
10 0.303530 0.516887 0.013576 0.004015
10 0.336307 0.512872 0.013189 0.004015
10 0.397013 0.547355 0.013576 0.004487
10 0.386540 0.518895 0.011249 0.003307
10 0.415632 0.512045 0.007370 0.009920
10 0.288014 0.507085 0.014352 0.004251
10 0.295966 0.498583 0.011637 0.003779
10 0.389061 0.490789 0.012413 0.003779
10 0.391001 0.472839 0.012413 0.003779
10 0.309154 0.446623 0.015516 0.004724
10 0.405935 0.254487 0.005043 0.005905
10 0.359775 0.235593 0.005043 0.007322
10 0.411365 0.221658 0.014352 0.004960
10 0.413305 0.215990 0.012801 0.004015
10 0.418542 0.206542 0.012413 0.004487
10 0.419317 0.202055 0.013189 0.005432
10 0.382661 0.546528 0.012801 0.004251
10 0.395656 0.551842 0.010861 0.003543
10 0.460628 0.709613 0.013576 0.007794
10 0.403413 0.589159 0.006982 0.006849
10 0.461016 0.699339 0.013576 0.007558
6 0.467029 0.643481 0.013964 0.007794
10 0.466253 0.638285 0.010085 0.005905
10 0.467417 0.633207 0.013189 0.007085
10 0.467804 0.628248 0.011637 0.007085
10 0.470132 0.618092 0.013189 0.007558
10 0.500582 0.629074 0.012801 0.008266
10 0.500970 0.624114 0.013576 0.007794
10 0.502133 0.618328 0.012025 0.007558
10 0.428239 0.589868 0.006982 0.008266
6 0.543445 0.513462 0.010861 0.011337
10 0.403026 0.486656 0.013189 0.004487
10 0.410978 0.589632 0.006594 0.008266
10 0.394492 0.587270 0.009310 0.008739
10 0.381303 0.551016 0.012413 0.003779
10 0.386734 0.586443 0.008534 0.008503
10 0.379364 0.585735 0.009310 0.008030
10 0.365206 0.582664 0.008922 0.008503
10 0.358805 0.581247 0.009310 0.008503
10 0.351047 0.580420 0.010085 0.008266
6 0.322149 0.569792 0.016680 0.006849
10 0.291505 0.568139 0.009697 0.008739
10 0.286656 0.540387 0.011637 0.003307
10 0.332622 0.545701 0.012801 0.004015
10 0.346005 0.554440 0.013189 0.004015
6 0.396237 0.561644 0.015904 0.004724
10 0.380721 0.560345 0.015128 0.004960
10 0.381497 0.556094 0.011249 0.004015
1 0.115981 0.028460 0.067494 0.055975
