12 0.829361 0.831284 0.039003 0.035416
6 0.854280 0.582882 0.011918 0.003935
6 0.728332 0.654697 0.004875 0.008854
6 0.662514 0.630349 0.004334 0.013281
6 0.849675 0.508362 0.004875 0.011313
6 0.883261 0.579685 0.003792 0.008362
6 0.887053 0.580669 0.003792 0.008362
6 0.890845 0.580669 0.003792 0.007378
6 0.895991 0.581161 0.004334 0.007378
6 0.852925 0.586080 0.012459 0.003443
12 0.815005 0.919085 0.039545 0.034924
6 0.857259 0.551894 0.004875 0.010821
6 0.880553 0.597393 0.018960 0.005411
6 0.893824 0.589277 0.013001 0.003935
6 0.934724 0.556075 0.016793 0.005411
6 0.918202 0.580669 0.017335 0.005411
6 0.918743 0.576242 0.019502 0.005411
6 0.819610 0.414658 0.013001 0.004919
6 0.736457 0.653714 0.007042 0.015740
6 0.559047 0.535416 0.005417 0.010330
6 0.564464 0.535908 0.004334 0.008362
6 0.180661 0.840876 0.010293 0.007378
12 0.759480 0.777177 0.037920 0.035416
12 0.616739 0.755042 0.036295 0.036399
12 0.748104 0.849484 0.035753 0.036399
12 0.603738 0.836940 0.036295 0.035908
12 0.737541 0.922282 0.038462 0.038367
12 0.591549 0.914412 0.035753 0.034432
12 0.368635 0.135268 0.049296 0.046237
12 0.372969 0.256763 0.075298 0.069848
12 0.346696 0.394491 0.032503 0.031481
12 0.292254 0.495327 0.009209 0.009838
12 0.235645 0.117806 0.049837 0.044761
12 0.175785 0.211264 0.072048 0.067388
6 0.223185 0.704624 0.004334 0.010330
6 0.215330 0.859075 0.012459 0.008362
6 0.281419 0.822184 0.012459 0.003443
6 0.830986 0.406542 0.008667 0.003443
