8 0.970318 0.208259 0.022623 0.019358
12 0.936469 0.053476 0.027386 0.027262
7 0.505868 0.620907 0.012587 0.012260
7 0.483926 0.615180 0.010206 0.009518
7 0.478993 0.222455 0.005103 0.004517
7 0.294013 0.345459 0.005273 0.005323
7 0.299541 0.346588 0.006464 0.005646
7 0.275557 0.350863 0.004423 0.004194
7 0.287804 0.330134 0.005103 0.004678
7 0.273431 0.407243 0.003912 0.003710
7 0.277513 0.400790 0.004593 0.004356
7 0.274281 0.397645 0.004593 0.004517
7 0.292056 0.400871 0.004082 0.004517
7 0.279724 0.392321 0.004593 0.004194
7 0.276237 0.389014 0.004082 0.003710
7 0.288314 0.388611 0.004423 0.004194
7 0.315275 0.381594 0.003232 0.004033
7 0.280915 0.383368 0.004933 0.004356
7 0.287209 0.377077 0.004593 0.004356
7 0.274366 0.792628 0.006123 0.005646
7 0.271985 0.348201 0.004423 0.004356
7 0.268243 0.345217 0.004763 0.004517
7 0.269263 0.403936 0.004423 0.004194
7 0.266287 0.401436 0.003572 0.003388
7 0.262290 0.396677 0.005443 0.005162
7 0.267052 0.391192 0.004763 0.004517
7 0.270794 0.375464 0.007824 0.007582
7 0.262970 0.366511 0.003742 0.003549
7 0.214747 0.389982 0.004933 0.005001
7 0.470998 0.572754 0.018030 0.017906
7 0.483501 0.533392 0.017180 0.016938
7 0.523473 0.635183 0.013778 0.013389
12 0.698588 0.410873 0.001361 0.001291
12 0.925923 0.045411 0.023984 0.025327
12 0.915632 0.071382 0.021092 0.017906
12 0.921160 0.064849 0.021262 0.017745
12 0.853036 0.194225 0.035720 0.010647
12 0.772836 0.312954 0.006294 0.006130
12 0.762290 0.310695 0.006294 0.006130
12 0.721636 0.408856 0.005613 0.005323
12 0.718149 0.415632 0.003742 0.003710
12 0.712791 0.414341 0.003572 0.003710
12 0.707773 0.413292 0.002722 0.002581
12 0.703691 0.412325 0.002722 0.002581
12 0.700714 0.409582 0.001531 0.001613
12 0.161337 0.580739 0.004252 0.004517
7 0.530958 0.661881 0.013778 0.013551
12 0.276493 0.910066 0.004593 0.005001
7 0.565657 0.692370 0.006294 0.006775
6 0.928304 0.156799 0.005613 0.003226
8 0.892329 0.182771 0.008845 0.008388
8 0.905256 0.481126 0.012247 0.012099
7 0.801922 0.277787 0.018200 0.019035
8 0.656319 0.601549 0.015479 0.015164
7 0.678602 0.519197 0.018200 0.016938
7 0.630209 0.396919 0.014628 0.014357
7 0.617707 0.386837 0.013778 0.012905
7 0.595424 0.406437 0.006974 0.006937
7 0.608182 0.524843 0.024324 0.023068
7 0.155639 0.623165 0.010206 0.010324
