4 0.407323 0.406761 0.014874 0.020059
9 0.469966 0.461738 0.047483 0.064636
9 0.459382 0.395245 0.014874 0.020802
9 0.552632 0.517831 0.038902 0.053492
9 0.521167 0.524517 0.044622 0.057949
9 0.505435 0.510030 0.039474 0.054235
9 0.495423 0.492942 0.043478 0.057207
9 0.484268 0.479198 0.042906 0.059435
9 0.492563 0.566493 0.018307 0.026003
9 0.528890 0.385587 0.050915 0.035661
9 0.471682 0.570951 0.044050 0.063150
9 0.461957 0.554978 0.044050 0.060921
9 0.433638 0.514116 0.035469 0.049034
9 0.423913 0.500000 0.035469 0.049034
9 0.411041 0.493314 0.031465 0.043091
9 0.409325 0.468425 0.023455 0.031947
9 0.476831 0.384473 0.018879 0.017088
9 0.506007 0.355869 0.026888 0.022288
4 0.451373 0.527489 0.026316 0.035661
9 0.553776 0.302377 0.025172 0.022288
9 0.566076 0.253343 0.031465 0.023774
9 0.531465 0.250371 0.029748 0.028232
9 0.560355 0.269688 0.025744 0.020802
9 0.528318 0.280461 0.021167 0.018574
9 0.556922 0.286033 0.031465 0.025260
9 0.523741 0.291976 0.024600 0.020802
9 0.550343 0.318351 0.029748 0.026003
9 0.512586 0.343239 0.021739 0.016345
9 0.521453 0.306092 0.023455 0.020802
9 0.548913 0.336181 0.033753 0.027489
9 0.545481 0.352526 0.033753 0.027489
9 0.543478 0.370357 0.037757 0.030461
9 0.517162 0.317236 0.024027 0.019316
9 0.513444 0.329866 0.024600 0.020802
9 0.389588 0.470282 0.043478 0.060921
9 0.381293 0.449480 0.034897 0.050520
9 0.360698 0.437964 0.016590 0.024517
9 0.266876 0.548291 0.025744 0.038633
9 0.274314 0.484770 0.033753 0.048291
9 0.286613 0.708395 0.012586 0.015602
9 0.304920 0.589896 0.026316 0.040119
9 0.295481 0.578009 0.025744 0.040119
9 0.287757 0.566865 0.024027 0.035661
9 0.276602 0.557207 0.024600 0.038633
9 0.258581 0.535661 0.020595 0.026746
9 0.352117 0.432021 0.017735 0.026003
9 0.248284 0.530089 0.018307 0.023031
9 0.317792 0.742942 0.046339 0.062407
9 0.312357 0.716939 0.040046 0.054978
9 0.209096 0.671248 0.013158 0.018574
9 0.206236 0.662333 0.013158 0.015602
9 0.258867 0.670134 0.024600 0.035661
9 0.288616 0.496285 0.039474 0.054978
9 0.296911 0.510773 0.032037 0.046805
9 0.311499 0.518945 0.040618 0.055721
9 0.318936 0.537147 0.029176 0.041605
9 0.332094 0.618128 0.024600 0.035661
9 0.329805 0.548663 0.032609 0.046805
9 0.342677 0.555349 0.037757 0.055721
9 0.348112 0.574666 0.023455 0.033432
9 0.383867 0.607355 0.038902 0.054235
9 0.395023 0.622957 0.033753 0.049777
9 0.403890 0.639302 0.029748 0.042348
9 0.413330 0.657875 0.042906 0.064636
9 0.361842 0.652675 0.021167 0.033432
9 0.366991 0.669019 0.031465 0.045319
9 0.322368 0.392273 0.014302 0.019316
9 0.332094 0.402675 0.015446 0.019316
9 0.342963 0.423848 0.021167 0.031947
9 0.573227 0.238856 0.037757 0.028975
9 0.538330 0.227340 0.022883 0.020802
9 0.537757 0.212853 0.032037 0.024517
9 0.827517 0.460624 0.029176 0.041605
4 0.667906 0.915305 0.076087 0.166419
12 0.921339 0.170505 0.017735 0.023031
9 0.827803 0.543091 0.016018 0.020802
9 0.783467 0.439079 0.042906 0.068351
9 0.849256 0.518202 0.025744 0.030461
9 0.840103 0.482541 0.038330 0.055721
9 0.681350 0.411590 0.026316 0.023774
9 0.650744 0.336553 0.046339 0.032689
9 0.685069 0.396360 0.031465 0.026003
9 0.688215 0.381129 0.033181 0.026746
9 0.640446 0.418648 0.053204 0.040862
9 0.640446 0.396731 0.041762 0.031204
9 0.643307 0.376300 0.045195 0.034918
9 0.648455 0.355869 0.042906 0.032689
4 0.365847 0.593239 0.026888 0.039376
4 0.347254 0.634101 0.019451 0.030461
4 0.384153 0.683135 0.025744 0.037890
4 0.237700 0.514859 0.017735 0.025260
4 0.271739 0.689450 0.019451 0.026746
4 0.290332 0.712110 0.017735 0.026003
4 0.282895 0.744056 0.010870 0.014116
4 0.272311 0.732169 0.011442 0.015602
4 0.248856 0.705052 0.011442 0.014859
4 0.235698 0.693165 0.013730 0.020802
4 0.223970 0.679792 0.013158 0.020802
4 0.216819 0.627415 0.019451 0.028975
4 0.234840 0.647845 0.017735 0.028232
4 0.252574 0.667905 0.017735 0.026746
4 0.196510 0.605498 0.018879 0.028232
4 0.196796 0.649703 0.013730 0.020059
4 0.185641 0.637444 0.014302 0.019316
9 0.689931 0.361441 0.027460 0.021545
9 0.697368 0.328752 0.027460 0.023031
9 0.580664 0.223997 0.043478 0.036404
9 0.591533 0.153046 0.036613 0.029718
9 0.741419 0.135958 0.035469 0.037147
9 0.605263 0.099554 0.038902 0.031204
9 0.606979 0.122214 0.050343 0.040862
9 0.564073 0.121100 0.019451 0.016345
9 0.595824 0.135958 0.034897 0.026746
9 0.560355 0.131872 0.021167 0.017088
9 0.585812 0.169019 0.032037 0.027489
9 0.655320 0.316122 0.045195 0.033432
9 0.552059 0.161218 0.020595 0.019316
9 0.551773 0.175706 0.017735 0.015602
9 0.547197 0.185736 0.023455 0.020802
9 0.581236 0.184993 0.029748 0.025260
9 0.585240 0.205423 0.048055 0.037890
9 0.542048 0.198366 0.030320 0.025260
9 0.734268 0.169019 0.036041 0.036404
9 0.722540 0.194279 0.022883 0.020059
9 0.717963 0.228455 0.027460 0.023031
9 0.714245 0.244056 0.026888 0.023031
9 0.710526 0.281204 0.034325 0.026003
9 0.709668 0.257801 0.024600 0.020802
9 0.695366 0.135958 0.044050 0.032689
9 0.692506 0.154903 0.039474 0.031947
9 0.692792 0.176449 0.032037 0.027489
9 0.683924 0.195765 0.038330 0.031947
9 0.682494 0.216568 0.036613 0.028975
9 0.675057 0.236999 0.040046 0.031204
9 0.667906 0.255201 0.046339 0.033432
9 0.665046 0.276374 0.044050 0.031204
9 0.705092 0.296434 0.031465 0.025260
9 0.664188 0.296434 0.037757 0.026746
9 0.697941 0.313150 0.024027 0.020059
9 0.238844 0.655646 0.018879 0.027489
