12 0.151834 0.487831 0.010190 0.012603
12 0.382303 0.817688 0.005774 0.007388
12 0.370754 0.838766 0.003736 0.004346
12 0.367357 0.844198 0.003736 0.005650
12 0.363961 0.849196 0.004416 0.005215
12 0.360734 0.854846 0.004076 0.004346
12 0.357337 0.859409 0.004076 0.005650
12 0.353770 0.864841 0.003736 0.005215
12 0.350543 0.870056 0.004076 0.005215
12 0.347147 0.875272 0.004076 0.005215
12 0.393173 0.800087 0.008492 0.011299
12 0.400306 0.789874 0.008492 0.011734
12 0.406929 0.779661 0.008832 0.011299
12 0.413213 0.769231 0.009171 0.011299
12 0.418308 0.758801 0.007812 0.009561
12 0.423913 0.750543 0.007473 0.009561
12 0.429178 0.742286 0.007812 0.009561
12 0.434273 0.734246 0.007133 0.009126
12 0.448200 0.736636 0.011889 0.014776
12 0.374151 0.833333 0.003736 0.005650
12 0.378227 0.825076 0.005095 0.006519
12 0.304008 0.544763 0.004076 0.005650
12 0.354959 0.847240 0.006114 0.008257
12 0.313179 0.554542 0.004755 0.006084
12 0.317425 0.559322 0.004416 0.006084
12 0.322181 0.563668 0.005095 0.006084
12 0.326087 0.568449 0.004755 0.006084
12 0.330503 0.572794 0.004755 0.006084
12 0.335598 0.577792 0.005435 0.006519
12 0.341202 0.581269 0.005095 0.006519
12 0.336787 0.862668 0.009851 0.013038
12 0.344090 0.850500 0.009511 0.011299
12 0.349864 0.838548 0.005435 0.007388
12 0.354280 0.831160 0.005435 0.007388
12 0.358186 0.824424 0.005095 0.006953
12 0.363111 0.817905 0.005435 0.006953
12 0.367357 0.810952 0.005774 0.007823
12 0.373132 0.817688 0.005095 0.007388
12 0.365319 0.830291 0.006454 0.008257
12 0.359885 0.838766 0.007133 0.008692
12 0.439368 0.751412 0.011889 0.014776
12 0.430197 0.765319 0.011889 0.014776
12 0.422894 0.779226 0.008832 0.011299
12 0.416270 0.789657 0.009851 0.010430
12 0.454314 0.834854 0.006454 0.008692
12 0.460088 0.825293 0.008492 0.011299
12 0.457880 0.806606 0.008152 0.011299
12 0.472486 0.830726 0.010190 0.013472
12 0.466542 0.815950 0.008492 0.009996
12 0.463995 0.797262 0.008832 0.009996
12 0.480129 0.819209 0.010530 0.013038
12 0.472826 0.805302 0.008152 0.010430
12 0.470958 0.786397 0.008492 0.010865
12 0.479280 0.795524 0.008152 0.009996
12 0.487942 0.806606 0.010530 0.013038
12 0.446162 0.679704 0.008492 0.011299
12 0.438859 0.691873 0.008832 0.010430
12 0.454993 0.687744 0.008492 0.010865
12 0.447351 0.699913 0.008832 0.009996
12 0.463485 0.695567 0.007812 0.009996
12 0.456352 0.707301 0.008492 0.009996
12 0.451257 0.816601 0.008492 0.010430
12 0.465183 0.843546 0.009851 0.013038
12 0.448879 0.842894 0.006454 0.008257
12 0.404552 0.738809 0.005435 0.007823
12 0.409647 0.800087 0.008832 0.010430
12 0.403363 0.810083 0.008492 0.010430
12 0.418988 0.817688 0.020041 0.022164
12 0.431726 0.797262 0.019701 0.023033
12 0.445992 0.775967 0.018342 0.023033
12 0.459239 0.755106 0.018342 0.023033
12 0.410326 0.744024 0.005435 0.006953
12 0.398947 0.732725 0.005774 0.007823
12 0.445143 0.827249 0.008492 0.010865
12 0.374321 0.707084 0.005435 0.007823
12 0.379755 0.712516 0.005435 0.007388
12 0.385530 0.718166 0.005435 0.007388
12 0.391135 0.723598 0.005095 0.007823
12 0.434103 0.844198 0.006793 0.009126
12 0.442935 0.853107 0.006114 0.008692
12 0.439029 0.836158 0.006454 0.008692
12 0.308424 0.549544 0.004755 0.005650
12 0.299423 0.540200 0.004416 0.006084
9 0.965863 0.320078 0.031590 0.031725
12 0.246943 0.699696 0.004755 0.006084
12 0.251529 0.704476 0.003736 0.005215
12 0.258832 0.699696 0.004076 0.006084
12 0.263077 0.704476 0.004416 0.005215
12 0.256284 0.708605 0.004416 0.005650
12 0.267493 0.708388 0.004416 0.005215
12 0.261039 0.713603 0.004416 0.006084
12 0.271739 0.712299 0.004076 0.005215
12 0.265285 0.717297 0.004755 0.006519
12 0.275985 0.716428 0.004416 0.005650
12 0.270041 0.722512 0.004755 0.005650
12 0.280401 0.719687 0.004416 0.006084
12 0.274966 0.727075 0.004416 0.006953
12 0.259001 0.657757 0.007133 0.009126
12 0.264266 0.649283 0.006793 0.008692
12 0.269871 0.641026 0.007133 0.009561
12 0.274626 0.633203 0.005774 0.006953
12 0.290931 0.618644 0.005774 0.007388
12 0.254416 0.695784 0.004076 0.005215
12 0.250170 0.691656 0.003736 0.005650
12 0.349694 0.578444 0.004416 0.005215
12 0.242357 0.694915 0.005095 0.006084
12 0.216372 0.676880 0.006114 0.006519
12 0.219939 0.661886 0.005095 0.006953
12 0.225883 0.658192 0.006793 0.008257
12 0.231827 0.664928 0.005774 0.008692
12 0.224355 0.667970 0.005774 0.006953
12 0.222656 0.676010 0.005774 0.006519
12 0.238281 0.671447 0.006454 0.008692
12 0.228940 0.673620 0.005435 0.006084
12 0.227921 0.680356 0.004755 0.004781
12 0.225374 0.686441 0.004416 0.004781
12 0.229280 0.691004 0.004076 0.005215
12 0.233865 0.678618 0.005774 0.006519
12 0.221977 0.682747 0.004416 0.005215
12 0.231488 0.684485 0.003736 0.005215
12 0.241678 0.681660 0.005774 0.007388
12 0.237262 0.689483 0.005774 0.006519
12 0.246264 0.687527 0.004076 0.005215
12 0.286855 0.626032 0.005774 0.007388
12 0.296705 0.625380 0.005774 0.006953
12 0.292629 0.631899 0.005774 0.006953
12 0.282269 0.632334 0.006114 0.007823
12 0.340693 0.548674 0.005435 0.008257
12 0.304348 0.531291 0.004076 0.005650
12 0.308933 0.535854 0.004416 0.006084
12 0.312840 0.539765 0.003397 0.005215
12 0.316746 0.544111 0.004416 0.006084
12 0.321162 0.548240 0.003736 0.005650
12 0.332880 0.551282 0.004076 0.005650
12 0.337126 0.555628 0.003736 0.004781
12 0.341202 0.559322 0.004416 0.006084
12 0.345448 0.564320 0.004076 0.004781
12 0.349355 0.568666 0.005095 0.004781
12 0.354110 0.572360 0.004416 0.006084
12 0.328804 0.557366 0.004076 0.005650
12 0.333050 0.561278 0.004416 0.005650
12 0.337296 0.566058 0.004076 0.005650
12 0.342052 0.569970 0.004076 0.005650
12 0.345788 0.574098 0.004755 0.005215
12 0.324728 0.542590 0.004076 0.005650
12 0.320482 0.537810 0.003736 0.005650
12 0.316576 0.533464 0.004076 0.005650
12 0.419837 0.398522 0.010190 0.012169
12 0.288043 0.638418 0.005435 0.006953
12 0.278872 0.640156 0.005435 0.006953
12 0.283967 0.645154 0.006114 0.007388
12 0.273777 0.650369 0.004755 0.006519
12 0.269871 0.655802 0.004416 0.006084
12 0.266304 0.662103 0.004755 0.006519
12 0.427989 0.385702 0.009511 0.012603
12 0.411855 0.411560 0.009851 0.012169
12 0.312330 0.529770 0.003736 0.005215
12 0.357507 0.565624 0.005774 0.006519
12 0.351393 0.559539 0.005774 0.007388
12 0.346298 0.554107 0.005774 0.007823
12 0.314538 0.521295 0.005435 0.006519
12 0.320143 0.526945 0.005095 0.006519
12 0.325577 0.532812 0.005095 0.007823
12 0.308254 0.525424 0.004416 0.005215
12 0.471977 0.703607 0.008492 0.010430
12 0.464844 0.715558 0.007812 0.010865
12 0.484885 0.336810 0.011889 0.013907
12 0.565727 0.317905 0.006454 0.008257
12 0.579993 0.316384 0.007812 0.009561
12 0.587126 0.324859 0.007133 0.009996
12 0.580842 0.335072 0.007473 0.010430
12 0.595279 0.333116 0.007133 0.009126
12 0.588485 0.342894 0.007133 0.009561
12 0.603091 0.341591 0.007133 0.008692
12 0.565897 0.377010 0.006793 0.009126
12 0.581182 0.393959 0.006793 0.009126
12 0.579993 0.375924 0.006454 0.008692
12 0.588145 0.383746 0.007133 0.009561
12 0.596128 0.351586 0.006793 0.009561
12 0.603940 0.359626 0.006793 0.009996
12 0.610224 0.349631 0.006454 0.009126
12 0.618546 0.357888 0.007473 0.009126
12 0.611753 0.367884 0.006793 0.009126
12 0.594599 0.286615 0.007812 0.010865
12 0.602072 0.274663 0.007812 0.010430
12 0.573030 0.326163 0.006793 0.009126
12 0.572351 0.307910 0.006793 0.009996
12 0.497792 0.350065 0.009851 0.013472
12 0.558254 0.309213 0.006454 0.009126
12 0.494056 0.239896 0.007133 0.009561
12 0.500000 0.229900 0.007473 0.010430
12 0.500510 0.246415 0.007133 0.008692
12 0.506454 0.236636 0.006793 0.009126
12 0.512738 0.242938 0.007133 0.007823
12 0.506963 0.252716 0.006454 0.008257
12 0.519361 0.248588 0.006793 0.009561
12 0.513077 0.259018 0.007133 0.008692
12 0.555027 0.240548 0.014266 0.018688
12 0.570143 0.257497 0.015285 0.017818
12 0.540931 0.274663 0.006454 0.008692
12 0.534647 0.284224 0.006114 0.007823
12 0.542459 0.293133 0.006793 0.008257
12 0.548913 0.282920 0.006114 0.007823
12 0.556726 0.291395 0.006793 0.009126
12 0.550272 0.301173 0.006114 0.007823
12 0.564368 0.299435 0.006454 0.008692
12 0.603431 0.295524 0.007812 0.011299
12 0.612092 0.304867 0.008152 0.010865
12 0.610734 0.284007 0.008152 0.010865
12 0.619565 0.293133 0.008152 0.009996
12 0.662704 0.293568 0.010870 0.013472
12 0.694463 0.331812 0.013247 0.018688
12 0.708560 0.346371 0.014266 0.019991
12 0.666101 0.440678 0.029212 0.038244
12 0.643173 0.485007 0.030231 0.036506
9 0.778193 0.062799 0.033967 0.029118
9 0.758662 0.073012 0.033628 0.028683
9 0.917459 0.284659 0.037364 0.030422
9 0.918648 0.273794 0.049932 0.038244
9 0.916440 0.261625 0.034647 0.026076
9 0.919327 0.254455 0.034307 0.028249
9 0.918308 0.244024 0.032948 0.027379
9 0.920177 0.235550 0.031250 0.026076
4 0.839334 0.251630 0.059103 0.052151
9 0.969599 0.262277 0.056046 0.049978
9 0.973505 0.304867 0.037364 0.036940
9 0.970788 0.313125 0.038043 0.038679
12 0.649966 0.280530 0.011209 0.013472
12 0.674932 0.274446 0.010190 0.013472
12 0.662874 0.260756 0.011209 0.013038
12 0.636549 0.265319 0.011549 0.016080
12 0.628736 0.302694 0.006793 0.009996
12 0.620924 0.314646 0.008152 0.009561
12 0.630605 0.323120 0.008492 0.010865
12 0.637568 0.312473 0.007473 0.009561
12 0.621943 0.249674 0.012228 0.016080
12 0.634171 0.230769 0.011549 0.016515
12 0.648777 0.246415 0.012908 0.015645
12 0.601902 0.480878 0.030571 0.037810
12 0.691067 0.252499 0.008492 0.009561
12 0.620584 0.527597 0.029891 0.038244
12 0.625170 0.438288 0.028193 0.036940
12 0.643342 0.397001 0.020380 0.026510
12 0.576936 0.196871 0.004416 0.006953
12 0.581692 0.202086 0.004416 0.006084
9 0.724694 0.049544 0.033628 0.028683
12 0.681895 0.242721 0.007133 0.009126
12 0.415761 0.733159 0.004076 0.006084
12 0.416780 0.726423 0.004076 0.004781
12 0.420007 0.720774 0.003736 0.004781
12 0.382133 0.691439 0.004076 0.004346
12 0.557065 0.350500 0.006793 0.009126
12 0.558254 0.368753 0.006454 0.008257
12 0.564708 0.358757 0.006454 0.009126
12 0.572520 0.367014 0.007133 0.009126
12 0.573370 0.385050 0.006793 0.008692
12 0.248132 0.674707 0.003736 0.004781
12 0.252208 0.678618 0.003736 0.004781
12 0.255944 0.682529 0.003057 0.003911
12 0.259681 0.685789 0.003736 0.004346
12 0.263247 0.689483 0.002717 0.003911
12 0.266984 0.692960 0.003397 0.004781
12 0.271060 0.695567 0.003397 0.003911
12 0.274626 0.698392 0.003057 0.004346
12 0.277004 0.702086 0.003057 0.003911
12 0.280740 0.705997 0.003057 0.004781
12 0.379586 0.697740 0.004416 0.005650
12 0.384681 0.702303 0.004416 0.005215
12 0.550272 0.360061 0.006793 0.009126
12 0.575917 0.425467 0.008492 0.011299
12 0.567255 0.439157 0.007473 0.010865
12 0.523438 0.313559 0.007473 0.009126
12 0.510020 0.363320 0.010530 0.013038
12 0.520211 0.378748 0.010530 0.013472
12 0.508832 0.315080 0.006793 0.008692
12 0.516984 0.322903 0.007473 0.009561
12 0.524626 0.331160 0.007133 0.010430
12 0.538893 0.330508 0.006454 0.009126
12 0.515625 0.305085 0.006793 0.009561
12 0.531420 0.321817 0.006454 0.009126
12 0.557065 0.428292 0.009511 0.012603
12 0.526834 0.396132 0.008152 0.010865
12 0.537194 0.406997 0.008492 0.011734
12 0.535496 0.382877 0.009171 0.011299
12 0.546026 0.393742 0.009171 0.011299
12 0.555537 0.404607 0.007812 0.011299
12 0.547385 0.417645 0.007812 0.011299
12 0.565727 0.414385 0.010530 0.011734
12 0.388757 0.706867 0.003736 0.004781
12 0.386379 0.695784 0.003736 0.005215
12 0.425272 0.716862 0.004076 0.004781
12 0.389776 0.699696 0.003057 0.004346
12 0.420007 0.703173 0.004416 0.005215
12 0.424423 0.707084 0.004416 0.005215
12 0.406420 0.699696 0.003736 0.005215
12 0.404212 0.705346 0.004076 0.005215
12 0.400645 0.710561 0.003736 0.004346
12 0.411685 0.704911 0.004076 0.005215
12 0.416440 0.709040 0.004076 0.004781
12 0.408288 0.709909 0.003397 0.004781
12 0.412194 0.713168 0.003736 0.004346
12 0.405401 0.714907 0.003736 0.005215
12 0.409137 0.718601 0.003057 0.003911
12 0.406590 0.724250 0.004076 0.004781
12 0.411175 0.729465 0.003736 0.004781
12 0.413043 0.722729 0.003397 0.005215
12 0.416440 0.716862 0.003397 0.004781
12 0.420516 0.712951 0.004076 0.004781
12 0.428499 0.711647 0.003736 0.004781
12 0.415591 0.698609 0.004416 0.005650
12 0.401834 0.720339 0.004076 0.004781
12 0.410156 0.693611 0.004416 0.005215
12 0.398438 0.691221 0.004076 0.004781
12 0.393173 0.703173 0.003736 0.004346
12 0.393003 0.711213 0.004076 0.004781
12 0.385870 0.686875 0.003397 0.004781
12 0.389946 0.690352 0.003397 0.003911
12 0.392663 0.694263 0.003397 0.003911
12 0.390115 0.682312 0.004416 0.005215
12 0.394022 0.686658 0.004076 0.004346
12 0.395890 0.697957 0.003736 0.004346
12 0.406080 0.689483 0.003736 0.004781
12 0.396569 0.707084 0.003736 0.004346
12 0.397079 0.715776 0.004076 0.005215
12 0.400136 0.701869 0.004076 0.005215
12 0.402004 0.695784 0.004416 0.004346
12 0.393852 0.676010 0.004416 0.005650
12 0.398268 0.680574 0.004416 0.005215
12 0.402174 0.684485 0.004076 0.005215
12 0.216033 0.668188 0.005435 0.006519
