11 0.120883 0.661284 0.003504 0.011856
3 0.120883 0.661079 0.006307 0.018806
11 0.146928 0.807850 0.002803 0.006541
3 0.137234 0.736304 0.010044 0.031071
11 0.137351 0.737122 0.006541 0.017989
3 0.208713 0.627964 0.009577 0.028618
11 0.208596 0.627760 0.006073 0.014309
3 0.160477 0.473426 0.014015 0.026983
11 0.160477 0.473630 0.007475 0.013491
3 0.315113 0.758790 0.010745 0.014718
11 0.314996 0.758381 0.006307 0.007359
3 0.454800 0.757768 0.008409 0.022486
11 0.454683 0.758790 0.004438 0.011447
3 0.499182 0.256132 0.008876 0.020033
11 0.499416 0.255928 0.004672 0.009812
3 0.539944 0.096688 0.007241 0.016762
11 0.539827 0.096484 0.003737 0.009812
3 0.590166 0.318888 0.014249 0.032706
11 0.590049 0.318275 0.009811 0.022486
3 0.147045 0.807032 0.004438 0.014718
