4 0.726271 0.455357 0.011014 0.013298
9 0.417557 0.745061 0.023324 0.023556
9 0.491416 0.349924 0.019436 0.023556
9 0.511824 0.374430 0.014901 0.017857
9 0.540492 0.634498 0.014577 0.014438
9 0.522838 0.650076 0.015549 0.015198
9 0.484775 0.681801 0.046323 0.044453
9 0.508584 0.410144 0.017493 0.020897
9 0.461451 0.429521 0.026239 0.033815
9 0.428895 0.471695 0.031746 0.039894
9 0.345805 0.581877 0.036605 0.045213
9 0.445416 0.721125 0.013605 0.013678
9 0.398607 0.763108 0.010042 0.010258
9 0.475057 0.302812 0.018465 0.018997
9 0.375931 0.782675 0.024943 0.024316
9 0.346777 0.797302 0.022352 0.006459
9 0.302721 0.638868 0.043732 0.055091
9 0.259151 0.698138 0.048591 0.061170
9 0.217849 0.723024 0.015873 0.017477
9 0.264010 0.806801 0.031098 0.009498
9 0.222546 0.811740 0.032394 0.009498
9 0.190638 0.801102 0.024295 0.025456
9 0.161970 0.771847 0.027211 0.030015
2 0.108034 0.574658 0.030774 0.023936
9 0.468416 0.322568 0.011662 0.014438
9 0.540006 0.240881 0.018788 0.020517
9 0.725462 0.458017 0.004211 0.005699
9 0.984451 0.709916 0.005831 0.017857
9 0.729673 0.456307 0.004859 0.006079
9 0.724490 0.449278 0.004859 0.006459
9 0.735990 0.456307 0.005831 0.006079
9 0.740849 0.448898 0.005831 0.005699
9 0.741659 0.450798 0.005507 0.005699
9 0.748461 0.444719 0.006155 0.005699
9 0.840298 0.311550 0.009070 0.015198
9 0.915776 0.697758 0.002592 0.013298
9 0.923550 0.699658 0.009718 0.013298
9 0.904600 0.706117 0.015225 0.008739
9 0.994655 0.592515 0.008746 0.017097
9 0.587464 0.196809 0.030774 0.031155
9 0.938937 0.167553 0.004211 0.012158
9 0.904114 0.844795 0.018141 0.041413
9 0.883058 0.923062 0.024619 0.057371
9 0.921769 0.781535 0.018465 0.041033
9 0.903304 0.094795 0.028831 0.026216
4 0.697765 0.149886 0.072562 0.065729
4 0.748299 0.133359 0.057661 0.030395
9 0.751377 0.126520 0.046323 0.028116
9 0.558957 0.617211 0.017169 0.016337
9 0.639780 0.147606 0.039521 0.039894
2 0.036443 0.439400 0.023648 0.023176
