9 0.792261 0.575054 0.052953 0.024729
9 0.215037 0.475488 0.032247 0.089371
9 0.554990 0.487202 0.008826 0.044252
9 0.558215 0.338395 0.036320 0.089371
9 0.387135 0.964642 0.016633 0.057701
9 0.369823 0.321692 0.025458 0.097614
9 0.405635 0.038395 0.023761 0.056833
9 0.371860 0.040781 0.022743 0.059002
9 0.236253 0.868764 0.030550 0.148807
9 0.311609 0.804772 0.019688 0.106725
9 0.325187 0.665076 0.017651 0.084165
9 0.329090 0.335358 0.030889 0.078959
9 0.340462 0.497831 0.018330 0.086334
9 0.306008 0.548156 0.020706 0.080260
9 0.298710 0.445987 0.033265 0.098915
9 0.261541 0.600217 0.020027 0.087202
9 0.195689 0.362256 0.024779 0.049458
9 0.790224 0.560521 0.053632 0.028633
9 0.310081 0.145336 0.026816 0.075488
9 0.226409 0.149024 0.020367 0.054230
9 0.192974 0.297180 0.022064 0.058134
9 0.180244 0.357701 0.025119 0.050759
9 0.168194 0.414317 0.019348 0.061605
9 0.160387 0.486551 0.021385 0.064642
9 0.156144 0.555531 0.007468 0.042082
9 0.150204 0.556182 0.007807 0.042516
9 0.138832 0.619740 0.023761 0.041215
9 0.130007 0.613015 0.028513 0.044252
9 0.099796 0.664859 0.017651 0.027332
9 0.110489 0.673102 0.016633 0.026464
9 0.104549 0.670933 0.021724 0.034273
9 0.044467 0.726681 0.054311 0.070282
9 0.669382 0.844685 0.009504 0.043384
9 0.676511 0.847939 0.010183 0.049024
9 0.690767 0.853579 0.008826 0.045553
9 0.683978 0.849241 0.009504 0.046421
9 0.779362 0.538178 0.050916 0.036876
9 0.783265 0.521475 0.053293 0.031236
9 0.773931 0.503688 0.045485 0.029501
9 0.761371 0.598915 0.042770 0.027332
9 0.758486 0.608894 0.041073 0.024729
9 0.745927 0.655531 0.011881 0.056399
9 0.732519 0.658785 0.015614 0.075922
9 0.764596 0.752711 0.039036 0.009544
9 0.731670 0.734924 0.030889 0.014751
9 0.770706 0.744902 0.026137 0.012148
9 0.755431 0.768547 0.039036 0.016052
9 0.748982 0.846421 0.023422 0.006941
9 0.749321 0.839696 0.026137 0.007375
9 0.750679 0.833189 0.020706 0.008243
9 0.748812 0.825380 0.024440 0.008243
9 0.748812 0.817787 0.027834 0.012148
9 0.746775 0.808460 0.034623 0.018655
9 0.747454 0.798482 0.036660 0.023861
9 0.717583 0.795445 0.004073 0.017787
9 0.713510 0.794794 0.004073 0.019957
9 0.708927 0.794360 0.005092 0.026030
9 0.703327 0.796746 0.006110 0.028200
9 0.690767 0.754447 0.006110 0.042516
9 0.731840 0.879393 0.029871 0.026898
9 0.682111 0.791106 0.012559 0.050759
9 0.673116 0.788503 0.012220 0.050759
9 0.666667 0.783731 0.006789 0.032538
9 0.661236 0.783948 0.006110 0.034707
9 0.665479 0.745119 0.015954 0.041215
9 0.053462 0.737961 0.057366 0.072885
