12 0.799047 0.653819 0.006144 0.007475
6 0.245233 0.433544 0.004449 0.006073
6 0.285487 0.466013 0.004025 0.004205
6 0.289725 0.465312 0.004873 0.003737
6 0.294915 0.458304 0.005085 0.004672
6 0.280720 0.469633 0.004661 0.003971
6 0.285275 0.462742 0.004449 0.003270
6 0.290254 0.461691 0.004237 0.003504
6 0.248729 0.470568 0.004661 0.004438
6 0.262500 0.462042 0.001695 0.005606
9 0.277013 0.167718 0.069280 0.096239
9 0.299576 0.302616 0.010169 0.015183
6 0.311864 0.335319 0.004237 0.005373
9 0.293750 0.011563 0.020127 0.019855
6 0.302013 0.457136 0.004873 0.004205
6 0.301907 0.525228 0.004661 0.005840
6 0.305508 0.524877 0.004661 0.005606
9 0.334640 0.344779 0.054449 0.069143
9 0.322246 0.051507 0.042373 0.055828
6 0.383898 0.790586 0.003390 0.003971
6 0.368538 0.677529 0.003602 0.004438
6 0.374047 0.685004 0.004873 0.006307
6 0.367479 0.680098 0.004025 0.005373
6 0.267373 0.471152 0.004661 0.001402
6 0.289089 0.430507 0.003602 0.004672
6 0.294809 0.439150 0.005720 0.007475
9 0.265148 0.326442 0.006568 0.006307
6 0.249364 0.409951 0.003390 0.006073
6 0.249576 0.418711 0.002119 0.005840
9 0.284216 0.159075 0.018432 0.024293
4 0.264831 0.284046 0.011017 0.010278
4 0.255826 0.279257 0.009958 0.009110
9 0.236123 0.281126 0.005297 0.005373
4 0.275953 0.292221 0.009110 0.005139
9 0.270233 0.298295 0.006144 0.006073
9 0.270339 0.321887 0.006356 0.006541
9 0.271186 0.299696 0.005085 0.004672
6 0.269386 0.437047 0.005720 0.004672
9 0.252119 0.316398 0.003814 0.003971
9 0.253390 0.315230 0.005085 0.004438
9 0.254343 0.314179 0.004449 0.003737
9 0.255508 0.313245 0.005085 0.004205
6 0.254767 0.362065 0.005297 0.005139
6 0.260593 0.357276 0.004661 0.004905
6 0.265996 0.352605 0.005297 0.003504
6 0.277013 0.356809 0.003602 0.004905
6 0.272352 0.350969 0.005297 0.003971
6 0.364513 0.672273 0.004873 0.006073
6 0.360275 0.669353 0.004449 0.006307
6 0.385805 0.634898 0.004661 0.006073
6 0.531780 0.934945 0.003814 0.004438
6 0.476589 0.904111 0.004873 0.005373
6 0.477436 0.903060 0.004873 0.005139
6 0.449682 0.936347 0.004873 0.005840
6 0.454979 0.946508 0.005297 0.006073
6 0.466419 0.886709 0.004025 0.003737
6 0.464089 0.658608 0.004873 0.001635
6 0.463983 0.012147 0.004661 0.006073
6 0.530614 0.110722 0.005297 0.004672
6 0.528284 0.942770 0.005720 0.006073
6 0.532839 0.920463 0.004661 0.005840
6 0.478814 0.707311 0.004661 0.006073
6 0.517373 0.901308 0.005085 0.005840
6 0.550742 0.110138 0.005297 0.004905
6 0.558898 0.104648 0.005508 0.004672
6 0.534534 0.245387 0.003390 0.004438
6 0.541737 0.262555 0.004661 0.006073
6 0.534746 0.252511 0.004661 0.006541
6 0.548305 0.940551 0.004661 0.005840
6 0.370869 0.709998 0.002331 0.003971
6 0.520763 0.933777 0.004661 0.006307
6 0.456250 0.751810 0.004449 0.006307
6 0.479025 0.650199 0.005508 0.004905
6 0.375318 0.620766 0.004449 0.006307
6 0.406674 0.687339 0.005297 0.005373
9 0.364513 0.393016 0.011653 0.012847
6 0.394492 0.048587 0.003814 0.004672
6 0.402966 0.067741 0.004237 0.005606
6 0.415360 0.748190 0.003178 0.004205
6 0.412500 0.743635 0.003814 0.004905
6 0.411441 0.679514 0.005085 0.005139
6 0.414619 0.674258 0.005085 0.004905
6 0.409534 0.676244 0.005085 0.005139
6 0.408581 0.675076 0.005297 0.005139
6 0.388453 0.130227 0.005297 0.006307
6 0.447881 0.645994 0.005932 0.005373
6 0.395975 0.138052 0.005508 0.006541
6 0.386547 0.124504 0.004025 0.006541
9 0.406568 0.168535 0.042797 0.055361
6 0.474576 0.101962 0.002966 0.004438
6 0.486547 0.024994 0.005297 0.005606
6 0.485381 0.023593 0.005085 0.004672
6 0.470233 0.007125 0.004449 0.004905
6 0.480932 0.027564 0.003390 0.003270
9 0.462924 0.248540 0.057203 0.074749
6 0.253708 0.430740 0.003602 0.006541
6 0.196081 0.456085 0.003178 0.003971
12 0.793326 0.658841 0.006144 0.007241
6 0.234534 0.425134 0.004661 0.006073
9 0.158263 0.174142 0.011864 0.011913
9 0.160275 0.176010 0.007415 0.007241
9 0.168962 0.169937 0.007415 0.007708
9 0.131568 0.171222 0.003390 0.005606
9 0.130508 0.172390 0.003390 0.006073
4 0.166949 0.134782 0.023729 0.031301
9 0.185699 0.174726 0.005297 0.005139
9 0.177648 0.167134 0.009110 0.009110
9 0.111441 0.163396 0.005085 0.005840
9 0.113665 0.161644 0.006144 0.006073
9 0.167585 0.142840 0.005508 0.007708
9 0.169068 0.145410 0.006356 0.007241
9 0.171610 0.147279 0.005085 0.005840
9 0.114619 0.159893 0.004661 0.004438
9 0.125000 0.172039 0.002542 0.004438
9 0.127013 0.146461 0.004449 0.003737
9 0.127966 0.147395 0.004237 0.003737
9 0.167161 0.248306 0.006356 0.009344
9 0.169915 0.247839 0.008051 0.011680
9 0.172140 0.246321 0.007415 0.009577
9 0.174153 0.245036 0.007627 0.009344
9 0.137818 0.178930 0.006568 0.007008
9 0.148411 0.166550 0.009110 0.009344
9 0.146716 0.164798 0.009958 0.009577
9 0.162924 0.136183 0.006780 0.007942
4 0.118114 0.087947 0.010805 0.015183
9 0.122352 0.088414 0.009110 0.012380
9 0.117373 0.083742 0.006780 0.008176
4 0.143326 0.103948 0.020551 0.018687
9 0.152331 0.109904 0.003390 0.006307
9 0.162288 0.123569 0.016949 0.021957
9 0.156886 0.124504 0.006144 0.007942
9 0.155297 0.125905 0.005508 0.007475
9 0.164195 0.134548 0.005508 0.007008
9 0.161653 0.137585 0.006356 0.007942
4 0.143114 0.165732 0.018856 0.017052
9 0.160064 0.139103 0.006144 0.007708
9 0.133369 0.141556 0.008263 0.008409
9 0.134958 0.142840 0.007203 0.006774
9 0.136229 0.144943 0.008898 0.008176
9 0.144915 0.158374 0.008898 0.008409
9 0.146081 0.160710 0.008686 0.008409
9 0.151695 0.128591 0.005932 0.007708
9 0.150106 0.129993 0.005720 0.008176
9 0.153814 0.126723 0.004237 0.006307
9 0.175742 0.243401 0.007839 0.009344
9 0.178284 0.242233 0.008686 0.010278
9 0.175742 0.262088 0.005297 0.009811
9 0.211017 0.274819 0.003814 0.005373
9 0.217585 0.254613 0.013559 0.018220
9 0.213136 0.251927 0.007627 0.009577
9 0.211758 0.254263 0.008263 0.009577
9 0.195763 0.275403 0.001695 0.006073
9 0.211229 0.271782 0.005085 0.006307
9 0.213347 0.269096 0.005085 0.004672
9 0.216208 0.265943 0.005720 0.005840
9 0.219492 0.263256 0.004661 0.005139
9 0.197246 0.275169 0.001271 0.004205
4 0.237076 0.238379 0.014831 0.019388
9 0.169597 0.222728 0.004449 0.005840
9 0.232733 0.235342 0.004449 0.005373
9 0.236547 0.240248 0.003602 0.004438
9 0.239936 0.244919 0.004449 0.005373
9 0.231144 0.255548 0.007203 0.007008
9 0.230508 0.253679 0.005508 0.005606
6 0.221716 0.477225 0.004025 0.005139
6 0.229873 0.487737 0.004237 0.004672
6 0.243114 0.479444 0.004449 0.005373
6 0.241208 0.485401 0.004025 0.004205
6 0.197140 0.426419 0.002331 0.006774
9 0.171292 0.222378 0.005297 0.007475
9 0.177754 0.261271 0.003814 0.007708
9 0.194068 0.233824 0.007627 0.008876
9 0.179767 0.261037 0.004873 0.011446
9 0.181886 0.260103 0.002754 0.007708
9 0.182309 0.274702 0.005297 0.008409
9 0.184322 0.273534 0.005932 0.009344
4 0.187394 0.228451 0.016737 0.021957
9 0.188136 0.225648 0.007627 0.009811
9 0.189936 0.223896 0.006992 0.008643
9 0.191419 0.222144 0.006992 0.008409
9 0.193008 0.220392 0.007203 0.008176
9 0.195975 0.232189 0.007627 0.008876
9 0.193856 0.206494 0.005085 0.006073
9 0.197458 0.230203 0.007627 0.008643
9 0.208686 0.220042 0.007627 0.010278
9 0.180508 0.221911 0.004661 0.005606
9 0.191525 0.237328 0.007203 0.008876
9 0.189725 0.239196 0.007839 0.010278
9 0.198941 0.205443 0.004237 0.005840
9 0.197987 0.206727 0.005297 0.007475
9 0.184534 0.215954 0.004237 0.004438
9 0.189089 0.212100 0.005297 0.005139
6 0.569915 0.331932 0.005932 0.004672
6 0.564619 0.790470 0.002966 0.003737
6 0.643220 0.933310 0.002966 0.006307
6 0.626377 0.835436 0.004873 0.004438
9 0.821186 0.519038 0.025000 0.021490
9 0.819809 0.450128 0.021822 0.012614
9 0.843750 0.440668 0.022246 0.012380
6 0.853390 0.397921 0.002966 0.003504
6 0.795021 0.243868 0.004873 0.004672
6 0.803708 0.237445 0.005297 0.005373
6 0.841843 0.193763 0.003178 0.003971
6 0.810805 0.150549 0.003390 0.004438
6 0.826695 0.168419 0.004661 0.005606
6 0.813559 0.125204 0.005508 0.004672
6 0.829237 0.112123 0.003814 0.003737
6 0.826377 0.115861 0.004025 0.003737
6 0.839619 0.106984 0.003814 0.003737
6 0.847987 0.099860 0.005297 0.005373
6 0.851059 0.099042 0.005508 0.005139
6 0.851271 0.196566 0.004661 0.005840
6 0.817055 0.352488 0.003602 0.004205
6 0.833263 0.373277 0.004661 0.005606
9 0.866737 0.430974 0.022458 0.012614
9 0.868538 0.434595 0.018008 0.010512
9 0.869492 0.438566 0.022458 0.011913
9 0.823199 0.523476 0.021822 0.018687
9 0.824682 0.528264 0.023941 0.021257
9 0.827225 0.532002 0.020975 0.018921
9 0.786758 0.428638 0.012500 0.017286
9 0.777436 0.338472 0.004025 0.016819
9 0.780191 0.337421 0.005297 0.019855
9 0.783475 0.337421 0.005508 0.018921
9 0.786547 0.337888 0.005720 0.020322
9 0.784216 0.360313 0.004449 0.016118
9 0.780720 0.382154 0.007203 0.026629
9 0.777013 0.382154 0.005720 0.020556
9 0.778178 0.407732 0.005508 0.019388
9 0.765466 0.942887 0.063559 0.083392
9 0.800212 0.447793 0.017797 0.023826
9 0.829343 0.535389 0.020975 0.019154
6 0.802119 0.565989 0.005085 0.005606
6 0.790360 0.147746 0.004449 0.003971
6 0.795127 0.126840 0.003390 0.004205
6 0.790572 0.120416 0.004025 0.004905
6 0.801695 0.130811 0.005508 0.003737
6 0.789407 0.121350 0.003814 0.004905
6 0.792903 0.049872 0.003602 0.004438
6 0.779767 0.257300 0.005297 0.004905
6 0.800106 0.396520 0.001907 0.006307
9 0.867267 0.442537 0.008686 0.004905
9 0.846398 0.510512 0.019068 0.017519
9 0.847669 0.514833 0.019915 0.018687
6 0.990466 0.522892 0.004661 0.004905
6 0.913877 0.544149 0.003178 0.003971
6 0.932839 0.613992 0.004237 0.006307
9 0.907415 0.873628 0.076695 0.100911
6 0.959958 0.107685 0.003814 0.003270
6 0.927542 0.308573 0.004661 0.005606
3 0.952860 0.309974 0.036229 0.042046
6 0.966419 0.363233 0.001059 0.004672
6 0.974153 0.365102 0.004237 0.005606
6 0.966737 0.551740 0.005932 0.005606
12 0.205720 0.203457 0.003390 0.003737
6 0.933898 0.449778 0.003390 0.003504
12 0.208792 0.207428 0.003602 0.003737
12 0.211441 0.211166 0.003390 0.004205
12 0.214301 0.215253 0.003178 0.003971
12 0.585275 0.731722 0.005297 0.006307
12 0.594809 0.744803 0.005297 0.006307
12 0.785699 0.634782 0.006992 0.007241
12 0.792585 0.643541 0.008898 0.010745
12 0.783263 0.651016 0.009322 0.009811
12 0.788559 0.663046 0.003390 0.004438
6 0.903919 0.583158 0.004873 0.004905
6 0.938242 0.448026 0.004025 0.004205
9 0.850424 0.517519 0.018644 0.017519
9 0.893008 0.435529 0.018220 0.009110
9 0.868750 0.496029 0.020127 0.018921
9 0.870657 0.499299 0.018856 0.017986
6 0.922352 0.034805 0.005297 0.005139
6 0.913877 0.291521 0.004449 0.006073
6 0.936864 0.322588 0.004661 0.006073
9 0.887500 0.422682 0.019068 0.010512
9 0.888453 0.426302 0.015890 0.008876
9 0.889513 0.429573 0.018856 0.009811
9 0.891102 0.432492 0.018644 0.009577
9 0.905720 0.415324 0.017797 0.010278
9 0.887924 0.478743 0.020763 0.018921
9 0.905720 0.419295 0.018220 0.010278
9 0.909110 0.421747 0.021610 0.011913
9 0.921504 0.413455 0.008263 0.010278
9 0.933686 0.430390 0.008051 0.009577
9 0.927436 0.450128 0.016314 0.015417
9 0.912394 0.463210 0.016314 0.015884
9 0.909958 0.460990 0.016102 0.014716
9 0.908475 0.457837 0.016949 0.014950
9 0.889407 0.482598 0.019915 0.017753
9 0.775106 0.338122 0.004025 0.015651
9 0.772458 0.338239 0.004237 0.015884
6 0.772881 0.139921 0.005508 0.005606
9 0.699258 0.352605 0.015042 0.014249
9 0.718326 0.795609 0.008263 0.009811
9 0.728178 0.616445 0.016525 0.022892
9 0.716314 0.597641 0.012712 0.017052
9 0.702013 0.579771 0.016737 0.021023
9 0.705085 0.543565 0.040678 0.053259
9 0.680826 0.472436 0.019703 0.025461
9 0.693008 0.345480 0.016525 0.014950
9 0.695021 0.348050 0.016737 0.015417
9 0.697352 0.350269 0.013347 0.012380
9 0.701695 0.354473 0.013983 0.013315
9 0.670127 0.646111 0.010593 0.014483
9 0.712818 0.327961 0.015466 0.014015
9 0.713453 0.331932 0.017161 0.015884
9 0.714936 0.335552 0.018856 0.017052
9 0.716737 0.338706 0.015254 0.014015
9 0.720021 0.340575 0.020127 0.017286
6 0.699364 0.228685 0.005508 0.005606
6 0.681674 0.245387 0.004873 0.005373
6 0.710169 0.169119 0.004661 0.006073
6 0.708792 0.008176 0.003178 0.004205
6 0.659640 0.955618 0.003178 0.004205
9 0.686653 0.559916 0.018220 0.024761
6 0.720763 0.021724 0.004237 0.006073
9 0.662182 0.373044 0.015890 0.015417
9 0.603814 0.721093 0.040678 0.053726
9 0.604767 0.418477 0.023941 0.010979
9 0.606144 0.422214 0.023305 0.010979
9 0.626165 0.406914 0.012500 0.012614
9 0.642267 0.392198 0.021398 0.021023
9 0.644703 0.395936 0.016525 0.016351
6 0.621398 0.294324 0.002966 0.003270
6 0.615784 0.174609 0.004025 0.003037
6 0.668856 0.228335 0.005932 0.004438
9 0.664619 0.375029 0.015254 0.014716
6 0.658051 0.474655 0.005085 0.004672
9 0.677225 0.359612 0.017585 0.016118
9 0.664725 0.380051 0.022246 0.015884
9 0.672881 0.381687 0.034746 0.021957
9 0.679555 0.362065 0.018008 0.016819
9 0.682415 0.364284 0.016949 0.015651
9 0.684534 0.366737 0.016949 0.015417
9 0.686864 0.368956 0.013136 0.011446
9 0.655826 0.517169 0.022246 0.028498
9 0.672352 0.537842 0.014195 0.018921
6 0.712500 0.010745 0.004661 0.006073
6 0.713771 0.014950 0.005085 0.006541
6 0.777542 0.102663 0.004661 0.005840
6 0.734746 0.043565 0.004661 0.005840
9 0.769809 0.295375 0.013347 0.017986
9 0.767161 0.297127 0.013559 0.018220
9 0.764089 0.298528 0.012500 0.016351
9 0.761441 0.300747 0.012712 0.016118
9 0.782309 0.313361 0.016314 0.021257
6 0.779343 0.316164 0.016737 0.022191
9 0.776483 0.318500 0.014831 0.019855
9 0.773517 0.320369 0.014831 0.018921
9 0.770657 0.322121 0.012500 0.016351
6 0.740890 0.054427 0.003390 0.004205
9 0.747352 0.307171 0.015466 0.014015
6 0.744386 0.059215 0.004449 0.005840
6 0.747775 0.063770 0.003178 0.004205
6 0.751165 0.068676 0.004449 0.005606
6 0.754449 0.070427 0.004661 0.005840
6 0.736017 0.047769 0.004661 0.005840
6 0.742903 0.054660 0.003178 0.003737
6 0.746186 0.056879 0.004661 0.005840
6 0.765466 0.085844 0.004661 0.005840
6 0.761864 0.083392 0.003390 0.004205
9 0.755932 0.289769 0.014831 0.013782
9 0.744386 0.305069 0.016737 0.015417
6 0.717267 0.019972 0.003178 0.003971
9 0.783051 0.692595 0.011441 0.014483
6 0.721504 0.025578 0.004025 0.004905
6 0.728814 0.035739 0.004661 0.006073
9 0.697352 0.495562 0.021398 0.027330
9 0.713242 0.519855 0.013347 0.017519
9 0.723623 0.514249 0.015042 0.022191
9 0.720339 0.516585 0.016102 0.022191
9 0.716631 0.518570 0.018008 0.025228
9 0.759534 0.660827 0.019915 0.025695
9 0.743750 0.638169 0.018432 0.024293
9 0.731462 0.544265 0.018432 0.024761
9 0.742373 0.302149 0.015678 0.014249
9 0.734746 0.541579 0.016102 0.021724
9 0.749470 0.568909 0.019703 0.027330
9 0.753814 0.567157 0.019068 0.027564
9 0.758475 0.566456 0.013983 0.021957
9 0.761970 0.564705 0.015466 0.026863
9 0.764936 0.561084 0.016314 0.028965
9 0.728178 0.314529 0.014831 0.013315
9 0.728708 0.318033 0.015042 0.012847
9 0.730932 0.320252 0.016525 0.014015
9 0.066737 0.024527 0.024153 0.024293
