10 0.885342 0.537524 0.018885 0.020468
10 0.387140 0.216862 0.015288 0.020468
10 0.311151 0.268519 0.021583 0.016569
10 0.413669 0.205166 0.016187 0.020468
10 0.392536 0.261209 0.013489 0.019493
10 0.401529 0.257310 0.013489 0.019493
10 0.410522 0.252924 0.015288 0.020468
10 0.430306 0.246101 0.013489 0.018519
10 0.447392 0.237329 0.015288 0.020468
10 0.467176 0.228070 0.015288 0.019493
10 0.475719 0.223197 0.016187 0.019493
10 0.549460 0.192495 0.014388 0.018519
10 0.558004 0.188109 0.013489 0.019493
10 0.566097 0.181774 0.017086 0.022417
10 0.576439 0.178850 0.016187 0.022417
10 0.585432 0.175926 0.014388 0.018519
10 0.593525 0.171540 0.016187 0.021442
10 0.509442 0.157407 0.015288 0.022417
10 0.499550 0.161793 0.017086 0.023392
10 0.488309 0.165692 0.014388 0.019493
10 0.616906 0.198830 0.019784 0.015595
10 0.620504 0.208090 0.019784 0.016569
10 0.629946 0.240253 0.020683 0.016569
10 0.636241 0.257797 0.020683 0.018519
10 0.670863 0.308967 0.017986 0.021442
10 0.706835 0.300682 0.016187 0.022417
10 0.716277 0.297758 0.015288 0.020468
10 0.741457 0.284113 0.015288 0.020468
10 0.688849 0.307505 0.016187 0.022417
10 0.307554 0.257797 0.019784 0.016569
10 0.378597 0.196881 0.016187 0.021442
10 0.101169 0.134016 0.026079 0.018519
10 0.388939 0.193470 0.015288 0.020468
6 0.263939 0.485380 0.051259 0.048733
6 0.369604 0.334795 0.030576 0.057505
6 0.882644 0.953704 0.045863 0.059454
6 0.052608 0.236355 0.031475 0.053606
6 0.076888 0.216374 0.029676 0.044834
6 0.085881 0.206628 0.029676 0.050682
6 0.098022 0.197368 0.026978 0.039961
6 0.109263 0.193957 0.035072 0.056530
6 0.127248 0.183723 0.035072 0.053606
6 0.138489 0.175439 0.034173 0.056530
6 0.153777 0.175439 0.025180 0.040936
6 0.219874 0.278752 0.042266 0.046784
6 0.263489 0.319688 0.055755 0.056530
6 0.235162 0.339181 0.049460 0.050682
6 0.179406 0.399610 0.049460 0.050682
6 0.304406 0.433723 0.054856 0.060429
6 0.320144 0.423489 0.052158 0.055556
6 0.281025 0.455166 0.056655 0.056530
6 0.276529 0.472222 0.054856 0.057505
6 0.549011 0.518519 0.045863 0.019493
6 0.334083 0.392300 0.058453 0.063353
10 0.288219 0.266569 0.024281 0.018519
10 0.292266 0.278752 0.023381 0.017544
10 0.295863 0.289474 0.023381 0.017544
10 0.300809 0.298733 0.020683 0.018519
10 0.407374 0.185185 0.014388 0.021442
10 0.398381 0.189571 0.014388 0.020468
10 0.053957 0.157407 0.025180 0.018519
10 0.129496 0.122320 0.019784 0.016569
10 0.456385 0.020955 0.018885 0.024366
10 0.895234 0.796784 0.015288 0.016569
10 0.974820 0.731481 0.017986 0.018519
10 0.967626 0.770468 0.016187 0.018519
10 0.887140 0.696394 0.018885 0.022417
10 0.901079 0.687135 0.017986 0.019493
10 0.878147 0.703216 0.018885 0.020468
10 0.869604 0.710526 0.017986 0.019493
10 0.909622 0.675926 0.018885 0.020468
10 0.921313 0.659357 0.022482 0.024366
10 0.838579 0.736842 0.027878 0.031189
10 0.850719 0.732943 0.019784 0.021442
10 0.873201 0.747076 0.017986 0.020468
10 0.908723 0.710039 0.017086 0.018519
10 0.916817 0.703216 0.017086 0.018519
10 0.936601 0.754873 0.024281 0.026316
10 0.794964 0.920078 0.019784 0.021442
10 0.810701 0.940546 0.020683 0.021442
10 0.833183 0.969298 0.018885 0.020468
10 0.826888 0.959552 0.020683 0.020468
10 0.841727 0.976608 0.019784 0.021442
10 0.167716 0.106238 0.022482 0.017544
10 0.309802 0.046296 0.020683 0.014620
10 0.330486 0.037524 0.022482 0.016569
10 0.405576 0.042398 0.016187 0.022417
10 0.415917 0.038986 0.017086 0.021442
10 0.426709 0.036550 0.015288 0.020468
10 0.435252 0.027778 0.017986 0.024366
10 0.446493 0.027290 0.015288 0.019493
10 0.909622 0.780214 0.017086 0.020468
10 0.880845 0.803119 0.018885 0.021442
10 0.147032 0.114522 0.018885 0.014620
10 0.938399 0.861598 0.017086 0.017544
10 0.477968 0.580409 0.020683 0.016569
10 0.517986 0.559454 0.014388 0.019493
10 0.544514 0.544347 0.015288 0.020468
10 0.553507 0.539961 0.011691 0.015595
10 0.565198 0.537524 0.013489 0.016569
10 0.660522 0.585283 0.017086 0.018519
10 0.697842 0.554094 0.012590 0.014620
10 0.737410 0.781189 0.021583 0.020468
10 0.829586 0.785088 0.020683 0.020468
10 0.843076 0.772904 0.017086 0.017544
10 0.850719 0.768031 0.017986 0.017544
10 0.858813 0.760721 0.017986 0.020468
10 0.844424 0.845517 0.019784 0.020468
10 0.852068 0.852827 0.018885 0.019493
10 0.856115 0.865010 0.017986 0.018519
10 0.862860 0.873294 0.018885 0.017544
10 0.867356 0.882066 0.017086 0.017544
10 0.874550 0.888889 0.018885 0.021442
10 0.891187 0.843080 0.017986 0.019493
10 0.918165 0.816764 0.019784 0.019493
10 0.939299 0.796784 0.018885 0.020468
10 0.950989 0.846491 0.017086 0.020468
10 0.904227 0.897173 0.017086 0.018519
10 0.911871 0.890838 0.016187 0.019493
10 0.918615 0.883041 0.017086 0.019493
10 0.926709 0.877680 0.017086 0.018519
10 0.932104 0.868421 0.018885 0.019493
6 0.062950 0.224659 0.019784 0.036062
