7 0.782129 0.875698 0.125502 0.061898
7 0.597390 0.794140 0.064257 0.034754
7 0.358685 0.171106 0.050703 0.030188
7 0.539157 0.175292 0.070281 0.043633
7 0.642821 0.167428 0.053715 0.029934
7 0.339608 0.244673 0.069779 0.034754
7 0.344378 0.383435 0.067269 0.032725
7 0.343624 0.469305 0.069779 0.032471
7 0.342369 0.510781 0.065261 0.033232
7 0.346135 0.553019 0.058735 0.024860
7 0.344629 0.626078 0.059739 0.025875
7 0.343122 0.658929 0.061747 0.025622
7 0.598394 0.346778 0.071285 0.032978
7 0.594880 0.428970 0.076305 0.035515
7 0.599398 0.485540 0.073293 0.033486
7 0.591867 0.604008 0.075301 0.032471
7 0.594629 0.655632 0.070783 0.033739
7 0.278363 0.171487 0.065763 0.032978
