0 0.339844 0.008789 0.015625 0.017578
0 0.769043 0.012695 0.006836 0.025391
0 0.500000 0.500000 1.000000 1.000000
1 0.453613 0.212402 0.907227 0.424805
1 0.954102 0.034180 0.091797 0.068359
1 0.946777 0.531738 0.106445 0.936523
1 0.565918 0.632324 0.799805 0.735352
1 0.010742 0.323242 0.021484 0.005859
1 0.161621 0.349609 0.229492 0.042969
1 0.138672 0.557617 0.277344 0.433594
1 0.392578 0.389648 0.117188 0.023438
1 0.036621 0.692871 0.000977 0.000977
1 0.082031 0.847656 0.164062 0.304688
1 0.145508 0.991211 0.005859 0.017578
