0 0.500000 0.500000 1.000000 1.000000
1 0.025879 0.087402 0.051758 0.174805
1 0.270508 0.152832 0.529297 0.305664
1 0.572266 0.110840 0.142578 0.221680
1 0.740234 0.210449 0.519531 0.420898
1 0.221680 0.428223 0.443359 0.387695
1 0.735840 0.380859 0.518555 0.115234
1 0.548340 0.598145 0.235352 0.508789
1 0.430176 0.595703 0.059570 0.476562
1 0.755371 0.630859 0.479492 0.478516
1 0.074219 0.626465 0.148438 0.260742
1 0.204102 0.710449 0.408203 0.290039
1 0.979004 0.728027 0.041992 0.293945
1 0.394531 0.877930 0.031250 0.029297
1 0.178223 0.935547 0.356445 0.128906
1 0.336914 0.876465 0.046875 0.010742
1 0.469238 0.875488 0.073242 0.008789
1 0.709473 0.885742 0.387695 0.025391
1 0.935547 0.897461 0.025391 0.025391
1 0.983887 0.900391 0.032227 0.013672
1 0.659180 0.947754 0.496094 0.104492
1 0.384277 0.952637 0.036133 0.094727
1 0.963379 0.959961 0.073242 0.080078
