0 0.500000 0.018066 1.000000 0.036133
0 0.916504 0.001465 0.008789 0.002930
0 0.781250 0.244141 0.437500 0.408203
0 0.663086 0.735352 0.673828 0.529297
1 0.415039 0.003906 0.279297 0.007812
1 0.781250 0.007812 0.437500 0.015625
1 0.500000 0.503418 1.000000 0.993164
1 0.932617 0.596191 0.134766 0.235352
1 0.679199 0.742676 0.360352 0.489258
1 0.412109 0.666504 0.142578 0.262695
1 0.936035 0.791016 0.127930 0.152344
1 0.651855 0.882324 0.081055 0.174805
1 0.901855 0.913086 0.196289 0.085938
1 0.892090 0.981445 0.215820 0.037109
1 0.758301 0.982422 0.041992 0.035156
1 0.481445 0.983887 0.007812 0.008789
1 0.538086 0.995605 0.048828 0.008789
1 0.616211 0.998535 0.052734 0.002930
