0 0.500000 0.479004 1.000000 0.958008
0 0.208984 0.876953 0.417969 0.246094
1 0.168457 0.075195 0.336914 0.150391
1 0.569824 0.071289 0.782227 0.142578
1 0.680664 0.000488 0.001953 0.000977
1 0.847656 0.059570 0.304688 0.119141
1 0.986816 0.095703 0.026367 0.128906
1 0.183594 0.149414 0.367188 0.191406
1 0.487793 0.277344 0.676758 0.404297
1 0.865234 0.208496 0.269531 0.217773
1 0.705078 0.135742 0.021484 0.017578
1 0.871582 0.326660 0.256836 0.333008
1 0.128906 0.237305 0.257812 0.109375
1 0.436035 0.522461 0.872070 0.572266
1 0.500000 0.649414 1.000000 0.701172
1 0.883789 0.467285 0.171875 0.166992
1 0.835449 0.630371 0.329102 0.413086
1 0.547363 0.657715 0.307617 0.375977
1 0.930664 0.579102 0.138672 0.179688
1 0.196289 0.924316 0.392578 0.151367
