0 0.500000 0.329590 1.000000 0.659180
0 0.216797 0.002930 0.058594 0.005859
0 0.247559 0.543945 0.495117 0.531250
0 0.307129 0.736328 0.614258 0.527344
1 0.107910 0.103027 0.215820 0.206055
1 0.186523 0.020996 0.064453 0.041992
1 0.186523 0.000488 0.001953 0.000977
1 0.221680 0.017090 0.068359 0.034180
1 0.258789 0.020508 0.027344 0.041016
1 0.281738 0.040527 0.051758 0.081055
1 0.651855 0.287598 0.696289 0.575195
1 0.631836 0.349121 0.736328 0.551758
1 0.308105 0.081543 0.000977 0.000977
1 0.309082 0.082520 0.000977 0.000977
1 0.500000 0.543457 1.000000 0.913086
1 0.058105 0.206543 0.116211 0.147461
1 0.032715 0.310547 0.065430 0.138672
1 0.234863 0.449707 0.208008 0.235352
1 0.254883 0.567871 0.376953 0.461914
1 0.131836 0.886230 0.263672 0.227539
