0 0.500000 0.500000 1.000000 1.000000
1 0.138184 0.090820 0.276367 0.181641
1 0.605957 0.389160 0.788086 0.778320
1 0.167480 0.534668 0.334961 0.930664
1 0.595215 0.278320 0.090820 0.117188
1 0.481934 0.285156 0.127930 0.126953
1 0.619141 0.317871 0.164062 0.168945
1 0.798828 0.327637 0.201172 0.163086
1 0.453125 0.285645 0.042969 0.038086
1 0.623047 0.387207 0.158203 0.172852
1 0.410156 0.425293 0.134766 0.166992
1 0.508301 0.377930 0.065430 0.052734
1 0.757812 0.433594 0.123047 0.085938
1 0.846680 0.445312 0.099609 0.080078
1 0.469238 0.459473 0.149414 0.098633
1 0.427734 0.539062 0.173828 0.169922
1 0.535156 0.577637 0.101562 0.200195
1 0.618164 0.791992 0.763672 0.416016
