0 0.500000 0.500000 1.000000 1.000000
0 0.884277 0.150391 0.231445 0.300781
0 0.108887 0.798340 0.217773 0.403320
1 0.155762 0.065430 0.311523 0.130859
1 0.387695 0.208008 0.208984 0.416016
1 0.668945 0.378418 0.662109 0.756836
1 0.891113 0.143066 0.217773 0.286133
1 0.007324 0.107910 0.014648 0.047852
1 0.390137 0.564941 0.780273 0.870117
1 0.521484 0.470215 0.074219 0.094727
1 0.682129 0.647461 0.268555 0.273438
1 0.918457 0.760742 0.163086 0.464844
1 0.101074 0.806152 0.202148 0.387695
1 0.786621 0.910156 0.372070 0.179688
