0 0.734863 0.176270 0.530273 0.352539
0 0.866699 0.068848 0.266602 0.137695
0 0.927734 0.164551 0.144531 0.090820
0 0.500000 0.574219 1.000000 0.851562
0 0.002930 0.782715 0.005859 0.020508
1 0.500000 0.340820 1.000000 0.681641
1 0.543457 0.027344 0.106445 0.054688
1 0.782227 0.151855 0.435547 0.303711
1 0.790039 0.060547 0.080078 0.121094
1 0.902344 0.002930 0.035156 0.005859
1 0.967773 0.007812 0.064453 0.015625
1 0.999023 0.183594 0.001953 0.021484
1 0.061523 0.241699 0.123047 0.135742
1 0.150879 0.309082 0.102539 0.098633
1 0.020996 0.343262 0.041992 0.081055
1 0.213867 0.416992 0.130859 0.208984
1 0.105957 0.365234 0.137695 0.095703
1 0.374512 0.462402 0.249023 0.180664
1 0.077637 0.444336 0.155273 0.103516
1 0.065430 0.520508 0.130859 0.085938
1 0.168457 0.616699 0.108398 0.202148
1 0.530762 0.566406 0.106445 0.064453
1 0.339844 0.638184 0.302734 0.196289
1 0.082031 0.728516 0.164062 0.369141
1 0.583496 0.628906 0.180664 0.074219
1 0.979004 0.766602 0.041992 0.255859
1 0.874023 0.763184 0.205078 0.233398
1 0.481445 0.703125 0.468750 0.095703
1 0.699219 0.758789 0.101562 0.136719
1 0.872070 0.853027 0.255859 0.293945
1 0.608398 0.774902 0.101562 0.135742
1 0.515625 0.790527 0.099609 0.139648
1 0.432129 0.827148 0.110352 0.183594
1 0.203125 0.875000 0.406250 0.250000
1 0.715820 0.850098 0.085938 0.051758
1 0.625977 0.866699 0.085938 0.051758
1 0.532715 0.881348 0.083008 0.049805
1 0.724609 0.894043 0.085938 0.047852
1 0.641113 0.944336 0.098633 0.111328
1 0.541016 0.929199 0.082031 0.045898
1 0.738770 0.958496 0.090820 0.083008
1 0.453125 0.941406 0.085938 0.044922
1 0.549316 0.972168 0.081055 0.041992
1 0.460938 0.982422 0.085938 0.035156
1 0.569336 0.996582 0.046875 0.006836
