0 0.252441 0.149414 0.280273 0.298828
0 0.040039 0.331055 0.080078 0.041016
0 0.431152 0.672363 0.614258 0.655273
0 0.786621 0.695312 0.426758 0.609375
0 0.043457 0.712891 0.086914 0.322266
0 0.108887 0.985840 0.217773 0.028320
1 0.500000 0.500000 1.000000 1.000000
1 0.477051 0.602051 0.223633 0.366211
1 0.036621 0.713867 0.073242 0.292969
1 0.916992 0.755371 0.166016 0.301758
1 0.406738 0.871094 0.086914 0.070312
1 0.804199 0.922363 0.391602 0.155273
1 0.473633 0.913574 0.023438 0.022461
1 0.078613 0.991211 0.157227 0.017578
