0 0.017090 0.021973 0.034180 0.043945
0 0.500000 0.500000 1.000000 1.000000
0 0.685059 0.175293 0.629883 0.350586
0 0.706055 0.047363 0.587891 0.094727
0 0.967285 0.927246 0.065430 0.145508
1 0.006836 0.008301 0.013672 0.016602
1 0.170410 0.386719 0.340820 0.773438
1 0.645020 0.458984 0.709961 0.917969
1 0.702148 0.049316 0.595703 0.098633
1 0.729980 0.032227 0.452148 0.064453
1 0.972168 0.036621 0.055664 0.073242
1 0.871094 0.690918 0.087891 0.114258
1 0.814941 0.824219 0.370117 0.351562
1 0.149414 0.841797 0.298828 0.316406
1 0.551270 0.879395 0.530273 0.241211
1 0.996582 0.917969 0.006836 0.113281
1 0.968262 0.931152 0.051758 0.137695
