0 0.179688 0.097656 0.359375 0.195312
0 0.500000 0.500000 1.000000 1.000000
0 0.011719 0.273438 0.023438 0.044922
0 0.000977 0.364258 0.001953 0.011719
0 0.978516 0.934570 0.042969 0.029297
0 0.956055 0.981445 0.068359 0.037109
1 0.021484 0.040039 0.042969 0.080078
1 0.082520 0.011719 0.057617 0.023438
1 0.139160 0.023926 0.069336 0.047852
1 0.251465 0.066406 0.194336 0.132812
1 0.214355 0.141113 0.428711 0.282227
1 0.414551 0.014160 0.069336 0.028320
1 0.630859 0.082031 0.375000 0.164062
1 0.770996 0.044922 0.219727 0.089844
1 0.891602 0.166992 0.216797 0.333984
1 0.365723 0.173828 0.165039 0.259766
1 0.648438 0.347656 0.703125 0.589844
1 0.548340 0.132812 0.139648 0.105469
1 0.475586 0.182129 0.082031 0.088867
1 0.683105 0.206543 0.170898 0.127930
1 0.786621 0.149902 0.000977 0.000977
1 0.745117 0.181152 0.082031 0.061523
1 0.522949 0.208984 0.083008 0.089844
1 0.465332 0.414551 0.930664 0.499023
1 0.061523 0.324707 0.123047 0.282227
1 0.578125 0.238281 0.080078 0.089844
1 0.670898 0.289551 0.173828 0.137695
1 0.527344 0.636719 0.804688 0.726562
1 0.768555 0.342773 0.083984 0.091797
1 0.098633 0.465332 0.197266 0.305664
1 0.267090 0.438477 0.100586 0.101562
1 0.325195 0.465820 0.089844 0.103516
1 0.421875 0.516113 0.181641 0.157227
1 0.199219 0.464355 0.015625 0.028320
1 0.177734 0.557129 0.128906 0.168945
1 0.190918 0.479492 0.000977 0.001953
1 0.189941 0.481445 0.000977 0.001953
1 0.188965 0.483398 0.000977 0.001953
1 0.227539 0.582520 0.130859 0.174805
1 0.523926 0.568848 0.090820 0.104492
1 0.295410 0.580566 0.100586 0.120117
1 0.570312 0.597168 0.093750 0.102539
1 0.391602 0.594727 0.125000 0.095703
1 0.623047 0.625000 0.091797 0.103516
1 0.055176 0.694336 0.110352 0.232422
1 0.318848 0.676270 0.211914 0.166992
1 0.721680 0.678223 0.183594 0.155273
1 0.483887 0.763672 0.227539 0.316406
1 0.573730 0.691406 0.159180 0.113281
1 0.106445 0.702148 0.109375 0.128906
1 0.973633 0.694824 0.052734 0.081055
1 0.204590 0.715332 0.131836 0.102539
1 0.820312 0.731445 0.089844 0.103516
1 0.543457 0.739258 0.161133 0.113281
1 0.645508 0.792480 0.123047 0.157227
1 0.171875 0.795410 0.130859 0.147461
1 0.309082 0.815430 0.178711 0.181641
1 0.696289 0.820312 0.126953 0.158203
1 0.087891 0.797852 0.128906 0.095703
1 0.914551 0.877441 0.170898 0.245117
1 0.871094 0.879883 0.160156 0.240234
1 0.780762 0.805176 0.079102 0.073242
1 0.085449 0.897949 0.170898 0.204102
1 0.753418 0.852539 0.083008 0.068359
1 0.109863 0.870605 0.125977 0.094727
1 0.208008 0.884277 0.107422 0.122070
1 0.313477 0.903809 0.140625 0.102539
1 0.577148 0.904785 0.082031 0.090820
1 0.723633 0.900391 0.083984 0.072266
1 0.458496 0.917480 0.125977 0.100586
1 0.079590 0.917969 0.124023 0.095703
1 0.627441 0.931641 0.083008 0.091797
1 0.250488 0.938965 0.088867 0.077148
1 0.692871 0.947754 0.079102 0.071289
1 0.391113 0.962402 0.092773 0.075195
1 0.190918 0.964355 0.127930 0.071289
1 0.305176 0.966797 0.098633 0.066406
1 0.556152 0.967285 0.135742 0.065430
1 0.455566 0.977539 0.069336 0.044922
1 0.663574 0.980957 0.077148 0.038086
