0 0.500000 0.500000 1.000000 1.000000
0 0.863281 0.972168 0.015625 0.055664
1 0.242676 0.075195 0.485352 0.150391
1 0.714355 0.264160 0.571289 0.528320
1 0.176758 0.244141 0.353516 0.408203
1 0.349609 0.162109 0.013672 0.013672
1 0.385254 0.312988 0.135742 0.288086
1 0.812500 0.411621 0.375000 0.338867
1 0.030273 0.292480 0.060547 0.040039
1 0.205078 0.661621 0.410156 0.676758
1 0.425781 0.635254 0.113281 0.344727
1 0.625000 0.614746 0.328125 0.276367
1 0.700195 0.551758 0.166016 0.130859
1 0.979980 0.548828 0.040039 0.099609
1 0.803223 0.620117 0.112305 0.158203
1 0.862305 0.659180 0.138672 0.177734
1 0.953125 0.649414 0.093750 0.101562
1 0.940430 0.717285 0.119141 0.071289
1 0.875488 0.787598 0.249023 0.118164
1 0.595215 0.779785 0.293945 0.081055
1 0.618164 0.908691 0.562500 0.182617
1 0.952148 0.923828 0.095703 0.152344
