0 0.500000 0.500000 1.000000 1.000000
0 0.730957 0.257324 0.538086 0.514648
0 0.887695 0.830078 0.224609 0.339844
0 0.985352 0.899902 0.029297 0.200195
0 0.102051 0.970703 0.204102 0.058594
0 0.769043 0.991211 0.040039 0.017578
1 0.211914 0.094727 0.423828 0.189453
1 0.715332 0.312500 0.569336 0.625000
1 0.775391 0.046875 0.449219 0.093750
1 0.040039 0.097656 0.080078 0.154297
1 0.107422 0.102051 0.064453 0.151367
1 0.779297 0.265625 0.441406 0.478516
1 0.847656 0.220215 0.304688 0.315430
1 0.991211 0.163574 0.017578 0.104492
1 0.344727 0.158203 0.152344 0.089844
1 0.130859 0.437988 0.261719 0.514648
1 0.341797 0.248535 0.150391 0.084961
1 0.075195 0.472168 0.150391 0.436523
1 0.337402 0.324707 0.149414 0.071289
1 0.334961 0.390625 0.148438 0.054688
1 0.333496 0.465820 0.147461 0.068359
1 0.330078 0.563477 0.156250 0.099609
1 0.713379 0.810059 0.573242 0.379883
1 0.329590 0.703125 0.157227 0.152344
1 0.936035 0.841309 0.127930 0.317383
1 0.122559 0.852051 0.245117 0.295898
1 0.330078 0.853027 0.160156 0.124023
1 0.990234 0.904785 0.019531 0.190430
1 0.337891 0.962402 0.177734 0.075195
1 0.045410 0.978027 0.090820 0.043945
1 0.142578 0.984863 0.089844 0.030273
