0 0.500000 0.500000 1.000000 1.000000
1 0.050781 0.146484 0.101562 0.292969
1 0.170898 0.101074 0.146484 0.202148
1 0.526855 0.163574 0.583008 0.327148
1 0.897461 0.128418 0.205078 0.256836
1 0.239746 0.301758 0.477539 0.244141
1 0.729980 0.595215 0.540039 0.809570
1 0.766113 0.262695 0.032227 0.005859
1 0.002930 0.392578 0.005859 0.125000
1 0.080566 0.423340 0.145508 0.057617
1 0.299316 0.510742 0.379883 0.210938
1 0.189941 0.486816 0.086914 0.131836
1 0.074707 0.550293 0.149414 0.213867
1 0.399902 0.777832 0.799805 0.444336
