0 0.500000 0.500000 1.000000 1.000000
0 0.530273 0.257324 0.195312 0.514648
0 0.780273 0.268066 0.439453 0.536133
0 0.891602 0.419434 0.216797 0.041992
0 0.353027 0.956055 0.020508 0.087891
0 0.570312 0.976562 0.021484 0.046875
1 0.117188 0.331055 0.234375 0.662109
1 0.129883 0.339355 0.244141 0.678711
1 0.506836 0.465820 0.986328 0.931641
1 0.957031 0.007812 0.085938 0.015625
1 0.919434 0.151367 0.161133 0.248047
1 0.056641 0.866699 0.113281 0.266602
1 0.110840 0.816406 0.020508 0.021484
1 0.136719 0.841309 0.021484 0.020508
1 0.178711 0.842285 0.035156 0.016602
1 0.128906 0.879395 0.011719 0.026367
1 0.558105 0.933105 0.883789 0.133789
