0 0.500000 0.500000 1.000000 1.000000
0 0.101074 0.895020 0.000977 0.000977
0 0.102539 0.917969 0.003906 0.041016
1 0.072266 0.051270 0.144531 0.102539
1 0.130371 0.480957 0.090820 0.961914
1 0.571289 0.426758 0.857422 0.853516
1 0.071289 0.529785 0.142578 0.940430
1 0.226562 0.182129 0.066406 0.133789
1 0.220215 0.282227 0.061523 0.058594
1 0.216797 0.347656 0.064453 0.060547
1 0.564453 0.883789 0.871094 0.232422
1 0.100098 0.874512 0.000977 0.000977
1 0.100098 0.876465 0.000977 0.000977
1 0.084961 0.981934 0.013672 0.036133
1 0.111816 0.994141 0.012695 0.011719
