0 0.014648 0.065918 0.029297 0.131836
0 0.025391 0.108887 0.050781 0.217773
0 0.167969 0.017578 0.142578 0.035156
0 0.500000 0.500000 1.000000 1.000000
0 0.971191 0.027832 0.057617 0.010742
0 0.883301 0.386719 0.233398 0.265625
0 0.907227 0.546387 0.185547 0.010742
0 0.920410 0.770508 0.159180 0.017578
0 0.758301 0.922852 0.268555 0.154297
0 0.980957 0.943359 0.038086 0.113281
0 0.188965 0.973145 0.377930 0.053711
0 0.997559 0.993164 0.004883 0.013672
1 0.007324 0.032227 0.014648 0.064453
1 0.017578 0.076172 0.035156 0.152344
1 0.157715 0.167480 0.315430 0.334961
1 0.166992 0.012695 0.117188 0.025391
1 0.366699 0.042969 0.090820 0.085938
1 0.442871 0.046387 0.045898 0.092773
1 0.498047 0.046387 0.048828 0.092773
1 0.554199 0.046387 0.045898 0.092773
1 0.634766 0.048828 0.101562 0.097656
1 0.740234 0.007324 0.093750 0.014648
1 0.843262 0.008789 0.094727 0.017578
1 0.949707 0.039062 0.100586 0.078125
1 0.716797 0.270996 0.140625 0.499023
1 0.842773 0.054199 0.095703 0.061523
1 0.368652 0.127930 0.090820 0.111328
1 0.622070 0.541504 0.755859 0.916992
1 0.722656 0.126465 0.068359 0.067383
1 0.487305 0.220703 0.355469 0.236328
1 0.362305 0.232422 0.105469 0.109375
1 0.185547 0.247070 0.228516 0.058594
1 0.710938 0.256348 0.083984 0.057617
1 0.145020 0.309082 0.143555 0.055664
1 0.262695 0.312500 0.074219 0.052734
1 0.707031 0.321777 0.085938 0.057617
1 0.032715 0.523438 0.065430 0.363281
1 0.513672 0.494141 0.269531 0.304688
1 0.187500 0.372559 0.226562 0.059570
1 0.340820 0.438965 0.068359 0.182617
1 0.706055 0.384277 0.085938 0.055664
1 0.186523 0.433105 0.226562 0.051758
1 0.704590 0.446777 0.086914 0.057617
1 0.185547 0.495117 0.226562 0.060547
1 0.402832 0.522461 0.049805 0.019531
1 0.184082 0.559570 0.225586 0.054688
1 0.372559 0.653809 0.141602 0.233398
1 0.182617 0.669434 0.224609 0.149414
1 0.504883 0.673828 0.060547 0.044922
1 0.437012 0.693848 0.061523 0.073242
1 0.505371 0.729004 0.059570 0.057617
1 0.146973 0.832031 0.293945 0.246094
1 0.684570 0.900879 0.083984 0.090820
1 0.357422 0.935547 0.285156 0.121094
1 0.765137 0.933594 0.077148 0.052734
1 0.841309 0.948730 0.077148 0.051758
1 0.549805 0.969238 0.119141 0.061523
1 0.198730 0.971191 0.397461 0.057617
1 0.751953 0.972168 0.234375 0.055664
1 0.070312 0.980469 0.140625 0.039062
1 0.993652 0.981934 0.012695 0.036133
1 0.205566 0.991699 0.112305 0.016602
1 0.275391 0.999512 0.007812 0.000977
