0 0.789551 0.123047 0.420898 0.246094
0 0.014160 0.185059 0.028320 0.239258
0 0.374023 0.708984 0.748047 0.582031
0 0.981445 0.667969 0.037109 0.255859
0 0.928711 0.937012 0.015625 0.125977
0 0.976074 0.999512 0.004883 0.000977
1 0.500000 0.500000 1.000000 1.000000
1 0.800293 0.055176 0.399414 0.110352
1 0.010254 0.184570 0.020508 0.222656
1 0.365723 0.595703 0.229492 0.167969
1 0.986328 0.668457 0.027344 0.235352
1 0.062012 0.730469 0.124023 0.242188
1 0.233887 0.759766 0.354492 0.220703
1 0.205078 0.906250 0.410156 0.187500
1 0.023926 0.908691 0.047852 0.127930
