0 0.500000 0.500000 1.000000 1.000000
1 0.129883 0.072754 0.259766 0.145508
1 0.517578 0.077637 0.513672 0.155273
1 0.866211 0.226074 0.267578 0.452148
1 0.330078 0.154785 0.132812 0.182617
1 0.631348 0.306641 0.270508 0.400391
1 0.023438 0.187988 0.046875 0.122070
1 0.513184 0.191406 0.221680 0.095703
1 0.158691 0.198242 0.211914 0.099609
1 0.402832 0.166992 0.028320 0.025391
1 0.392090 0.215820 0.065430 0.052734
1 0.563965 0.331055 0.141602 0.185547
1 0.380859 0.293457 0.212891 0.096680
1 0.218262 0.343750 0.104492 0.179688
1 0.115723 0.345703 0.116211 0.181641
1 0.026855 0.349609 0.047852 0.181641
1 0.437012 0.381348 0.102539 0.092773
1 0.368164 0.383789 0.183594 0.093750
1 0.764648 0.677734 0.470703 0.644531
1 0.407715 0.470215 0.161133 0.075195
1 0.378418 0.486328 0.188477 0.095703
1 0.169922 0.510742 0.218750 0.142578
1 0.029785 0.524902 0.049805 0.155273
1 0.001953 0.544434 0.003906 0.114258
1 0.486328 0.757324 0.398438 0.485352
1 0.182617 0.774902 0.365234 0.450195
