0 0.500000 0.500000 1.000000 1.000000
0 0.199707 0.835938 0.073242 0.328125
0 0.933594 0.935547 0.132812 0.128906
1 0.071289 0.128906 0.142578 0.257812
1 0.334473 0.042969 0.325195 0.085938
1 0.737305 0.095215 0.523438 0.190430
1 0.429688 0.144043 0.748047 0.268555
1 0.988770 0.091309 0.022461 0.092773
1 0.949707 0.175781 0.071289 0.046875
1 0.981934 0.196777 0.036133 0.073242
1 0.791992 0.191895 0.099609 0.032227
1 0.939453 0.208496 0.009766 0.008789
1 0.880859 0.216309 0.023438 0.022461
1 0.820801 0.220215 0.014648 0.010742
1 0.948242 0.236816 0.062500 0.024414
1 0.803711 0.247559 0.083984 0.034180
1 0.802246 0.435547 0.395508 0.378906
1 0.018555 0.370117 0.037109 0.191406
1 0.521484 0.638672 0.957031 0.722656
1 0.020508 0.509766 0.041016 0.076172
1 0.516113 0.518555 0.120117 0.066406
1 0.628906 0.548828 0.105469 0.062500
1 0.687500 0.716309 0.625000 0.375977
1 0.023926 0.600586 0.047852 0.099609
1 0.027832 0.798340 0.055664 0.291992
1 0.510742 0.811523 0.248047 0.105469
1 0.627441 0.787598 0.067383 0.057617
1 0.725098 0.858887 0.192383 0.094727
1 0.939941 0.941406 0.120117 0.117188
1 0.019531 0.972168 0.039062 0.055664
1 0.045898 0.988770 0.023438 0.022461
1 0.203125 0.995605 0.035156 0.008789
