0 0.500000 0.500000 1.000000 1.000000
0 0.997559 0.225586 0.004883 0.037109
1 0.478516 0.366211 0.957031 0.732422
1 0.774902 0.081055 0.331055 0.162109
1 0.849609 0.020508 0.027344 0.041016
1 0.916504 0.025879 0.094727 0.051758
1 0.978516 0.030273 0.042969 0.060547
1 0.617188 0.166992 0.560547 0.236328
1 0.930176 0.217773 0.139648 0.306641
1 0.995605 0.359375 0.008789 0.039062
1 0.974609 0.386719 0.019531 0.019531
1 0.982910 0.561523 0.034180 0.341797
1 0.489258 0.709473 0.978516 0.581055
1 0.885742 0.446777 0.019531 0.014648
1 0.939453 0.853516 0.121094 0.292969
