0 0.500000 0.195801 1.000000 0.391602
0 0.500000 0.649902 1.000000 0.700195
0 0.005859 0.950684 0.011719 0.098633
0 0.959473 0.980469 0.081055 0.039062
1 0.052734 0.063477 0.105469 0.126953
1 0.107422 0.067871 0.037109 0.135742
1 0.226562 0.113281 0.234375 0.226562
1 0.622070 0.166016 0.535156 0.332031
1 0.846191 0.014648 0.053711 0.029297
1 0.951172 0.118164 0.097656 0.234375
1 0.842285 0.122070 0.073242 0.156250
1 0.500000 0.402832 1.000000 0.530273
1 0.375488 0.204102 0.057617 0.058594
1 0.428223 0.209961 0.049805 0.062500
1 0.956543 0.301758 0.086914 0.101562
1 0.139648 0.449219 0.279297 0.265625
1 0.008789 0.515137 0.017578 0.118164
1 0.479492 0.640625 0.378906 0.183594
1 0.115723 0.623047 0.231445 0.066406
1 0.282715 0.668457 0.075195 0.131836
1 0.237305 0.795898 0.341797 0.367188
1 0.840332 0.698242 0.319336 0.134766
1 0.446777 0.711914 0.041992 0.091797
1 0.527344 0.716309 0.099609 0.098633
1 0.050293 0.836914 0.100586 0.326172
1 0.199707 0.703613 0.075195 0.059570
1 0.838867 0.808594 0.322266 0.140625
1 0.714844 0.872559 0.570312 0.254883
1 0.446289 0.801270 0.039062 0.069336
1 0.523926 0.805664 0.094727 0.068359
1 0.803223 0.897949 0.256836 0.139648
1 0.498047 0.883789 0.140625 0.080078
1 0.349609 0.939453 0.123047 0.121094
1 0.203125 0.968750 0.148438 0.062500
1 0.982422 0.991699 0.035156 0.016602
