0 0.678223 0.500000 0.643555 1.000000
0 0.955078 0.973633 0.089844 0.052734
1 0.432617 0.500000 0.865234 1.000000
1 0.924805 0.087402 0.150391 0.174805
1 0.886719 0.543945 0.226562 0.912109
1 0.847656 0.206055 0.021484 0.066406
1 0.609375 0.504395 0.099609 0.172852
1 0.734863 0.634277 0.106445 0.106445
1 0.693359 0.642090 0.078125 0.092773
1 0.411621 0.649414 0.092773 0.082031
1 0.550781 0.777344 0.220703 0.166016
1 0.717773 0.769531 0.128906 0.150391
1 0.606934 0.880859 0.327148 0.085938
1 0.962402 0.979004 0.075195 0.041992
