0 0.140137 0.061035 0.280273 0.122070
0 0.404297 0.520020 0.808594 0.450195
0 0.382812 0.760254 0.765625 0.479492
0 0.031250 0.607422 0.062500 0.109375
0 0.185547 0.899902 0.257812 0.200195
1 0.132812 0.055664 0.265625 0.111328
1 0.500000 0.500000 1.000000 1.000000
1 0.411133 0.357422 0.085938 0.087891
1 0.458496 0.406250 0.086914 0.078125
1 0.506836 0.452148 0.089844 0.080078
1 0.555176 0.497559 0.088867 0.077148
1 0.602539 0.542480 0.087891 0.079102
1 0.378418 0.764648 0.756836 0.470703
1 0.738281 0.665527 0.125000 0.118164
