0 0.500000 0.129883 1.000000 0.259766
0 0.500000 0.595703 1.000000 0.808594
0 0.050293 0.554199 0.100586 0.012695
1 0.137207 0.060059 0.274414 0.120117
1 0.301758 0.064453 0.046875 0.128906
1 0.340820 0.067383 0.050781 0.134766
1 0.393555 0.070801 0.027344 0.141602
1 0.456543 0.077148 0.071289 0.154297
1 0.747559 0.089844 0.504883 0.179688
1 0.500000 0.280273 1.000000 0.369141
1 0.976074 0.386230 0.047852 0.231445
1 0.430176 0.630859 0.860352 0.398438
1 0.858398 0.553223 0.121094 0.155273
1 0.962402 0.549316 0.075195 0.118164
1 0.931641 0.713867 0.136719 0.240234
1 0.822266 0.670410 0.119141 0.106445
1 0.412598 0.831055 0.825195 0.142578
1 0.886719 0.903809 0.226562 0.192383
1 0.394043 0.942871 0.788086 0.114258
