0 0.015137 0.003418 0.030273 0.006836
0 0.500000 0.500000 1.000000 1.000000
1 0.085938 0.134277 0.171875 0.268555
1 0.209961 0.050293 0.166016 0.100586
1 0.462402 0.147949 0.327148 0.295898
1 0.744141 0.149902 0.300781 0.299805
1 0.916016 0.102539 0.167969 0.205078
1 0.319824 0.446289 0.639648 0.767578
1 0.952637 0.252930 0.094727 0.156250
1 0.743164 0.541504 0.298828 0.446289
1 0.949707 0.527832 0.100586 0.368164
1 0.767578 0.864258 0.464844 0.271484
1 0.295898 0.900391 0.521484 0.199219
1 0.028809 0.907227 0.057617 0.185547
