0 0.500000 0.500000 1.000000 1.000000
0 0.654297 0.009277 0.044922 0.018555
0 0.132812 0.925781 0.195312 0.148438
0 0.571289 0.977539 0.046875 0.044922
0 0.993652 0.993652 0.012695 0.012695
1 0.145020 0.180176 0.290039 0.360352
1 0.315430 0.083984 0.164062 0.167969
1 0.577148 0.253906 0.699219 0.507812
1 0.770508 0.387207 0.458984 0.774414
1 0.223633 0.228516 0.142578 0.177734
1 0.093750 0.355957 0.187500 0.221680
1 0.178223 0.422852 0.194336 0.224609
1 0.281250 0.500000 0.201172 0.210938
1 0.021973 0.477051 0.043945 0.090820
1 0.381836 0.561035 0.212891 0.221680
1 0.310059 0.732910 0.620117 0.534180
1 0.597168 0.788574 0.573242 0.422852
1 0.981934 0.687500 0.036133 0.072266
1 0.951172 0.804199 0.097656 0.198242
1 0.844727 0.893066 0.310547 0.213867
1 0.998047 0.998047 0.003906 0.003906
