0 0.635742 0.500000 0.728516 1.000000
1 0.381348 0.500000 0.762695 1.000000
1 0.463867 0.038086 0.132812 0.076172
1 0.600586 0.042480 0.136719 0.084961
1 0.713379 0.043457 0.098633 0.086914
1 0.825684 0.043457 0.139648 0.086914
1 0.947754 0.041992 0.104492 0.083984
1 0.406738 0.202148 0.227539 0.250000
1 0.522461 0.245605 0.458984 0.323242
1 0.868164 0.164551 0.263672 0.149414
1 0.881348 0.276367 0.237305 0.111328
1 0.664062 0.312988 0.216797 0.131836
1 0.884277 0.366211 0.231445 0.105469
1 0.732422 0.706543 0.535156 0.586914
