0 0.052734 0.012695 0.023438 0.025391
0 0.250488 0.071289 0.278320 0.142578
0 0.500000 0.500000 1.000000 1.000000
0 0.685547 0.991699 0.152344 0.016602
1 0.208008 0.164551 0.416016 0.329102
1 0.254883 0.031250 0.191406 0.062500
1 0.543945 0.147461 0.417969 0.294922
1 0.787598 0.040039 0.317383 0.080078
1 0.962402 0.047363 0.075195 0.094727
1 0.403809 0.533691 0.807617 0.932617
1 0.830078 0.247070 0.076172 0.335938
1 0.885254 0.226074 0.049805 0.266602
1 0.927246 0.231445 0.051758 0.257812
1 0.977051 0.191895 0.045898 0.163086
1 0.974121 0.312988 0.051758 0.065430
1 0.922852 0.509277 0.154297 0.311523
1 0.687500 0.636230 0.400391 0.428711
1 0.978027 0.832520 0.043945 0.334961
1 0.915527 0.833008 0.139648 0.333984
1 0.662598 0.840332 0.452148 0.319336
1 0.392578 0.975586 0.148438 0.048828
1 0.670898 0.996582 0.068359 0.006836
