0 0.500000 0.500000 1.000000 1.000000
0 0.858887 0.025391 0.125977 0.050781
0 0.940918 0.807129 0.118164 0.157227
1 0.255371 0.395508 0.510742 0.791016
1 0.703125 0.278320 0.494141 0.556641
1 0.965820 0.265137 0.068359 0.530273
1 0.908203 0.255371 0.017578 0.020508
1 0.871094 0.638184 0.257812 0.723633
1 0.361328 0.594238 0.466797 0.608398
1 0.048340 0.609863 0.096680 0.415039
1 0.601074 0.755859 0.438477 0.488281
1 0.945801 0.807129 0.108398 0.137695
1 0.070312 0.900391 0.140625 0.193359
1 0.223145 0.900879 0.163086 0.182617
1 0.262207 0.953613 0.241211 0.092773
