0 0.081543 0.063477 0.163086 0.126953
0 0.224121 0.203125 0.448242 0.406250
0 0.064941 0.156250 0.129883 0.039062
0 0.065430 0.257812 0.130859 0.146484
0 0.500000 0.596680 1.000000 0.287109
0 0.017578 0.966797 0.035156 0.066406
0 0.109375 0.969238 0.009766 0.061523
1 0.074707 0.059082 0.149414 0.118164
1 0.104492 0.198730 0.208984 0.397461
1 0.289551 0.175781 0.299805 0.351562
1 0.500000 0.365723 1.000000 0.731445
1 0.308105 0.240234 0.106445 0.140625
1 0.061035 0.207031 0.122070 0.029297
1 0.028809 0.258301 0.057617 0.059570
1 0.500000 0.730469 1.000000 0.539062
1 0.535156 0.668457 0.066406 0.124023
1 0.609863 0.669922 0.071289 0.126953
1 0.459961 0.665527 0.070312 0.116211
1 0.383789 0.659180 0.068359 0.101562
1 0.298828 0.647949 0.083984 0.077148
1 0.013672 0.970215 0.027344 0.059570
