0 0.104980 0.206543 0.209961 0.413086
0 0.623047 0.134277 0.753906 0.268555
0 0.898438 0.041016 0.203125 0.082031
0 0.500000 0.641602 1.000000 0.716797
1 0.094238 0.186523 0.188477 0.373047
1 0.500000 0.480957 1.000000 0.961914
1 0.645020 0.106445 0.672852 0.212891
1 0.550781 0.048340 0.322266 0.096680
1 0.856934 0.097656 0.286133 0.195312
1 0.917969 0.033691 0.164062 0.067383
1 0.950195 0.623535 0.099609 0.456055
1 0.931152 0.927246 0.137695 0.145508
1 0.590332 0.930664 0.258789 0.138672
1 0.781738 0.936035 0.155273 0.127930
1 0.332031 0.943848 0.378906 0.112305
1 0.065918 0.954590 0.131836 0.090820
1 0.908203 0.986816 0.115234 0.026367
