0 0.728516 0.001465 0.007812 0.002930
0 0.500000 0.601074 1.000000 0.797852
0 0.107910 0.358398 0.215820 0.232422
0 0.656250 0.874023 0.304688 0.251953
1 0.500000 0.343750 1.000000 0.687500
1 0.703613 0.606934 0.592773 0.786133
1 0.038574 0.369141 0.077148 0.083984
1 0.334961 0.685059 0.669922 0.629883
1 0.077637 0.411621 0.000977 0.000977
1 0.078613 0.412598 0.000977 0.000977
1 0.079590 0.413574 0.000977 0.000977
1 0.080566 0.414551 0.000977 0.000977
1 0.081543 0.415527 0.000977 0.000977
1 0.083496 0.417480 0.000977 0.000977
1 0.626953 0.929199 0.185547 0.141602
