0 0.500000 0.500000 1.000000 1.000000
0 0.293457 0.640137 0.586914 0.719727
1 0.142578 0.267090 0.285156 0.534180
1 0.551270 0.079102 0.561523 0.158203
1 0.828125 0.016602 0.082031 0.033203
1 0.908203 0.109375 0.183594 0.218750
1 0.673828 0.247559 0.324219 0.327148
1 0.416992 0.382812 0.261719 0.539062
1 0.867188 0.283203 0.220703 0.304688
1 0.956543 0.242188 0.086914 0.111328
1 0.296875 0.636230 0.593750 0.727539
1 0.977051 0.335449 0.045898 0.102539
1 0.049805 0.414062 0.099609 0.195312
1 0.741211 0.435547 0.281250 0.126953
1 0.858398 0.587891 0.283203 0.373047
1 0.536621 0.510742 0.108398 0.179688
1 0.125000 0.607910 0.250000 0.295898
1 0.362793 0.589355 0.174805 0.223633
1 0.617188 0.550293 0.121094 0.145508
1 0.697266 0.612305 0.138672 0.230469
1 0.594727 0.653320 0.083984 0.078125
1 0.187500 0.743164 0.345703 0.253906
1 0.605469 0.742676 0.259766 0.243164
1 0.514160 0.776855 0.215820 0.200195
1 0.743652 0.791992 0.180664 0.121094
1 0.013672 0.775391 0.027344 0.066406
1 0.401367 0.821289 0.167969 0.152344
1 0.896973 0.883301 0.206055 0.233398
1 0.340332 0.894531 0.165039 0.210938
1 0.263672 0.919922 0.177734 0.160156
1 0.039551 0.928711 0.079102 0.142578
1 0.762695 0.931152 0.070312 0.137695
1 0.703125 0.934570 0.068359 0.130859
1 0.611328 0.937012 0.115234 0.125977
1 0.126953 0.915527 0.097656 0.075195
1 0.510254 0.943359 0.116211 0.113281
1 0.444824 0.949219 0.112305 0.101562
1 0.108887 0.969727 0.100586 0.060547
1 0.225098 0.982910 0.124023 0.034180
