0 0.500000 0.318359 1.000000 0.636719
0 0.500000 0.604980 1.000000 0.299805
0 0.500000 0.883301 1.000000 0.233398
1 0.047852 0.024902 0.095703 0.049805
1 0.145020 0.071777 0.098633 0.143555
1 0.229492 0.033203 0.080078 0.066406
1 0.300781 0.035156 0.097656 0.070312
1 0.383789 0.205566 0.531250 0.411133
1 0.814941 0.151367 0.370117 0.302734
1 0.500000 0.389160 1.000000 0.704102
1 0.058105 0.161621 0.116211 0.208008
1 0.204102 0.122559 0.128906 0.129883
1 0.276855 0.162109 0.217773 0.179688
1 0.078125 0.267090 0.156250 0.196289
1 0.112305 0.284668 0.072266 0.071289
1 0.074219 0.386719 0.148438 0.177734
1 0.119141 0.491211 0.238281 0.269531
1 0.030273 0.492188 0.060547 0.109375
1 0.936035 0.605957 0.127930 0.280273
1 0.500000 0.796387 1.000000 0.270508
1 0.324707 0.964355 0.649414 0.071289
1 0.840332 0.977051 0.319336 0.045898
