0 0.113281 0.309570 0.226562 0.292969
0 0.500000 0.679688 1.000000 0.640625
0 0.881836 0.932129 0.236328 0.135742
1 0.500000 0.370117 1.000000 0.740234
1 0.987793 0.488770 0.024414 0.061523
1 0.069336 0.647461 0.138672 0.359375
1 0.983887 0.567871 0.032227 0.090820
1 0.683594 0.590332 0.148438 0.110352
1 0.267090 0.779785 0.405273 0.440430
1 0.978027 0.669922 0.043945 0.107422
1 0.500000 0.694824 0.136719 0.147461
1 0.666504 0.818359 0.666992 0.363281
1 0.038574 0.895508 0.077148 0.208984
1 0.891113 0.937012 0.217773 0.125977
1 0.268555 0.952148 0.119141 0.095703
1 0.351074 0.982422 0.094727 0.035156
