0 0.500000 0.500000 1.000000 1.000000
0 0.983887 0.255859 0.032227 0.142578
1 0.214844 0.112305 0.429688 0.224609
1 0.408691 0.060059 0.268555 0.120117
1 0.764160 0.041016 0.471680 0.082031
1 0.740723 0.507812 0.518555 0.853516
1 0.044434 0.126465 0.088867 0.084961
1 0.405273 0.415527 0.369141 0.659180
1 0.055176 0.208008 0.110352 0.101562
1 0.209961 0.419434 0.419922 0.516602
1 0.991211 0.266602 0.017578 0.083984
1 0.073730 0.720215 0.147461 0.176758
1 0.130371 0.842285 0.260742 0.315430
1 0.368164 0.855469 0.277344 0.289062
1 0.549316 0.887695 0.237305 0.224609
1 0.014160 0.834961 0.028320 0.041016
1 0.797852 0.914062 0.404297 0.171875
1 0.282227 0.970703 0.130859 0.058594
