0 0.500000 0.500000 1.000000 1.000000
0 0.986816 0.768066 0.026367 0.463867
0 0.008301 0.997070 0.016602 0.005859
1 0.020996 0.086426 0.041992 0.172852
1 0.093750 0.081055 0.089844 0.162109
1 0.207520 0.080566 0.112305 0.161133
1 0.484375 0.156250 0.435547 0.312500
1 0.684082 0.009277 0.118164 0.018555
1 0.818359 0.045898 0.363281 0.091797
1 0.826172 0.154785 0.347656 0.192383
1 0.134766 0.251465 0.269531 0.163086
1 0.400879 0.413086 0.247070 0.382812
1 0.747559 0.583496 0.489258 0.678711
1 0.141113 0.526367 0.282227 0.376953
1 0.055176 0.389648 0.110352 0.085938
1 0.982910 0.712891 0.034180 0.574219
1 0.057129 0.484375 0.114258 0.085938
1 0.437988 0.584961 0.280273 0.261719
1 0.263184 0.626953 0.258789 0.289062
1 0.057129 0.588379 0.114258 0.102539
1 0.058105 0.798340 0.116211 0.247070
1 0.577148 0.802246 0.371094 0.202148
1 0.228027 0.865234 0.456055 0.269531
1 0.712891 0.911621 0.486328 0.176758
1 0.358887 0.960449 0.260742 0.079102
1 0.999023 0.989746 0.001953 0.020508
