0 0.156738 0.037109 0.012695 0.074219
0 0.238770 0.045898 0.008789 0.091797
0 0.319824 0.053223 0.006836 0.106445
0 0.400391 0.049805 0.007812 0.099609
0 0.500000 0.563965 1.000000 0.872070
0 0.079102 0.802734 0.158203 0.394531
0 0.957031 0.858887 0.085938 0.125977
0 0.937012 0.976562 0.125977 0.046875
0 0.311523 0.997559 0.009766 0.004883
1 0.500000 0.343262 1.000000 0.686523
1 0.675781 0.238770 0.203125 0.084961
1 0.693359 0.590332 0.123047 0.448242
1 0.542480 0.684082 0.247070 0.631836
1 0.424805 0.550781 0.095703 0.361328
1 0.198730 0.698242 0.397461 0.603516
1 0.958008 0.614258 0.083984 0.296875
1 0.614746 0.595215 0.065430 0.040039
1 0.583008 0.662598 0.142578 0.086914
1 0.904297 0.833008 0.191406 0.333984
1 0.798340 0.767578 0.083008 0.154297
1 0.590820 0.730957 0.134766 0.049805
1 0.330078 0.862793 0.208984 0.274414
1 0.594238 0.796875 0.133789 0.070312
1 0.714355 0.827148 0.088867 0.015625
1 0.757812 0.919434 0.173828 0.161133
1 0.021484 0.951660 0.042969 0.096680
1 0.090820 0.954590 0.099609 0.090820
1 0.652832 0.989258 0.055664 0.021484
1 0.977539 0.992188 0.044922 0.015625
