0 0.500000 0.500000 1.000000 1.000000
0 0.005859 0.317383 0.011719 0.009766
1 0.032715 0.053223 0.065430 0.106445
1 0.093750 0.055176 0.074219 0.110352
1 0.155762 0.058105 0.120117 0.116211
1 0.249512 0.043945 0.061523 0.087891
1 0.310059 0.038086 0.057617 0.076172
1 0.371582 0.036621 0.059570 0.073242
1 0.435059 0.030762 0.059570 0.061523
1 0.472656 0.004395 0.005859 0.008789
1 0.721191 0.257812 0.557617 0.515625
1 0.538574 0.529785 0.922852 0.940430
1 0.073242 0.168457 0.146484 0.124023
1 0.038574 0.377441 0.077148 0.315430
1 0.045898 0.543945 0.091797 0.242188
1 0.938965 0.580566 0.122070 0.176758
1 0.058105 0.748047 0.116211 0.189453
1 0.059082 0.914062 0.118164 0.171875
