0 0.500000 0.500000 1.000000 1.000000
1 0.189941 0.160645 0.379883 0.321289
1 0.630859 0.222168 0.541016 0.444336
1 0.858398 0.137207 0.283203 0.274414
1 0.175293 0.547363 0.350586 0.674805
1 0.754883 0.415039 0.490234 0.306641
1 0.325195 0.514648 0.291016 0.298828
1 0.422363 0.549805 0.141602 0.193359
1 0.559570 0.673340 0.332031 0.395508
1 0.802246 0.723633 0.395508 0.468750
1 0.306152 0.652832 0.223633 0.219727
1 0.243652 0.776367 0.264648 0.214844
1 0.183105 0.871094 0.295898 0.195312
1 0.451660 0.890137 0.272461 0.219727
1 0.770020 0.942383 0.459961 0.115234
1 0.007812 0.904297 0.015625 0.035156
1 0.148438 0.950684 0.296875 0.098633
1 0.330566 0.992676 0.049805 0.014648
