0 0.500000 0.500000 1.000000 1.000000
0 0.177246 0.517090 0.354492 0.067383
0 0.012207 0.980469 0.010742 0.039062
0 0.169434 0.998535 0.008789 0.002930
1 0.003906 0.019531 0.007812 0.039062
1 0.076660 0.014160 0.124023 0.028320
1 0.181152 0.036621 0.088867 0.073242
1 0.262207 0.030762 0.122070 0.061523
1 0.376953 0.055176 0.148438 0.110352
1 0.451172 0.015625 0.064453 0.031250
1 0.529297 0.027832 0.113281 0.055664
1 0.652832 0.016113 0.104492 0.032227
1 0.808594 0.050781 0.212891 0.101562
1 0.958984 0.033691 0.082031 0.067383
1 0.632324 0.051270 0.112305 0.083008
1 0.066895 0.068848 0.133789 0.090820
1 0.532715 0.117188 0.266602 0.166016
1 0.137695 0.112305 0.265625 0.146484
1 0.759277 0.158203 0.243164 0.220703
1 0.915527 0.175781 0.168945 0.248047
1 0.486816 0.173340 0.360352 0.139648
1 0.422852 0.237793 0.460938 0.245117
1 0.088867 0.202637 0.177734 0.129883
1 0.055176 0.238281 0.110352 0.164062
1 0.178223 0.191895 0.000977 0.000977
1 0.305176 0.452637 0.610352 0.495117
1 0.707520 0.250488 0.098633 0.032227
1 0.704590 0.372559 0.213867 0.219727
1 0.123535 0.268066 0.000977 0.000977
1 0.762695 0.279297 0.058594 0.021484
1 0.040039 0.355957 0.080078 0.159180
1 0.801270 0.607910 0.397461 0.647461
1 0.588867 0.655762 0.281250 0.422852
1 0.091309 0.647461 0.182617 0.109375
1 0.320801 0.709961 0.321289 0.148438
1 0.305176 0.838379 0.610352 0.323242
1 0.664062 0.943359 0.214844 0.113281
1 0.819336 0.957520 0.103516 0.084961
1 0.936035 0.967285 0.127930 0.065430
