0 0.500000 0.500000 1.000000 1.000000
0 0.587402 0.074219 0.368164 0.148438
0 0.979004 0.043945 0.041992 0.072266
0 0.000488 0.448730 0.000977 0.004883
1 0.144531 0.086426 0.289062 0.172852
1 0.125488 0.009766 0.045898 0.019531
1 0.174805 0.030762 0.076172 0.061523
1 0.253906 0.024414 0.083984 0.048828
1 0.324219 0.041992 0.099609 0.083984
1 0.546387 0.159180 0.504883 0.318359
1 0.514160 0.040039 0.190430 0.080078
1 0.652832 0.069336 0.166992 0.138672
1 0.719727 0.017578 0.085938 0.035156
1 0.865234 0.150879 0.269531 0.301758
1 0.251465 0.079102 0.137695 0.107422
1 0.124512 0.144531 0.249023 0.169922
1 0.027832 0.146484 0.055664 0.068359
1 0.052734 0.208984 0.105469 0.121094
1 0.310547 0.241211 0.175781 0.158203
1 0.156250 0.225586 0.142578 0.103516
1 0.009766 0.202637 0.019531 0.047852
1 0.398926 0.284668 0.112305 0.131836
1 0.093262 0.265137 0.083008 0.079102
1 0.498535 0.298828 0.137695 0.107422
1 0.049316 0.300781 0.098633 0.093750
1 0.142578 0.317871 0.111328 0.122070
1 0.289062 0.333984 0.177734 0.125000
1 0.770020 0.472656 0.459961 0.375000
1 0.445801 0.364258 0.163086 0.121094
1 0.556152 0.374023 0.112305 0.134766
1 0.041016 0.357910 0.082031 0.083008
1 0.235352 0.369629 0.136719 0.098633
1 0.098633 0.395996 0.072266 0.065430
1 0.281738 0.462891 0.358398 0.193359
1 0.969727 0.428711 0.060547 0.117188
1 0.020508 0.421875 0.041016 0.087891
1 0.856445 0.495605 0.199219 0.225586
1 0.479492 0.436035 0.134766 0.094727
1 0.051758 0.468750 0.103516 0.123047
1 0.224609 0.500977 0.123047 0.091797
1 0.125000 0.509277 0.105469 0.083008
1 0.390625 0.610352 0.259766 0.279297
1 0.924805 0.532715 0.097656 0.114258
1 0.994629 0.488281 0.010742 0.021484
1 0.727539 0.659668 0.494141 0.358398
1 0.601562 0.562500 0.080078 0.150391
1 0.963379 0.563477 0.073242 0.121094
1 0.098633 0.552734 0.101562 0.080078
1 0.177246 0.574219 0.098633 0.119141
1 0.019531 0.547852 0.039062 0.062500
1 0.260742 0.606445 0.160156 0.125000
1 0.070801 0.608887 0.098633 0.108398
1 0.911621 0.623535 0.125977 0.098633
1 0.741699 0.635254 0.100586 0.120117
1 0.027832 0.648926 0.055664 0.137695
1 0.839844 0.648926 0.128906 0.098633
1 0.979004 0.650879 0.041992 0.094727
1 0.159668 0.672363 0.131836 0.108398
1 0.259766 0.686523 0.107422 0.125000
1 0.942871 0.706055 0.114258 0.091797
1 0.054688 0.755859 0.109375 0.179688
1 0.723145 0.728027 0.125977 0.100586
1 0.165039 0.847168 0.330078 0.305664
1 0.007324 0.731934 0.014648 0.030273
1 0.987793 0.765137 0.024414 0.051758
1 0.430176 0.876465 0.276367 0.247070
1 0.514160 0.799316 0.135742 0.079102
1 0.967285 0.831055 0.065430 0.089844
1 0.602539 0.851562 0.080078 0.128906
1 0.704590 0.837891 0.137695 0.080078
1 0.883789 0.912598 0.232422 0.174805
1 0.002930 0.867676 0.005859 0.026367
1 0.659180 0.896973 0.078125 0.073242
1 0.754395 0.937500 0.151367 0.125000
1 0.149902 0.905762 0.057617 0.053711
1 0.615234 0.947754 0.132812 0.071289
1 0.460938 0.969238 0.109375 0.061523
1 0.543945 0.980957 0.058594 0.038086
1 0.644043 0.986816 0.131836 0.026367
