0 0.500000 0.500000 1.000000 1.000000
1 0.074707 0.095215 0.149414 0.190430
1 0.150879 0.038086 0.147461 0.076172
1 0.402832 0.110840 0.395508 0.221680
1 0.567383 0.075684 0.166016 0.151367
1 0.647949 0.039062 0.083008 0.078125
1 0.805664 0.094727 0.388672 0.189453
1 0.876953 0.274902 0.246094 0.426758
1 0.239258 0.150879 0.208984 0.143555
1 0.340332 0.190430 0.053711 0.066406
1 0.007324 0.234863 0.014648 0.094727
1 0.095215 0.339355 0.190430 0.297852
1 0.638184 0.385742 0.336914 0.386719
1 0.216797 0.265137 0.210938 0.133789
1 0.356934 0.306641 0.254883 0.164062
1 0.163086 0.666504 0.326172 0.666992
1 0.030762 0.417480 0.061523 0.157227
1 0.397461 0.404785 0.148438 0.127930
1 0.738281 0.714844 0.523438 0.570312
1 0.358887 0.555176 0.221680 0.180664
1 0.316895 0.660156 0.206055 0.111328
1 0.477051 0.790039 0.280273 0.322266
1 0.281250 0.736816 0.187500 0.108398
1 0.230957 0.859375 0.206055 0.193359
1 0.380371 0.879395 0.131836 0.090820
1 0.412598 0.946289 0.299805 0.107422
1 0.639160 0.980469 0.163086 0.039062
