0 0.500000 0.500000 1.000000 1.000000
0 0.778809 0.893555 0.030273 0.212891
0 0.926758 0.920898 0.015625 0.158203
1 0.188965 0.032227 0.377930 0.064453
1 0.614746 0.186523 0.465820 0.373047
1 0.835449 0.346680 0.329102 0.693359
1 0.004883 0.043457 0.009766 0.004883
1 0.072266 0.050293 0.070312 0.010742
1 0.182129 0.060059 0.079102 0.012695
1 0.004395 0.072266 0.008789 0.031250
1 0.271484 0.529785 0.542969 0.940430
1 0.321289 0.072754 0.095703 0.010742
1 0.462891 0.086426 0.144531 0.016602
1 0.549805 0.635742 0.900391 0.728516
1 0.514160 0.382324 0.000977 0.000977
1 0.346191 0.876953 0.541992 0.246094
1 0.488770 0.838379 0.000977 0.000977
