0 0.500000 0.500000 1.000000 1.000000
0 0.582520 0.999512 0.004883 0.000977
1 0.391113 0.227051 0.782227 0.454102
1 0.861816 0.134766 0.276367 0.269531
1 0.800293 0.233398 0.077148 0.140625
1 0.851562 0.224121 0.115234 0.122070
1 0.949707 0.331543 0.081055 0.159180
1 0.980957 0.304688 0.038086 0.078125
1 0.040527 0.364258 0.081055 0.164062
1 0.879395 0.339844 0.077148 0.103516
1 0.839355 0.304199 0.000977 0.000977
1 0.816406 0.351562 0.078125 0.089844
1 0.093750 0.379395 0.025391 0.067383
1 0.590332 0.409180 0.155273 0.123047
1 0.985352 0.421387 0.029297 0.141602
1 0.736816 0.420898 0.135742 0.130859
1 0.915039 0.440918 0.111328 0.088867
1 0.831543 0.443848 0.049805 0.083008
1 0.302734 0.630371 0.537109 0.436523
1 0.003418 0.446777 0.006836 0.006836
1 0.025879 0.584473 0.051758 0.252930
1 0.599609 0.602051 0.130859 0.254883
1 0.736816 0.531250 0.127930 0.105469
1 0.912109 0.615234 0.175781 0.265625
1 0.037598 0.676758 0.075195 0.371094
1 0.819824 0.529297 0.036133 0.072266
1 0.091797 0.658203 0.119141 0.298828
1 0.718262 0.633789 0.223633 0.218750
1 0.959473 0.656738 0.081055 0.231445
1 0.577148 0.818359 0.179688 0.158203
1 0.818359 0.874512 0.343750 0.250977
1 0.661133 0.844727 0.085938 0.183594
1 0.201172 0.834961 0.251953 0.152344
1 0.961914 0.889160 0.076172 0.186523
1 0.040527 0.841797 0.065430 0.080078
1 0.613770 0.859863 0.086914 0.106445
1 0.368164 0.896973 0.177734 0.147461
1 0.123535 0.915039 0.131836 0.105469
1 0.486328 0.932129 0.240234 0.135742
1 0.027344 0.922852 0.054688 0.097656
1 0.197754 0.947754 0.110352 0.104492
1 0.284668 0.956543 0.157227 0.086914
1 0.598633 0.960449 0.115234 0.079102
1 0.068359 0.963379 0.136719 0.073242
1 0.948242 0.980957 0.103516 0.038086
1 0.146973 0.994141 0.024414 0.011719
