0 0.500000 0.500000 1.000000 1.000000
0 0.979980 0.862305 0.040039 0.123047
0 0.155762 0.937988 0.043945 0.124023
0 0.320801 0.992676 0.000977 0.000977
0 0.319824 0.997559 0.000977 0.000977
1 0.014648 0.051270 0.029297 0.102539
1 0.062500 0.023926 0.060547 0.047852
1 0.201172 0.075684 0.251953 0.151367
1 0.358398 0.044434 0.365234 0.088867
1 0.576660 0.068848 0.178711 0.137695
1 0.660645 0.088379 0.084961 0.176758
1 0.815918 0.167969 0.348633 0.335938
1 0.979004 0.006348 0.041992 0.012695
1 0.961914 0.129395 0.076172 0.186523
1 0.040527 0.082031 0.065430 0.080078
1 0.613770 0.100098 0.086914 0.106445
1 0.368164 0.137207 0.177734 0.147461
1 0.123535 0.155273 0.131836 0.105469
1 0.480957 0.218262 0.250977 0.227539
1 0.027344 0.163086 0.054688 0.097656
1 0.197754 0.191406 0.110352 0.111328
1 0.280273 0.233887 0.166016 0.161133
1 0.575684 0.274902 0.161133 0.227539
1 0.068359 0.246094 0.136719 0.158203
1 0.878418 0.456055 0.243164 0.507812
1 0.169922 0.327637 0.212891 0.198242
1 0.329102 0.341797 0.148438 0.166016
1 0.708496 0.358887 0.227539 0.196289
1 0.024902 0.344727 0.049805 0.105469
1 0.408203 0.387207 0.166016 0.186523
1 0.044922 0.410156 0.089844 0.142578
1 0.466309 0.426270 0.104492 0.157227
1 0.499512 0.445801 0.092773 0.163086
1 0.100586 0.464844 0.191406 0.187500
1 0.629395 0.463867 0.262695 0.158203
1 0.265625 0.477051 0.210938 0.174805
1 0.418945 0.540039 0.232422 0.138672
1 0.047363 0.589355 0.094727 0.184570
1 0.661133 0.553711 0.230469 0.097656
1 0.146973 0.650391 0.290039 0.265625
1 0.645508 0.608887 0.230469 0.108398
1 0.349121 0.607910 0.127930 0.067383
1 0.462402 0.631348 0.116211 0.067383
1 0.333984 0.655273 0.132812 0.076172
1 0.556641 0.643555 0.076172 0.046875
1 0.635254 0.662109 0.075195 0.048828
1 0.486328 0.664551 0.044922 0.032227
1 0.707520 0.679688 0.071289 0.048828
1 0.546875 0.678223 0.076172 0.038086
1 0.425293 0.682617 0.057617 0.039062
1 0.259766 0.731934 0.062500 0.122070
1 0.762695 0.826172 0.154297 0.300781
1 0.479492 0.698730 0.042969 0.043945
1 0.596191 0.832031 0.274414 0.306641
1 0.378906 0.840820 0.363281 0.318359
1 0.538086 0.715820 0.078125 0.054688
1 0.891602 0.845703 0.216797 0.308594
1 0.126953 0.860352 0.253906 0.279297
1 0.854004 0.880859 0.114258 0.208984
1 0.984863 0.862305 0.030273 0.109375
1 0.692871 0.979980 0.041992 0.040039
1 0.652832 0.980469 0.040039 0.039062
1 0.579102 0.981934 0.033203 0.036133
1 0.746582 0.983398 0.067383 0.033203
1 0.611816 0.983887 0.036133 0.032227
1 0.500000 0.984375 0.119141 0.031250
