0 0.500000 0.453613 1.000000 0.907227
0 0.895508 0.023438 0.068359 0.046875
1 0.254395 0.366699 0.508789 0.733398
1 0.395996 0.046875 0.188477 0.093750
1 0.621094 0.193848 0.552734 0.387695
1 0.895020 0.090820 0.209961 0.181641
1 0.907227 0.006348 0.035156 0.012695
1 0.449219 0.034668 0.060547 0.024414
1 0.417969 0.043457 0.001953 0.000977
1 0.337402 0.118652 0.010742 0.036133
1 0.988281 0.198242 0.023438 0.070312
1 0.920898 0.190430 0.097656 0.042969
1 0.958984 0.310547 0.082031 0.210938
1 0.434082 0.285645 0.059570 0.088867
1 0.844727 0.327637 0.259766 0.133789
1 0.761719 0.392578 0.466797 0.089844
1 0.402832 0.500977 0.252930 0.187500
1 0.570801 0.480957 0.079102 0.124023
1 0.781250 0.483887 0.330078 0.122070
1 0.973145 0.545898 0.053711 0.208984
1 0.807129 0.621582 0.307617 0.166992
1 0.525391 0.647949 0.230469 0.194336
1 0.280762 0.660645 0.256836 0.194336
1 0.379395 0.604004 0.067383 0.069336
1 0.989746 0.790039 0.020508 0.210938
1 0.500000 0.846191 1.000000 0.307617
