0 0.027832 0.011719 0.055664 0.023438
0 0.451172 0.500000 0.902344 1.000000
0 0.908691 0.026367 0.024414 0.052734
0 0.074219 0.532715 0.148438 0.188477
0 0.490723 0.859863 0.040039 0.280273
0 0.568359 0.904785 0.044922 0.190430
0 0.607422 0.908203 0.042969 0.183594
1 0.024414 0.008301 0.048828 0.016602
1 0.287109 0.448242 0.574219 0.896484
1 0.550781 0.500000 0.898438 1.000000
1 0.703125 0.134766 0.246094 0.103516
1 0.033691 0.946289 0.067383 0.107422
1 0.130371 0.960938 0.166992 0.078125
1 0.255371 0.979492 0.092773 0.041016
1 0.322266 0.991699 0.039062 0.016602
1 0.057617 0.994629 0.037109 0.010742
1 0.362305 0.998535 0.011719 0.002930
