0 0.500000 0.500000 1.000000 1.000000
1 0.394531 0.347656 0.789062 0.695312
1 0.895020 0.077637 0.209961 0.155273
1 0.859375 0.154785 0.132812 0.182617
1 0.551270 0.187500 0.049805 0.123047
1 0.965820 0.192383 0.068359 0.089844
1 0.687988 0.198242 0.211914 0.099609
1 0.932129 0.166992 0.028320 0.025391
1 0.921387 0.215820 0.065430 0.052734
1 0.901855 0.293457 0.196289 0.096680
1 0.747559 0.343750 0.104492 0.179688
1 0.645020 0.345703 0.116211 0.181641
1 0.556152 0.349609 0.047852 0.181641
1 0.897461 0.383789 0.183594 0.093750
1 0.957520 0.382324 0.084961 0.090820
1 0.928223 0.468262 0.143555 0.071289
1 0.906738 0.486328 0.186523 0.095703
1 0.699219 0.510742 0.218750 0.142578
1 0.559082 0.524902 0.049805 0.155273
1 0.908203 0.761230 0.183594 0.477539
1 0.447266 0.774902 0.894531 0.450195
