0 0.500000 0.500000 1.000000 1.000000
0 0.018555 0.092285 0.037109 0.041992
1 0.205566 0.258789 0.411133 0.517578
1 0.438965 0.037109 0.053711 0.074219
1 0.609375 0.125977 0.324219 0.251953
1 0.855469 0.043457 0.230469 0.086914
1 0.808105 0.338379 0.383789 0.676758
1 0.460938 0.157715 0.132812 0.161133
1 0.027344 0.257812 0.054688 0.216797
1 0.516602 0.306641 0.281250 0.150391
1 0.056641 0.361328 0.113281 0.173828
1 0.399902 0.402344 0.211914 0.136719
1 0.550293 0.431641 0.182617 0.128906
1 0.037109 0.487793 0.074219 0.110352
1 0.445312 0.555176 0.394531 0.186523
1 0.130371 0.735840 0.260742 0.528320
1 0.048340 0.681152 0.096680 0.262695
1 0.452637 0.753906 0.487305 0.394531
1 0.714355 0.670410 0.024414 0.014648
1 0.866211 0.831543 0.267578 0.336914
1 0.749512 0.694824 0.038086 0.036133
1 0.798340 0.692383 0.036133 0.019531
1 0.717285 0.716797 0.018555 0.015625
1 0.604004 0.871582 0.336914 0.256836
1 0.400879 0.948242 0.125977 0.103516
1 0.289551 0.976562 0.122070 0.046875
1 0.462402 0.998535 0.010742 0.002930
