0 0.500000 0.500000 1.000000 1.000000
0 0.608887 0.808105 0.393555 0.383789
0 0.097168 0.661133 0.194336 0.058594
1 0.018066 0.043945 0.036133 0.087891
1 0.091797 0.041016 0.085938 0.082031
1 0.426758 0.255371 0.546875 0.510742
1 0.769531 0.229980 0.460938 0.459961
1 0.071289 0.137695 0.142578 0.074219
1 0.079590 0.237793 0.159180 0.104492
1 0.092773 0.410645 0.185547 0.211914
1 0.615723 0.442383 0.194336 0.070312
1 0.851074 0.427246 0.102539 0.038086
1 0.809570 0.577637 0.380859 0.245117
1 0.613770 0.746094 0.772461 0.507812
1 0.156250 0.760742 0.312500 0.478516
1 0.663086 0.883789 0.269531 0.232422
