0 0.500000 0.500000 1.000000 1.000000
1 0.024902 0.003906 0.049805 0.007812
1 0.096191 0.058105 0.120117 0.116211
1 0.232910 0.052734 0.127930 0.105469
1 0.595703 0.044434 0.574219 0.088867
1 0.961426 0.087402 0.077148 0.174805
1 0.012695 0.067871 0.025391 0.102539
1 0.514160 0.531738 0.971680 0.891602
1 0.136719 0.220215 0.273438 0.202148
1 0.991211 0.217773 0.017578 0.039062
1 0.002930 0.266113 0.005859 0.088867
1 0.005371 0.360352 0.010742 0.068359
1 0.259277 0.374512 0.036133 0.090820
1 0.158691 0.377441 0.147461 0.092773
1 0.049316 0.379883 0.053711 0.089844
1 0.007812 0.441406 0.015625 0.064453
1 0.011719 0.497070 0.009766 0.017578
1 0.022949 0.756348 0.045898 0.487305
1 0.528809 0.947754 0.942383 0.104492
