0 0.500000 0.500000 1.000000 1.000000
0 0.176270 0.018555 0.010742 0.037109
0 0.115723 0.990723 0.018555 0.018555
1 0.072266 0.021484 0.103516 0.042969
1 0.198730 0.254883 0.331055 0.509766
1 0.300293 0.025879 0.088867 0.051758
1 0.383789 0.025879 0.076172 0.051758
1 0.582031 0.071777 0.257812 0.143555
1 0.776367 0.072754 0.183594 0.145508
1 0.928711 0.071289 0.142578 0.142578
1 0.009277 0.029297 0.018555 0.056641
1 0.703613 0.430176 0.592773 0.838867
1 0.068359 0.147461 0.136719 0.232422
1 0.306152 0.133301 0.127930 0.155273
1 0.404785 0.221191 0.180664 0.329102
1 0.938477 0.279785 0.123047 0.315430
1 0.018066 0.290039 0.036133 0.101562
1 0.274414 0.341797 0.105469 0.138672
1 0.192871 0.341309 0.155273 0.118164
1 0.057617 0.437500 0.115234 0.203125
1 0.528320 0.451172 0.144531 0.140625
1 0.448730 0.456055 0.118164 0.121094
1 0.182129 0.520996 0.329102 0.229492
1 0.361816 0.506348 0.114258 0.186523
1 0.273926 0.514160 0.149414 0.157227
1 0.402832 0.553223 0.098633 0.155273
1 0.167969 0.656738 0.187500 0.231445
1 0.024902 0.625488 0.049805 0.131836
1 0.418945 0.791504 0.837891 0.416992
1 0.791016 0.734863 0.306641 0.081055
1 0.826172 0.882324 0.347656 0.235352
