0 0.897949 0.211914 0.204102 0.423828
0 0.988770 0.157715 0.022461 0.100586
0 0.659180 0.704590 0.681641 0.590820
0 0.667969 0.712402 0.664062 0.575195
0 0.255859 0.820312 0.511719 0.359375
0 0.008301 0.753418 0.016602 0.057617
0 0.676270 0.918457 0.647461 0.163086
0 0.801270 0.983398 0.211914 0.033203
1 0.500000 0.500000 1.000000 1.000000
1 0.903809 0.206055 0.192383 0.412109
1 0.992188 0.157715 0.015625 0.086914
1 0.963379 0.333496 0.073242 0.125977
1 0.666504 0.711426 0.666992 0.577148
1 0.673340 0.716797 0.653320 0.566406
1 0.247070 0.792969 0.494141 0.275391
1 0.007324 0.883789 0.014648 0.060547
1 0.041992 0.930664 0.083984 0.138672
1 0.720215 0.907227 0.434570 0.074219
1 0.680664 0.937500 0.638672 0.125000
1 0.106445 0.939941 0.093750 0.120117
1 0.181152 0.949219 0.086914 0.101562
1 0.266113 0.958984 0.110352 0.082031
1 0.999512 0.954590 0.000977 0.002930
