0 0.095215 0.104004 0.190430 0.208008
0 0.500000 0.500000 1.000000 1.000000
1 0.060547 0.051270 0.121094 0.102539
1 0.119629 0.015137 0.084961 0.030273
1 0.225098 0.210449 0.450195 0.420898
1 0.515137 0.262695 0.610352 0.525391
1 0.658203 0.056641 0.031250 0.113281
1 0.830078 0.380859 0.339844 0.761719
1 0.852539 0.213867 0.085938 0.201172
1 0.019531 0.364258 0.039062 0.111328
1 0.446289 0.472656 0.152344 0.210938
1 0.274414 0.602051 0.384766 0.418945
1 0.378906 0.456055 0.056641 0.105469
1 0.012207 0.462891 0.024414 0.089844
1 0.090820 0.470215 0.132812 0.094727
1 0.557129 0.498047 0.073242 0.083984
1 0.730469 0.505859 0.050781 0.046875
1 0.790527 0.505371 0.057617 0.045898
1 0.646484 0.615234 0.361328 0.263672
1 0.494141 0.534668 0.078125 0.047852
1 0.094727 0.589355 0.189453 0.145508
1 0.914551 0.719727 0.170898 0.375000
1 0.420898 0.645020 0.125000 0.077148
1 0.151367 0.811035 0.302734 0.377930
1 0.430664 0.725586 0.128906 0.117188
1 0.640137 0.855469 0.465820 0.289062
1 0.405762 0.894043 0.104492 0.211914
1 0.328125 0.901367 0.121094 0.197266
1 0.838379 0.955078 0.071289 0.089844
1 0.917480 0.941406 0.073242 0.058594
1 0.980957 0.924316 0.038086 0.020508
1 0.962402 0.941895 0.000977 0.000977
1 0.981445 0.956543 0.037109 0.030273
1 0.918457 0.988281 0.071289 0.023438
1 0.981445 0.989746 0.037109 0.020508
