0 0.276855 0.268555 0.553711 0.537109
0 0.773926 0.135742 0.452148 0.271484
0 0.809570 0.700195 0.380859 0.599609
0 0.104004 0.740723 0.208008 0.112305
0 0.013184 0.873535 0.026367 0.055664
0 0.152832 0.975586 0.032227 0.048828
1 0.147461 0.260254 0.294922 0.520508
1 0.376465 0.062012 0.204102 0.124023
1 0.500000 0.500000 1.000000 1.000000
1 0.633789 0.008789 0.042969 0.017578
1 0.780762 0.054688 0.250977 0.109375
1 0.895020 0.015137 0.075195 0.030273
1 0.936523 0.083496 0.126953 0.166992
1 0.321777 0.127930 0.168945 0.113281
1 0.990723 0.438965 0.018555 0.043945
1 0.965820 0.517578 0.068359 0.125000
1 0.894531 0.667480 0.210938 0.258789
1 0.943359 0.733398 0.113281 0.232422
1 0.773926 0.880859 0.288086 0.238281
1 0.985840 0.839355 0.028320 0.061523
1 0.921875 0.922363 0.156250 0.155273
1 0.008789 0.870117 0.017578 0.035156
