0 0.038086 0.111816 0.076172 0.223633
0 0.500000 0.500000 1.000000 1.000000
1 0.023926 0.076172 0.047852 0.152344
1 0.270996 0.147461 0.541992 0.294922
1 0.754883 0.124023 0.490234 0.248047
1 0.913086 0.449707 0.173828 0.416992
1 0.801270 0.304199 0.073242 0.100586
1 0.707520 0.312012 0.077148 0.098633
1 0.566895 0.321777 0.172852 0.104492
1 0.340332 0.463379 0.258789 0.350586
1 0.121094 0.511719 0.242188 0.410156
1 0.740723 0.439941 0.170898 0.131836
1 0.545410 0.450195 0.194336 0.125000
1 0.725098 0.594238 0.172852 0.149414
1 0.526855 0.604492 0.202148 0.140625
1 0.294922 0.640625 0.205078 0.121094
1 0.714844 0.735352 0.570312 0.130859
1 0.196289 0.774414 0.392578 0.111328
1 0.710449 0.901367 0.579102 0.197266
1 0.211426 0.910156 0.358398 0.179688
1 0.018555 0.922852 0.037109 0.154297
1 0.401367 0.926758 0.009766 0.146484
