0 0.500000 0.500000 1.000000 1.000000
1 0.081543 0.017090 0.163086 0.034180
1 0.326660 0.060547 0.342773 0.121094
1 0.601562 0.089844 0.197266 0.179688
1 0.792480 0.051758 0.247070 0.103516
1 0.864258 0.244141 0.271484 0.488281
1 0.336426 0.379395 0.672852 0.729492
1 0.421387 0.191895 0.385742 0.321289
1 0.731934 0.310059 0.276367 0.368164
1 0.573242 0.374023 0.304688 0.216797
1 0.839844 0.580078 0.320312 0.320312
1 0.653320 0.577637 0.271484 0.274414
1 0.170898 0.729004 0.341797 0.541992
1 0.983887 0.511230 0.032227 0.049805
1 0.458984 0.701660 0.238281 0.145508
1 0.362793 0.835938 0.424805 0.328125
1 0.797363 0.864746 0.405273 0.233398
1 0.833496 0.835938 0.333008 0.167969
1 0.615723 0.898438 0.053711 0.203125
1 0.738770 0.913574 0.180664 0.172852
1 0.914551 0.960449 0.170898 0.079102
1 0.127930 0.979492 0.035156 0.041016
