0 0.500000 0.500000 1.000000 1.000000
0 0.590332 0.016113 0.012695 0.032227
1 0.241211 0.034180 0.482422 0.068359
1 0.564453 0.042969 0.175781 0.085938
1 0.706055 0.048828 0.140625 0.097656
1 0.856445 0.055664 0.152344 0.111328
1 0.968262 0.019043 0.063477 0.038086
1 0.962891 0.066406 0.074219 0.046875
1 0.229004 0.251953 0.458008 0.386719
1 0.587891 0.270020 0.476562 0.383789
1 0.958984 0.139648 0.082031 0.093750
1 0.889160 0.286621 0.221680 0.344727
1 0.168945 0.539551 0.337891 0.239258
1 0.955566 0.460449 0.088867 0.041992
1 0.440918 0.728516 0.881836 0.542969
1 0.888184 0.736328 0.223633 0.527344
