0 0.311523 0.500000 0.623047 1.000000
0 0.969238 0.006348 0.061523 0.012695
0 0.971680 0.461914 0.056641 0.021484
0 0.892578 0.958496 0.214844 0.083008
1 0.280762 0.288086 0.561523 0.576172
1 0.594727 0.500000 0.810547 1.000000
1 0.993164 0.001465 0.013672 0.002930
1 0.152832 0.736816 0.305664 0.526367
1 0.308105 0.656738 0.000977 0.000977
1 0.307129 0.658691 0.000977 0.000977
1 0.306152 0.661621 0.000977 0.000977
1 0.305176 0.663574 0.000977 0.000977
1 0.304199 0.666016 0.000977 0.001953
1 0.303223 0.667969 0.000977 0.001953
1 0.275879 0.735840 0.053711 0.133789
1 0.198730 0.906738 0.092773 0.186523
1 0.923340 0.961914 0.153320 0.076172
1 0.822266 0.995605 0.027344 0.008789
