0 0.313477 0.500000 0.626953 1.000000
0 0.812012 0.317383 0.375977 0.634766
1 0.083984 0.039062 0.167969 0.078125
1 0.361328 0.035156 0.367188 0.070312
1 0.683105 0.500000 0.633789 1.000000
1 0.758301 0.027344 0.200195 0.054688
1 0.932617 0.041016 0.134766 0.082031
1 0.739258 0.114746 0.210938 0.163086
1 0.366211 0.119629 0.369141 0.127930
1 0.918945 0.149414 0.162109 0.158203
1 0.085449 0.135742 0.170898 0.103516
1 0.370117 0.228516 0.371094 0.123047
1 0.729004 0.218262 0.180664 0.075195
1 0.084473 0.298828 0.168945 0.210938
1 0.944824 0.309570 0.110352 0.158203
1 0.272461 0.645020 0.173828 0.709961
1 0.930176 0.448730 0.139648 0.131836
1 0.089844 0.690430 0.179688 0.556641
1 0.089844 0.987305 0.179688 0.025391
