0 0.500000 0.500000 1.000000 1.000000
0 0.617676 0.062012 0.018555 0.124023
0 0.860352 0.088867 0.279297 0.177734
0 0.798828 0.002441 0.103516 0.004883
0 0.947754 0.018555 0.032227 0.037109
1 0.035645 0.037598 0.071289 0.075195
1 0.188477 0.047852 0.234375 0.095703
1 0.375977 0.051758 0.097656 0.103516
1 0.665039 0.148926 0.669922 0.297852
1 0.865723 0.084961 0.268555 0.169922
1 0.154785 0.144043 0.309570 0.131836
1 0.010742 0.217773 0.021484 0.085938
1 0.135742 0.245117 0.214844 0.138672
1 0.332520 0.368164 0.176758 0.326172
1 0.577637 0.324219 0.295898 0.134766
1 0.137207 0.539551 0.274414 0.541992
1 0.780762 0.386230 0.092773 0.182617
1 0.911621 0.440918 0.157227 0.276367
1 0.996582 0.439453 0.006836 0.255859
1 0.161133 0.381348 0.158203 0.133789
1 0.575195 0.436035 0.304688 0.092773
1 0.157715 0.489746 0.159180 0.077148
1 0.545410 0.561035 0.366211 0.176758
1 0.634766 0.640137 0.728516 0.309570
1 0.228516 0.615234 0.304688 0.181641
1 0.218262 0.848145 0.436523 0.303711
1 0.758789 0.832520 0.369141 0.170898
1 0.394043 0.858398 0.340820 0.191406
1 0.963867 0.832520 0.072266 0.086914
1 0.670410 0.917969 0.495117 0.164062
1 0.956055 0.905273 0.087891 0.058594
1 0.956543 0.966797 0.086914 0.066406
