0 0.523926 0.369141 0.952148 0.738281
0 0.995605 0.673340 0.008789 0.065430
0 0.792969 0.922852 0.414062 0.154297
1 0.500000 0.500000 1.000000 1.000000
1 0.524414 0.060547 0.435547 0.121094
1 0.853027 0.082520 0.293945 0.165039
1 0.632812 0.212891 0.279297 0.216797
1 0.859375 0.266113 0.281250 0.258789
1 0.995605 0.158691 0.008789 0.028320
1 0.631348 0.400879 0.415039 0.200195
1 0.907227 0.463867 0.185547 0.193359
1 0.682617 0.603516 0.634766 0.255859
1 0.999512 0.687500 0.000977 0.007812
1 0.906738 0.926758 0.186523 0.146484
