0 0.016113 0.068848 0.032227 0.137695
0 0.084961 0.134766 0.169922 0.269531
0 0.817871 0.049316 0.364258 0.098633
0 0.900879 0.023438 0.020508 0.046875
0 0.970703 0.032715 0.027344 0.065430
0 0.951172 0.195312 0.097656 0.033203
0 0.815430 0.612305 0.369141 0.775391
1 0.012695 0.053711 0.025391 0.107422
1 0.048828 0.124512 0.097656 0.249023
1 0.104980 0.130371 0.116211 0.260742
1 0.500000 0.500000 1.000000 1.000000
1 0.721680 0.011719 0.095703 0.023438
1 0.885742 0.044434 0.228516 0.088867
1 0.924316 0.448730 0.151367 0.280273
1 0.913574 0.658203 0.172852 0.216797
1 0.906250 0.721191 0.187500 0.305664
1 0.905762 0.877441 0.188477 0.034180
1 0.826660 0.941406 0.346680 0.117188
