0 0.910156 0.091309 0.179688 0.182617
0 0.553223 0.368652 0.069336 0.249023
0 0.283203 0.496094 0.101562 0.371094
0 0.306152 0.686035 0.612305 0.627930
0 0.878418 0.705566 0.243164 0.049805
0 0.122070 0.951172 0.244141 0.097656
0 0.873535 0.969727 0.028320 0.060547
0 0.760254 0.988770 0.014648 0.022461
1 0.500000 0.500000 1.000000 1.000000
1 0.916992 0.084961 0.166016 0.169922
1 0.364258 0.873535 0.156250 0.252930
1 0.148926 0.938965 0.297852 0.122070
1 0.003418 0.952637 0.006836 0.053711
1 0.103516 0.968262 0.187500 0.063477
