0 0.500000 0.500000 1.000000 1.000000
0 0.016602 0.355957 0.033203 0.028320
0 0.011719 0.464355 0.023438 0.026367
0 0.418457 0.794434 0.397461 0.411133
0 0.841309 0.927246 0.317383 0.145508
0 0.006348 0.896973 0.012695 0.024414
1 0.181152 0.129883 0.362305 0.259766
1 0.592285 0.305176 0.815430 0.610352
1 0.153809 0.416504 0.118164 0.514648
1 0.062012 0.463379 0.124023 0.534180
1 0.047363 0.237305 0.094727 0.074219
1 0.892578 0.314453 0.214844 0.115234
1 0.906738 0.369141 0.186523 0.027344
1 0.901855 0.568848 0.196289 0.399414
1 0.496582 0.500000 0.583008 0.234375
1 0.573242 0.697754 0.853516 0.604492
1 0.114746 0.825195 0.102539 0.349609
1 0.038574 0.850586 0.077148 0.298828
1 0.324219 0.812988 0.187500 0.163086
1 0.961914 0.937012 0.076172 0.125977
1 0.787598 0.967773 0.186523 0.064453
