0 0.797363 0.141113 0.405273 0.282227
0 0.500000 0.651367 1.000000 0.697266
0 0.809570 0.931152 0.380859 0.137695
1 0.500000 0.400879 1.000000 0.801758
1 0.778320 0.055176 0.345703 0.110352
1 0.980469 0.114258 0.039062 0.228516
1 0.800781 0.119629 0.324219 0.096680
1 0.853027 0.405762 0.293945 0.178711
1 0.149902 0.687012 0.299805 0.625977
1 0.873047 0.555664 0.253906 0.156250
1 0.985352 0.691406 0.029297 0.148438
1 0.897949 0.712891 0.194336 0.179688
1 0.656738 0.818848 0.686523 0.362305
1 0.375977 0.852051 0.392578 0.295898
1 0.989258 0.927734 0.021484 0.107422
1 0.960449 0.937500 0.065430 0.125000
1 0.908203 0.938965 0.066406 0.122070
1 0.786621 0.941895 0.202148 0.116211
1 0.666992 0.985352 0.060547 0.029297
