0 0.075684 0.062500 0.151367 0.125000
0 0.500000 0.500000 1.000000 1.000000
0 0.871582 0.781250 0.256836 0.437500
0 0.266113 0.912109 0.481445 0.175781
0 0.762695 0.935547 0.089844 0.128906
0 0.922363 0.994141 0.012695 0.011719
1 0.048340 0.056641 0.096680 0.113281
1 0.117676 0.181152 0.235352 0.362305
1 0.428223 0.117188 0.368164 0.234375
1 0.518555 0.010254 0.066406 0.020508
1 0.772949 0.127441 0.454102 0.254883
1 0.333496 0.145020 0.211914 0.151367
1 0.504883 0.407227 0.990234 0.656250
1 0.165039 0.572754 0.330078 0.333008
1 0.708496 0.749512 0.583008 0.500977
1 0.829590 0.562012 0.002930 0.000977
1 0.378418 0.765625 0.756836 0.406250
1 0.397949 0.776367 0.795898 0.427734
1 0.824707 0.564453 0.006836 0.003906
1 0.820801 0.566895 0.000977 0.000977
1 0.818848 0.567871 0.000977 0.000977
1 0.817383 0.568848 0.001953 0.000977
1 0.814453 0.570312 0.003906 0.001953
1 0.811523 0.571777 0.001953 0.000977
1 0.411621 0.786133 0.797852 0.427734
1 0.189453 0.761719 0.378906 0.064453
1 0.130371 0.841797 0.260742 0.162109
1 0.135254 0.870605 0.270508 0.145508
1 0.198242 0.922363 0.285156 0.155273
1 0.352051 0.927734 0.276367 0.144531
1 0.935059 0.942383 0.129883 0.115234
1 0.155762 0.972656 0.106445 0.054688
