0 0.500000 0.500000 1.000000 1.000000
0 0.312012 0.671387 0.624023 0.657227
0 0.707031 0.745605 0.585938 0.508789
0 0.016602 0.949219 0.033203 0.015625
1 0.240234 0.037598 0.480469 0.075195
1 0.506348 0.018066 0.094727 0.036133
1 0.610840 0.048828 0.258789 0.097656
1 0.748535 0.000488 0.002930 0.000977
1 0.757812 0.078613 0.150391 0.157227
1 0.884277 0.053223 0.088867 0.106445
1 0.958984 0.051270 0.062500 0.102539
1 0.997070 0.054688 0.005859 0.109375
1 0.248047 0.093750 0.496094 0.140625
1 0.611816 0.524414 0.776367 0.951172
1 0.105957 0.210938 0.211914 0.236328
1 0.915039 0.153320 0.150391 0.091797
1 0.999512 0.123535 0.000977 0.018555
1 0.270020 0.160156 0.118164 0.087891
1 0.999512 0.195312 0.000977 0.001953
1 0.951660 0.226074 0.096680 0.045898
1 0.136230 0.296875 0.213867 0.154297
1 0.314453 0.667480 0.628906 0.665039
1 0.194824 0.477051 0.258789 0.245117
1 0.014648 0.392578 0.029297 0.056641
1 0.367676 0.458496 0.209961 0.125977
1 0.046875 0.455078 0.093750 0.109375
1 0.092773 0.549805 0.185547 0.160156
1 0.419434 0.541504 0.176758 0.118164
1 0.998535 0.506348 0.002930 0.012695
1 0.924316 0.645020 0.151367 0.264648
1 0.137207 0.656738 0.274414 0.184570
1 0.854004 0.808105 0.291992 0.379883
1 0.182617 0.787598 0.275391 0.258789
1 0.753906 0.864746 0.398438 0.270508
1 0.334961 0.751953 0.021484 0.025391
1 0.089355 0.874512 0.178711 0.250977
1 0.323242 0.766113 0.001953 0.002930
1 0.321777 0.768066 0.000977 0.000977
1 0.320801 0.769043 0.000977 0.000977
1 0.319824 0.770020 0.000977 0.000977
1 0.318848 0.770996 0.000977 0.000977
1 0.317871 0.771973 0.000977 0.000977
1 0.359375 0.886230 0.488281 0.227539
1 0.995117 0.995605 0.009766 0.008789
