0 0.500000 0.500000 1.000000 1.000000
1 0.006836 0.118164 0.013672 0.236328
1 0.060059 0.024414 0.059570 0.048828
1 0.126953 0.025391 0.056641 0.050781
1 0.284668 0.207520 0.530273 0.415039
1 0.653809 0.213867 0.692383 0.427734
1 0.057129 0.149902 0.063477 0.174805
1 0.124512 0.149902 0.057617 0.174805
1 0.186035 0.150879 0.051758 0.174805
1 0.005371 0.318359 0.010742 0.144531
1 0.272461 0.705566 0.544922 0.588867
1 0.604492 0.716309 0.791016 0.567383
1 0.362305 0.606934 0.074219 0.153320
1 0.475586 0.657227 0.042969 0.060547
