0 0.805664 0.139160 0.162109 0.278320
0 0.612793 0.583008 0.774414 0.613281
0 0.146973 0.449707 0.293945 0.149414
0 0.210938 0.806641 0.421875 0.386719
0 0.443848 0.914062 0.147461 0.171875
0 0.751953 0.958496 0.123047 0.083008
0 0.009766 0.992188 0.019531 0.015625
1 0.500000 0.500000 1.000000 1.000000
1 0.969238 0.485840 0.061523 0.211914
1 0.996582 0.614746 0.006836 0.028320
1 0.950195 0.731934 0.099609 0.254883
1 0.755371 0.664551 0.016602 0.016602
1 0.442871 0.921875 0.116211 0.156250
1 0.047363 0.949707 0.094727 0.100586
1 0.185547 0.970215 0.179688 0.059570
