0 0.500000 0.500000 1.000000 1.000000
0 0.991211 0.077148 0.017578 0.154297
0 0.403320 0.031738 0.001953 0.010742
0 0.404785 0.037598 0.000977 0.000977
0 0.856445 0.683105 0.021484 0.102539
0 0.990723 0.969727 0.018555 0.060547
1 0.012695 0.014160 0.025391 0.028320
1 0.236328 0.096680 0.369141 0.193359
1 0.528320 0.054688 0.201172 0.109375
1 0.754395 0.121094 0.245117 0.242188
1 0.891113 0.022949 0.135742 0.045898
1 0.945801 0.090332 0.108398 0.180664
1 0.994629 0.070312 0.010742 0.140625
1 0.024902 0.113770 0.049805 0.151367
1 0.562012 0.173340 0.196289 0.172852
1 0.686523 0.130859 0.066406 0.076172
1 0.382812 0.205078 0.164062 0.136719
1 0.946289 0.197266 0.107422 0.025391
1 0.283691 0.241699 0.079102 0.104492
1 0.022461 0.212402 0.044922 0.022461
1 0.223145 0.255371 0.063477 0.102539
1 0.176270 0.266113 0.075195 0.104492
1 0.945801 0.229980 0.108398 0.022461
1 0.838867 0.289551 0.136719 0.135742
1 0.122070 0.281250 0.066406 0.101562
1 0.730957 0.333984 0.102539 0.187500
1 0.948242 0.255859 0.103516 0.027344
1 0.053223 0.363770 0.106445 0.225586
1 0.645996 0.350098 0.081055 0.184570
1 0.553711 0.361328 0.132812 0.201172
1 0.417969 0.327637 0.144531 0.114258
1 0.962891 0.299805 0.074219 0.033203
1 0.286621 0.458984 0.340820 0.300781
1 0.962402 0.339844 0.075195 0.033203
1 0.856934 0.400391 0.096680 0.060547
1 0.961426 0.393555 0.077148 0.042969
1 0.801270 0.472656 0.200195 0.189453
1 0.469727 0.435059 0.101562 0.102539
1 0.959473 0.447754 0.081055 0.053711
1 0.624512 0.512695 0.165039 0.144531
1 0.956055 0.488281 0.087891 0.078125
1 0.109375 0.689941 0.218750 0.442383
1 0.497559 0.528809 0.088867 0.104492
1 0.957520 0.590820 0.084961 0.148438
1 0.930664 0.562988 0.041016 0.055664
1 0.860840 0.721191 0.278320 0.338867
1 0.699707 0.701172 0.120117 0.248047
1 0.625977 0.709473 0.093750 0.235352
1 0.529785 0.725098 0.143555 0.260742
1 0.412598 0.740234 0.125977 0.263672
1 0.285645 0.758301 0.184570 0.270508
1 0.953125 0.694824 0.093750 0.034180
1 0.953125 0.729980 0.093750 0.032227
1 0.953125 0.771484 0.093750 0.029297
1 0.953613 0.808105 0.092773 0.028320
1 0.811035 0.846191 0.020508 0.016602
1 0.695801 0.871094 0.141602 0.050781
1 0.001465 0.860840 0.002930 0.020508
1 0.445801 0.900391 0.342773 0.095703
1 0.147461 0.944336 0.210938 0.111328
1 0.017090 0.945312 0.034180 0.109375
1 0.697754 0.926270 0.159180 0.057617
1 0.955566 0.948730 0.088867 0.102539
1 0.864746 0.954590 0.065430 0.090820
1 0.910645 0.937988 0.020508 0.040039
1 0.533203 0.953125 0.148438 0.052734
1 0.366211 0.975586 0.158203 0.048828
1 0.683594 0.976074 0.228516 0.047852
1 0.920898 0.987305 0.035156 0.025391
