0 0.500000 0.500000 1.000000 1.000000
1 0.098145 0.054199 0.196289 0.108398
1 0.299805 0.101562 0.216797 0.203125
1 0.686035 0.378906 0.627930 0.757812
1 0.188477 0.401855 0.376953 0.672852
1 0.349121 0.577148 0.047852 0.345703
1 0.370117 0.608887 0.017578 0.098633
1 0.681641 0.753906 0.636719 0.187500
1 0.136719 0.737793 0.273438 0.049805
1 0.303711 0.733887 0.025391 0.026367
1 0.363281 0.739258 0.023438 0.037109
1 0.132812 0.771973 0.265625 0.049805
1 0.655273 0.810059 0.537109 0.077148
1 0.403809 0.845703 0.807617 0.125000
1 0.691406 0.854004 0.617188 0.102539
1 0.072266 0.905273 0.144531 0.189453
1 0.365234 0.918457 0.490234 0.163086
1 0.995117 0.869141 0.009766 0.001953
1 0.754395 0.951172 0.286133 0.097656
1 0.994141 0.932129 0.011719 0.004883
1 0.954102 0.973145 0.091797 0.053711
