0 0.500000 0.500000 1.000000 1.000000
0 0.589355 0.042969 0.100586 0.085938
0 0.505371 0.270996 0.000977 0.000977
1 0.058105 0.170898 0.116211 0.341797
1 0.143066 0.160645 0.198242 0.321289
1 0.339355 0.010254 0.124023 0.020508
1 0.605957 0.108398 0.434570 0.216797
1 0.879395 0.017578 0.141602 0.035156
1 0.872070 0.118164 0.255859 0.236328
1 0.337891 0.201660 0.416016 0.381836
1 0.942383 0.166504 0.115234 0.161133
1 0.492676 0.298340 0.366211 0.266602
1 0.790039 0.240234 0.183594 0.107422
1 0.775879 0.509277 0.448242 0.616211
1 0.620605 0.352539 0.333008 0.234375
1 0.054688 0.369141 0.109375 0.074219
1 0.278320 0.426270 0.179688 0.161133
1 0.083984 0.432129 0.167969 0.151367
1 0.130371 0.520508 0.260742 0.207031
1 0.387695 0.495117 0.203125 0.146484
1 0.630859 0.738281 0.738281 0.523438
1 0.162109 0.763184 0.324219 0.473633
1 0.078125 0.623535 0.156250 0.094727
