0 0.500000 0.500000 1.000000 1.000000
0 0.106445 0.754395 0.212891 0.491211
0 0.079102 0.812012 0.158203 0.375977
1 0.065430 0.098633 0.130859 0.197266
1 0.150391 0.086426 0.132812 0.172852
1 0.325195 0.128418 0.511719 0.256836
1 0.688965 0.038574 0.208008 0.077148
1 0.876953 0.298340 0.246094 0.596680
1 0.466797 0.523438 0.933594 0.953125
1 0.045898 0.203613 0.091797 0.170898
1 0.096191 0.777832 0.192383 0.444336
1 0.965820 0.810547 0.068359 0.378906
1 0.026367 0.740723 0.052734 0.143555
1 0.800781 0.881348 0.251953 0.237305
1 0.068848 0.904297 0.137695 0.191406
