0 0.033691 0.012695 0.067383 0.025391
0 0.500000 0.500000 1.000000 1.000000
1 0.019531 0.006836 0.039062 0.013672
1 0.118164 0.084961 0.236328 0.169922
1 0.254395 0.012695 0.092773 0.025391
1 0.368652 0.048828 0.295898 0.097656
1 0.532715 0.066406 0.209961 0.132812
1 0.720703 0.075684 0.193359 0.151367
1 0.842773 0.100098 0.087891 0.200195
1 0.928223 0.069336 0.143555 0.138672
1 0.329102 0.111328 0.164062 0.056641
1 0.518066 0.206543 0.514648 0.188477
1 0.139160 0.216309 0.278320 0.198242
1 0.945312 0.222656 0.109375 0.185547
1 0.804688 0.182129 0.044922 0.051758
1 0.881348 0.337402 0.077148 0.274414
1 0.805176 0.222656 0.055664 0.031250
1 0.808105 0.303223 0.088867 0.135742
1 0.676270 0.418945 0.166992 0.347656
1 0.151855 0.358887 0.303711 0.178711
1 0.455078 0.458008 0.308594 0.371094
1 0.958008 0.365723 0.083984 0.096680
1 0.803223 0.429688 0.114258 0.142578
1 0.964355 0.582520 0.071289 0.325195
1 0.695312 0.477051 0.093750 0.110352
1 0.721191 0.446777 0.063477 0.045898
1 0.157227 0.500488 0.314453 0.145508
1 0.896484 0.612305 0.046875 0.255859
1 0.782227 0.615234 0.164062 0.244141
1 0.688477 0.564453 0.078125 0.056641
1 0.161621 0.623047 0.323242 0.166016
1 0.655762 0.625000 0.112305 0.062500
1 0.528809 0.624512 0.133789 0.049805
1 0.462891 0.679199 0.267578 0.084961
1 0.652832 0.693848 0.100586 0.065430
1 0.032715 0.758301 0.065430 0.120117
1 0.196777 0.768066 0.249023 0.129883
1 0.374023 0.802734 0.103516 0.166016
1 0.571289 0.812988 0.314453 0.168945
1 0.855469 0.823730 0.261719 0.165039
1 0.858398 0.878418 0.283203 0.243164
1 0.031250 0.878906 0.062500 0.109375
1 0.187500 0.885742 0.250000 0.121094
1 0.397949 0.946777 0.159180 0.106445
1 0.574219 0.944824 0.281250 0.092773
1 0.027344 0.969238 0.054688 0.061523
1 0.183105 0.971191 0.249023 0.057617
1 0.510742 0.987793 0.083984 0.024414
1 0.631836 0.993652 0.154297 0.012695
1 0.328613 0.995117 0.022461 0.009766
