0 0.025879 0.014160 0.051758 0.028320
0 0.045898 0.024414 0.091797 0.048828
0 0.066406 0.035645 0.132812 0.071289
0 0.500000 0.363770 1.000000 0.727539
0 0.903809 0.859863 0.192383 0.280273
0 0.408691 0.910156 0.266602 0.179688
0 0.625488 0.916016 0.028320 0.167969
0 0.765137 0.917969 0.016602 0.164062
0 0.687500 0.929688 0.023438 0.140625
0 0.924316 0.932129 0.151367 0.135742
0 0.110352 0.989258 0.220703 0.021484
1 0.030762 0.016602 0.061523 0.033203
1 0.050293 0.027344 0.100586 0.054688
1 0.084473 0.044434 0.168945 0.088867
1 0.343262 0.166016 0.430664 0.332031
1 0.675781 0.013184 0.216797 0.026367
1 0.784668 0.129395 0.430664 0.258789
1 0.069824 0.196289 0.139648 0.291016
1 0.445312 0.220703 0.246094 0.193359
1 0.962891 0.255371 0.074219 0.250977
1 0.656250 0.434570 0.687500 0.556641
1 0.456543 0.425293 0.301758 0.295898
1 0.192383 0.475586 0.234375 0.277344
1 0.035645 0.472656 0.071289 0.240234
1 0.515625 0.486816 0.189453 0.168945
1 0.500000 0.797363 1.000000 0.405273
1 0.907227 0.873047 0.185547 0.253906
1 0.928223 0.956055 0.143555 0.052734
1 0.926758 0.992676 0.140625 0.014648
1 0.091797 0.993164 0.183594 0.013672
1 0.331055 0.993164 0.082031 0.013672
1 0.403809 0.998047 0.051758 0.003906
1 0.437012 0.999512 0.000977 0.000977
