0 0.500000 0.500000 1.000000 1.000000
0 0.709961 0.039551 0.017578 0.079102
0 0.849609 0.208008 0.300781 0.378906
1 0.020508 0.067383 0.041016 0.134766
1 0.198730 0.031738 0.280273 0.063477
1 0.387695 0.033203 0.072266 0.066406
1 0.496582 0.035156 0.108398 0.070312
1 0.782227 0.497559 0.435547 0.995117
1 0.169922 0.535156 0.339844 0.921875
1 0.450195 0.541504 0.212891 0.916992
1 0.019531 0.366211 0.039062 0.427734
1 0.663574 0.758789 0.204102 0.482422
1 0.003906 0.951172 0.007812 0.082031
1 0.996094 0.988281 0.007812 0.023438
1 0.917969 0.990723 0.115234 0.018555
1 0.281738 0.996094 0.096680 0.007812
