0 0.500000 0.500000 1.000000 1.000000
1 0.102051 0.094238 0.204102 0.188477
1 0.249023 0.092773 0.087891 0.185547
1 0.341309 0.092285 0.088867 0.184570
1 0.431152 0.093262 0.088867 0.186523
1 0.526855 0.093262 0.094727 0.186523
1 0.644043 0.104980 0.135742 0.209961
1 0.822266 0.185059 0.330078 0.370117
1 0.990723 0.037109 0.018555 0.074219
1 0.944824 0.238281 0.110352 0.328125
1 0.894531 0.231934 0.156250 0.311523
1 0.246582 0.280762 0.088867 0.184570
1 0.337891 0.281738 0.085938 0.186523
1 0.428223 0.283203 0.086914 0.187500
1 0.523438 0.285156 0.093750 0.187500
1 0.624512 0.291016 0.108398 0.197266
1 0.099609 0.597656 0.199219 0.804688
1 0.979492 0.335938 0.041016 0.154297
1 0.768555 0.681641 0.462891 0.636719
1 0.241699 0.565430 0.094727 0.375000
1 0.334961 0.477051 0.087891 0.198242
1 0.416992 0.574219 0.105469 0.386719
1 0.549805 0.628418 0.158203 0.491211
1 0.892090 0.488770 0.116211 0.190430
1 0.950684 0.503906 0.098633 0.191406
1 0.985352 0.556152 0.029297 0.100586
1 0.332520 0.660645 0.086914 0.202148
1 0.900391 0.708008 0.125000 0.234375
1 0.955078 0.722168 0.089844 0.233398
1 0.984863 0.791016 0.030273 0.111328
1 0.318359 0.878906 0.445312 0.242188
1 0.906738 0.876465 0.186523 0.122070
