0 0.308594 0.500000 0.617188 1.000000
1 0.088867 0.112305 0.177734 0.224609
1 0.195801 0.002930 0.040039 0.005859
1 0.229004 0.049316 0.075195 0.098633
1 0.302246 0.034668 0.047852 0.069336
1 0.458984 0.161621 0.250000 0.323242
1 0.668457 0.500000 0.663086 1.000000
1 0.279785 0.191895 0.129883 0.215820
1 0.195312 0.111328 0.037109 0.046875
1 0.188477 0.265137 0.050781 0.254883
1 0.129395 0.199707 0.071289 0.083008
1 0.232910 0.219238 0.036133 0.051758
1 0.097168 0.332520 0.143555 0.221680
1 0.011230 0.256348 0.022461 0.041992
1 0.165527 0.241699 0.000977 0.000977
1 0.024902 0.343750 0.049805 0.136719
1 0.228516 0.288574 0.017578 0.012695
1 0.270508 0.353516 0.113281 0.103516
1 0.146973 0.378906 0.073242 0.146484
1 0.314941 0.367188 0.032227 0.054688
1 0.219238 0.400879 0.036133 0.024414
1 0.320312 0.606445 0.156250 0.419922
1 0.045410 0.462891 0.090820 0.091797
1 0.184570 0.456543 0.099609 0.065430
1 0.223633 0.729004 0.447266 0.541992
1 0.236816 0.503418 0.032227 0.059570
1 0.037109 0.540039 0.074219 0.066406
1 0.091797 0.562012 0.041016 0.077148
1 0.031738 0.667969 0.063477 0.185547
1 0.136719 0.637207 0.027344 0.065430
