0 0.500000 0.500000 1.000000 1.000000
0 0.625000 0.026367 0.750000 0.052734
0 0.607422 0.870605 0.060547 0.258789
1 0.228516 0.240723 0.457031 0.481445
1 0.279785 0.208984 0.364258 0.417969
1 0.577148 0.082031 0.845703 0.164062
1 0.284180 0.005371 0.025391 0.010742
1 0.660156 0.008789 0.632812 0.017578
1 0.065918 0.138672 0.131836 0.103516
1 0.552246 0.139160 0.231445 0.069336
1 0.842285 0.166992 0.297852 0.087891
1 0.009277 0.205078 0.018555 0.060547
1 0.466309 0.314453 0.321289 0.271484
1 0.054688 0.319336 0.109375 0.273438
1 0.324219 0.432617 0.447266 0.492188
1 0.665039 0.388184 0.142578 0.383789
1 0.894043 0.435059 0.211914 0.446289
1 0.761230 0.448730 0.141602 0.450195
1 0.937500 0.489746 0.125000 0.405273
1 0.110840 0.432129 0.139648 0.254883
1 0.482910 0.433594 0.043945 0.050781
1 0.182129 0.571289 0.135742 0.322266
1 0.062500 0.552734 0.125000 0.205078
1 0.570801 0.478027 0.020508 0.028320
1 0.528809 0.488770 0.034180 0.034180
1 0.982910 0.596680 0.034180 0.238281
1 0.333984 0.690918 0.228516 0.383789
1 0.618164 0.599609 0.123047 0.152344
1 0.042480 0.651367 0.084961 0.138672
1 0.667480 0.801270 0.458008 0.397461
1 0.880371 0.831055 0.239258 0.337891
1 0.305176 0.808105 0.241211 0.286133
1 0.699707 0.685059 0.057617 0.036133
1 0.134277 0.766602 0.237305 0.177734
1 0.727051 0.746094 0.069336 0.083984
1 0.005859 0.749512 0.011719 0.036133
1 0.799316 0.816895 0.065430 0.081055
1 0.000488 0.784180 0.000977 0.001953
1 0.152832 0.868652 0.297852 0.088867
1 0.848633 0.877930 0.048828 0.054688
1 0.126953 0.934570 0.253906 0.125000
1 0.911621 0.948730 0.108398 0.102539
1 0.304199 0.963867 0.083008 0.072266
1 0.423340 0.978027 0.147461 0.043945
1 0.030273 0.980469 0.060547 0.039062
1 0.108398 0.987793 0.078125 0.024414
1 0.176758 0.997070 0.031250 0.005859
