0 0.500000 0.500000 1.000000 1.000000
0 0.003906 0.836914 0.007812 0.056641
1 0.457031 0.412598 0.914062 0.825195
1 0.895508 0.349121 0.208984 0.698242
1 0.074707 0.222656 0.149414 0.251953
1 0.201660 0.259766 0.159180 0.306641
1 0.331543 0.297852 0.170898 0.367188
1 0.468750 0.276855 0.175781 0.309570
1 0.051270 0.382324 0.102539 0.157227
1 0.269531 0.525879 0.425781 0.315430
1 0.438477 0.488281 0.136719 0.123047
1 0.019043 0.491699 0.038086 0.084961
1 0.097656 0.528809 0.195312 0.104492
1 0.192383 0.640137 0.384766 0.145508
1 0.344727 0.833496 0.689453 0.333008
1 0.974121 0.837891 0.051758 0.251953
1 0.753906 0.878418 0.433594 0.243164
1 0.990234 0.982422 0.019531 0.035156
