0 0.500000 0.648926 1.000000 0.702148
1 0.500000 0.282715 1.000000 0.565430
1 0.719238 0.359863 0.344727 0.110352
1 0.439453 0.478027 0.199219 0.344727
1 0.951660 0.462891 0.096680 0.314453
1 0.258789 0.521973 0.144531 0.262695
1 0.722168 0.480469 0.346680 0.128906
1 0.724121 0.596191 0.350586 0.102539
1 0.091309 0.613281 0.172852 0.089844
1 0.956543 0.812012 0.086914 0.375977
1 0.726074 0.696289 0.350586 0.095703
1 0.345703 0.827637 0.398438 0.344727
1 0.094727 0.832031 0.189453 0.335938
1 0.731445 0.793945 0.351562 0.097656
1 0.731445 0.891113 0.355469 0.096680
1 0.731445 0.969727 0.359375 0.060547
