0 0.253418 0.045410 0.057617 0.090820
0 0.500000 0.635742 1.000000 0.728516
0 0.208496 0.908691 0.112305 0.182617
1 0.500000 0.392578 1.000000 0.785156
1 0.868164 0.365234 0.263672 0.144531
1 0.884277 0.618164 0.231445 0.583984
1 0.767090 0.443848 0.000977 0.000977
1 0.751465 0.467773 0.030273 0.046875
1 0.517578 0.544922 0.333984 0.167969
1 0.858887 0.716309 0.282227 0.475586
1 0.692383 0.493652 0.041016 0.028320
1 0.406738 0.758301 0.813477 0.483398
1 0.143555 0.740234 0.287109 0.158203
1 0.803223 0.845215 0.393555 0.309570
