0 0.498047 0.500000 0.996094 1.000000
0 0.759766 0.954102 0.015625 0.091797
1 0.100586 0.041016 0.201172 0.082031
1 0.287109 0.021973 0.171875 0.043945
1 0.344727 0.143066 0.396484 0.286133
1 0.733398 0.182617 0.421875 0.365234
1 0.958984 0.500000 0.082031 1.000000
1 0.081543 0.147949 0.163086 0.157227
1 0.098145 0.271484 0.170898 0.289062
1 0.236816 0.259277 0.147461 0.092773
1 0.065430 0.388184 0.130859 0.290039
1 0.337402 0.452148 0.459961 0.375000
1 0.292969 0.348145 0.093750 0.108398
1 0.221191 0.359375 0.088867 0.109375
1 0.766113 0.447266 0.385742 0.210938
1 0.089844 0.581055 0.179688 0.158203
1 0.232422 0.600098 0.138672 0.165039
1 0.840332 0.607422 0.235352 0.109375
1 0.573242 0.616699 0.271484 0.116211
1 0.465332 0.797363 0.456055 0.405273
1 0.130371 0.744141 0.260742 0.275391
1 0.750000 0.833008 0.462891 0.333984
1 0.169922 0.929199 0.224609 0.141602
1 0.034180 0.942871 0.068359 0.110352
1 0.351074 0.956055 0.135742 0.087891
1 0.056641 0.981934 0.019531 0.020508
1 0.115723 0.994141 0.092773 0.011719
