0 0.500000 0.500000 1.000000 1.000000
1 0.064453 0.092773 0.128906 0.185547
1 0.169922 0.153809 0.216797 0.307617
1 0.284668 0.049316 0.131836 0.098633
1 0.435059 0.036621 0.161133 0.073242
1 0.676270 0.123047 0.309570 0.246094
1 0.784180 0.215332 0.431641 0.430664
1 0.581543 0.127441 0.198242 0.196289
1 0.416016 0.225098 0.363281 0.333008
1 0.035645 0.242676 0.071289 0.120117
1 0.155273 0.372070 0.310547 0.125000
1 0.749023 0.439941 0.501953 0.243164
1 0.568359 0.504883 0.501953 0.312500
1 0.254883 0.377930 0.113281 0.052734
1 0.223145 0.496582 0.200195 0.176758
1 0.068848 0.504883 0.137695 0.156250
1 0.996582 0.496094 0.006836 0.017578
1 0.986328 0.538086 0.027344 0.056641
1 0.320312 0.606934 0.109375 0.165039
1 0.674805 0.705566 0.650391 0.291992
1 0.204590 0.626465 0.149414 0.108398
1 0.108887 0.606445 0.040039 0.060547
1 0.058594 0.635742 0.117188 0.085938
1 0.233398 0.740234 0.236328 0.199219
1 0.055664 0.751953 0.111328 0.164062
1 0.978027 0.697266 0.043945 0.050781
1 0.922363 0.791016 0.155273 0.142578
1 0.686523 0.882812 0.626953 0.234375
1 0.226074 0.812012 0.208008 0.075195
1 0.254395 0.891113 0.307617 0.217773
1 0.040039 0.847656 0.080078 0.080078
1 0.041992 0.882324 0.083984 0.038086
1 0.044922 0.940918 0.089844 0.118164
1 0.094727 0.946777 0.011719 0.084961
