0 0.500000 0.500000 1.000000 1.000000
0 0.936523 0.005371 0.126953 0.010742
0 0.939941 0.082520 0.120117 0.012695
0 0.917480 0.126953 0.165039 0.023438
0 0.878418 0.198242 0.243164 0.027344
0 0.866699 0.270020 0.266602 0.034180
0 0.839355 0.385254 0.321289 0.053711
0 0.970703 0.830078 0.058594 0.339844
0 0.044922 0.986816 0.013672 0.026367
1 0.181641 0.155762 0.363281 0.311523
1 0.379395 0.185547 0.260742 0.371094
1 0.613770 0.105957 0.299805 0.211914
1 0.776855 0.247559 0.446289 0.495117
1 0.984375 0.001465 0.031250 0.002930
1 0.311523 0.546387 0.623047 0.825195
1 0.774414 0.609863 0.451172 0.319336
1 0.830078 0.807129 0.339844 0.385742
1 0.992188 0.773926 0.015625 0.090820
1 0.275391 0.883301 0.550781 0.233398
1 0.639648 0.884766 0.140625 0.220703
1 0.792480 0.833984 0.182617 0.099609
1 0.976074 0.913086 0.047852 0.173828
1 0.587891 0.988281 0.068359 0.023438
