0 0.435547 0.500000 0.871094 1.000000
0 0.000488 0.702148 0.000977 0.003906
0 0.634766 0.954102 0.015625 0.091797
0 0.023438 0.989258 0.046875 0.021484
1 0.038086 0.031738 0.076172 0.063477
1 0.162109 0.021973 0.171875 0.043945
1 0.219727 0.143066 0.396484 0.286133
1 0.608398 0.182617 0.421875 0.365234
1 0.896484 0.500000 0.207031 1.000000
1 0.019043 0.097656 0.038086 0.056641
1 0.029297 0.271484 0.058594 0.289062
1 0.111816 0.259277 0.147461 0.092773
1 0.221191 0.452148 0.442383 0.375000
1 0.167969 0.348145 0.093750 0.108398
1 0.096191 0.359375 0.088867 0.109375
1 0.641113 0.447266 0.385742 0.210938
1 0.002930 0.490723 0.005859 0.014648
1 0.027344 0.563477 0.054688 0.123047
1 0.107422 0.600098 0.138672 0.165039
1 0.715332 0.607422 0.235352 0.109375
1 0.448242 0.616699 0.271484 0.116211
1 0.340332 0.797363 0.456055 0.405273
1 0.067871 0.742676 0.135742 0.272461
1 0.625000 0.833008 0.462891 0.333984
1 0.078613 0.929199 0.157227 0.141602
1 0.226074 0.956055 0.135742 0.087891
1 0.018555 0.994141 0.037109 0.011719
