0 0.117188 0.045410 0.234375 0.090820
0 0.500000 0.351074 1.000000 0.454102
0 0.500000 0.792480 1.000000 0.415039
0 0.466797 0.614746 0.003906 0.000977
0 0.480469 0.615723 0.001953 0.000977
1 0.107910 0.017578 0.215820 0.035156
1 0.500000 0.279297 1.000000 0.558594
1 0.985840 0.169434 0.028320 0.032227
1 0.843262 0.365234 0.313477 0.375000
1 0.971191 0.186035 0.000977 0.000977
1 0.690918 0.456543 0.000977 0.000977
1 0.689941 0.457520 0.000977 0.000977
1 0.606445 0.511230 0.251953 0.106445
1 0.478027 0.558105 0.000977 0.000977
1 0.500000 0.585938 1.000000 0.025391
1 0.566895 0.653320 0.286133 0.097656
1 0.837891 0.802734 0.324219 0.384766
1 0.482422 0.810059 0.964844 0.379883
1 0.977539 0.994141 0.019531 0.011719
