0 0.154785 0.500000 0.309570 1.000000
0 0.800781 0.500000 0.398438 1.000000
1 0.058594 0.083496 0.117188 0.166992
1 0.497070 0.500000 0.777344 1.000000
1 0.806152 0.140137 0.387695 0.280273
1 0.152344 0.501465 0.304688 0.997070
1 0.720703 0.094727 0.224609 0.177734
1 0.669434 0.102051 0.047852 0.053711
1 0.864258 0.362793 0.271484 0.405273
1 0.809082 0.199219 0.028320 0.037109
1 0.819336 0.253906 0.085938 0.128906
1 0.928223 0.445801 0.143555 0.225586
1 0.914062 0.684082 0.082031 0.305664
1 0.840332 0.664062 0.168945 0.251953
1 0.754395 0.539551 0.000977 0.000977
1 0.755371 0.540527 0.000977 0.000977
1 0.905762 0.540527 0.000977 0.000977
1 0.928711 0.565430 0.044922 0.048828
1 0.959961 0.715332 0.080078 0.309570
1 0.918945 0.901367 0.162109 0.197266
1 0.933105 0.837402 0.000977 0.000977
