0 0.072266 0.048340 0.087891 0.096680
0 0.500000 0.500000 1.000000 1.000000
0 0.925781 0.878418 0.148438 0.243164
1 0.230469 0.173340 0.460938 0.346680
1 0.652832 0.122070 0.694336 0.244141
1 0.026855 0.062988 0.053711 0.069336
1 0.127930 0.274414 0.255859 0.416016
1 0.961426 0.231934 0.077148 0.295898
1 0.657715 0.571777 0.684570 0.856445
1 0.336426 0.403809 0.120117 0.125977
1 0.299316 0.675293 0.598633 0.625977
1 0.396973 0.467285 0.000977 0.000977
1 0.313477 0.871094 0.626953 0.257812
1 0.934082 0.865234 0.131836 0.175781
1 0.644531 0.896484 0.341797 0.207031
1 0.489746 0.943848 0.133789 0.112305
1 0.436035 0.954590 0.110352 0.090820
1 0.970703 0.962402 0.058594 0.075195
1 0.336426 0.966797 0.172852 0.066406
1 0.917969 0.985840 0.060547 0.028320
