0 0.500000 0.749023 1.000000 0.501953
0 0.731934 0.917480 0.520508 0.165039
0 0.562012 0.953613 0.000977 0.000977
0 0.581543 0.956055 0.000977 0.001953
0 0.904785 0.958984 0.190430 0.007812
0 0.852051 0.999512 0.014648 0.000977
1 0.500000 0.458984 1.000000 0.917969
1 0.063477 0.834473 0.082031 0.165039
1 0.666504 0.813965 0.006836 0.000977
1 0.623535 0.906738 0.752930 0.186523
1 0.653809 0.911621 0.000977 0.000977
1 0.128906 0.962891 0.105469 0.074219
1 0.210938 0.962891 0.062500 0.074219
1 0.039551 0.964355 0.079102 0.071289
1 0.562012 0.954590 0.000977 0.000977
1 0.553223 0.957520 0.000977 0.000977
1 0.557129 0.960449 0.000977 0.000977
1 0.561035 0.963379 0.000977 0.000977
1 0.574707 0.964355 0.000977 0.000977
1 0.575684 0.965332 0.000977 0.000977
1 0.564941 0.966309 0.000977 0.000977
1 0.568848 0.969238 0.000977 0.000977
1 0.569824 0.970215 0.000977 0.000977
1 0.682129 0.991699 0.198242 0.016602
1 0.801758 0.999512 0.003906 0.000977
1 0.806152 0.999512 0.002930 0.000977
