0 0.464355 0.252930 0.928711 0.505859
1 0.122070 0.022949 0.244141 0.045898
1 0.349609 0.010254 0.195312 0.020508
1 0.585938 0.146973 0.146484 0.293945
1 0.737793 0.140625 0.202148 0.281250
1 0.500000 0.500000 1.000000 1.000000
1 0.388184 0.093750 0.260742 0.169922
1 0.129883 0.122070 0.257812 0.175781
1 0.011719 0.235840 0.023438 0.223633
1 0.477051 0.294922 0.139648 0.251953
1 0.347168 0.306641 0.153320 0.261719
1 0.694336 0.344238 0.302734 0.137695
1 0.853516 0.349609 0.083984 0.097656
1 0.018066 0.411133 0.036133 0.115234
