0 0.524414 0.182617 0.951172 0.365234
0 0.500000 0.551270 1.000000 0.897461
0 0.964844 0.400879 0.070312 0.040039
0 0.889648 0.923828 0.220703 0.152344
0 0.887695 0.997070 0.019531 0.005859
1 0.500000 0.360352 1.000000 0.720703
1 0.167969 0.025879 0.173828 0.051758
1 0.293457 0.035645 0.065430 0.071289
1 0.443359 0.053223 0.238281 0.106445
1 0.629395 0.039551 0.120117 0.079102
1 0.780273 0.036133 0.171875 0.072266
1 0.934570 0.033203 0.130859 0.066406
1 0.778809 0.214355 0.442383 0.286133
1 0.489746 0.131348 0.127930 0.084961
1 0.098633 0.260742 0.197266 0.281250
1 0.246094 0.330078 0.128906 0.271484
1 0.118652 0.419922 0.118164 0.228516
1 0.418457 0.546875 0.252930 0.306641
1 0.026855 0.486328 0.053711 0.162109
1 0.214844 0.589355 0.234375 0.290039
1 0.071289 0.640137 0.142578 0.215820
1 0.899902 0.748047 0.200195 0.138672
1 0.692383 0.797363 0.275391 0.209961
1 0.439453 0.827148 0.250000 0.255859
1 0.233398 0.858398 0.236328 0.283203
1 0.057129 0.811035 0.114258 0.122070
1 0.790039 0.877930 0.419922 0.244141
1 0.971680 0.906738 0.056641 0.096680
1 0.072266 0.935059 0.144531 0.129883
1 0.930176 0.942383 0.139648 0.115234
1 0.422852 0.958008 0.337891 0.083984
1 0.853516 0.958984 0.019531 0.021484
1 0.816895 0.982910 0.055664 0.034180
1 0.856934 0.987305 0.018555 0.025391
