0 0.160156 0.097656 0.320312 0.195312
0 0.500000 0.500000 1.000000 1.000000
1 0.154297 0.026367 0.308594 0.052734
1 0.229980 0.287109 0.459961 0.574219
1 0.667969 0.418457 0.664062 0.836914
1 0.072754 0.083008 0.145508 0.128906
1 0.210449 0.066895 0.133789 0.086914
1 0.010742 0.149414 0.021484 0.070312
1 0.039062 0.144531 0.046875 0.046875
1 0.513672 0.535645 0.125000 0.114258
1 0.225586 0.687012 0.423828 0.309570
1 0.195801 0.768555 0.391602 0.462891
1 0.696777 0.791992 0.606445 0.416016
1 0.980957 0.861816 0.038086 0.083008
