0 0.016602 0.001953 0.033203 0.003906
0 0.500000 0.190430 1.000000 0.380859
0 0.211914 0.711914 0.423828 0.576172
0 0.908203 0.985840 0.183594 0.028320
1 0.339844 0.183105 0.679688 0.366211
1 0.839844 0.143066 0.320312 0.286133
1 0.500000 0.639648 1.000000 0.720703
1 0.185547 0.536621 0.136719 0.206055
1 0.092285 0.537598 0.081055 0.165039
1 0.033691 0.542969 0.067383 0.156250
1 0.003418 0.595215 0.006836 0.051758
1 0.094238 0.812500 0.188477 0.375000
1 0.955566 0.990234 0.088867 0.019531
1 0.889160 0.997559 0.030273 0.004883
