0 0.500000 0.500000 1.000000 1.000000
0 0.692871 0.187012 0.002930 0.000977
0 0.557129 0.994629 0.014648 0.010742
1 0.193359 0.050781 0.386719 0.101562
1 0.590820 0.094727 0.453125 0.189453
1 0.768066 0.018555 0.125977 0.037109
1 0.896484 0.118652 0.207031 0.237305
1 0.154297 0.250977 0.308594 0.386719
1 0.979980 0.174316 0.040039 0.186523
1 0.542480 0.228516 0.561523 0.222656
1 0.908691 0.311523 0.182617 0.158203
1 0.327637 0.314941 0.250977 0.106445
1 0.606934 0.361816 0.303711 0.120117
1 0.289062 0.399414 0.310547 0.125000
1 0.722656 0.435547 0.554688 0.175781
1 0.918945 0.495117 0.162109 0.117188
1 0.052246 0.719238 0.104492 0.561523
1 0.264648 0.546875 0.328125 0.169922
1 0.714355 0.674316 0.571289 0.387695
1 0.243164 0.746582 0.341797 0.227539
1 0.525391 0.764160 0.226562 0.198242
1 0.768066 0.770508 0.247070 0.185547
1 0.994141 0.815918 0.011719 0.108398
1 0.198730 0.923340 0.278320 0.153320
1 0.572266 0.937988 0.257812 0.124023
1 0.854980 0.938477 0.290039 0.123047
1 0.387207 0.939941 0.077148 0.120117
