0 0.500000 0.500000 1.000000 1.000000
0 0.052734 0.127930 0.105469 0.054688
0 0.046875 0.204102 0.093750 0.007812
0 0.004395 0.717285 0.008789 0.004883
0 0.769531 0.820312 0.087891 0.023438
1 0.166992 0.022949 0.171875 0.045898
1 0.280762 0.023438 0.051758 0.046875
1 0.412109 0.061523 0.212891 0.123047
1 0.608398 0.013672 0.148438 0.027344
1 0.729492 0.053711 0.083984 0.107422
1 0.818848 0.002441 0.053711 0.004883
1 0.915039 0.087891 0.169922 0.175781
1 0.398926 0.218262 0.436523 0.430664
1 0.039551 0.026367 0.079102 0.044922
1 0.340332 0.070312 0.186523 0.123047
1 0.742188 0.139160 0.271484 0.260742
1 0.625977 0.074219 0.119141 0.089844
1 0.122559 0.168945 0.245117 0.234375
1 0.941895 0.180176 0.116211 0.163086
1 0.044434 0.127441 0.088867 0.043945
1 0.461426 0.139648 0.043945 0.027344
1 0.334961 0.170410 0.216797 0.083008
1 0.173828 0.288574 0.109375 0.147461
1 0.750488 0.329102 0.297852 0.216797
1 0.947754 0.287109 0.104492 0.058594
1 0.062988 0.319336 0.125977 0.082031
1 0.951172 0.329102 0.097656 0.027344
1 0.055664 0.376953 0.111328 0.107422
1 0.952637 0.392090 0.094727 0.096680
1 0.134766 0.361328 0.031250 0.015625
1 0.180664 0.372070 0.052734 0.037109
1 0.127930 0.495605 0.255859 0.243164
1 0.420410 0.505859 0.336914 0.207031
1 0.047363 0.478027 0.094727 0.141602
1 0.656738 0.454590 0.133789 0.053711
1 0.786621 0.505859 0.122070 0.121094
1 0.883301 0.547852 0.081055 0.203125
1 0.956055 0.546875 0.087891 0.201172
1 0.654785 0.504883 0.145508 0.066406
1 0.712402 0.579590 0.295898 0.127930
1 0.301758 0.666992 0.511719 0.173828
1 0.183105 0.693848 0.366211 0.165039
1 0.654297 0.687988 0.208984 0.139648
1 0.789062 0.699219 0.082031 0.111328
1 0.873535 0.692871 0.131836 0.079102
1 0.975098 0.736816 0.049805 0.145508
1 0.660156 0.827637 0.572266 0.194336
1 0.076172 0.802734 0.152344 0.123047
1 0.243164 0.787109 0.185547 0.062500
1 0.350098 0.859863 0.190430 0.161133
1 0.552246 0.891113 0.284180 0.217773
1 0.936523 0.875977 0.126953 0.156250
1 0.222168 0.854492 0.151367 0.105469
1 0.000488 0.822266 0.000977 0.003906
1 0.035645 0.916016 0.071289 0.167969
1 0.120117 0.910645 0.208984 0.153320
1 0.329590 0.955078 0.497070 0.089844
1 0.767578 0.956055 0.166016 0.087891
1 0.897461 0.974121 0.205078 0.051758
