0 0.272461 0.500000 0.544922 1.000000
0 0.435547 0.500000 0.251953 1.000000
0 0.664062 0.500000 0.671875 1.000000
1 0.076172 0.026367 0.152344 0.052734
1 0.219727 0.037109 0.138672 0.074219
1 0.399902 0.051270 0.219727 0.102539
1 0.426270 0.500000 0.241211 1.000000
1 0.445801 0.500000 0.241211 1.000000
1 0.774902 0.102539 0.450195 0.205078
1 0.010254 0.114746 0.020508 0.137695
1 0.074707 0.133301 0.124023 0.166992
1 0.246094 0.132324 0.228516 0.135742
1 0.261719 0.271973 0.523438 0.352539
1 0.746094 0.457520 0.507812 0.491211
1 0.020508 0.493652 0.041016 0.112305
1 0.083984 0.496582 0.083984 0.112305
1 0.175293 0.530762 0.098633 0.174805
1 0.286621 0.537598 0.124023 0.178711
1 0.356934 0.452637 0.000977 0.000977
1 0.369629 0.541016 0.040039 0.175781
1 0.446289 0.544922 0.105469 0.179688
1 0.008301 0.660156 0.016602 0.203125
1 0.067383 0.664551 0.101562 0.209961
1 0.167480 0.702148 0.094727 0.154297
1 0.278809 0.709473 0.124023 0.159180
1 0.845215 0.817871 0.309570 0.364258
1 0.355469 0.717773 0.052734 0.162109
1 0.412598 0.702637 0.053711 0.127930
1 0.639648 0.791504 0.091797 0.198242
1 0.506348 0.787109 0.159180 0.162109
1 0.052246 0.779785 0.104492 0.020508
1 0.188965 0.789551 0.129883 0.020508
1 0.013672 0.824219 0.027344 0.068359
1 0.060059 0.854004 0.120117 0.118164
1 0.270020 0.894043 0.178711 0.198242
1 0.155762 0.875977 0.151367 0.146484
1 0.553223 0.921387 0.270508 0.157227
1 0.395020 0.935547 0.092773 0.128906
1 0.056641 0.955078 0.113281 0.089844
1 0.180176 0.972656 0.166992 0.054688
