0 0.500000 0.500000 1.000000 1.000000
1 0.139160 0.208984 0.278320 0.417969
1 0.347656 0.101074 0.146484 0.202148
1 0.703613 0.163574 0.583008 0.327148
1 0.985840 0.120605 0.028320 0.241211
1 0.416504 0.301758 0.477539 0.244141
1 0.818359 0.403809 0.363281 0.293945
1 0.942871 0.262695 0.032227 0.005859
1 0.163086 0.585938 0.326172 0.537109
1 0.843262 0.695801 0.313477 0.608398
1 0.257324 0.423340 0.145508 0.057617
1 0.476074 0.510742 0.379883 0.210938
1 0.366699 0.486816 0.086914 0.131836
1 0.488281 0.777832 0.976562 0.444336
