0 0.043457 0.081055 0.086914 0.162109
0 0.150391 0.500000 0.300781 1.000000
0 0.859863 0.092285 0.280273 0.184570
0 0.815918 0.489746 0.368164 0.395508
0 0.929688 0.598633 0.140625 0.162109
0 0.765625 0.880859 0.468750 0.238281
0 0.443359 0.981934 0.013672 0.036133
1 0.037109 0.032227 0.074219 0.064453
1 0.145508 0.174805 0.291016 0.349609
1 0.517578 0.500000 0.964844 1.000000
1 0.874512 0.047363 0.250977 0.094727
1 0.018066 0.099609 0.036133 0.091797
1 0.103516 0.289551 0.207031 0.092773
1 0.094238 0.348145 0.188477 0.110352
1 0.120117 0.677246 0.240234 0.645508
1 0.935547 0.600098 0.128906 0.139648
1 0.890625 0.865234 0.218750 0.185547
1 0.876953 0.957031 0.246094 0.085938
1 0.626953 0.971680 0.171875 0.056641
1 0.773438 0.994141 0.054688 0.011719
