0 0.225098 0.135254 0.450195 0.270508
0 0.968750 0.084473 0.062500 0.168945
0 0.652344 0.125977 0.396484 0.226562
0 0.500000 0.654297 1.000000 0.691406
1 0.215820 0.076660 0.388672 0.153320
1 0.500000 0.369629 1.000000 0.739258
1 0.973145 0.042480 0.053711 0.084961
1 0.181152 0.124023 0.362305 0.238281
1 0.973633 0.125000 0.052734 0.068359
1 0.468750 0.531250 0.630859 0.429688
1 0.774414 0.684570 0.451172 0.630859
1 0.337891 0.805664 0.515625 0.388672
1 0.067871 0.771484 0.135742 0.082031
1 0.049805 0.859863 0.099609 0.088867
1 0.039551 0.945312 0.079102 0.109375
