0 0.009277 0.051758 0.018555 0.103516
0 0.500000 0.500000 1.000000 1.000000
0 0.985840 0.111816 0.028320 0.223633
0 0.805664 0.858398 0.388672 0.283203
0 0.017578 0.795898 0.035156 0.007812
1 0.004395 0.024902 0.008789 0.049805
1 0.153809 0.132324 0.307617 0.264648
1 0.364746 0.137695 0.139648 0.275391
1 0.710449 0.155273 0.579102 0.310547
1 0.999023 0.014160 0.001953 0.024414
1 0.991699 0.122559 0.016602 0.174805
1 0.218750 0.280273 0.437500 0.029297
1 0.146484 0.446777 0.292969 0.334961
1 0.744141 0.309570 0.511719 0.035156
1 0.319336 0.430664 0.068359 0.265625
1 0.402832 0.530762 0.102539 0.452148
1 0.725586 0.653320 0.548828 0.693359
1 0.603027 0.549805 0.065430 0.117188
1 0.328613 0.663574 0.055664 0.186523
1 0.168457 0.685059 0.065430 0.143555
1 0.242676 0.685059 0.116211 0.141602
1 0.066406 0.649414 0.132812 0.062500
1 0.109863 0.813965 0.079102 0.254883
1 0.036133 0.768066 0.072266 0.159180
1 0.256348 0.798828 0.208008 0.066406
1 0.394043 0.860352 0.077148 0.187500
1 0.440918 0.859863 0.018555 0.174805
1 0.714355 0.886719 0.174805 0.173828
1 0.255371 0.895996 0.196289 0.116211
1 0.035156 0.899902 0.070312 0.086914
1 0.916016 0.929199 0.167969 0.141602
1 0.769531 0.967285 0.171875 0.065430
1 0.125000 0.978027 0.048828 0.043945
1 0.046387 0.980469 0.092773 0.039062
1 0.250977 0.982422 0.179688 0.035156
1 0.383789 0.983398 0.060547 0.033203
1 0.430176 0.987793 0.004883 0.024414
1 0.660645 0.995117 0.030273 0.009766
