0 0.125488 0.261230 0.250977 0.522461
0 0.309570 0.036621 0.025391 0.073242
0 0.020996 0.433105 0.041992 0.086914
0 0.500000 0.671387 1.000000 0.059570
0 0.927734 0.966309 0.138672 0.067383
1 0.032715 0.016602 0.055664 0.033203
1 0.155762 0.039551 0.168945 0.079102
1 0.500000 0.339844 1.000000 0.679688
1 0.029297 0.127930 0.058594 0.154297
1 0.070801 0.153809 0.083008 0.202148
1 0.016113 0.236816 0.032227 0.110352
1 0.041504 0.401855 0.083008 0.219727
1 0.015625 0.330078 0.031250 0.066406
1 0.500000 0.831055 1.000000 0.337891
1 0.928711 0.974609 0.105469 0.050781
