0 0.500000 0.500000 1.000000 1.000000
1 0.021973 0.008301 0.043945 0.016602
1 0.228027 0.049316 0.331055 0.098633
1 0.690430 0.231445 0.619141 0.462891
1 0.283691 0.484375 0.567383 0.945312
1 0.316895 0.153809 0.348633 0.184570
1 0.495605 0.319336 0.204102 0.244141
1 0.394043 0.349609 0.192383 0.257812
1 0.307617 0.379883 0.191406 0.279297
1 0.771973 0.459473 0.223633 0.213867
1 0.506348 0.580566 0.366211 0.354492
1 0.880859 0.555664 0.238281 0.220703
1 0.691895 0.635254 0.194336 0.241211
1 0.935059 0.709961 0.129883 0.197266
1 0.803711 0.817871 0.392578 0.311523
1 0.417969 0.889648 0.480469 0.218750
1 0.986816 0.843262 0.026367 0.065430
1 0.661621 0.903320 0.133789 0.156250
1 0.833496 0.931152 0.333008 0.137695
1 0.541992 0.967773 0.078125 0.064453
1 0.388184 0.972168 0.204102 0.055664
1 0.095703 0.979980 0.146484 0.040039
1 0.625000 0.981934 0.072266 0.036133
1 0.004883 0.990234 0.009766 0.019531
1 0.265137 0.997070 0.026367 0.005859
