0 0.096191 0.020508 0.008789 0.041016
0 0.500000 0.500000 1.000000 1.000000
0 0.807617 0.814453 0.121094 0.371094
0 0.008789 0.948730 0.017578 0.102539
0 0.252441 0.970215 0.067383 0.059570
1 0.091797 0.072754 0.183594 0.145508
1 0.293945 0.052734 0.216797 0.105469
1 0.354004 0.019531 0.155273 0.039062
1 0.459473 0.210938 0.473633 0.421875
1 0.677246 0.070801 0.055664 0.141602
1 0.704590 0.075195 0.059570 0.150391
1 0.779297 0.291992 0.441406 0.583984
1 0.025879 0.095703 0.051758 0.130859
1 0.184082 0.146973 0.129883 0.180664
1 0.388184 0.126465 0.200195 0.133789
1 0.262695 0.132324 0.095703 0.090820
1 0.068848 0.217773 0.137695 0.195312
1 0.270508 0.492188 0.541016 0.562500
1 0.628418 0.236816 0.010742 0.008789
1 0.584961 0.365234 0.062500 0.162109
1 0.007324 0.355957 0.014648 0.073242
1 0.691406 0.748535 0.617188 0.502930
1 0.290527 0.746582 0.075195 0.047852
1 0.056152 0.784668 0.112305 0.036133
1 0.174316 0.799316 0.110352 0.063477
1 0.275879 0.885742 0.313477 0.228516
1 0.056152 0.828125 0.112305 0.039062
1 0.148438 0.829102 0.058594 0.039062
1 0.056641 0.926758 0.113281 0.146484
1 0.004395 0.993652 0.008789 0.012695
