0 0.500000 0.500000 1.000000 1.000000
0 0.000488 0.060547 0.000977 0.007812
1 0.045410 0.069824 0.090820 0.139648
1 0.221191 0.056641 0.254883 0.113281
1 0.589355 0.100098 0.483398 0.200195
1 0.902832 0.115234 0.194336 0.230469
1 0.310059 0.162598 0.485352 0.282227
1 0.216309 0.485352 0.432617 0.689453
1 0.648926 0.507324 0.532227 0.663086
1 0.808105 0.352051 0.329102 0.305664
1 0.981934 0.357422 0.036133 0.244141
1 0.805176 0.551270 0.264648 0.250977
1 0.964844 0.616699 0.070312 0.274414
1 0.961914 0.803711 0.076172 0.087891
1 0.187012 0.843262 0.374023 0.012695
1 0.638184 0.852539 0.510742 0.017578
1 0.452637 0.929199 0.905273 0.141602
1 0.951172 0.934570 0.097656 0.130859
