0 0.500000 0.292480 1.000000 0.584961
0 0.867676 0.227539 0.264648 0.455078
0 0.517578 0.803711 0.964844 0.392578
1 0.025879 0.027344 0.049805 0.054688
1 0.079590 0.008301 0.047852 0.016602
1 0.150391 0.034668 0.068359 0.069336
1 0.188477 0.000488 0.001953 0.000977
1 0.392578 0.163574 0.386719 0.327148
1 0.460449 0.126465 0.290039 0.252930
1 0.783691 0.287109 0.432617 0.574219
1 0.875488 0.215332 0.249023 0.430664
1 0.103027 0.035156 0.053711 0.068359
1 0.065430 0.021973 0.011719 0.014648
1 0.199219 0.162598 0.158203 0.272461
1 0.051758 0.052246 0.039062 0.032227
1 0.030762 0.169434 0.061523 0.192383
1 0.094238 0.179199 0.139648 0.200195
1 0.276367 0.187988 0.054688 0.127930
1 0.160156 0.236328 0.039062 0.039062
1 0.618652 0.319824 0.122070 0.184570
1 0.247559 0.263184 0.020508 0.020508
1 0.264160 0.275391 0.008789 0.005859
1 0.500000 0.637695 1.000000 0.724609
1 0.102539 0.283203 0.015625 0.011719
1 0.316406 0.331543 0.193359 0.090820
1 0.192871 0.305176 0.047852 0.028320
1 0.429688 0.324219 0.033203 0.015625
1 0.460938 0.332520 0.027344 0.026367
1 0.481934 0.328125 0.008789 0.011719
1 0.425293 0.348145 0.006836 0.016602
1 0.470215 0.356934 0.022461 0.022461
1 0.525391 0.809082 0.949219 0.381836
