0 0.099609 0.050781 0.199219 0.101562
0 0.500000 0.500000 1.000000 1.000000
0 0.979492 0.175293 0.041016 0.055664
1 0.050781 0.033691 0.101562 0.067383
1 0.255371 0.172852 0.510742 0.345703
1 0.559570 0.045898 0.179688 0.091797
1 0.687988 0.081543 0.247070 0.163086
1 0.714844 0.282715 0.570312 0.565430
1 0.110352 0.020020 0.039062 0.032227
1 0.095703 0.052246 0.091797 0.069336
1 0.028320 0.079590 0.056641 0.030273
1 0.463867 0.174805 0.212891 0.193359
1 0.080078 0.305664 0.160156 0.156250
1 0.495117 0.520996 0.490234 0.461914
1 0.160645 0.300293 0.000977 0.000977
1 0.192383 0.399414 0.218750 0.187500
1 0.073242 0.373047 0.037109 0.025391
1 0.960449 0.415039 0.079102 0.082031
1 0.083984 0.437988 0.167969 0.098633
1 0.840820 0.562500 0.318359 0.251953
1 0.141602 0.544434 0.283203 0.157227
1 0.125977 0.791992 0.251953 0.416016
1 0.996582 0.670410 0.006836 0.034180
1 0.757324 0.830566 0.485352 0.338867
1 0.434082 0.819336 0.364258 0.287109
1 0.385742 0.936523 0.302734 0.126953
