0 0.500000 0.500000 1.000000 1.000000
0 0.313477 0.925781 0.271484 0.148438
1 0.189453 0.178223 0.378906 0.356445
1 0.406738 0.041504 0.176758 0.083008
1 0.437500 0.106445 0.255859 0.212891
1 0.678711 0.191406 0.642578 0.382812
1 0.601562 0.472656 0.796875 0.730469
1 0.911621 0.359863 0.176758 0.370117
1 0.178223 0.604980 0.356445 0.790039
1 0.031738 0.331055 0.063477 0.126953
1 0.101562 0.498047 0.203125 0.312500
1 0.891602 0.546875 0.216797 0.173828
1 0.116699 0.592285 0.133789 0.149414
1 0.866211 0.665039 0.267578 0.257812
1 0.835938 0.849121 0.328125 0.301758
1 0.380371 0.850098 0.631836 0.299805
1 0.979004 0.799316 0.041992 0.102539
1 0.327148 0.929688 0.228516 0.140625
