0 0.500000 0.500000 1.000000 1.000000
0 0.972656 0.703613 0.054688 0.024414
1 0.035645 0.011230 0.071289 0.022461
1 0.094727 0.004395 0.033203 0.008789
1 0.268066 0.020996 0.262695 0.041992
1 0.507324 0.158203 0.223633 0.316406
1 0.675293 0.086914 0.125977 0.173828
1 0.852051 0.184570 0.295898 0.369141
1 0.062500 0.114746 0.125000 0.194336
1 0.212891 0.216797 0.363281 0.351562
1 0.651855 0.304199 0.157227 0.249023
1 0.015137 0.260742 0.030273 0.080078
1 0.584961 0.244141 0.001953 0.003906
1 0.568359 0.281250 0.001953 0.003906
1 0.961426 0.310547 0.077148 0.035156
1 0.009766 0.409180 0.019531 0.199219
1 0.480469 0.355469 0.167969 0.091797
1 0.833008 0.604492 0.333984 0.580078
1 0.096191 0.416504 0.139648 0.180664
1 0.920410 0.329102 0.004883 0.001953
1 0.916992 0.330566 0.001953 0.000977
1 0.914062 0.331543 0.001953 0.000977
1 0.835449 0.357910 0.155273 0.051758
1 0.221680 0.467285 0.164062 0.211914
1 0.753906 0.385254 0.007812 0.002930
1 0.409180 0.502441 0.166016 0.209961
1 0.058105 0.417480 0.043945 0.034180
1 0.562988 0.481934 0.137695 0.155273
1 0.656250 0.484375 0.056641 0.105469
1 0.166504 0.480957 0.000977 0.000977
1 0.134277 0.562988 0.098633 0.153320
1 0.034668 0.578125 0.069336 0.125000
1 0.600586 0.662598 0.164062 0.178711
1 0.417969 0.737305 0.181641 0.320312
1 0.256836 0.667969 0.107422 0.177734
1 0.128418 0.725586 0.120117 0.156250
1 0.027344 0.680664 0.054688 0.050781
1 0.025879 0.731934 0.051758 0.047852
1 0.571777 0.843262 0.223633 0.213867
1 0.237305 0.787109 0.080078 0.087891
1 0.033203 0.787598 0.066406 0.069336
1 0.300293 0.817383 0.092773 0.083984
1 0.970703 0.819336 0.058594 0.083984
1 0.148926 0.849609 0.182617 0.136719
1 0.024902 0.845703 0.049805 0.054688
1 0.367188 0.923828 0.320312 0.152344
1 0.102051 0.927246 0.204102 0.145508
1 0.844727 0.934082 0.251953 0.131836
1 0.954102 0.936035 0.091797 0.127930
1 0.675781 0.938965 0.068359 0.118164
1 0.600586 0.971191 0.162109 0.057617
1 0.220215 0.979492 0.153320 0.041016
1 0.308594 0.996582 0.017578 0.006836
