0 0.500000 0.310059 1.000000 0.620117
0 0.997559 0.116211 0.004883 0.021484
0 0.950684 0.232422 0.098633 0.017578
0 0.833008 0.598633 0.333984 0.171875
0 0.500000 0.883301 1.000000 0.233398
1 0.030762 0.012695 0.061523 0.025391
1 0.263672 0.071289 0.384766 0.142578
1 0.558105 0.088867 0.219727 0.177734
1 0.836914 0.086914 0.326172 0.173828
1 0.029297 0.172363 0.058594 0.272461
1 0.147949 0.214355 0.295898 0.352539
1 0.464355 0.271484 0.333008 0.453125
1 0.796387 0.282715 0.407227 0.426758
1 0.144531 0.425781 0.289062 0.101562
1 0.500000 0.686035 1.000000 0.456055
1 0.039062 0.558594 0.078125 0.109375
1 0.345215 0.904785 0.690430 0.190430
1 0.635254 0.880371 0.114258 0.020508
1 0.713867 0.885742 0.031250 0.029297
1 0.868164 0.904297 0.263672 0.052734
1 0.708496 0.954102 0.018555 0.091797
1 0.856445 0.954590 0.287109 0.090820
