0 0.500000 0.474609 1.000000 0.949219
0 0.603027 0.013184 0.010742 0.026367
0 0.942383 0.047363 0.115234 0.094727
0 0.001465 0.177734 0.002930 0.027344
0 0.953125 0.216309 0.093750 0.020508
0 0.956543 0.268555 0.086914 0.021484
0 0.964355 0.360840 0.071289 0.012695
0 0.958496 0.533691 0.083008 0.211914
1 0.015625 0.004395 0.031250 0.008789
1 0.174805 0.166504 0.277344 0.333008
1 0.306152 0.217285 0.381836 0.434570
1 0.586426 0.220703 0.377930 0.441406
1 0.868164 0.355957 0.263672 0.711914
1 0.949707 0.041992 0.100586 0.083984
1 0.020020 0.073730 0.040039 0.120117
1 0.095703 0.181152 0.191406 0.284180
1 0.282715 0.438965 0.334961 0.473633
1 0.063965 0.356934 0.127930 0.288086
1 0.729492 0.418457 0.142578 0.397461
1 0.500000 0.627930 1.000000 0.744141
1 0.382324 0.570312 0.305664 0.529297
1 0.802246 0.530762 0.161133 0.241211
1 0.974121 0.494141 0.051758 0.107422
1 0.061523 0.584473 0.123047 0.282227
1 0.966797 0.584473 0.066406 0.073242
1 0.131348 0.779297 0.262695 0.312500
1 0.271484 0.682617 0.021484 0.013672
