0 0.500000 0.500000 1.000000 1.000000
0 0.692383 0.113281 0.615234 0.226562
0 0.949707 0.049316 0.100586 0.098633
0 0.404785 0.160645 0.000977 0.002930
1 0.080566 0.062988 0.161133 0.125977
1 0.289062 0.252441 0.255859 0.504883
1 0.675781 0.380371 0.648438 0.760742
1 0.618652 0.033203 0.446289 0.066406
1 0.922852 0.110840 0.154297 0.221680
1 0.995117 0.036133 0.009766 0.072266
1 0.779785 0.078613 0.135742 0.061523
1 0.080078 0.192383 0.160156 0.152344
1 0.106445 0.541992 0.212891 0.566406
1 0.494141 0.644043 0.166016 0.311523
1 0.375977 0.601074 0.072266 0.186523
1 0.282715 0.687500 0.120117 0.355469
1 0.199707 0.708496 0.098633 0.393555
1 0.155273 0.737793 0.162109 0.446289
1 0.893555 0.644043 0.212891 0.165039
1 0.717773 0.670898 0.142578 0.121094
1 0.629883 0.714355 0.140625 0.147461
1 0.466309 0.748535 0.092773 0.131836
1 0.397949 0.757324 0.065430 0.129883
1 0.338379 0.764160 0.063477 0.133789
1 0.005371 0.772949 0.010742 0.108398
1 0.885742 0.861328 0.228516 0.277344
1 0.769043 0.777832 0.075195 0.069336
1 0.688477 0.887695 0.136719 0.224609
1 0.588379 0.897949 0.090820 0.204102
1 0.404785 0.905273 0.315430 0.189453
1 0.829590 0.906250 0.153320 0.185547
1 0.059082 0.898438 0.118164 0.148438
1 0.122559 0.978027 0.245117 0.043945
1 0.864258 0.992676 0.111328 0.014648
