0 0.500000 0.500000 1.000000 1.000000
0 0.185059 0.012695 0.182617 0.025391
1 0.005371 0.054688 0.010742 0.109375
1 0.202148 0.055176 0.373047 0.110352
1 0.170410 0.007812 0.137695 0.015625
1 0.480957 0.045898 0.204102 0.091797
1 0.673340 0.032715 0.182617 0.065430
1 0.805664 0.023438 0.068359 0.046875
1 0.885254 0.020020 0.075195 0.040039
1 0.972656 0.015137 0.054688 0.030273
1 0.973145 0.197754 0.053711 0.295898
1 0.664062 0.127930 0.517578 0.150391
1 0.285156 0.199219 0.285156 0.171875
1 0.080078 0.278320 0.148438 0.302734
1 0.679688 0.277344 0.486328 0.189453
1 0.304199 0.351562 0.307617 0.150391
1 0.742188 0.586426 0.515625 0.422852
1 0.319336 0.480957 0.308594 0.161133
1 0.084473 0.525391 0.147461 0.173828
1 0.155762 0.506348 0.069336 0.135742
1 0.392578 0.549805 0.222656 0.154297
1 0.011719 0.506836 0.023438 0.064453
1 0.031250 0.566895 0.062500 0.038086
1 0.219238 0.634766 0.196289 0.173828
1 0.062988 0.666504 0.125977 0.161133
1 0.411621 0.640625 0.217773 0.109375
1 0.939453 0.638672 0.017578 0.015625
1 0.175293 0.697266 0.094727 0.093750
1 0.402832 0.726562 0.313477 0.150391
1 0.736816 0.725586 0.391602 0.148438
1 0.213379 0.773926 0.147461 0.057617
1 0.060547 0.838867 0.121094 0.164062
1 0.977051 0.895508 0.045898 0.169922
1 0.760742 0.891113 0.357422 0.159180
1 0.462402 0.852051 0.239258 0.073242
1 0.219727 0.909180 0.439453 0.181641
1 0.694824 0.931152 0.610352 0.137695
