0 0.500000 0.452148 1.000000 0.904297
0 0.165039 0.879883 0.330078 0.240234
0 0.130859 0.908203 0.261719 0.183594
1 0.080078 0.089355 0.160156 0.178711
1 0.257324 0.170898 0.399414 0.341797
1 0.602539 0.064453 0.644531 0.128906
1 0.965332 0.058594 0.069336 0.117188
1 0.661133 0.261230 0.509766 0.493164
1 0.945801 0.163086 0.100586 0.164062
1 0.955566 0.220215 0.088867 0.141602
1 0.018555 0.218262 0.037109 0.088867
1 0.591797 0.334961 0.335938 0.291016
1 0.500000 0.602539 1.000000 0.794922
1 0.925781 0.415527 0.148438 0.305664
1 0.319336 0.431641 0.183594 0.248047
1 0.493164 0.463379 0.173828 0.200195
1 0.154785 0.887695 0.309570 0.224609
1 0.124512 0.913086 0.249023 0.173828
