0 0.500000 0.500000 1.000000 1.000000
0 0.014160 0.991211 0.012695 0.017578
1 0.376465 0.142578 0.752930 0.285156
1 0.839844 0.143066 0.320312 0.286133
1 0.785156 0.153809 0.078125 0.079102
1 0.522949 0.166016 0.137695 0.099609
1 0.775391 0.562500 0.449219 0.875000
1 0.892578 0.262695 0.214844 0.220703
1 0.510254 0.241211 0.106445 0.117188
1 0.546387 0.294434 0.018555 0.043945
1 0.313965 0.463379 0.418945 0.323242
1 0.465332 0.307129 0.000977 0.000977
1 0.484375 0.319336 0.037109 0.023438
1 0.047363 0.464355 0.094727 0.290039
1 0.526367 0.340332 0.031250 0.030273
1 0.536621 0.402832 0.016602 0.057617
1 0.217773 0.542480 0.226562 0.157227
1 0.587891 0.605957 0.166016 0.280273
1 0.241211 0.655762 0.482422 0.071289
1 0.244141 0.705566 0.488281 0.018555
1 0.229004 0.858887 0.458008 0.282227
1 0.681152 0.864746 0.278320 0.270508
1 0.615723 0.866699 0.352539 0.266602
