0 0.001953 0.003418 0.003906 0.006836
0 0.099121 0.066895 0.092773 0.133789
0 0.595215 0.479980 0.809570 0.959961
0 0.895020 0.119629 0.065430 0.239258
0 0.971680 0.031250 0.029297 0.062500
0 0.964355 0.190918 0.071289 0.225586
0 0.147461 0.360352 0.294922 0.365234
0 0.119629 0.622559 0.239258 0.274414
0 0.311523 0.750000 0.339844 0.500000
0 0.430664 0.761719 0.257812 0.476562
0 0.141602 0.852539 0.283203 0.294922
0 0.550293 0.910645 0.260742 0.178711
1 0.500000 0.500000 1.000000 1.000000
1 0.291992 0.010742 0.060547 0.021484
1 0.370605 0.098633 0.071289 0.197266
1 0.587402 0.176758 0.344727 0.353516
1 0.825684 0.258789 0.348633 0.517578
1 0.099609 0.062012 0.074219 0.122070
1 0.285156 0.102051 0.070312 0.137695
1 0.971191 0.196289 0.057617 0.191406
1 0.441895 0.274902 0.118164 0.114258
1 0.629395 0.303711 0.241211 0.087891
1 0.400391 0.335938 0.107422 0.093750
1 0.030762 0.363281 0.061523 0.085938
1 0.174805 0.431641 0.218750 0.201172
1 0.630859 0.389160 0.251953 0.077148
1 0.760254 0.359375 0.000977 0.009766
1 0.363770 0.403809 0.112305 0.096680
1 0.005371 0.608398 0.010742 0.019531
1 0.090332 0.674805 0.114258 0.142578
1 0.005859 0.820312 0.011719 0.029297
1 0.037598 0.921387 0.075195 0.157227
1 0.498535 0.942383 0.124023 0.115234
