0 0.094238 0.050293 0.188477 0.100586
0 0.393555 0.002930 0.011719 0.005859
0 0.500000 0.346191 1.000000 0.692383
0 0.962402 0.036621 0.075195 0.024414
0 0.020508 0.212891 0.041016 0.009766
0 0.503906 0.890137 0.992188 0.219727
0 0.034668 0.979980 0.069336 0.040039
0 0.996582 0.989258 0.006836 0.021484
0 0.827148 0.996582 0.048828 0.006836
1 0.041016 0.006836 0.072266 0.013672
1 0.451172 0.307617 0.902344 0.615234
1 0.872559 0.184570 0.254883 0.369141
1 0.978027 0.242676 0.043945 0.137695
1 0.969727 0.341309 0.060547 0.051758
1 0.941895 0.446289 0.116211 0.199219
1 0.073730 0.439941 0.147461 0.116211
1 0.095215 0.581543 0.190430 0.184570
1 0.477539 0.553223 0.164062 0.088867
1 0.866211 0.589844 0.267578 0.144531
1 0.500000 0.805664 1.000000 0.388672
1 0.720703 0.895996 0.558594 0.208008
1 0.010254 0.994141 0.020508 0.011719
