0 0.615234 0.500000 0.769531 1.000000
0 0.932617 0.117676 0.134766 0.235352
0 0.996582 0.065918 0.006836 0.016602
0 0.037598 0.925781 0.075195 0.148438
0 0.018066 0.960449 0.036133 0.079102
1 0.368164 0.500000 0.736328 1.000000
1 0.601562 0.418945 0.707031 0.837891
1 0.376465 0.115234 0.213867 0.230469
1 0.466309 0.091309 0.170898 0.182617
1 0.545898 0.069824 0.140625 0.139648
1 0.654785 0.048340 0.159180 0.096680
1 0.770996 0.013672 0.065430 0.027344
1 0.881348 0.166016 0.237305 0.332031
1 0.943848 0.106445 0.112305 0.212891
1 0.708984 0.273438 0.582031 0.435547
1 0.615234 0.165039 0.091797 0.093750
1 0.827148 0.584473 0.345703 0.493164
1 0.615723 0.807617 0.399414 0.384766
1 0.747070 0.851074 0.214844 0.297852
1 0.834961 0.875488 0.242188 0.249023
1 0.989746 0.832031 0.020508 0.078125
1 0.942871 0.940918 0.114258 0.118164
1 0.021484 0.953125 0.042969 0.093750
