0 0.500000 0.094238 1.000000 0.188477
0 0.679199 0.049805 0.028320 0.099609
0 0.500000 0.490234 1.000000 0.832031
0 0.976074 0.191406 0.047852 0.027344
0 0.979004 0.284180 0.041992 0.021484
0 0.988281 0.373047 0.023438 0.017578
0 0.996094 0.462891 0.007812 0.015625
0 0.798828 0.733398 0.402344 0.361328
0 0.993164 0.950195 0.013672 0.099609
0 0.420898 0.961426 0.021484 0.077148
0 0.580566 0.963379 0.227539 0.073242
0 0.059082 0.972656 0.118164 0.054688
0 0.777832 0.997559 0.030273 0.004883
1 0.041992 0.053711 0.083984 0.107422
1 0.284668 0.071289 0.399414 0.142578
1 0.495117 0.019043 0.007812 0.038086
1 0.624023 0.080566 0.257812 0.161133
1 0.859863 0.082520 0.280273 0.165039
1 0.489258 0.056641 0.009766 0.009766
1 0.500000 0.130859 1.000000 0.125000
1 0.485352 0.112305 0.009766 0.064453
1 0.500000 0.551270 1.000000 0.897461
1 0.040039 0.312500 0.080078 0.332031
1 0.183105 0.521973 0.366211 0.733398
1 0.261230 0.379883 0.149414 0.337891
1 0.959961 0.694336 0.080078 0.236328
1 0.891113 0.708984 0.108398 0.191406
1 0.999023 0.938965 0.001953 0.036133
1 0.044922 0.979004 0.089844 0.041992
1 0.998047 0.981934 0.003906 0.036133
