0 0.500000 0.500000 1.000000 1.000000
0 0.541016 0.017578 0.083984 0.035156
1 0.054199 0.022949 0.108398 0.045898
1 0.255371 0.079102 0.291992 0.158203
1 0.529785 0.101562 0.268555 0.203125
1 0.818848 0.200684 0.327148 0.401367
1 0.991699 0.037109 0.016602 0.074219
1 0.052734 0.092773 0.105469 0.095703
1 0.315918 0.116211 0.161133 0.126953
1 0.982910 0.154297 0.034180 0.138672
1 0.049805 0.221191 0.099609 0.163086
1 0.240723 0.246094 0.282227 0.185547
1 0.513672 0.279785 0.271484 0.178711
1 0.974121 0.318359 0.051758 0.177734
1 0.181152 0.503906 0.362305 0.394531
1 0.479980 0.553223 0.321289 0.399414
1 0.778809 0.583008 0.295898 0.402344
1 0.962402 0.494629 0.075195 0.163086
1 0.942383 0.685059 0.115234 0.231445
1 0.006836 0.698730 0.013672 0.102539
1 0.050781 0.826660 0.101562 0.346680
1 0.183594 0.836426 0.242188 0.327148
1 0.367188 0.858887 0.191406 0.282227
1 0.530762 0.872070 0.163086 0.255859
1 0.676758 0.883301 0.123047 0.233398
1 0.836426 0.889648 0.237305 0.220703
1 0.968262 0.906250 0.063477 0.187500
