0 0.500000 0.082520 1.000000 0.165039
0 0.824707 0.015137 0.018555 0.030273
0 0.500000 0.451660 1.000000 0.801758
0 0.666504 0.673340 0.666992 0.653320
0 0.429199 0.837891 0.397461 0.232422
0 0.189453 0.933105 0.019531 0.133789
1 0.027832 0.017090 0.055664 0.034180
1 0.206055 0.032715 0.273438 0.065430
1 0.471680 0.047363 0.236328 0.094727
1 0.796875 0.073242 0.406250 0.146484
1 0.500000 0.108398 1.000000 0.126953
1 0.063477 0.173828 0.126953 0.220703
1 0.500000 0.542969 1.000000 0.914062
1 0.988770 0.199707 0.022461 0.036133
1 0.048828 0.336426 0.097656 0.096680
1 0.044922 0.467285 0.089844 0.174805
1 0.034668 0.603027 0.069336 0.092773
1 0.023926 0.713379 0.047852 0.174805
1 0.099121 0.731934 0.129883 0.127930
1 0.924805 0.848145 0.150391 0.303711
1 0.024902 0.809082 0.049805 0.059570
