0 0.500000 0.500000 1.000000 1.000000
1 0.083984 0.132812 0.167969 0.265625
1 0.147949 0.004395 0.041992 0.008789
1 0.348633 0.051270 0.341797 0.102539
1 0.749512 0.271973 0.500977 0.543945
1 0.262695 0.120117 0.347656 0.197266
1 0.475098 0.545898 0.950195 0.908203
1 0.966797 0.478027 0.066406 0.254883
1 0.884277 0.534180 0.208008 0.199219
1 0.774902 0.589844 0.032227 0.074219
1 0.994141 0.625000 0.011719 0.025391
1 0.852051 0.661621 0.096680 0.075195
1 0.953613 0.668945 0.092773 0.082031
1 0.513184 0.708984 0.231445 0.085938
1 0.622070 0.758789 0.435547 0.166016
1 0.322266 0.731445 0.142578 0.064453
1 0.913086 0.743164 0.173828 0.083984
1 0.933594 0.814941 0.132812 0.065430
1 0.950195 0.925781 0.099609 0.148438
