0 0.500000 0.357910 1.000000 0.715820
1 0.396484 0.322266 0.792969 0.644531
1 0.558105 0.105469 0.381836 0.210938
1 0.790527 0.020020 0.071289 0.040039
1 0.861816 0.034668 0.090820 0.069336
1 0.925293 0.050293 0.094727 0.100586
1 0.982422 0.008789 0.035156 0.017578
1 0.748047 0.082031 0.097656 0.109375
1 0.970703 0.078613 0.058594 0.102539
1 0.811035 0.110840 0.098633 0.110352
1 0.873047 0.140625 0.099609 0.107422
1 0.859863 0.199219 0.280273 0.160156
1 0.990234 0.165039 0.019531 0.044922
1 0.812988 0.399414 0.374023 0.369141
1 0.500000 0.748535 1.000000 0.502930
1 0.856445 0.626953 0.162109 0.134766
1 0.960449 0.600098 0.065430 0.038086
1 0.995605 0.611328 0.008789 0.029297
1 0.958496 0.662109 0.083008 0.083984
