0 0.500000 0.500000 1.000000 1.000000
0 0.594238 0.117676 0.811523 0.235352
0 0.711914 0.889648 0.576172 0.220703
0 0.779297 0.913086 0.441406 0.173828
0 0.849121 0.941406 0.301758 0.117188
1 0.073242 0.365723 0.146484 0.731445
1 0.513672 0.137695 0.972656 0.275391
1 0.604980 0.078613 0.790039 0.157227
1 0.900879 0.083984 0.198242 0.087891
1 0.190918 0.052734 0.034180 0.023438
1 0.195312 0.100586 0.107422 0.056641
1 0.489258 0.251953 0.464844 0.314453
1 0.748047 0.174805 0.503906 0.103516
1 0.200195 0.228027 0.226562 0.206055
1 0.865234 0.280273 0.269531 0.119141
1 0.185547 0.651367 0.371094 0.697266
1 0.689453 0.495605 0.621094 0.364258
1 0.273438 0.599121 0.275391 0.352539
1 0.380859 0.431641 0.011719 0.015625
1 0.825684 0.562012 0.303711 0.145508
1 0.565918 0.609863 0.280273 0.135742
1 0.850586 0.665039 0.298828 0.187500
1 0.330566 0.707031 0.258789 0.208984
1 0.700195 0.750977 0.455078 0.183594
1 0.402344 0.807129 0.240234 0.233398
1 0.668457 0.874512 0.663086 0.250977
1 0.740723 0.899902 0.518555 0.200195
1 0.304199 0.913574 0.219727 0.172852
1 0.845215 0.933105 0.309570 0.133789
1 0.878418 0.951660 0.243164 0.096680
