0 0.444336 0.038574 0.888672 0.077148
0 0.500000 0.609863 1.000000 0.780273
0 0.895996 0.961914 0.208008 0.076172
1 0.419922 0.034668 0.839844 0.069336
1 0.500000 0.140137 1.000000 0.280273
1 0.960938 0.280273 0.072266 0.105469
1 0.890625 0.284668 0.070312 0.106445
1 0.817383 0.290527 0.074219 0.106445
1 0.737305 0.296875 0.091797 0.109375
1 0.517578 0.359375 0.341797 0.222656
1 0.495117 0.319824 0.070312 0.120117
1 0.399902 0.294922 0.108398 0.064453
1 0.305176 0.372559 0.075195 0.209961
1 0.223633 0.379883 0.074219 0.208984
1 0.147949 0.383789 0.077148 0.207031
1 0.074219 0.389160 0.074219 0.202148
1 0.016113 0.394043 0.032227 0.198242
1 0.897949 0.377930 0.204102 0.083984
1 0.748047 0.385742 0.087891 0.070312
1 0.944336 0.454102 0.111328 0.072266
1 0.845215 0.504395 0.086914 0.163086
1 0.667969 0.544434 0.265625 0.217773
1 0.668457 0.497070 0.079102 0.107422
1 0.487793 0.564941 0.086914 0.198242
1 0.395996 0.572754 0.079102 0.196289
1 0.314941 0.580566 0.073242 0.192383
1 0.946289 0.540527 0.107422 0.090820
1 0.160645 0.578125 0.073242 0.162109
1 0.084961 0.599121 0.070312 0.196289
1 0.020996 0.602539 0.041992 0.193359
1 0.234863 0.599121 0.071289 0.172852
1 0.766113 0.636719 0.254883 0.091797
1 0.949219 0.628906 0.101562 0.072266
1 0.789551 0.833008 0.413086 0.333984
1 0.484375 0.714355 0.169922 0.084961
1 0.343262 0.726074 0.096680 0.075195
1 0.201172 0.848633 0.402344 0.302734
1 0.991699 0.759766 0.016602 0.072266
1 0.491699 0.801758 0.176758 0.089844
1 0.320312 0.804688 0.144531 0.066406
1 0.987305 0.831543 0.025391 0.059570
1 0.882324 0.894531 0.235352 0.169922
1 0.502930 0.922363 0.197266 0.155273
1 0.889648 0.958496 0.220703 0.083008
1 0.923828 0.972168 0.152344 0.055664
1 0.543945 0.981445 0.136719 0.037109
