0 0.219238 0.374023 0.438477 0.748047
0 0.611816 0.191895 0.536133 0.383789
0 0.895996 0.047852 0.118164 0.095703
0 0.500000 0.708008 1.000000 0.583984
0 0.546875 0.614746 0.177734 0.106445
0 0.624512 0.907715 0.161133 0.127930
1 0.032715 0.018555 0.065430 0.037109
1 0.500000 0.448242 1.000000 0.896484
1 0.432617 0.023438 0.146484 0.046875
1 0.611816 0.073242 0.223633 0.146484
1 0.725586 0.001953 0.007812 0.003906
1 0.070312 0.197266 0.140625 0.306641
1 0.717285 0.273926 0.000977 0.000977
1 0.533691 0.303223 0.034180 0.018555
1 0.515137 0.312988 0.000977 0.000977
1 0.513184 0.313965 0.000977 0.000977
1 0.059570 0.521484 0.119141 0.404297
1 0.920410 0.583008 0.159180 0.312500
1 0.659180 0.761230 0.681641 0.477539
1 0.166504 0.912109 0.333008 0.175781
