0 0.208496 0.057617 0.049805 0.115234
0 0.500000 0.500000 1.000000 1.000000
0 0.458984 0.952637 0.082031 0.094727
1 0.452148 0.174805 0.904297 0.349609
1 0.940430 0.094727 0.119141 0.189453
1 0.434082 0.105469 0.288086 0.111328
1 0.860840 0.517090 0.278320 0.682617
1 0.018066 0.573730 0.036133 0.461914
1 0.387207 0.648926 0.774414 0.610352
1 0.408203 0.587891 0.140625 0.140625
1 0.055664 0.602051 0.011719 0.090820
1 0.110840 0.602051 0.075195 0.090820
1 0.099121 0.694336 0.098633 0.056641
1 0.290039 0.729492 0.148438 0.113281
1 0.768555 0.865234 0.167969 0.269531
1 0.480957 0.867676 0.385742 0.264648
1 0.931152 0.913574 0.137695 0.172852
1 0.181641 0.944336 0.218750 0.111328
1 0.031250 0.983887 0.062500 0.032227
