0 0.500000 0.500000 1.000000 1.000000
0 0.969727 0.007812 0.015625 0.015625
1 0.439453 0.270020 0.878906 0.540039
1 0.914551 0.072754 0.170898 0.145508
1 0.881348 0.220215 0.237305 0.149414
1 0.593262 0.357910 0.334961 0.342773
1 0.956543 0.404785 0.086914 0.239258
1 0.812500 0.410156 0.208984 0.228516
1 0.680176 0.681641 0.639648 0.271484
1 0.203125 0.725098 0.406250 0.340820
1 0.657227 0.894043 0.685547 0.151367
1 0.159668 0.923828 0.319336 0.152344
1 0.506348 0.981445 0.405273 0.037109
1 0.857422 0.983887 0.285156 0.032227
