0 0.500000 0.500000 1.000000 1.000000
1 0.148926 0.230957 0.297852 0.461914
1 0.267578 0.156738 0.205078 0.313477
1 0.607910 0.229004 0.784180 0.458008
1 0.428711 0.435547 0.248047 0.113281
1 0.267090 0.705078 0.534180 0.589844
1 0.664062 0.473633 0.234375 0.097656
1 0.889160 0.585449 0.221680 0.317383
1 0.646973 0.603516 0.264648 0.201172
1 0.868652 0.652344 0.202148 0.152344
1 0.708008 0.618652 0.107422 0.067383
1 0.759277 0.625977 0.043945 0.052734
1 0.693848 0.677734 0.137695 0.058594
1 0.840820 0.687012 0.160156 0.069336
1 0.536133 0.791016 0.121094 0.191406
1 0.669922 0.826660 0.179688 0.233398
1 0.873047 0.856934 0.253906 0.286133
1 0.604492 0.863770 0.109375 0.122070
1 0.575195 0.938477 0.292969 0.123047
1 0.728027 0.944824 0.069336 0.110352
1 0.382324 0.983398 0.094727 0.033203
1 0.479980 0.992188 0.088867 0.015625
