0 0.143066 0.365234 0.286133 0.730469
0 0.615723 0.431152 0.768555 0.862305
0 0.950684 0.740723 0.098633 0.518555
0 0.970215 0.944824 0.059570 0.110352
0 0.492188 0.981934 0.134766 0.036133
1 0.076660 0.055664 0.153320 0.111328
1 0.500000 0.500000 1.000000 1.000000
1 0.320801 0.001465 0.010742 0.002930
1 0.439453 0.025879 0.191406 0.051758
1 0.687988 0.041992 0.291992 0.083984
1 0.921387 0.049805 0.157227 0.099609
1 0.694824 0.084473 0.610352 0.088867
1 0.090820 0.182617 0.181641 0.181641
1 0.137695 0.370117 0.275391 0.304688
1 0.954102 0.754395 0.091797 0.491211
1 0.990723 0.926270 0.018555 0.038086
1 0.977051 0.974609 0.045898 0.050781
1 0.477539 0.990234 0.074219 0.019531
