0 0.342773 0.141113 0.187500 0.282227
0 0.271973 0.500000 0.543945 1.000000
0 0.719727 0.500000 0.560547 1.000000
0 0.975586 0.566895 0.048828 0.036133
0 0.553223 0.975098 0.008789 0.049805
0 0.644043 0.983887 0.010742 0.032227
1 0.265625 0.204590 0.531250 0.409180
1 0.493164 0.500000 0.123047 1.000000
1 0.592773 0.055664 0.068359 0.111328
1 0.654785 0.061035 0.063477 0.122070
1 0.757324 0.075195 0.143555 0.150391
1 0.906738 0.092285 0.184570 0.184570
1 0.990234 0.115234 0.019531 0.144531
1 0.603027 0.227539 0.127930 0.226562
1 0.729004 0.253906 0.166992 0.238281
1 0.889160 0.283691 0.221680 0.237305
1 0.198730 0.477539 0.397461 0.306641
1 0.573730 0.426758 0.118164 0.199219
1 0.724121 0.461426 0.215820 0.213867
1 0.895996 0.509277 0.208008 0.231445
1 0.223633 0.710449 0.447266 0.579102
1 0.475098 0.466797 0.000977 0.001953
1 0.439941 0.734375 0.069336 0.531250
1 0.541016 0.689941 0.126953 0.358398
1 0.623047 0.705566 0.130859 0.338867
1 0.698730 0.715820 0.166992 0.326172
1 0.982910 0.564941 0.034180 0.018555
1 0.813477 0.731445 0.269531 0.306641
1 0.950684 0.688477 0.098633 0.132812
1 0.955566 0.811035 0.088867 0.186523
1 0.834961 0.808105 0.107422 0.159180
1 0.893555 0.820801 0.136719 0.157227
1 0.110352 0.785645 0.128906 0.075195
1 0.221680 0.800781 0.083984 0.074219
1 0.339355 0.820312 0.143555 0.085938
1 0.589844 0.937500 0.263672 0.125000
1 0.781738 0.945312 0.209961 0.109375
1 0.923340 0.956543 0.153320 0.086914
