0 0.500000 0.500000 1.000000 1.000000
0 0.963867 0.000977 0.072266 0.001953
0 0.860352 0.956543 0.279297 0.086914
1 0.037109 0.045410 0.074219 0.090820
1 0.087891 0.050781 0.021484 0.101562
1 0.189941 0.061035 0.198242 0.122070
1 0.304199 0.057617 0.038086 0.115234
1 0.344238 0.056152 0.049805 0.112305
1 0.388672 0.054688 0.048828 0.109375
1 0.537598 0.053223 0.254883 0.106445
1 0.625488 0.005859 0.063477 0.011719
1 0.727539 0.044922 0.136719 0.089844
1 0.817871 0.038574 0.006836 0.077148
1 0.863281 0.043945 0.048828 0.087891
1 0.948730 0.044922 0.102539 0.089844
1 0.019531 0.093750 0.039062 0.042969
1 0.758301 0.316895 0.131836 0.440430
1 0.475586 0.124512 0.640625 0.049805
1 0.922363 0.104004 0.155273 0.006836
1 0.891113 0.169434 0.096680 0.110352
1 0.975586 0.172363 0.048828 0.116211
1 0.061035 0.144531 0.122070 0.056641
1 0.573242 0.336914 0.466797 0.423828
1 0.265625 0.236328 0.222656 0.164062
1 0.393555 0.366699 0.560547 0.383789
1 0.004883 0.190430 0.009766 0.003906
1 0.135742 0.416504 0.271484 0.450195
1 0.512207 0.224121 0.112305 0.057617
1 0.194824 0.303223 0.231445 0.178711
1 0.852051 0.407227 0.295898 0.355469
1 0.471680 0.253418 0.056641 0.041992
1 0.976074 0.267090 0.047852 0.061523
1 0.525391 0.267090 0.058594 0.043945
1 0.294434 0.506348 0.249023 0.299805
1 0.075684 0.454590 0.045898 0.137695
1 0.454102 0.548828 0.140625 0.226562
1 0.590820 0.578613 0.169922 0.155273
1 0.314941 0.594727 0.071289 0.128906
1 0.359375 0.601562 0.066406 0.119141
1 0.907227 0.631836 0.185547 0.160156
1 0.713867 0.618652 0.048828 0.043945
1 0.169922 0.649414 0.339844 0.046875
1 0.013184 0.686523 0.026367 0.097656
1 0.774902 0.806152 0.411133 0.334961
1 0.091309 0.716797 0.116211 0.142578
1 0.537109 0.662598 0.224609 0.018555
1 0.651855 0.685547 0.022461 0.046875
1 0.402832 0.834473 0.493164 0.331055
1 0.990723 0.740723 0.018555 0.036133
1 0.783203 0.864258 0.433594 0.271484
1 0.010742 0.786621 0.021484 0.086914
1 0.760742 0.850586 0.179688 0.207031
1 0.848145 0.854004 0.143555 0.182617
1 0.537109 0.888184 0.142578 0.223633
1 0.073242 0.895508 0.146484 0.208984
1 0.009766 0.880371 0.019531 0.081055
1 0.204102 0.948242 0.097656 0.103516
1 0.294434 0.952148 0.073242 0.095703
1 0.993164 0.944336 0.013672 0.037109
1 0.996582 0.982910 0.006836 0.034180
1 0.883301 0.985352 0.208008 0.029297
