0 0.500000 0.500000 1.000000 1.000000
0 0.005371 0.084961 0.010742 0.050781
0 0.805176 0.152832 0.000977 0.000977
0 0.778809 0.197754 0.000977 0.000977
0 0.815918 0.381348 0.000977 0.000977
0 0.826660 0.431152 0.000977 0.000977
0 0.832520 0.452637 0.000977 0.000977
0 0.834473 0.456543 0.000977 0.000977
0 0.812012 0.477051 0.000977 0.000977
0 0.811035 0.479004 0.000977 0.000977
0 0.810059 0.480957 0.000977 0.000977
0 0.789551 0.503418 0.000977 0.000977
0 0.797363 0.512207 0.000977 0.000977
0 0.796387 0.516113 0.000977 0.000977
0 0.924316 0.628418 0.000977 0.000977
0 0.912598 0.631348 0.000977 0.000977
0 0.914551 0.632324 0.000977 0.000977
0 0.915527 0.633301 0.000977 0.000977
0 0.916504 0.634277 0.000977 0.000977
0 0.921387 0.637207 0.000977 0.000977
0 0.678223 0.668457 0.000977 0.000977
0 0.541504 0.691895 0.000977 0.000977
0 0.545410 0.697754 0.000977 0.000977
0 0.644043 0.700684 0.000977 0.000977
0 0.643066 0.701660 0.000977 0.000977
0 0.626465 0.705566 0.000977 0.000977
0 0.637207 0.708496 0.000977 0.000977
0 0.636230 0.709473 0.000977 0.000977
0 0.635254 0.710449 0.000977 0.000977
0 0.632324 0.715332 0.000977 0.000977
0 0.563965 0.720215 0.000977 0.000977
0 0.458496 0.726074 0.000977 0.000977
0 0.509277 0.729004 0.000977 0.000977
0 0.489746 0.732910 0.000977 0.000977
0 0.499512 0.735840 0.000977 0.000977
0 0.532715 0.745605 0.000977 0.000977
0 0.542480 0.748535 0.000977 0.000977
0 0.613770 0.749512 0.000977 0.000977
0 0.595215 0.752441 0.000977 0.000977
0 0.595215 0.765137 0.000977 0.000977
0 0.587402 0.814941 0.000977 0.000977
0 0.973145 0.872070 0.053711 0.085938
0 0.576660 0.844238 0.000977 0.000977
0 0.571777 0.855957 0.000977 0.000977
0 0.582520 0.856934 0.000977 0.000977
0 0.559082 0.887207 0.000977 0.000977
1 0.395508 0.300293 0.791016 0.600586
1 0.713867 0.059570 0.216797 0.119141
1 0.895020 0.337402 0.209961 0.674805
1 0.834473 0.016113 0.000977 0.000977
1 0.002930 0.082520 0.005859 0.032227
1 0.810059 0.121582 0.000977 0.000977
1 0.784668 0.174316 0.000977 0.000977
1 0.289551 0.493652 0.579102 0.512695
1 0.748047 0.461426 0.132812 0.313477
1 0.812012 0.365723 0.000977 0.000977
1 0.814941 0.381348 0.000977 0.000977
1 0.462891 0.596191 0.402344 0.323242
1 0.831543 0.452637 0.000977 0.000977
1 0.832520 0.533691 0.096680 0.147461
1 0.808105 0.484863 0.000977 0.000977
1 0.807129 0.486816 0.000977 0.000977
1 0.806152 0.488770 0.000977 0.000977
1 0.805176 0.490723 0.000977 0.000977
1 0.794434 0.521973 0.000977 0.000977
1 0.878418 0.576660 0.000977 0.000977
1 0.686035 0.643555 0.065430 0.070312
1 0.741699 0.806641 0.366211 0.386719
1 0.767090 0.622559 0.000977 0.000977
1 0.683594 0.709473 0.152344 0.168945
1 0.924316 0.629395 0.000977 0.000977
1 0.915527 0.632324 0.000977 0.000977
1 0.916504 0.633301 0.000977 0.000977
1 0.936523 0.821289 0.126953 0.357422
1 0.986816 0.665527 0.000977 0.000977
1 0.677246 0.668457 0.000977 0.000977
1 0.189453 0.752930 0.261719 0.107422
1 0.643066 0.700684 0.000977 0.000977
1 0.642090 0.701660 0.000977 0.000977
1 0.049805 0.852051 0.099609 0.295898
1 0.639160 0.704590 0.000977 0.000977
1 0.303223 0.852539 0.590820 0.294922
1 0.637207 0.707520 0.000977 0.000977
1 0.636230 0.708496 0.000977 0.000977
1 0.635254 0.709473 0.000977 0.000977
1 0.634277 0.710449 0.000977 0.000977
1 0.633301 0.712402 0.000977 0.000977
1 0.632324 0.714355 0.000977 0.000977
1 0.595215 0.764160 0.000977 0.000977
1 0.596191 0.765137 0.000977 0.000977
1 0.588379 0.814941 0.000977 0.000977
1 0.560059 0.887207 0.000977 0.000977
