0 0.500000 0.500000 1.000000 1.000000
0 0.883789 0.014160 0.017578 0.028320
0 0.978027 0.019043 0.043945 0.038086
0 0.990234 0.107910 0.019531 0.069336
0 0.955566 0.385254 0.088867 0.065430
0 0.349121 0.400879 0.000977 0.000977
0 0.350098 0.401855 0.000977 0.000977
1 0.008789 0.096191 0.017578 0.192383
1 0.506836 0.253418 0.986328 0.506836
1 0.981934 0.014648 0.036133 0.029297
1 0.562500 0.388184 0.289062 0.416992
1 0.002930 0.231934 0.005859 0.026367
1 0.147461 0.428223 0.294922 0.350586
1 0.797363 0.428223 0.405273 0.342773
1 0.585938 0.483887 0.146484 0.243164
1 0.398926 0.621094 0.288086 0.349609
1 0.545898 0.618652 0.195312 0.256836
1 0.205078 0.675781 0.410156 0.332031
1 0.293457 0.652344 0.215820 0.232422
1 0.160156 0.792480 0.320312 0.415039
1 0.811035 0.674316 0.377930 0.133789
1 0.800293 0.791992 0.245117 0.148438
1 0.981445 0.744629 0.037109 0.043945
1 0.641602 0.865234 0.410156 0.269531
1 0.934570 0.835938 0.130859 0.167969
1 0.456055 0.907715 0.189453 0.184570
1 0.337891 0.923828 0.232422 0.152344
1 0.931152 0.932617 0.137695 0.134766
1 0.854492 0.943848 0.109375 0.112305
1 0.926758 0.977051 0.035156 0.045898
1 0.544434 0.992676 0.036133 0.014648
