0 0.432617 0.500000 0.865234 1.000000
0 0.168457 0.050293 0.018555 0.100586
0 0.763184 0.746582 0.094727 0.506836
0 0.993652 0.960449 0.012695 0.012695
1 0.038086 0.069336 0.076172 0.138672
1 0.194824 0.157715 0.254883 0.315430
1 0.541016 0.500000 0.917969 1.000000
1 0.032715 0.230469 0.065430 0.162109
1 0.293457 0.267090 0.073242 0.069336
1 0.081543 0.312988 0.000977 0.010742
1 0.029785 0.321777 0.059570 0.006836
1 0.136230 0.322754 0.055664 0.006836
1 0.082031 0.328125 0.001953 0.005859
1 0.114746 0.550781 0.229492 0.441406
1 0.015625 0.573730 0.031250 0.081055
1 0.014160 0.658691 0.028320 0.059570
1 0.012695 0.732910 0.025391 0.061523
1 0.011719 0.808105 0.023438 0.061523
1 0.117188 0.866699 0.154297 0.176758
1 0.199707 0.891113 0.282227 0.217773
1 0.011230 0.883301 0.022461 0.061523
1 0.010742 0.946777 0.021484 0.038086
1 0.024414 0.985352 0.048828 0.029297
