0 0.500000 0.319824 1.000000 0.639648
0 0.936035 0.510742 0.127930 0.119141
1 0.217285 0.182617 0.434570 0.365234
1 0.492676 0.085449 0.157227 0.170898
1 0.762207 0.119629 0.475586 0.239258
1 0.339844 0.234863 0.238281 0.215820
1 0.453613 0.206543 0.112305 0.096680
1 0.500000 0.602539 1.000000 0.794922
1 0.380371 0.251953 0.098633 0.085938
1 0.889160 0.337402 0.221680 0.219727
1 0.882812 0.239746 0.044922 0.018555
1 0.938477 0.241211 0.087891 0.015625
1 0.215820 0.316406 0.111328 0.115234
1 0.154785 0.346680 0.102539 0.115234
1 0.100098 0.375977 0.098633 0.107422
1 0.045410 0.407715 0.090820 0.104492
1 0.263184 0.407227 0.090820 0.095703
1 0.200195 0.438965 0.097656 0.100586
1 0.016602 0.438477 0.033203 0.072266
1 0.064453 0.492676 0.128906 0.102539
1 0.988770 0.463867 0.022461 0.021484
1 0.024414 0.584961 0.048828 0.097656
