0 0.500000 0.445312 1.000000 0.890625
0 0.936523 0.041504 0.126953 0.083008
0 0.987305 0.438477 0.025391 0.019531
1 0.150879 0.205566 0.301758 0.411133
1 0.374512 0.012207 0.118164 0.024414
1 0.605957 0.001953 0.049805 0.003906
1 0.696777 0.016113 0.108398 0.032227
1 0.815918 0.037598 0.110352 0.075195
1 0.934082 0.052246 0.131836 0.104492
1 0.947266 0.007324 0.105469 0.014648
1 0.540039 0.030273 0.191406 0.054688
1 0.725098 0.096191 0.286133 0.155273
1 0.374023 0.060547 0.119141 0.066406
1 0.526855 0.117188 0.165039 0.105469
1 0.925781 0.210449 0.148438 0.233398
1 0.375977 0.129395 0.123047 0.065430
1 0.989258 0.172852 0.021484 0.117188
1 0.753418 0.168945 0.190430 0.095703
1 0.598633 0.208008 0.175781 0.119141
1 0.400879 0.225586 0.182617 0.119141
1 0.487305 0.204102 0.087891 0.060547
1 0.788086 0.261719 0.212891 0.115234
1 0.704590 0.309570 0.444336 0.113281
1 0.400879 0.343750 0.176758 0.119141
1 0.562988 0.382812 0.180664 0.181641
1 0.968262 0.351074 0.063477 0.053711
1 0.695801 0.468262 0.329102 0.209961
1 0.891113 0.418457 0.055664 0.106445
1 0.861328 0.463867 0.113281 0.160156
1 0.961426 0.498535 0.077148 0.229492
1 0.850098 0.385254 0.000977 0.000977
1 0.848633 0.386230 0.001953 0.000977
1 0.773926 0.500000 0.147461 0.226562
1 0.434570 0.471680 0.259766 0.125000
1 0.155762 0.651855 0.311523 0.463867
1 0.798828 0.521973 0.035156 0.040039
1 0.482910 0.558594 0.356445 0.058594
1 0.907715 0.587891 0.180664 0.111328
1 0.808594 0.583984 0.083984 0.087891
1 0.697266 0.611816 0.216797 0.063477
1 0.443359 0.614746 0.279297 0.061523
1 0.907227 0.670410 0.185547 0.079102
1 0.555176 0.677734 0.502930 0.050781
1 0.556641 0.737305 0.492188 0.056641
1 0.905762 0.737793 0.188477 0.051758
1 0.500000 0.875488 1.000000 0.249023
