0 0.518555 0.545898 0.962891 0.908203
0 0.560059 0.269043 0.000977 0.000977
0 0.556152 0.270996 0.000977 0.000977
0 0.554199 0.271973 0.000977 0.000977
0 0.550293 0.273926 0.000977 0.000977
0 0.548340 0.274902 0.000977 0.000977
1 0.500000 0.500000 1.000000 1.000000
1 0.528809 0.552734 0.942383 0.894531
1 0.625488 0.237793 0.000977 0.000977
1 0.623535 0.238770 0.000977 0.000977
1 0.621582 0.239746 0.000977 0.000977
1 0.618652 0.240723 0.000977 0.000977
1 0.616699 0.241699 0.000977 0.000977
1 0.574707 0.261230 0.000977 0.000977
