0 0.078125 0.104004 0.156250 0.208008
0 0.500000 0.500000 1.000000 1.000000
0 0.362305 0.895996 0.009766 0.208008
1 0.075195 0.101562 0.150391 0.203125
1 0.287598 0.359863 0.575195 0.719727
1 0.482422 0.063477 0.107422 0.126953
1 0.579590 0.069824 0.108398 0.139648
1 0.642090 0.091309 0.129883 0.182617
1 0.776367 0.045410 0.148438 0.090820
1 0.848145 0.000488 0.008789 0.000977
1 0.945312 0.005859 0.089844 0.011719
1 0.997070 0.007324 0.005859 0.014648
1 0.930176 0.026855 0.139648 0.047852
1 0.451172 0.059570 0.060547 0.095703
1 0.894043 0.180176 0.211914 0.276367
1 0.959961 0.065430 0.080078 0.033203
1 0.717285 0.192383 0.221680 0.232422
1 0.685059 0.528320 0.629883 0.679688
1 0.894531 0.370117 0.210938 0.085938
1 0.908691 0.447754 0.182617 0.098633
1 0.941406 0.511719 0.117188 0.042969
1 0.953125 0.554199 0.093750 0.041992
1 0.966797 0.595703 0.066406 0.041016
1 0.980957 0.634277 0.038086 0.032227
1 0.993164 0.667969 0.013672 0.023438
1 0.256836 0.853516 0.513672 0.292969
1 0.588379 0.883301 0.166992 0.233398
1 0.665039 0.808105 0.039062 0.024414
1 0.700684 0.903320 0.106445 0.193359
1 0.799805 0.909180 0.109375 0.181641
1 0.925781 0.921387 0.148438 0.157227
1 0.748535 0.995605 0.016602 0.008789
