0 0.500000 0.500000 1.000000 1.000000
0 0.976074 0.057129 0.047852 0.114258
1 0.099609 0.129883 0.199219 0.259766
1 0.374023 0.122070 0.341797 0.244141
1 0.655762 0.107910 0.206055 0.215820
1 0.808594 0.029297 0.087891 0.058594
1 0.885254 0.101562 0.229492 0.203125
1 0.983398 0.041504 0.033203 0.083008
1 0.828613 0.096191 0.124023 0.084961
1 0.887207 0.497559 0.225586 0.571289
1 0.514160 0.607910 0.596680 0.784180
1 0.103027 0.357910 0.206055 0.184570
1 0.108887 0.630371 0.217773 0.348633
1 0.913574 0.808594 0.172852 0.152344
1 0.224121 0.753906 0.020508 0.027344
1 0.212402 0.768066 0.000977 0.000977
1 0.229004 0.810547 0.079102 0.072266
1 0.090820 0.809570 0.181641 0.037109
1 0.278809 0.805176 0.000977 0.000977
1 0.464355 0.902832 0.395508 0.194336
1 0.891113 0.904785 0.217773 0.190430
1 0.085449 0.911133 0.170898 0.177734
1 0.163086 0.920898 0.117188 0.158203
1 0.370605 0.927246 0.475586 0.145508
1 0.816406 0.950195 0.193359 0.099609
1 0.895996 0.964355 0.163086 0.071289
