0 0.670898 0.122559 0.607422 0.245117
0 0.127441 0.144043 0.254883 0.022461
0 0.934082 0.259277 0.131836 0.069336
0 0.474121 0.278809 0.084961 0.018555
0 0.881348 0.370117 0.237305 0.085938
0 0.859375 0.515625 0.281250 0.126953
0 0.028809 0.483398 0.057617 0.007812
0 0.734375 0.751465 0.531250 0.497070
0 0.104980 0.658203 0.209961 0.039062
0 0.932617 0.706055 0.134766 0.044922
0 0.932617 0.783691 0.134766 0.040039
0 0.123047 0.906738 0.246094 0.104492
0 0.317383 0.939453 0.039062 0.121094
0 0.008301 0.979980 0.016602 0.040039
1 0.500000 0.500000 1.000000 1.000000
1 0.483398 0.117188 0.197266 0.234375
1 0.652832 0.102539 0.295898 0.205078
1 0.863281 0.042969 0.195312 0.085938
1 0.740234 0.803711 0.519531 0.392578
1 0.559570 0.978027 0.160156 0.043945
1 0.789551 0.978027 0.333008 0.043945
