0 0.361328 0.025879 0.054688 0.051758
0 0.500000 0.372559 1.000000 0.620117
0 0.476074 0.770020 0.952148 0.459961
0 0.977051 0.871094 0.045898 0.257812
1 0.500000 0.250000 1.000000 0.500000
1 0.500000 0.537598 1.000000 0.924805
1 0.102539 0.401855 0.205078 0.383789
1 0.202637 0.266113 0.000977 0.000977
1 0.211914 0.272461 0.017578 0.011719
1 0.143066 0.280762 0.026367 0.020508
1 0.042969 0.624512 0.085938 0.088867
1 0.380371 0.727051 0.215820 0.059570
1 0.382324 0.797363 0.211914 0.059570
1 0.981934 0.898438 0.036133 0.203125
1 0.382812 0.875000 0.189453 0.070312
1 0.020020 0.929199 0.040039 0.081055
1 0.306641 0.905762 0.015625 0.012695
1 0.472168 0.912598 0.026367 0.014648
1 0.087402 0.972656 0.096680 0.054688
1 0.404297 0.975586 0.556641 0.048828
1 0.033691 0.969238 0.000977 0.000977
1 0.016602 0.984863 0.033203 0.030273
