0 0.127930 0.047363 0.255859 0.094727
0 0.500000 0.500000 1.000000 1.000000
1 0.118652 0.043945 0.237305 0.087891
1 0.233398 0.139160 0.466797 0.278320
1 0.495117 0.002441 0.044922 0.004883
1 0.678711 0.024414 0.173828 0.048828
1 0.822266 0.214844 0.355469 0.429688
1 0.508301 0.109375 0.268555 0.181641
1 0.467773 0.234375 0.410156 0.175781
1 0.276367 0.488281 0.552734 0.558594
1 0.690430 0.639160 0.619141 0.721680
1 0.796875 0.398926 0.150391 0.135742
1 0.906738 0.471680 0.145508 0.148438
1 0.508301 0.526367 0.096680 0.250000
1 0.176758 0.661133 0.353516 0.384766
1 0.220703 0.875000 0.441406 0.250000
