0 0.500000 0.500000 1.000000 1.000000
0 0.029297 0.046387 0.058594 0.022461
1 0.068848 0.086914 0.137695 0.173828
1 0.315430 0.173828 0.466797 0.347656
1 0.703125 0.029297 0.281250 0.058594
1 0.905762 0.041016 0.188477 0.082031
1 0.609863 0.042480 0.131836 0.071289
1 0.566895 0.247070 0.588867 0.431641
1 0.746094 0.161133 0.281250 0.250000
1 0.929688 0.188965 0.140625 0.256836
1 0.596191 0.091309 0.112305 0.045898
1 0.496582 0.173828 0.250977 0.152344
1 0.853516 0.305176 0.255859 0.334961
1 0.072754 0.232422 0.145508 0.152344
1 0.349609 0.455566 0.699219 0.282227
1 0.989746 0.442871 0.020508 0.079102
1 0.428711 0.555176 0.857422 0.215820
1 0.805664 0.563965 0.259766 0.200195
1 0.023438 0.533203 0.046875 0.134766
1 0.444336 0.739746 0.888672 0.520508
1 0.967773 0.585938 0.064453 0.199219
1 0.940430 0.581543 0.042969 0.172852
1 0.979004 0.696289 0.041992 0.015625
1 0.944824 0.787109 0.110352 0.185547
1 0.892578 0.930664 0.214844 0.138672
