0 0.500000 0.500000 1.000000 1.000000
0 0.969727 0.614746 0.060547 0.383789
0 0.008301 0.489258 0.016602 0.046875
1 0.087402 0.106445 0.174805 0.212891
1 0.189453 0.114746 0.250000 0.229492
1 0.315430 0.002930 0.011719 0.005859
1 0.552734 0.107422 0.482422 0.214844
1 0.857910 0.148438 0.284180 0.296875
1 0.399414 0.160645 0.281250 0.153320
1 0.347656 0.558105 0.253906 0.737305
1 0.022949 0.220703 0.045898 0.050781
1 0.596191 0.279297 0.194336 0.164062
1 0.790039 0.554688 0.419922 0.628906
1 0.208984 0.251953 0.019531 0.019531
1 0.126953 0.623047 0.253906 0.753906
1 0.474121 0.362305 0.114258 0.232422
1 0.526855 0.422363 0.069336 0.124023
1 0.614258 0.426270 0.068359 0.118164
1 0.976074 0.608398 0.047852 0.339844
1 0.270508 0.589844 0.070312 0.300781
1 0.514160 0.657227 0.153320 0.351562
1 0.752930 0.816895 0.316406 0.223633
1 0.290527 0.873535 0.049805 0.252930
1 0.653320 0.894531 0.312500 0.210938
1 0.508789 0.886230 0.103516 0.124023
1 0.992676 0.870117 0.014648 0.023438
1 0.407715 0.948730 0.188477 0.102539
1 0.848145 0.952148 0.172852 0.095703
1 0.922363 0.958496 0.155273 0.083008
