0 0.500000 0.500000 1.000000 1.000000
0 0.022461 0.944824 0.044922 0.110352
1 0.020508 0.030273 0.041016 0.060547
1 0.083496 0.041992 0.098633 0.083984
1 0.174316 0.054199 0.116211 0.108398
1 0.294922 0.015137 0.119141 0.030273
1 0.471680 0.025391 0.220703 0.050781
1 0.632812 0.077148 0.089844 0.154297
1 0.779785 0.080566 0.208008 0.161133
1 0.842285 0.003906 0.086914 0.007812
1 0.926270 0.082520 0.102539 0.165039
1 0.989746 0.035645 0.020508 0.071289
1 0.396484 0.089844 0.378906 0.119141
1 0.256348 0.201660 0.512695 0.274414
1 0.986816 0.121582 0.026367 0.088867
1 0.603027 0.221191 0.168945 0.133789
1 0.017578 0.234863 0.035156 0.155273
1 0.848145 0.417480 0.303711 0.508789
1 0.170898 0.360840 0.341797 0.377930
1 0.968262 0.216797 0.063477 0.085938
1 0.441406 0.399414 0.244141 0.281250
1 0.651855 0.411133 0.268555 0.232422
1 0.010254 0.380859 0.020508 0.044922
1 0.122559 0.476074 0.178711 0.221680
1 0.045410 0.476074 0.090820 0.147461
1 0.709473 0.702148 0.581055 0.595703
1 0.295410 0.597656 0.155273 0.197266
1 0.067383 0.589844 0.134766 0.130859
1 0.007324 0.543945 0.014648 0.033203
1 0.464355 0.573242 0.206055 0.091797
1 0.217285 0.648926 0.141602 0.166992
1 0.156250 0.762207 0.312500 0.325195
1 0.528320 0.711914 0.115234 0.201172
1 0.440918 0.722168 0.125977 0.219727
1 0.310059 0.735840 0.161133 0.137695
1 0.009766 0.772949 0.019531 0.041992
1 0.345703 0.830566 0.150391 0.151367
1 0.060059 0.897949 0.120117 0.204102
1 0.372559 0.948242 0.510742 0.103516
1 0.017578 0.953613 0.035156 0.092773
