0 0.447266 0.500000 0.894531 1.000000
0 0.932129 0.500000 0.135742 1.000000
1 0.089355 0.013672 0.124023 0.027344
1 0.152832 0.035645 0.028320 0.071289
1 0.493652 0.164062 0.655273 0.328125
1 0.849121 0.166016 0.018555 0.332031
1 0.878906 0.500000 0.042969 1.000000
1 0.932129 0.177246 0.026367 0.354492
1 0.979492 0.213867 0.041016 0.427734
1 0.066406 0.034180 0.132812 0.056641
1 0.194824 0.331055 0.389648 0.554688
1 0.402832 0.610352 0.805664 0.779297
1 0.826660 0.715820 0.032227 0.568359
1 0.967773 0.722656 0.064453 0.554688
1 0.907715 0.727051 0.032227 0.545898
1 0.443848 0.586914 0.272461 0.150391
1 0.291016 0.593750 0.011719 0.011719
1 0.136719 0.661621 0.273438 0.110352
1 0.118652 0.727051 0.237305 0.151367
1 0.395508 0.768066 0.291016 0.155273
1 0.104980 0.822266 0.209961 0.154297
