0 0.500000 0.500000 1.000000 1.000000
0 0.019043 0.982422 0.038086 0.035156
1 0.062500 0.227051 0.125000 0.454102
1 0.182617 0.056152 0.140625 0.112305
1 0.450684 0.045898 0.350586 0.091797
1 0.673828 0.017578 0.093750 0.035156
1 0.814453 0.019043 0.197266 0.038086
1 0.962402 0.009766 0.075195 0.019531
1 0.284180 0.127930 0.080078 0.240234
1 0.963867 0.064941 0.072266 0.081055
1 0.676270 0.063965 0.135742 0.077148
1 0.357910 0.140625 0.065430 0.224609
1 0.822754 0.062012 0.184570 0.067383
1 0.430664 0.152832 0.107422 0.209961
1 0.841309 0.134277 0.163086 0.133789
1 0.539062 0.114746 0.123047 0.083008
1 0.119141 0.140137 0.076172 0.110352
1 0.690430 0.159180 0.201172 0.115234
1 0.189453 0.162109 0.105469 0.115234
1 0.966309 0.144531 0.067383 0.050781
1 0.532227 0.188477 0.105469 0.060547
1 0.968262 0.196777 0.063477 0.045898
1 0.449219 0.203613 0.037109 0.038086
1 0.135742 0.216797 0.128906 0.050781
1 0.858887 0.251953 0.141602 0.089844
1 0.613281 0.266113 0.345703 0.096680
1 0.129883 0.244141 0.136719 0.046875
1 0.970703 0.296387 0.058594 0.129883
1 0.281738 0.274902 0.155273 0.053711
1 0.123535 0.274414 0.143555 0.044922
1 0.410645 0.333984 0.102539 0.117188
1 0.117676 0.367676 0.159180 0.166992
1 0.861328 0.316895 0.138672 0.041992
1 0.708008 0.330566 0.156250 0.047852
1 0.327148 0.333496 0.050781 0.051758
1 0.249512 0.379395 0.092773 0.141602
1 0.539551 0.351562 0.168945 0.083984
1 0.862305 0.362793 0.134766 0.041992
1 0.712891 0.376953 0.152344 0.064453
1 0.555664 0.394531 0.158203 0.076172
1 0.325684 0.408203 0.053711 0.089844
1 0.969238 0.397461 0.061523 0.054688
1 0.863770 0.419434 0.131836 0.075195
1 0.715820 0.420898 0.148438 0.054688
1 0.349609 0.451172 0.285156 0.107422
1 0.562988 0.444336 0.153320 0.056641
1 0.958984 0.519043 0.082031 0.176758
1 0.666016 0.480469 0.269531 0.085938
1 0.865723 0.487793 0.106445 0.069336
1 0.146484 0.570801 0.105469 0.223633
1 0.064453 0.520508 0.125000 0.117188
1 0.366699 0.542969 0.319336 0.128906
1 0.706543 0.516602 0.204102 0.054688
1 0.070801 0.624023 0.141602 0.255859
1 0.867676 0.557617 0.084961 0.080078
1 0.717773 0.676758 0.367188 0.294922
1 0.765625 0.592773 0.125000 0.125000
1 0.679199 0.626465 0.040039 0.170898
1 0.490234 0.618652 0.078125 0.149414
1 0.401855 0.645020 0.149414 0.129883
1 0.268555 0.661621 0.123047 0.106445
1 0.949219 0.710449 0.101562 0.194336
1 0.984863 0.664062 0.030273 0.097656
1 0.762695 0.682617 0.121094 0.058594
1 0.433594 0.722168 0.199219 0.055664
1 0.171875 0.722656 0.021484 0.021484
1 0.268555 0.770020 0.125000 0.104492
1 0.436523 0.779785 0.205078 0.094727
1 0.223145 0.846191 0.188477 0.186523
1 0.065918 0.880859 0.131836 0.238281
1 0.680664 0.904297 0.210938 0.166016
1 0.734375 0.910645 0.287109 0.178711
1 0.944336 0.912109 0.111328 0.175781
1 0.437012 0.877930 0.280273 0.099609
1 0.456055 0.962402 0.253906 0.075195
1 0.223633 0.971191 0.191406 0.057617
1 0.008789 0.992188 0.017578 0.015625
