0 0.500000 0.500000 1.000000 1.000000
0 0.003906 0.171387 0.007812 0.055664
0 0.991699 0.304688 0.016602 0.300781
0 0.001465 0.955566 0.002930 0.088867
0 0.980469 0.931641 0.039062 0.007812
0 0.837402 0.982910 0.008789 0.034180
1 0.030273 0.005371 0.060547 0.010742
1 0.097656 0.011230 0.060547 0.022461
1 0.155762 0.016113 0.049805 0.032227
1 0.208984 0.020996 0.052734 0.041992
1 0.301270 0.028320 0.131836 0.056641
1 0.302246 0.325684 0.161133 0.651367
1 0.589355 0.290039 0.692383 0.580078
1 0.932617 0.057129 0.125000 0.114258
1 0.000488 0.016113 0.000977 0.008789
1 0.162598 0.224609 0.325195 0.423828
1 0.971680 0.308105 0.056641 0.553711
1 0.875000 0.271484 0.125000 0.322266
1 0.941895 0.126953 0.028320 0.017578
1 0.217285 0.256836 0.088867 0.050781
1 0.076660 0.344727 0.065430 0.056641
1 0.135742 0.411133 0.187500 0.066406
1 0.998535 0.414551 0.002930 0.067383
1 0.112793 0.554199 0.225586 0.229492
1 0.840332 0.543457 0.047852 0.051758
1 0.529297 0.599609 0.103516 0.132812
1 0.353516 0.575195 0.224609 0.070312
1 0.711914 0.588867 0.253906 0.080078
1 0.351074 0.618652 0.227539 0.094727
1 0.901367 0.606934 0.109375 0.053711
1 0.982910 0.638184 0.034180 0.090820
1 0.759277 0.654785 0.395508 0.051758
1 0.096680 0.680664 0.193359 0.007812
1 0.591797 0.689453 0.675781 0.019531
1 0.111328 0.729980 0.210938 0.075195
1 0.410645 0.846680 0.387695 0.306641
1 0.773926 0.847656 0.333008 0.304688
1 0.974609 0.779785 0.050781 0.139648
1 0.603516 0.859863 0.031250 0.280273
1 0.997559 0.775879 0.004883 0.049805
1 0.108398 0.843750 0.214844 0.136719
1 0.996582 0.826660 0.006836 0.041992
1 0.968262 0.874023 0.038086 0.042969
1 0.994629 0.874023 0.010742 0.042969
1 0.106934 0.943848 0.213867 0.112305
1 0.973145 0.944824 0.053711 0.092773
1 0.639648 0.979004 0.078125 0.041992
1 0.701172 0.982422 0.037109 0.035156
1 0.960449 0.999512 0.026367 0.000977
