0 0.500000 0.500000 1.000000 1.000000
0 0.627930 0.092285 0.138672 0.184570
1 0.160156 0.230957 0.320312 0.461914
1 0.557129 0.197754 0.885742 0.395508
1 0.992188 0.143555 0.015625 0.021484
1 0.946777 0.257324 0.106445 0.202148
1 0.438477 0.225098 0.208984 0.112305
1 0.603516 0.510742 0.792969 0.525391
1 0.907715 0.380371 0.131836 0.127930
1 0.052246 0.438477 0.104492 0.210938
1 0.965332 0.419922 0.069336 0.121094
1 0.129395 0.642578 0.258789 0.404297
1 0.232910 0.516602 0.069336 0.064453
1 0.226562 0.797363 0.453125 0.405273
1 0.955078 0.710449 0.089844 0.196289
1 0.706055 0.725098 0.587891 0.217773
1 0.503906 0.793945 0.275391 0.246094
1 0.782715 0.868652 0.434570 0.262695
1 0.469727 0.912598 0.517578 0.174805
