0 0.500000 0.270020 1.000000 0.540039
0 0.500000 0.711914 1.000000 0.576172
0 0.770020 0.875488 0.459961 0.249023
1 0.291992 0.145020 0.583984 0.290039
1 0.789062 0.128906 0.421875 0.257812
1 0.074219 0.080566 0.148438 0.118164
1 0.233398 0.318359 0.466797 0.421875
1 0.500000 0.413086 1.000000 0.421875
1 0.392090 0.544434 0.295898 0.202148
1 0.140137 0.659668 0.280273 0.237305
1 0.555176 0.593262 0.055664 0.083008
1 0.435547 0.671875 0.261719 0.203125
1 0.917480 0.583496 0.165039 0.010742
1 0.712891 0.585938 0.212891 0.009766
1 0.677246 0.799805 0.645508 0.400391
1 0.169434 0.799316 0.338867 0.254883
1 0.716309 0.873535 0.327148 0.225586
1 0.936035 0.874023 0.127930 0.226562
1 0.219727 0.897461 0.306641 0.205078
1 0.249512 0.955566 0.206055 0.088867
1 0.040039 0.966797 0.080078 0.066406
1 0.842285 0.962891 0.028320 0.046875
1 0.933105 0.998047 0.133789 0.003906
