0 0.500000 0.500000 1.000000 1.000000
1 0.035156 0.089355 0.070312 0.178711
1 0.087891 0.106445 0.140625 0.212891
1 0.147949 0.069824 0.049805 0.139648
1 0.216797 0.040039 0.101562 0.080078
1 0.320801 0.012207 0.090820 0.024414
1 0.413574 0.023926 0.088867 0.047852
1 0.505371 0.036621 0.106445 0.073242
1 0.662598 0.224121 0.288086 0.448242
1 0.781738 0.288574 0.436523 0.577148
1 0.409180 0.091309 0.328125 0.161133
1 0.334961 0.157227 0.384766 0.167969
1 0.131348 0.291504 0.157227 0.276367
1 0.076172 0.288086 0.080078 0.230469
1 0.228027 0.275391 0.131836 0.199219
1 0.041504 0.237305 0.083008 0.109375
1 0.304688 0.306152 0.136719 0.209961
1 0.311035 0.470215 0.555664 0.495117
1 0.029297 0.336426 0.058594 0.124023
1 0.011230 0.427246 0.022461 0.028320
1 0.000977 0.448730 0.001953 0.014648
1 0.002930 0.472656 0.005859 0.023438
1 0.032227 0.491699 0.013672 0.018555
1 0.008789 0.504883 0.007812 0.007812
1 0.157227 0.575684 0.251953 0.125977
1 0.048340 0.634277 0.096680 0.225586
1 0.003418 0.536133 0.006836 0.021484
1 0.115234 0.669434 0.144531 0.209961
1 0.718262 0.784180 0.563477 0.431641
1 0.210449 0.701660 0.137695 0.186523
1 0.295898 0.640625 0.013672 0.011719
1 0.352051 0.674316 0.073242 0.061523
1 0.318848 0.704590 0.139648 0.108398
1 0.405762 0.727051 0.008789 0.006836
1 0.301758 0.786621 0.152344 0.104492
1 0.475098 0.812012 0.125977 0.153320
1 0.448242 0.820312 0.162109 0.146484
1 0.175293 0.834961 0.350586 0.167969
1 0.033203 0.846680 0.066406 0.025391
1 0.034668 0.924805 0.069336 0.150391
1 0.465332 0.928711 0.252930 0.142578
1 0.087891 0.863770 0.001953 0.000977
1 0.091309 0.864746 0.002930 0.000977
1 0.094727 0.865723 0.003906 0.000977
1 0.208008 0.898926 0.222656 0.065430
1 0.099121 0.937500 0.110352 0.125000
1 0.184570 0.950195 0.099609 0.099609
1 0.367188 0.962402 0.273438 0.075195
1 0.394531 0.951172 0.134766 0.048828
1 0.512207 0.989746 0.041992 0.020508
