0 0.500000 0.500000 1.000000 1.000000
0 0.306152 0.888672 0.241211 0.222656
0 0.487305 0.965332 0.048828 0.069336
0 0.562988 0.985352 0.024414 0.029297
1 0.095703 0.348145 0.191406 0.696289
1 0.254883 0.182617 0.232422 0.365234
1 0.321777 0.019043 0.131836 0.038086
1 0.395996 0.018066 0.016602 0.036133
1 0.563477 0.072754 0.326172 0.145508
1 0.620605 0.035156 0.217773 0.070312
1 0.819336 0.065430 0.210938 0.130859
1 0.959473 0.037598 0.081055 0.069336
1 0.604492 0.222168 0.542969 0.331055
1 0.350098 0.152832 0.067383 0.188477
1 0.960938 0.107422 0.078125 0.078125
1 0.815430 0.147949 0.195312 0.108398
1 0.947266 0.187988 0.105469 0.071289
1 0.906250 0.293457 0.187500 0.155273
1 0.308105 0.279297 0.020508 0.042969
1 0.501953 0.515137 0.996094 0.514648
1 0.325195 0.868652 0.650391 0.262695
1 0.783203 0.883301 0.433594 0.233398
1 0.265137 0.897461 0.077148 0.205078
1 0.662598 0.908203 0.262695 0.183594
1 0.771973 0.867188 0.274414 0.083984
1 0.347656 0.998047 0.068359 0.003906
