0 0.500000 0.500000 1.000000 1.000000
0 0.839355 0.817383 0.321289 0.365234
0 0.855957 0.836426 0.288086 0.327148
0 0.879883 0.861816 0.240234 0.276367
0 0.119141 0.895020 0.203125 0.209961
0 0.997070 0.896973 0.005859 0.012695
1 0.138184 0.055176 0.276367 0.110352
1 0.419434 0.137695 0.381836 0.275391
1 0.645020 0.110840 0.120117 0.221680
1 0.788086 0.128418 0.236328 0.256836
1 0.852539 0.069824 0.169922 0.139648
1 0.947754 0.136230 0.104492 0.272461
1 0.103516 0.096680 0.207031 0.035156
1 0.100586 0.209961 0.201172 0.234375
1 0.234863 0.210938 0.168945 0.160156
1 0.339355 0.233398 0.221680 0.199219
1 0.173828 0.273438 0.162109 0.148438
1 0.501953 0.265625 0.183594 0.123047
1 0.644531 0.287598 0.195312 0.131836
1 0.243652 0.488281 0.487305 0.496094
1 0.673828 0.374512 0.406250 0.256836
1 0.070312 0.335449 0.140625 0.159180
1 0.876953 0.375977 0.246094 0.216797
1 0.878906 0.518555 0.242188 0.353516
1 0.478516 0.361328 0.025391 0.027344
1 0.515137 0.502441 0.229492 0.211914
1 0.693848 0.555176 0.352539 0.297852
1 0.747559 0.501953 0.188477 0.175781
1 0.393066 0.749512 0.489258 0.500977
1 0.722168 0.704102 0.278320 0.351562
1 0.813477 0.788086 0.373047 0.423828
1 0.611816 0.703613 0.252930 0.233398
1 0.045410 0.710938 0.090820 0.169922
1 0.852051 0.831543 0.295898 0.336914
1 0.870117 0.851562 0.259766 0.296875
1 0.182129 0.857422 0.364258 0.285156
1 0.889160 0.872559 0.221680 0.254883
1 0.595703 0.916504 0.224609 0.166992
1 0.382812 0.975586 0.103516 0.048828
