0 0.500000 0.500000 1.000000 1.000000
0 0.464355 0.067383 0.198242 0.134766
0 0.775391 0.053223 0.017578 0.106445
0 0.950195 0.008301 0.099609 0.016602
0 0.154785 0.358887 0.000977 0.000977
0 0.158691 0.376465 0.000977 0.000977
0 0.829590 0.752441 0.083008 0.495117
0 0.235840 0.685059 0.000977 0.000977
0 0.907227 0.945312 0.078125 0.109375
1 0.047852 0.043457 0.095703 0.086914
1 0.183105 0.035156 0.172852 0.070312
1 0.554688 0.163574 0.890625 0.327148
1 0.057129 0.132812 0.114258 0.089844
1 0.073730 0.233887 0.147461 0.137695
1 0.591797 0.610352 0.816406 0.779297
1 0.088867 0.374023 0.177734 0.132812
1 0.029297 0.593262 0.058594 0.280273
1 0.133789 0.520508 0.160156 0.134766
1 0.162109 0.673340 0.199219 0.163086
1 0.035645 0.814453 0.071289 0.148438
1 0.184082 0.835938 0.223633 0.169922
1 0.319824 0.858398 0.038086 0.048828
1 0.329590 0.904785 0.161133 0.055664
1 0.189453 0.942383 0.378906 0.115234
1 0.481445 0.960449 0.167969 0.079102
1 0.431152 0.967773 0.102539 0.064453
