0 0.500000 0.395508 1.000000 0.695312
0 0.258301 0.866699 0.516602 0.266602
0 0.799316 0.904785 0.401367 0.159180
0 0.017578 0.995117 0.035156 0.009766
1 0.500000 0.220703 1.000000 0.441406
1 0.017578 0.142578 0.035156 0.068359
1 0.037109 0.206543 0.074219 0.096680
1 0.058105 0.271973 0.116211 0.125977
1 0.137207 0.329590 0.170898 0.147461
1 0.500000 0.661133 1.000000 0.677734
1 0.381836 0.430664 0.052734 0.042969
1 0.054688 0.888184 0.109375 0.223633
1 0.327148 0.959473 0.263672 0.081055
1 0.145996 0.981445 0.137695 0.037109
