0 0.172852 0.093262 0.345703 0.186523
0 0.738281 0.500000 0.523438 1.000000
0 0.617188 0.054688 0.080078 0.109375
0 0.918457 0.050293 0.163086 0.100586
0 0.947754 0.021973 0.104492 0.043945
0 0.057617 0.321289 0.115234 0.228516
0 0.964355 0.449219 0.071289 0.083984
0 0.011230 0.417969 0.022461 0.019531
0 0.195801 0.906250 0.391602 0.187500
0 0.018066 0.864746 0.036133 0.016602
0 0.019043 0.917480 0.038086 0.016602
1 0.055176 0.083984 0.110352 0.167969
1 0.162598 0.084473 0.127930 0.168945
1 0.273926 0.079102 0.106445 0.158203
1 0.257812 0.500000 0.515625 1.000000
1 0.753418 0.420410 0.493164 0.840820
1 0.924805 0.044434 0.150391 0.088867
1 0.940918 0.014648 0.055664 0.029297
1 0.992188 0.014160 0.015625 0.028320
1 0.983887 0.605957 0.032227 0.043945
1 0.963379 0.778320 0.073242 0.316406
1 0.745605 0.828125 0.508789 0.343750
1 0.276367 0.991211 0.201172 0.017578
