0 0.173340 0.275879 0.346680 0.551758
0 0.613770 0.500000 0.772461 1.000000
0 0.833496 0.037598 0.040039 0.075195
0 0.903320 0.049316 0.050781 0.098633
0 0.968262 0.047363 0.063477 0.094727
0 0.983887 0.571777 0.032227 0.049805
0 0.157715 0.810059 0.315430 0.379883
0 0.029297 0.828613 0.058594 0.020508
0 0.463867 0.917480 0.230469 0.165039
0 0.705078 0.919922 0.076172 0.160156
0 0.071289 0.905273 0.142578 0.031250
0 0.806152 0.952637 0.018555 0.094727
1 0.117188 0.160156 0.234375 0.320312
1 0.281738 0.073730 0.098633 0.147461
1 0.333008 0.500000 0.666016 1.000000
1 0.803223 0.161133 0.393555 0.322266
1 0.973633 0.007324 0.039062 0.014648
1 0.087402 0.348633 0.174805 0.091797
1 0.855957 0.358887 0.288086 0.112305
1 0.644043 0.654785 0.711914 0.690430
1 0.076660 0.428711 0.153320 0.091797
1 0.884277 0.527344 0.231445 0.255859
1 0.688477 0.541016 0.238281 0.205078
1 0.975586 0.692871 0.048828 0.112305
1 0.895020 0.774414 0.209961 0.144531
1 0.110352 0.885254 0.220703 0.229492
1 0.512695 0.959961 0.050781 0.039062
1 0.460449 0.972656 0.180664 0.054688
