0 0.500000 0.500000 1.000000 1.000000
0 0.969727 0.719727 0.060547 0.117188
0 0.894043 0.909180 0.211914 0.181641
0 0.910645 0.925293 0.178711 0.149414
0 0.932129 0.956055 0.135742 0.087891
1 0.020020 0.139648 0.040039 0.279297
1 0.063965 0.013672 0.067383 0.027344
1 0.127930 0.164062 0.033203 0.328125
1 0.479004 0.224121 0.700195 0.448242
1 0.790527 0.053711 0.133789 0.107422
1 0.860352 0.129395 0.279297 0.258789
1 0.067383 0.189941 0.128906 0.338867
1 0.931641 0.112793 0.136719 0.172852
1 0.597656 0.211914 0.199219 0.167969
1 0.776367 0.289062 0.332031 0.304688
1 0.962402 0.203613 0.075195 0.116211
1 0.925781 0.320801 0.148438 0.219727
1 0.641602 0.319336 0.216797 0.181641
1 0.990723 0.270996 0.018555 0.036133
1 0.552246 0.379883 0.172852 0.175781
1 0.497559 0.296387 0.000977 0.000977
1 0.494629 0.298828 0.004883 0.003906
1 0.491699 0.301270 0.000977 0.000977
1 0.488770 0.303711 0.004883 0.003906
1 0.485840 0.306152 0.000977 0.000977
1 0.482910 0.308594 0.004883 0.003906
1 0.479980 0.311035 0.000977 0.000977
1 0.049316 0.425293 0.098633 0.227539
1 0.477051 0.313477 0.004883 0.003906
1 0.474121 0.315918 0.000977 0.000977
1 0.473145 0.316895 0.000977 0.000977
1 0.472168 0.317871 0.000977 0.000977
1 0.471191 0.318848 0.000977 0.000977
1 0.469727 0.319824 0.001953 0.000977
1 0.468262 0.320801 0.000977 0.000977
1 0.467285 0.321777 0.000977 0.000977
1 0.466309 0.322754 0.000977 0.000977
1 0.465332 0.323730 0.000977 0.000977
1 0.463867 0.324707 0.001953 0.000977
1 0.462402 0.325684 0.000977 0.000977
1 0.459473 0.328125 0.004883 0.003906
1 0.780762 0.479004 0.393555 0.301758
1 0.145020 0.333008 0.000977 0.005859
1 0.456543 0.330566 0.000977 0.000977
1 0.408203 0.371094 0.095703 0.080078
1 0.145996 0.338867 0.000977 0.001953
1 0.146484 0.358398 0.017578 0.033203
1 0.583008 0.559570 0.419922 0.419922
1 0.155762 0.375488 0.000977 0.000977
1 0.402832 0.687988 0.805664 0.624023
1 0.933105 0.514160 0.133789 0.165039
1 0.380371 0.479004 0.094727 0.086914
1 0.444824 0.521973 0.036133 0.040039
1 0.828613 0.617676 0.186523 0.178711
1 0.908691 0.693848 0.182617 0.276367
1 0.512207 0.596191 0.000977 0.000977
1 0.513184 0.597168 0.000977 0.000977
1 0.538086 0.620605 0.048828 0.045898
1 0.562988 0.644043 0.000977 0.000977
1 0.563965 0.645020 0.000977 0.000977
1 0.564941 0.645996 0.000977 0.000977
1 0.565918 0.646973 0.000977 0.000977
1 0.566895 0.647949 0.000977 0.000977
1 0.567871 0.648926 0.000977 0.000977
1 0.568848 0.649902 0.000977 0.000977
1 0.569824 0.650879 0.000977 0.000977
1 0.570801 0.651855 0.000977 0.000977
1 0.571777 0.652832 0.000977 0.000977
1 0.572754 0.653809 0.000977 0.000977
1 0.575195 0.655762 0.003906 0.002930
1 0.577637 0.657715 0.000977 0.000977
1 0.578613 0.658691 0.000977 0.000977
1 0.579590 0.659668 0.000977 0.000977
1 0.580566 0.660645 0.000977 0.000977
1 0.581543 0.661621 0.000977 0.000977
1 0.585449 0.665039 0.006836 0.005859
1 0.589355 0.668457 0.000977 0.000977
1 0.590332 0.669434 0.000977 0.000977
1 0.591309 0.670410 0.000977 0.000977
1 0.592285 0.671387 0.000977 0.000977
1 0.593262 0.672363 0.000977 0.000977
1 0.632324 0.707520 0.077148 0.069336
1 0.975586 0.719238 0.048828 0.092773
1 0.839844 0.806152 0.203125 0.174805
1 0.671387 0.742676 0.000977 0.000977
1 0.672363 0.743652 0.000977 0.000977
1 0.676270 0.747070 0.006836 0.005859
1 0.680176 0.750488 0.000977 0.000977
1 0.681152 0.751465 0.000977 0.000977
1 0.682129 0.752441 0.000977 0.000977
1 0.683105 0.753418 0.000977 0.000977
1 0.684082 0.754395 0.000977 0.000977
1 0.686035 0.755371 0.000977 0.000977
1 0.687012 0.756348 0.000977 0.000977
1 0.687988 0.757324 0.000977 0.000977
1 0.688965 0.758301 0.000977 0.000977
1 0.689941 0.759277 0.000977 0.000977
1 0.692383 0.761230 0.003906 0.002930
1 0.694824 0.763184 0.000977 0.000977
1 0.695801 0.764160 0.000977 0.000977
1 0.762207 0.820312 0.131836 0.111328
1 0.889160 0.903809 0.221680 0.192383
1 0.908691 0.922363 0.182617 0.155273
1 0.925781 0.937988 0.148438 0.124023
1 0.982910 0.943359 0.034180 0.029297
1 0.943848 0.983887 0.112305 0.032227
