0 0.241699 0.221191 0.264648 0.442383
0 0.734863 0.203613 0.530273 0.407227
0 0.717285 0.802246 0.565430 0.395508
0 0.279785 0.822754 0.456055 0.354492
0 0.076172 0.953125 0.152344 0.093750
1 0.500000 0.500000 1.000000 1.000000
1 0.621094 0.019531 0.177734 0.039062
1 0.854492 0.041992 0.291016 0.083984
1 0.241699 0.321777 0.249023 0.225586
1 0.767578 0.841797 0.464844 0.316406
1 0.358887 0.824219 0.161133 0.148438
1 0.143066 0.818359 0.092773 0.093750
1 0.207520 0.864258 0.092773 0.091797
1 0.312988 0.953125 0.114258 0.093750
1 0.012207 0.960449 0.024414 0.079102
1 0.030762 0.922363 0.000977 0.000977
1 0.079590 0.961426 0.096680 0.077148
1 0.386230 0.974609 0.083008 0.050781
1 0.442871 0.995605 0.016602 0.008789
