0 0.500000 0.500000 1.000000 1.000000
0 0.851074 0.128906 0.032227 0.257812
0 0.965332 0.122559 0.069336 0.245117
0 0.047363 0.327148 0.094727 0.054688
0 0.980469 0.647949 0.039062 0.120117
0 0.951660 0.816406 0.096680 0.039062
0 0.275391 0.909668 0.222656 0.180664
0 0.367676 0.958008 0.012695 0.083984
0 0.745605 0.961426 0.153320 0.077148
0 0.989746 0.969727 0.020508 0.060547
0 0.317871 0.973145 0.020508 0.053711
1 0.200195 0.185547 0.148438 0.371094
1 0.295410 0.012207 0.108398 0.024414
1 0.421875 0.133789 0.126953 0.267578
1 0.549316 0.174805 0.165039 0.349609
1 0.697266 0.171875 0.167969 0.343750
1 0.873535 0.166504 0.252930 0.333008
1 0.969238 0.116699 0.061523 0.233398
1 0.070801 0.123047 0.141602 0.236328
1 0.304199 0.089355 0.118164 0.127930
1 0.319824 0.220703 0.114258 0.111328
1 0.081055 0.335938 0.162109 0.240234
1 0.388672 0.316895 0.220703 0.090820
1 0.944336 0.378906 0.111328 0.083984
1 0.805176 0.671875 0.389648 0.656250
1 0.739746 0.502441 0.159180 0.305664
1 0.593262 0.512207 0.165039 0.307617
1 0.469727 0.517578 0.138672 0.312500
1 0.343750 0.450684 0.126953 0.163086
1 0.154297 0.596680 0.308594 0.439453
1 0.365723 0.608887 0.118164 0.143555
1 0.984863 0.655273 0.030273 0.087891
1 0.738770 0.739258 0.114258 0.150391
1 0.560059 0.754395 0.252930 0.178711
1 0.261719 0.841797 0.523438 0.316406
1 0.615234 0.818359 0.107422 0.083984
1 0.543945 0.847168 0.056641 0.059570
1 0.244141 0.924805 0.066406 0.150391
1 0.611328 0.893066 0.050781 0.077148
1 0.564453 0.936035 0.076172 0.127930
1 0.523926 0.889160 0.000977 0.000977
1 0.504883 0.944824 0.125000 0.110352
1 0.998047 0.995605 0.003906 0.008789
