0 0.500000 0.500000 1.000000 1.000000
0 0.006836 0.373047 0.013672 0.019531
0 0.132812 0.951172 0.265625 0.097656
1 0.034668 0.144531 0.069336 0.289062
1 0.504883 0.363281 0.876953 0.726562
1 0.531738 0.330566 0.829102 0.661133
1 0.572754 0.148438 0.456055 0.296875
1 0.872070 0.258789 0.255859 0.517578
1 0.481934 0.515137 0.963867 0.969727
1 0.248047 0.200684 0.230469 0.155273
1 0.151855 0.256348 0.114258 0.098633
1 0.120117 0.309082 0.109375 0.096680
1 0.972168 0.616211 0.055664 0.187500
1 0.981445 0.723145 0.037109 0.077148
1 0.980469 0.874023 0.039062 0.251953
1 0.126953 0.956543 0.253906 0.086914
