0 0.005859 0.004883 0.011719 0.009766
0 0.600098 0.500000 0.799805 1.000000
0 0.337402 0.981445 0.065430 0.037109
1 0.244629 0.500000 0.489258 1.000000
1 0.533691 0.342773 0.305664 0.685547
1 0.666504 0.092773 0.125977 0.185547
1 0.753418 0.075195 0.161133 0.150391
1 0.809570 0.019043 0.093750 0.038086
1 0.937988 0.031250 0.124023 0.062500
1 0.914551 0.085938 0.170898 0.150391
1 0.869629 0.153809 0.178711 0.139648
1 0.725586 0.306641 0.158203 0.373047
1 0.841797 0.346680 0.316406 0.382812
1 0.870117 0.318848 0.220703 0.301758
1 0.301758 0.262207 0.091797 0.084961
1 0.941406 0.471191 0.117188 0.086914
1 0.800293 0.519043 0.200195 0.112305
1 0.954590 0.529785 0.090820 0.086914
1 0.788574 0.583008 0.288086 0.125000
1 0.890137 0.616699 0.219727 0.133789
1 0.610840 0.629883 0.161133 0.111328
1 0.674805 0.695312 0.179688 0.162109
1 0.943359 0.692871 0.113281 0.090820
1 0.822754 0.769043 0.188477 0.215820
1 0.638184 0.842773 0.276367 0.314453
1 0.939941 0.851074 0.120117 0.250977
1 0.988281 0.766113 0.023438 0.067383
1 0.488281 0.873535 0.123047 0.252930
1 0.876465 0.912598 0.200195 0.174805
1 0.754883 0.953613 0.173828 0.092773
1 0.995117 0.990234 0.009766 0.019531
