0 0.500000 0.500000 1.000000 1.000000
1 0.064453 0.044922 0.125000 0.089844
1 0.127930 0.007324 0.021484 0.014648
1 0.353516 0.348145 0.550781 0.696289
1 0.466797 0.053223 0.382812 0.106445
1 0.724609 0.465332 0.535156 0.930664
1 0.041504 0.083008 0.083008 0.148438
1 0.982422 0.518066 0.035156 0.834961
1 0.019531 0.179688 0.039062 0.113281
1 0.236328 0.458008 0.472656 0.640625
1 0.002441 0.248535 0.004883 0.018555
1 0.368652 0.404297 0.133789 0.083984
1 0.010254 0.424805 0.020508 0.097656
1 0.045898 0.500977 0.091797 0.158203
1 0.362793 0.481934 0.143555 0.084961
1 0.356445 0.559082 0.152344 0.086914
1 0.035156 0.686035 0.070312 0.233398
1 0.349609 0.640137 0.164062 0.094727
1 0.237305 0.801758 0.427734 0.148438
1 0.124023 0.887695 0.248047 0.113281
1 0.000977 0.887695 0.001953 0.005859
1 0.561523 0.943359 0.669922 0.113281
1 0.113770 0.944824 0.227539 0.110352
1 0.961426 0.979004 0.077148 0.041992
1 0.903320 0.989746 0.011719 0.020508
