0 0.500000 0.500000 1.000000 1.000000
0 0.861328 0.177734 0.277344 0.355469
1 0.134766 0.169434 0.269531 0.338867
1 0.563477 0.248535 0.873047 0.497070
1 0.977051 0.106934 0.045898 0.213867
1 0.970215 0.280273 0.059570 0.115234
1 0.124512 0.674316 0.249023 0.651367
1 0.291504 0.695312 0.430664 0.609375
1 0.657227 0.534180 0.359375 0.171875
1 0.903809 0.622070 0.184570 0.242188
1 0.611816 0.631348 0.375977 0.125977
1 0.987793 0.685547 0.024414 0.130859
1 0.571289 0.714355 0.414062 0.124023
1 0.872070 0.860352 0.255859 0.279297
1 0.615723 0.779785 0.282227 0.102539
1 0.462891 0.882324 0.558594 0.235352
