0 0.046387 0.009766 0.092773 0.019531
0 0.500000 0.500000 1.000000 1.000000
0 0.074707 0.553223 0.149414 0.032227
0 0.003906 0.975098 0.007812 0.049805
1 0.024414 0.004395 0.046875 0.008789
1 0.100098 0.182129 0.200195 0.364258
1 0.241211 0.080566 0.175781 0.161133
1 0.542969 0.104004 0.453125 0.208008
1 0.817871 0.100586 0.090820 0.201172
1 0.926270 0.089355 0.147461 0.178711
1 0.536621 0.196777 0.393555 0.211914
1 0.271484 0.237305 0.175781 0.181641
1 0.856934 0.588867 0.286133 0.822266
1 0.630859 0.465332 0.314453 0.497070
1 0.431152 0.395020 0.122070 0.182617
1 0.216797 0.558594 0.433594 0.478516
1 0.465820 0.604980 0.132812 0.252930
1 0.637207 0.805664 0.256836 0.226562
1 0.605469 0.749512 0.134766 0.088867
1 0.447266 0.776855 0.195312 0.092773
1 0.176270 0.819824 0.352539 0.118164
1 0.465820 0.886719 0.113281 0.152344
1 0.361816 0.900391 0.120117 0.146484
1 0.209473 0.922363 0.217773 0.155273
1 0.057129 0.936523 0.114258 0.126953
1 0.515625 0.959961 0.380859 0.080078
