0 0.173340 0.021484 0.036133 0.042969
0 0.459473 0.332520 0.918945 0.665039
0 0.478027 0.080078 0.073242 0.160156
0 0.014160 0.013672 0.028320 0.019531
0 0.060547 0.150391 0.121094 0.138672
0 0.801270 0.601562 0.397461 0.796875
1 0.159180 0.192383 0.318359 0.384766
1 0.500000 0.500000 1.000000 1.000000
1 0.029785 0.152832 0.059570 0.090820
1 0.871582 0.504883 0.256836 0.525391
1 0.991211 0.371094 0.017578 0.058594
1 0.020508 0.405273 0.041016 0.064453
1 0.837402 0.702148 0.325195 0.595703
1 0.049316 0.482422 0.098633 0.126953
1 0.080078 0.575195 0.160156 0.158203
1 0.684570 0.906738 0.111328 0.186523
