0 0.204102 0.038574 0.408203 0.077148
0 0.845703 0.030273 0.308594 0.060547
0 0.164062 0.114746 0.328125 0.075195
0 0.500000 0.497559 1.000000 0.620117
0 0.932617 0.858887 0.134766 0.174805
0 0.988281 0.809570 0.023438 0.062500
0 0.010742 0.924316 0.021484 0.010742
1 0.081543 0.033203 0.163086 0.066406
1 0.256348 0.015625 0.172852 0.031250
1 0.500000 0.163574 1.000000 0.327148
1 0.830566 0.024902 0.256836 0.049805
1 0.500000 0.611328 1.000000 0.777344
1 0.052246 0.289551 0.104492 0.083008
1 0.052734 0.381836 0.105469 0.082031
1 0.052246 0.483398 0.104492 0.103516
1 0.993164 0.809570 0.013672 0.042969
