0 0.500000 0.500000 1.000000 1.000000
0 0.937012 0.041016 0.026367 0.082031
1 0.055664 0.211914 0.111328 0.423828
1 0.237793 0.024902 0.180664 0.049805
1 0.472656 0.052246 0.275391 0.104492
1 0.802734 0.121582 0.394531 0.243164
1 0.187500 0.075684 0.158203 0.077148
1 0.312500 0.205566 0.521484 0.258789
1 0.545410 0.571289 0.801758 0.855469
1 0.993164 0.207031 0.013672 0.099609
1 0.904297 0.650879 0.191406 0.698242
1 0.115234 0.620605 0.230469 0.555664
1 0.091797 0.957031 0.183594 0.085938
1 0.699219 0.965332 0.238281 0.069336
1 0.204590 0.993164 0.034180 0.013672
