0 0.401855 0.002441 0.008789 0.004883
0 0.500000 0.500000 1.000000 1.000000
0 0.700684 0.278320 0.061523 0.058594
0 0.640625 0.328613 0.070312 0.069336
0 0.999512 0.779297 0.000977 0.003906
0 0.955078 0.982910 0.089844 0.034180
0 0.851074 0.986328 0.018555 0.027344
1 0.484863 0.290527 0.969727 0.581055
1 0.829590 0.074707 0.340820 0.149414
1 0.930176 0.244629 0.139648 0.161133
1 0.020508 0.437500 0.041016 0.226562
1 0.828613 0.516113 0.342773 0.379883
1 0.360840 0.737793 0.721680 0.524414
1 0.986816 0.601562 0.026367 0.048828
1 0.825195 0.824707 0.349609 0.350586
1 0.992676 0.988770 0.014648 0.022461
