0 0.230957 0.034180 0.186523 0.068359
0 0.377930 0.014648 0.109375 0.029297
0 0.479004 0.500000 0.958008 1.000000
0 0.910645 0.454102 0.178711 0.859375
0 0.030762 0.989258 0.061523 0.021484
1 0.294922 0.184570 0.589844 0.369141
1 0.382324 0.012207 0.088867 0.024414
1 0.505859 0.008789 0.078125 0.017578
1 0.735840 0.284668 0.336914 0.569336
1 0.820801 0.406250 0.264648 0.812500
1 0.871582 0.500000 0.256836 1.000000
1 0.951172 0.232910 0.097656 0.372070
1 0.031250 0.136230 0.062500 0.090820
1 0.076660 0.230957 0.153320 0.092773
1 0.277344 0.524902 0.554688 0.534180
1 0.605469 0.457031 0.167969 0.265625
1 0.059570 0.527832 0.119141 0.266602
1 0.918945 0.532227 0.162109 0.250000
1 0.568359 0.664551 0.332031 0.264648
1 0.914062 0.720703 0.171875 0.302734
1 0.338379 0.801758 0.676758 0.373047
1 0.124023 0.881836 0.248047 0.150391
1 0.773926 0.903320 0.192383 0.193359
1 0.236816 0.944336 0.473633 0.111328
1 0.549805 0.965820 0.166016 0.068359
1 0.657227 0.974609 0.056641 0.050781
1 0.012207 0.995605 0.024414 0.008789
