0 0.500000 0.195801 1.000000 0.391602
0 0.500000 0.888184 1.000000 0.223633
0 0.698242 0.949707 0.603516 0.100586
0 0.045898 0.995117 0.091797 0.009766
1 0.458008 0.174316 0.916016 0.348633
1 0.945801 0.028809 0.016602 0.057617
1 0.979980 0.030762 0.040039 0.061523
1 0.898926 0.062500 0.047852 0.041016
1 0.983398 0.079590 0.033203 0.012695
1 0.755859 0.140625 0.289062 0.089844
1 0.984863 0.131348 0.030273 0.067383
1 0.973633 0.166992 0.052734 0.111328
1 0.500000 0.513672 1.000000 0.798828
1 0.266113 0.290527 0.532227 0.172852
1 0.301270 0.893066 0.602539 0.213867
1 0.685547 0.944336 0.628906 0.111328
1 0.910156 0.957031 0.179688 0.085938
1 0.633789 0.964355 0.355469 0.071289
