0 0.500000 0.518066 1.000000 0.883789
0 0.600098 0.876953 0.110352 0.046875
0 0.012695 0.989746 0.025391 0.020508
1 0.500000 0.249023 1.000000 0.498047
1 0.972656 0.145020 0.054688 0.100586
1 0.972168 0.250488 0.055664 0.102539
1 0.767090 0.360352 0.333008 0.111328
1 0.972168 0.362793 0.055664 0.108398
1 0.010254 0.398926 0.020508 0.055664
1 0.072754 0.597656 0.145508 0.425781
1 0.751953 0.466797 0.363281 0.101562
1 0.970215 0.472656 0.059570 0.095703
1 0.155762 0.563477 0.155273 0.238281
1 0.500000 0.722656 1.000000 0.554688
1 0.188477 0.630371 0.236328 0.303711
1 0.555664 0.530273 0.093750 0.050781
1 0.801758 0.582520 0.396484 0.141602
1 0.802246 0.704590 0.149414 0.166992
1 0.081543 0.816406 0.163086 0.126953
1 0.291016 0.854004 0.154297 0.096680
1 0.001953 0.817383 0.003906 0.007812
1 0.007324 0.994629 0.014648 0.010742
