0 0.021484 0.053711 0.042969 0.107422
0 0.500000 0.604980 1.000000 0.790039
1 0.016602 0.041016 0.033203 0.082031
1 0.500000 0.408203 1.000000 0.816406
1 0.352051 0.278320 0.090820 0.117188
1 0.238770 0.285156 0.127930 0.126953
1 0.375977 0.317871 0.164062 0.168945
1 0.555664 0.327637 0.201172 0.163086
1 0.209961 0.285645 0.042969 0.038086
1 0.045898 0.560059 0.091797 0.565430
1 0.379883 0.387207 0.158203 0.172852
1 0.166992 0.425293 0.134766 0.166992
1 0.265137 0.377930 0.065430 0.052734
1 0.514648 0.433594 0.123047 0.085938
1 0.603516 0.445312 0.099609 0.080078
1 0.226074 0.459473 0.149414 0.098633
1 0.184570 0.539062 0.173828 0.169922
1 0.291992 0.577637 0.101562 0.200195
1 0.943848 0.697266 0.112305 0.296875
1 0.437988 0.791992 0.875977 0.416016
1 0.903809 0.912598 0.192383 0.174805
