0 0.481934 0.500000 0.963867 1.000000
0 0.777344 0.959961 0.445312 0.080078
1 0.112793 0.125977 0.225586 0.251953
1 0.309570 0.043457 0.230469 0.086914
1 0.508301 0.338379 0.875977 0.676758
1 0.593262 0.500000 0.813477 1.000000
1 0.755859 0.238281 0.044922 0.042969
1 0.055664 0.312500 0.111328 0.138672
1 0.047852 0.434082 0.095703 0.124023
1 0.048340 0.574219 0.096680 0.148438
1 0.168457 0.670410 0.024414 0.014648
1 0.075195 0.737305 0.150391 0.146484
1 0.203613 0.694824 0.038086 0.036133
1 0.252441 0.692383 0.036133 0.019531
1 0.171387 0.716797 0.018555 0.015625
1 0.113281 0.871582 0.226562 0.256836
1 0.791504 0.964844 0.416992 0.070312
