0 0.500000 0.500000 1.000000 1.000000
0 0.910645 0.308105 0.178711 0.616211
0 0.105469 0.976074 0.210938 0.047852
0 0.006348 0.998047 0.012695 0.003906
1 0.277344 0.262207 0.554688 0.524414
1 0.121094 0.004883 0.064453 0.009766
1 0.363770 0.050781 0.420898 0.101562
1 0.617676 0.030762 0.073242 0.061523
1 0.741211 0.150879 0.166016 0.301758
1 0.783691 0.272461 0.190430 0.544922
1 0.871582 0.478516 0.256836 0.957031
1 0.951172 0.075684 0.097656 0.151367
1 0.605469 0.189453 0.167969 0.265625
1 0.059570 0.260254 0.119141 0.266602
1 0.918945 0.264648 0.162109 0.250000
1 0.568359 0.396973 0.332031 0.264648
1 0.914062 0.453125 0.171875 0.302734
1 0.338379 0.534180 0.676758 0.373047
1 0.124023 0.614258 0.248047 0.150391
1 0.773926 0.769531 0.192383 0.460938
1 0.343750 0.750488 0.687500 0.258789
1 0.549805 0.726074 0.166016 0.124023
1 0.123535 0.784180 0.247070 0.121094
1 0.229004 0.860352 0.458008 0.146484
1 0.480957 0.900391 0.479492 0.187500
1 0.627441 0.872559 0.100586 0.065430
1 0.032715 0.878418 0.065430 0.061523
1 0.259766 0.928711 0.404297 0.130859
1 0.204590 0.957031 0.409180 0.085938
1 0.824707 0.964355 0.088867 0.071289
1 0.517090 0.972168 0.120117 0.055664
1 0.733398 0.972656 0.039062 0.054688
1 0.102051 0.979004 0.204102 0.041992
1 0.924316 0.979492 0.151367 0.041016
1 0.634277 0.988770 0.108398 0.022461
