0 0.500000 0.500000 1.000000 1.000000
1 0.126953 0.105469 0.253906 0.210938
1 0.277832 0.004395 0.026367 0.008789
1 0.391113 0.100586 0.217773 0.201172
1 0.563477 0.098633 0.238281 0.197266
1 0.736328 0.142090 0.527344 0.284180
1 0.193848 0.144043 0.387695 0.221680
1 0.696777 0.155762 0.002930 0.002930
1 0.826660 0.213867 0.346680 0.091797
1 0.238281 0.277344 0.476562 0.207031
1 0.883301 0.211914 0.233398 0.050781
1 0.875977 0.250488 0.248047 0.077148
1 0.886719 0.287109 0.226562 0.050781
1 0.370605 0.364258 0.741211 0.201172
1 0.770508 0.583008 0.458984 0.554688
1 0.497070 0.375488 0.595703 0.131836
1 0.262207 0.610352 0.524414 0.425781
1 0.196777 0.441895 0.004883 0.000977
1 0.191406 0.442871 0.003906 0.000977
1 0.186035 0.443848 0.002930 0.000977
1 0.181152 0.444824 0.000977 0.000977
1 0.371094 0.806152 0.656250 0.387695
1 0.035645 0.905762 0.071289 0.188477
1 0.846680 0.927734 0.306641 0.142578
1 0.887695 0.974121 0.224609 0.051758
