0 0.399902 0.223633 0.799805 0.447266
0 0.095703 0.239746 0.191406 0.030273
0 0.996582 0.390625 0.006836 0.050781
0 0.500000 0.715820 1.000000 0.568359
0 0.717285 0.906250 0.565430 0.187500
0 0.125488 0.930176 0.250977 0.139648
0 0.101074 0.975098 0.202148 0.049805
0 0.962891 0.992676 0.074219 0.014648
1 0.164062 0.031250 0.328125 0.062500
1 0.446289 0.028320 0.183594 0.056641
1 0.568359 0.086426 0.451172 0.172852
1 0.500000 0.340820 1.000000 0.681641
1 0.185059 0.062988 0.016602 0.000977
1 0.267090 0.065918 0.129883 0.004883
1 0.082520 0.477051 0.165039 0.043945
1 0.208496 0.573242 0.416992 0.189453
1 0.884277 0.543457 0.231445 0.110352
1 0.300293 0.531250 0.194336 0.050781
1 0.016113 0.568848 0.032227 0.071289
1 0.214355 0.619141 0.364258 0.148438
1 0.892090 0.627441 0.215820 0.108398
1 0.433105 0.587402 0.000977 0.000977
1 0.432129 0.591797 0.000977 0.007812
1 0.426758 0.634766 0.009766 0.078125
1 0.006836 0.649414 0.013672 0.064453
1 0.201660 0.701660 0.375977 0.155273
1 0.715332 0.825684 0.569336 0.348633
1 0.900391 0.710938 0.199219 0.101562
1 0.402832 0.672363 0.000977 0.006836
1 0.401855 0.680176 0.000977 0.006836
1 0.400879 0.687988 0.000977 0.006836
1 0.399902 0.695801 0.000977 0.006836
1 0.395508 0.744141 0.007812 0.089844
1 0.192383 0.783691 0.384766 0.165039
1 0.615723 0.772461 0.340820 0.132812
1 0.415527 0.787598 0.010742 0.159180
1 0.200684 0.892090 0.401367 0.215820
1 0.854492 0.891602 0.291016 0.125000
1 0.111328 0.937500 0.222656 0.125000
1 0.576172 0.945801 0.250000 0.108398
1 0.862793 0.956543 0.274414 0.086914
1 0.416992 0.957031 0.009766 0.085938
1 0.071289 0.982422 0.142578 0.035156
1 0.643555 0.986816 0.134766 0.026367
