0 0.500000 0.500000 1.000000 1.000000
0 0.924316 0.047363 0.151367 0.094727
1 0.180176 0.284668 0.360352 0.569336
1 0.284668 0.269043 0.497070 0.538086
1 0.648438 0.119141 0.267578 0.238281
1 0.699707 0.421875 0.600586 0.843750
1 0.938477 0.038086 0.123047 0.076172
1 0.202148 0.690918 0.404297 0.315430
1 0.854492 0.729980 0.291016 0.239258
1 0.007812 0.741699 0.015625 0.170898
1 0.603516 0.844727 0.560547 0.310547
1 0.177734 0.912109 0.326172 0.158203
1 0.017578 0.916992 0.035156 0.166016
1 0.870605 0.917969 0.258789 0.164062
1 0.419434 0.930664 0.245117 0.138672
1 0.560547 0.959961 0.113281 0.080078
1 0.172852 0.967773 0.273438 0.064453
1 0.666504 0.973633 0.116211 0.052734
