0 0.500000 0.500000 1.000000 1.000000
1 0.607422 0.039062 0.785156 0.078125
1 0.007324 0.060547 0.014648 0.097656
1 0.055176 0.147949 0.110352 0.266602
1 0.225098 0.289551 0.231445 0.541992
1 0.470215 0.068848 0.235352 0.084961
1 0.680664 0.345215 0.337891 0.586914
1 0.896973 0.379395 0.206055 0.602539
1 0.409668 0.141113 0.127930 0.088867
1 0.458496 0.202637 0.229492 0.180664
1 0.045898 0.305176 0.091797 0.094727
1 0.424805 0.430664 0.218750 0.312500
1 0.155762 0.425293 0.141602 0.249023
1 0.042480 0.378906 0.084961 0.091797
1 0.038574 0.472168 0.077148 0.116211
1 0.229492 0.670898 0.458984 0.244141
1 0.701660 0.789551 0.596680 0.303711
1 0.408203 0.829102 0.814453 0.341797
1 0.043457 0.840820 0.086914 0.109375
1 0.693359 0.828613 0.142578 0.071289
1 0.807129 0.853516 0.110352 0.074219
1 0.930176 0.877930 0.139648 0.095703
1 0.782227 0.923828 0.117188 0.083984
1 0.920410 0.954590 0.159180 0.090820
1 0.036133 0.980469 0.072266 0.039062
1 0.202148 0.986328 0.214844 0.027344
1 0.862305 0.993652 0.066406 0.012695
