0 0.500000 0.500000 1.000000 1.000000
0 0.650879 0.105957 0.094727 0.211914
0 0.998535 0.021973 0.002930 0.043945
1 0.004395 0.010254 0.008789 0.020508
1 0.131836 0.131348 0.234375 0.262695
1 0.574707 0.334961 0.758789 0.669922
1 0.949219 0.093262 0.101562 0.186523
1 0.103027 0.221191 0.206055 0.389648
1 0.949707 0.458496 0.100586 0.512695
1 0.299316 0.310547 0.190430 0.187500
1 0.407715 0.656738 0.815430 0.551758
1 0.694336 0.618652 0.183594 0.112305
1 0.821289 0.692383 0.048828 0.027344
1 0.881348 0.726074 0.055664 0.049805
1 0.973145 0.726562 0.053711 0.021484
1 0.423828 0.844727 0.847656 0.214844
1 0.974121 0.786621 0.051758 0.065430
1 0.498535 0.879883 0.907227 0.240234
1 0.937500 0.888184 0.125000 0.223633
1 0.951660 0.835938 0.000977 0.001953
1 0.903809 0.918457 0.094727 0.163086
1 0.023438 0.980957 0.046875 0.038086
