0 0.500000 0.500000 1.000000 1.000000
0 0.340332 0.018555 0.010742 0.037109
0 0.279785 0.990723 0.018555 0.018555
0 0.998535 0.997070 0.002930 0.005859
1 0.062012 0.033203 0.124023 0.066406
1 0.154785 0.028809 0.055664 0.057617
1 0.236328 0.021484 0.103516 0.042969
1 0.362793 0.254883 0.331055 0.509766
1 0.464355 0.025879 0.088867 0.051758
1 0.547852 0.025879 0.076172 0.051758
1 0.746094 0.071777 0.257812 0.143555
1 0.924316 0.072754 0.151367 0.145508
1 0.785645 0.380371 0.428711 0.739258
1 0.210449 0.147461 0.180664 0.232422
1 0.100098 0.209961 0.200195 0.328125
1 0.470215 0.133301 0.127930 0.155273
1 0.568848 0.221191 0.180664 0.329102
1 0.438477 0.341797 0.105469 0.138672
1 0.356934 0.341309 0.155273 0.118164
1 0.139648 0.549805 0.279297 0.529297
1 0.692383 0.451172 0.144531 0.140625
1 0.612793 0.456055 0.118164 0.121094
1 0.346191 0.520996 0.329102 0.229492
1 0.525879 0.506348 0.114258 0.186523
1 0.437988 0.514160 0.149414 0.157227
1 0.566895 0.553223 0.098633 0.155273
1 0.332031 0.656738 0.187500 0.231445
1 0.506836 0.791504 0.986328 0.416992
1 0.900879 0.734863 0.198242 0.081055
1 0.965820 0.808594 0.068359 0.082031
1 0.908203 0.863281 0.183594 0.173828
1 0.008301 0.830566 0.016602 0.032227
1 0.012207 0.935547 0.024414 0.128906
