0 0.500000 0.500000 1.000000 1.000000
0 0.678223 0.447266 0.002930 0.001953
0 0.047363 0.929199 0.061523 0.141602
1 0.058105 0.068848 0.116211 0.137695
1 0.178223 0.076660 0.145508 0.153320
1 0.373535 0.081543 0.391602 0.163086
1 0.761719 0.058594 0.476562 0.117188
1 0.242676 0.416992 0.485352 0.705078
1 0.748535 0.187500 0.502930 0.220703
1 0.710449 0.501465 0.135742 0.495117
1 0.565430 0.419922 0.218750 0.287109
1 0.978027 0.395508 0.043945 0.199219
1 0.916504 0.400879 0.077148 0.200195
1 0.839844 0.406250 0.082031 0.199219
1 0.789551 0.518066 0.051758 0.411133
1 0.606934 0.533203 0.051758 0.064453
1 0.983887 0.590332 0.032227 0.165039
1 0.928711 0.609375 0.070312 0.197266
1 0.663086 0.640625 0.056641 0.248047
1 0.879395 0.518066 0.000977 0.000977
1 0.851074 0.580078 0.069336 0.121094
1 0.396484 0.564453 0.093750 0.068359
1 0.481445 0.657227 0.156250 0.195312
1 0.587891 0.661621 0.068359 0.182617
1 0.101074 0.791016 0.202148 0.417969
1 0.484863 0.796875 0.256836 0.406250
1 0.310059 0.769043 0.112305 0.272461
1 0.856445 0.678711 0.068359 0.070312
1 0.811523 0.858398 0.376953 0.283203
1 0.274414 0.863281 0.263672 0.273438
1 0.648438 0.934082 0.082031 0.131836
