0 0.500000 0.500000 1.000000 1.000000
0 0.485352 0.000488 0.005859 0.000977
0 0.859863 0.481934 0.280273 0.379883
0 0.974121 0.470703 0.051758 0.039062
0 0.038086 0.641602 0.076172 0.148438
0 0.093262 0.803223 0.186523 0.114258
1 0.012207 0.004883 0.024414 0.009766
1 0.061523 0.024414 0.082031 0.048828
1 0.162109 0.076172 0.175781 0.152344
1 0.235352 0.014648 0.080078 0.029297
1 0.546387 0.469238 0.907227 0.938477
1 0.007324 0.032715 0.014648 0.028320
1 0.042969 0.141602 0.085938 0.201172
1 0.071289 0.144531 0.085938 0.093750
1 0.121582 0.160645 0.094727 0.067383
1 0.075684 0.291504 0.151367 0.186523
1 0.038574 0.432617 0.077148 0.144531
1 0.087402 0.449219 0.108398 0.109375
1 0.165527 0.712891 0.331055 0.574219
1 0.456055 0.649902 0.279297 0.297852
1 0.030762 0.637695 0.061523 0.117188
1 0.919434 0.895996 0.161133 0.208008
1 0.310059 0.905273 0.291992 0.189453
1 0.579102 0.928711 0.392578 0.142578
1 0.793945 0.958984 0.111328 0.082031
1 0.139648 0.959961 0.212891 0.080078
