0 0.500000 0.500000 1.000000 1.000000
1 0.096191 0.038086 0.192383 0.076172
1 0.329102 0.094238 0.320312 0.188477
1 0.555176 0.164551 0.249023 0.329102
1 0.810547 0.180176 0.378906 0.360352
1 0.168457 0.062012 0.000977 0.000977
1 0.154297 0.077148 0.027344 0.029297
1 0.080078 0.170898 0.160156 0.183594
1 0.290039 0.254395 0.304688 0.190430
1 0.586914 0.211426 0.082031 0.094727
1 0.643066 0.396973 0.577148 0.305664
1 0.065918 0.371094 0.131836 0.203125
1 0.170898 0.373047 0.111328 0.083984
1 0.313477 0.396484 0.177734 0.101562
1 0.951172 0.453125 0.097656 0.193359
1 0.151855 0.449219 0.114258 0.093750
1 0.288574 0.477051 0.159180 0.102539
1 0.594238 0.456543 0.055664 0.045898
1 0.094727 0.531250 0.189453 0.113281
1 0.687012 0.557129 0.397461 0.159180
1 0.262207 0.560059 0.145508 0.098633
1 0.386719 0.580566 0.136719 0.098633
1 0.935059 0.770508 0.129883 0.458984
1 0.536133 0.604980 0.191406 0.094727
1 0.000977 0.583496 0.001953 0.012695
1 0.153320 0.713379 0.306641 0.268555
1 0.694336 0.720215 0.345703 0.249023
1 0.314453 0.711426 0.111328 0.178711
1 0.442383 0.720215 0.246094 0.196289
1 0.271973 0.850098 0.098633 0.100586
1 0.616699 0.906738 0.608398 0.186523
1 0.155273 0.873047 0.150391 0.113281
1 0.034668 0.868164 0.069336 0.085938
1 0.245117 0.922363 0.107422 0.079102
1 0.326172 0.944824 0.080078 0.090820
1 0.088379 0.955566 0.176758 0.088867
1 0.393555 0.934082 0.052734 0.045898
1 0.216797 0.971680 0.105469 0.056641
1 0.308594 0.985840 0.087891 0.028320
