0 0.500000 0.500000 1.000000 1.000000
0 0.926758 0.721191 0.146484 0.116211
0 0.931152 0.846191 0.137695 0.061523
0 0.573730 0.918945 0.622070 0.162109
0 0.678711 0.979492 0.142578 0.041016
1 0.142578 0.132812 0.285156 0.265625
1 0.324219 0.197754 0.435547 0.395508
1 0.615234 0.148926 0.425781 0.297852
1 0.888672 0.045898 0.160156 0.091797
1 0.954590 0.086914 0.090820 0.173828
1 0.758789 0.240723 0.425781 0.313477
1 0.032715 0.240723 0.065430 0.127930
1 0.974121 0.221680 0.051758 0.087891
1 0.329102 0.402832 0.373047 0.338867
1 0.837891 0.472656 0.324219 0.414062
1 0.125488 0.467773 0.250977 0.359375
1 0.404297 0.632812 0.716797 0.642578
1 0.597656 0.756836 0.804688 0.486328
1 0.142090 0.572754 0.000977 0.000977
1 0.011719 0.637695 0.023438 0.046875
1 0.042969 0.764160 0.085938 0.206055
1 0.117676 0.849609 0.155273 0.300781
1 0.065430 0.912109 0.130859 0.148438
1 0.612305 0.864258 0.083984 0.037109
1 0.087402 0.969727 0.168945 0.060547
