0 0.500000 0.500000 1.000000 1.000000
0 0.523926 0.031738 0.024414 0.063477
1 0.028320 0.123535 0.056641 0.247070
1 0.140625 0.106934 0.236328 0.213867
1 0.285645 0.012695 0.051758 0.025391
1 0.361816 0.090820 0.190430 0.181641
1 0.508789 0.089355 0.146484 0.178711
1 0.502930 0.203125 0.339844 0.406250
1 0.739258 0.042480 0.224609 0.084961
1 0.877441 0.122070 0.245117 0.244141
1 0.712891 0.189941 0.197266 0.299805
1 0.241699 0.138672 0.227539 0.195312
1 0.985352 0.087402 0.029297 0.053711
1 0.802246 0.116699 0.102539 0.106445
1 0.984375 0.161621 0.031250 0.081055
1 0.289062 0.264160 0.472656 0.122070
1 0.982422 0.296387 0.035156 0.176758
1 0.835449 0.292969 0.247070 0.126953
1 0.191406 0.483398 0.382812 0.486328
1 0.453125 0.522949 0.126953 0.413086
1 0.589844 0.476562 0.152344 0.292969
1 0.691895 0.351562 0.024414 0.025391
1 0.818359 0.376465 0.275391 0.067383
1 0.823730 0.690430 0.352539 0.619141
1 0.577637 0.682129 0.129883 0.114258
1 0.320312 0.866699 0.640625 0.266602
