0 0.062500 0.131348 0.125000 0.262695
0 0.500000 0.500000 1.000000 1.000000
0 0.005371 0.305176 0.010742 0.077148
0 0.254395 0.697754 0.000977 0.000977
1 0.058105 0.125977 0.116211 0.251953
1 0.376953 0.367188 0.753906 0.734375
1 0.577148 0.112793 0.320312 0.225586
1 0.871582 0.190430 0.256836 0.380859
1 0.001465 0.309570 0.002930 0.041016
1 0.703613 0.670410 0.592773 0.624023
1 0.738281 0.413086 0.041016 0.031250
1 0.299316 0.714844 0.598633 0.570312
1 0.633301 0.504395 0.256836 0.149414
1 0.761230 0.914062 0.477539 0.171875
