0 0.500000 0.500000 1.000000 1.000000
0 0.122070 0.010742 0.013672 0.021484
0 0.006836 0.292480 0.013672 0.047852
0 0.948242 0.401367 0.103516 0.068359
0 0.700195 0.879395 0.091797 0.241211
0 0.538086 0.889160 0.070312 0.221680
0 0.784668 0.967285 0.014648 0.065430
1 0.018555 0.019043 0.037109 0.038086
1 0.143555 0.037109 0.210938 0.074219
1 0.287598 0.080078 0.129883 0.160156
1 0.324707 0.007812 0.071289 0.015625
1 0.432617 0.099609 0.224609 0.199219
1 0.687988 0.101562 0.364258 0.203125
1 0.921387 0.101562 0.157227 0.203125
1 0.113281 0.085938 0.226562 0.095703
1 0.103516 0.268066 0.207031 0.336914
1 0.471680 0.574707 0.929688 0.850586
1 0.857422 0.417480 0.285156 0.471680
1 0.063477 0.567383 0.126953 0.312500
1 0.325195 0.560059 0.500000 0.227539
1 0.975098 0.571777 0.049805 0.176758
1 0.341309 0.635254 0.290039 0.131836
1 0.927734 0.823242 0.144531 0.353516
1 0.022461 0.818359 0.044922 0.197266
1 0.013672 0.983887 0.027344 0.032227
1 0.087891 0.988281 0.109375 0.023438
