0 0.500000 0.500000 1.000000 1.000000
0 0.002930 0.492188 0.005859 0.017578
0 0.007324 0.573242 0.014648 0.013672
0 0.008789 0.651855 0.017578 0.016602
0 0.021484 0.963867 0.042969 0.015625
1 0.387207 0.076660 0.774414 0.153320
1 0.817383 0.051758 0.107422 0.103516
1 0.935547 0.048340 0.128906 0.096680
1 0.565918 0.141113 0.868164 0.061523
1 0.826172 0.567383 0.347656 0.865234
1 0.384277 0.276855 0.541992 0.237305
1 0.042480 0.173828 0.084961 0.009766
1 0.043945 0.217285 0.087891 0.043945
1 0.101562 0.213867 0.009766 0.037109
1 0.246582 0.277832 0.256836 0.098633
1 0.105469 0.277832 0.011719 0.063477
1 0.048828 0.306152 0.097656 0.116211
1 0.251465 0.368164 0.254883 0.103516
1 0.066895 0.547363 0.133789 0.352539
1 0.530273 0.437012 0.261719 0.106445
1 0.261230 0.461426 0.256836 0.108398
1 0.540039 0.530273 0.261719 0.101562
1 0.270020 0.553223 0.256836 0.102539
1 0.547852 0.626465 0.265625 0.104492
1 0.279297 0.648438 0.255859 0.101562
1 0.554199 0.721680 0.258789 0.107422
1 0.288574 0.740723 0.256836 0.102539
1 0.070801 0.766113 0.141602 0.088867
1 0.553223 0.822754 0.235352 0.106445
1 0.296387 0.845215 0.254883 0.104492
1 0.080078 0.906250 0.160156 0.187500
1 0.551270 0.917969 0.211914 0.101562
1 0.305664 0.938965 0.253906 0.102539
1 0.548340 0.985352 0.184570 0.029297
1 0.345703 0.993164 0.175781 0.013672
