0 0.482910 0.500000 0.965820 1.000000
0 0.486816 0.093262 0.022461 0.186523
0 0.802246 0.500000 0.395508 1.000000
0 0.999512 0.007324 0.000977 0.000977
0 0.999512 0.016602 0.000977 0.003906
0 0.999512 0.021973 0.000977 0.002930
0 0.999512 0.026367 0.000977 0.001953
0 0.999512 0.030762 0.000977 0.000977
0 0.999512 0.036621 0.000977 0.000977
0 0.999512 0.090332 0.000977 0.000977
0 0.999512 0.194336 0.000977 0.003906
0 0.999512 0.198730 0.000977 0.002930
0 0.999512 0.202148 0.000977 0.001953
0 0.999512 0.208984 0.000977 0.001953
0 0.999512 0.276367 0.000977 0.001953
0 0.999512 0.283203 0.000977 0.009766
0 0.999512 0.291504 0.000977 0.002930
0 0.999512 0.294922 0.000977 0.001953
0 0.999512 0.320312 0.000977 0.001953
0 0.999512 0.328613 0.000977 0.000977
0 0.999512 0.334473 0.000977 0.002930
0 0.999512 0.337402 0.000977 0.000977
0 0.999512 0.348145 0.000977 0.000977
0 0.999512 0.353027 0.000977 0.002930
0 0.999512 0.358398 0.000977 0.001953
0 0.999512 0.361816 0.000977 0.002930
0 0.999512 0.367676 0.000977 0.000977
0 0.999512 0.382812 0.000977 0.003906
0 0.999512 0.473145 0.000977 0.000977
0 0.999512 0.478027 0.000977 0.002930
0 0.999512 0.497559 0.000977 0.004883
0 0.999512 0.507812 0.000977 0.001953
0 0.999512 0.511719 0.000977 0.001953
0 0.999512 0.524414 0.000977 0.001953
0 0.999512 0.527832 0.000977 0.000977
0 0.999512 0.543457 0.000977 0.000977
0 0.999512 0.548340 0.000977 0.000977
0 0.999512 0.555176 0.000977 0.000977
0 0.999512 0.566406 0.000977 0.005859
0 0.999512 0.572754 0.000977 0.002930
0 0.999512 0.576172 0.000977 0.001953
0 0.999512 0.580078 0.000977 0.001953
0 0.999512 0.585938 0.000977 0.001953
0 0.999512 0.600586 0.000977 0.001953
0 0.999512 0.603516 0.000977 0.001953
0 0.999512 0.607422 0.000977 0.001953
0 0.999512 0.611816 0.000977 0.000977
0 0.999512 0.615234 0.000977 0.001953
0 0.999512 0.643066 0.000977 0.000977
0 0.999512 0.645020 0.000977 0.000977
0 0.999512 0.648926 0.000977 0.002930
0 0.999512 0.673828 0.000977 0.001953
0 0.999512 0.680176 0.000977 0.000977
0 0.999512 0.683105 0.000977 0.000977
0 0.999512 0.694336 0.000977 0.001953
0 0.999512 0.699219 0.000977 0.001953
0 0.999512 0.703125 0.000977 0.001953
0 0.999512 0.710449 0.000977 0.002930
0 0.008789 0.753418 0.017578 0.010742
0 0.999512 0.777832 0.000977 0.000977
0 0.999512 0.780273 0.000977 0.001953
0 0.999512 0.815918 0.000977 0.000977
0 0.002441 0.871094 0.004883 0.052734
0 0.999512 0.850586 0.000977 0.001953
0 0.360840 0.925781 0.184570 0.148438
0 0.999512 0.873535 0.000977 0.016602
0 0.999512 0.894531 0.000977 0.003906
0 0.999512 0.903809 0.000977 0.000977
0 0.999512 0.906250 0.000977 0.001953
0 0.999512 0.915039 0.000977 0.009766
0 0.999512 0.936035 0.000977 0.004883
0 0.999512 0.949219 0.000977 0.017578
0 0.999512 0.963379 0.000977 0.008789
0 0.999512 0.986816 0.000977 0.004883
1 0.058105 0.098145 0.116211 0.196289
1 0.184082 0.139160 0.157227 0.278320
1 0.332031 0.136230 0.160156 0.272461
1 0.628906 0.154785 0.484375 0.309570
1 0.629395 0.081055 0.108398 0.162109
1 0.810059 0.096680 0.274414 0.193359
1 0.786133 0.500000 0.369141 1.000000
1 0.956543 0.116699 0.086914 0.233398
1 0.003906 0.165527 0.007812 0.065430
1 0.064941 0.242188 0.129883 0.083984
1 0.811035 0.608398 0.377930 0.783203
1 0.467773 0.631836 0.500000 0.736328
1 0.370605 0.431152 0.159180 0.305664
1 0.715820 0.468262 0.230469 0.374023
1 0.224121 0.440918 0.165039 0.307617
1 0.100586 0.446289 0.138672 0.312500
1 0.019043 0.376465 0.038086 0.157227
1 0.027832 0.536621 0.055664 0.141602
1 0.369629 0.667969 0.114258 0.150391
1 0.190918 0.683105 0.252930 0.178711
1 0.105469 0.806152 0.210938 0.387695
1 0.246094 0.747070 0.107422 0.083984
1 0.174805 0.775879 0.056641 0.059570
1 0.242188 0.821777 0.050781 0.077148
1 0.195312 0.866211 0.076172 0.130859
1 0.154785 0.817871 0.000977 0.000977
