0 0.500000 0.500000 1.000000 1.000000
0 0.772461 0.031250 0.011719 0.062500
1 0.059570 0.104492 0.119141 0.208984
1 0.168945 0.060547 0.083984 0.121094
1 0.636719 0.124512 0.664062 0.249023
1 0.970215 0.126465 0.059570 0.252930
1 0.256348 0.061523 0.079102 0.119141
1 0.011719 0.149414 0.023438 0.113281
1 0.210449 0.170410 0.168945 0.083008
1 0.203613 0.223145 0.116211 0.006836
1 0.009766 0.223145 0.019531 0.002930
1 0.557129 0.243164 0.387695 0.027344
1 0.023438 0.310547 0.046875 0.154297
1 0.330078 0.442383 0.583984 0.417969
1 0.564941 0.621094 0.434570 0.757812
1 0.851074 0.262695 0.127930 0.009766
1 0.976562 0.269043 0.046875 0.006836
1 0.910645 0.531250 0.178711 0.517578
1 0.801758 0.461426 0.042969 0.344727
1 0.037598 0.418945 0.075195 0.113281
1 0.160645 0.469727 0.321289 0.201172
1 0.277832 0.492676 0.159180 0.108398
1 0.398926 0.544434 0.083008 0.165039
1 0.187012 0.692383 0.344727 0.306641
1 0.077148 0.616699 0.154297 0.077148
1 0.954102 0.651855 0.091797 0.059570
1 0.413086 0.811523 0.500000 0.376953
1 0.493164 0.673340 0.142578 0.071289
1 0.817871 0.739258 0.069336 0.197266
1 0.009277 0.731445 0.018555 0.158203
1 0.930176 0.767578 0.139648 0.156250
1 0.138184 0.844727 0.276367 0.230469
1 0.749512 0.921875 0.067383 0.156250
1 0.899902 0.895508 0.200195 0.093750
1 0.818359 0.942871 0.031250 0.030273
1 0.078613 0.974121 0.157227 0.051758
1 0.215820 0.977539 0.146484 0.044922
1 0.331543 0.978027 0.098633 0.043945
1 0.903809 0.979004 0.192383 0.041992
