0 0.007812 0.004395 0.015625 0.008789
0 0.500000 0.361816 1.000000 0.723633
0 0.032227 0.870605 0.064453 0.018555
0 0.047852 0.964844 0.095703 0.029297
1 0.168945 0.110840 0.337891 0.221680
1 0.252930 0.069336 0.324219 0.138672
1 0.456543 0.024902 0.061523 0.049805
1 0.545898 0.071289 0.207031 0.142578
1 0.444336 0.278320 0.576172 0.556641
1 0.725098 0.127930 0.182617 0.255859
1 0.789062 0.009277 0.068359 0.018555
1 0.822754 0.351074 0.354492 0.702148
1 0.129883 0.217773 0.259766 0.308594
1 0.036621 0.249512 0.073242 0.129883
1 0.062988 0.412109 0.125977 0.191406
1 0.500000 0.693848 1.000000 0.612305
