0 0.500000 0.500000 1.000000 1.000000
0 0.425781 0.001465 0.015625 0.002930
1 0.142578 0.065918 0.285156 0.131836
1 0.250000 0.033203 0.179688 0.066406
1 0.433105 0.070801 0.213867 0.141602
1 0.662598 0.049316 0.239258 0.098633
1 0.755371 0.009766 0.071289 0.019531
1 0.823242 0.090820 0.125000 0.181641
1 0.919922 0.068848 0.111328 0.137695
1 0.970215 0.086914 0.059570 0.173828
1 0.035156 0.047363 0.064453 0.026367
1 0.634277 0.145020 0.252930 0.208008
1 0.021973 0.102051 0.043945 0.118164
1 0.531250 0.282227 0.931641 0.443359
1 0.160645 0.137207 0.250977 0.133789
1 0.022949 0.150879 0.045898 0.147461
1 0.636230 0.273926 0.727539 0.383789
1 0.917480 0.192871 0.165039 0.147461
1 0.050293 0.296387 0.100586 0.297852
1 0.854492 0.280762 0.291016 0.235352
1 0.105469 0.320312 0.162109 0.300781
1 0.276855 0.353516 0.174805 0.341797
1 0.189453 0.346191 0.167969 0.299805
1 0.468262 0.311035 0.262695 0.184570
1 0.597168 0.474121 0.159180 0.286133
1 0.326660 0.484863 0.159180 0.278320
1 0.685547 0.503418 0.160156 0.274414
1 0.408691 0.509277 0.155273 0.280273
1 0.492188 0.532715 0.156250 0.280273
1 0.742188 0.600098 0.503906 0.385742
1 0.996582 0.417969 0.006836 0.009766
1 0.130371 0.527344 0.260742 0.146484
1 0.979980 0.474121 0.040039 0.022461
1 0.955566 0.662598 0.088867 0.270508
1 0.446289 0.673828 0.892578 0.271484
1 0.279785 0.734375 0.559570 0.359375
1 0.975586 0.660645 0.048828 0.163086
1 0.290039 0.859375 0.580078 0.281250
1 0.548340 0.862305 0.188477 0.275391
1 0.963867 0.780762 0.072266 0.088867
1 0.660645 0.874512 0.137695 0.250977
1 0.805664 0.827148 0.175781 0.107422
1 0.907715 0.809570 0.010742 0.009766
1 0.960449 0.825684 0.079102 0.030273
1 0.877441 0.910645 0.065430 0.178711
1 0.925293 0.913086 0.125977 0.173828
1 0.724121 0.927246 0.110352 0.145508
1 0.976074 0.929688 0.047852 0.140625
1 0.812500 0.940430 0.109375 0.119141
