0 0.500000 0.500000 1.000000 1.000000
0 0.548340 0.146484 0.032227 0.009766
1 0.035645 0.158691 0.071289 0.317383
1 0.139160 0.164551 0.256836 0.329102
1 0.283691 0.049316 0.061523 0.098633
1 0.345703 0.053223 0.072266 0.106445
1 0.506348 0.010254 0.084961 0.020508
1 0.665039 0.021484 0.226562 0.042969
1 0.842773 0.025879 0.126953 0.051758
1 0.953613 0.031250 0.092773 0.062500
1 0.446777 0.103516 0.149414 0.203125
1 0.529785 0.152832 0.161133 0.239258
1 0.638184 0.158203 0.120117 0.236328
1 0.727539 0.164551 0.085938 0.229492
1 0.884766 0.103027 0.230469 0.090820
1 0.257324 0.227051 0.086914 0.254883
1 0.354980 0.244141 0.151367 0.275391
1 0.797852 0.218750 0.097656 0.166016
1 0.919434 0.188965 0.161133 0.090820
1 0.162109 0.255859 0.095703 0.154297
1 0.491699 0.278809 0.221680 0.159180
1 0.950684 0.293945 0.098633 0.138672
1 0.872559 0.322266 0.061523 0.181641
1 0.645508 0.352539 0.085938 0.146484
1 0.704102 0.355957 0.082031 0.145508
1 0.799316 0.332520 0.100586 0.061523
1 0.724609 0.402344 0.068359 0.150391
1 0.041992 0.609863 0.083984 0.555664
1 0.106934 0.507324 0.098633 0.325195
1 0.168457 0.511719 0.081055 0.326172
1 0.431152 0.384766 0.118164 0.068359
1 0.361816 0.537109 0.331055 0.367188
1 0.796875 0.388184 0.093750 0.067383
1 0.587402 0.413574 0.196289 0.110352
1 0.952637 0.405273 0.094727 0.087891
1 0.834961 0.452637 0.146484 0.073242
1 0.507324 0.499512 0.059570 0.110352
1 0.956055 0.468750 0.087891 0.046875
1 0.199707 0.562500 0.067383 0.228516
1 0.641602 0.546875 0.222656 0.193359
1 0.238281 0.569336 0.074219 0.220703
1 0.280273 0.583496 0.072266 0.200195
1 0.864746 0.615234 0.270508 0.253906
1 0.618652 0.615234 0.206055 0.244141
1 0.325195 0.569824 0.064453 0.147461
1 0.060059 0.773926 0.084961 0.198242
1 0.834473 0.837402 0.331055 0.325195
1 0.105957 0.774902 0.065430 0.192383
1 0.137695 0.780273 0.052734 0.195312
1 0.205078 0.733887 0.091797 0.098633
1 0.322266 0.845703 0.207031 0.308594
1 0.408691 0.791504 0.200195 0.159180
1 0.588867 0.859863 0.232422 0.280273
1 0.532715 0.762207 0.055664 0.059570
1 0.180176 0.833984 0.053711 0.103516
1 0.220215 0.841797 0.045898 0.109375
1 0.435059 0.915039 0.108398 0.169922
1 0.072754 0.935547 0.145508 0.128906
1 0.162598 0.942871 0.053711 0.114258
1 0.200195 0.947266 0.054688 0.105469
1 0.371094 0.939941 0.039062 0.022461
1 0.723145 0.977539 0.131836 0.044922
