0 0.500000 0.500000 1.000000 1.000000
0 0.092285 0.935059 0.184570 0.129883
1 0.092285 0.032227 0.170898 0.064453
1 0.259766 0.029785 0.142578 0.059570
1 0.440918 0.028320 0.194336 0.056641
1 0.724121 0.026855 0.350586 0.053711
1 0.956055 0.013184 0.087891 0.026367
1 0.956543 0.305664 0.086914 0.550781
1 0.726074 0.102539 0.350586 0.095703
1 0.343262 0.308105 0.403320 0.493164
1 0.297363 0.535156 0.594727 0.929688
1 0.731445 0.200195 0.351562 0.097656
1 0.731445 0.297363 0.355469 0.096680
1 0.730957 0.388184 0.360352 0.084961
1 0.729980 0.472168 0.368164 0.084961
1 0.729004 0.642090 0.377930 0.266602
1 0.828613 0.768555 0.342773 0.462891
1 0.498047 0.709961 0.181641 0.169922
1 0.544434 0.748047 0.141602 0.132812
1 0.584961 0.784180 0.171875 0.162109
1 0.635254 0.820801 0.165039 0.151367
1 0.088867 0.938965 0.177734 0.122070
1 0.591309 0.954590 0.575195 0.090820
