0 0.096191 0.070801 0.092773 0.141602
0 0.500000 0.500000 1.000000 1.000000
0 0.050781 0.398438 0.101562 0.033203
0 0.985352 0.910645 0.029297 0.081055
1 0.128906 0.182129 0.257812 0.364258
1 0.273438 0.050781 0.033203 0.101562
1 0.467285 0.236816 0.500977 0.473633
1 0.423828 0.004883 0.044922 0.009766
1 0.513672 0.018555 0.128906 0.037109
1 0.657715 0.036621 0.163086 0.073242
1 0.843262 0.062012 0.231445 0.124023
1 0.967285 0.069824 0.065430 0.139648
1 0.493652 0.085449 0.168945 0.141602
1 0.791016 0.228027 0.263672 0.291992
1 0.197266 0.323730 0.121094 0.401367
1 0.932129 0.273438 0.135742 0.285156
1 0.979492 0.223145 0.041016 0.157227
1 0.733887 0.423340 0.241211 0.182617
1 0.075195 0.445801 0.150391 0.186523
1 0.178711 0.426758 0.033203 0.109375
1 0.912109 0.474609 0.175781 0.173828
1 0.398926 0.498047 0.401367 0.191406
1 0.197266 0.508301 0.093750 0.073242
1 0.161621 0.481934 0.000977 0.000977
1 0.694824 0.566895 0.227539 0.149414
1 0.261230 0.533691 0.014648 0.014648
1 0.882812 0.618164 0.228516 0.152344
1 0.249512 0.556152 0.235352 0.018555
1 0.049316 0.559570 0.098633 0.015625
1 0.672852 0.782227 0.654297 0.435547
1 0.125488 0.787598 0.250977 0.424805
1 0.299805 0.669434 0.099609 0.180664
1 0.985352 0.656738 0.029297 0.096680
1 0.926270 0.700684 0.147461 0.041992
1 0.463867 0.846680 0.244141 0.306641
1 0.291992 0.875977 0.203125 0.246094
1 0.243652 0.982422 0.135742 0.035156
1 0.327637 0.998535 0.014648 0.002930
