0 0.129883 0.337891 0.259766 0.675781
0 0.580078 0.554199 0.839844 0.891602
1 0.119629 0.037109 0.239258 0.074219
1 0.500000 0.500000 1.000000 1.000000
1 0.120605 0.346191 0.241211 0.645508
1 0.973633 0.259766 0.052734 0.279297
1 0.770996 0.363281 0.409180 0.476562
1 0.492188 0.406738 0.146484 0.473633
1 0.960449 0.535156 0.079102 0.263672
1 0.542969 0.753906 0.746094 0.492188
1 0.953613 0.709473 0.092773 0.127930
1 0.861816 0.800781 0.122070 0.201172
1 0.708984 0.876953 0.263672 0.246094
1 0.964844 0.831055 0.070312 0.123047
1 0.456055 0.931641 0.308594 0.136719
1 0.919434 0.945801 0.161133 0.108398
1 0.827148 0.997070 0.035156 0.005859
