0 0.500000 0.500000 1.000000 1.000000
0 0.986816 0.971191 0.026367 0.016602
1 0.038574 0.114258 0.077148 0.228516
1 0.152832 0.107910 0.165039 0.215820
1 0.312012 0.098145 0.165039 0.196289
1 0.488770 0.089844 0.211914 0.179688
1 0.751953 0.223633 0.357422 0.447266
1 0.914551 0.082520 0.170898 0.165039
1 0.326172 0.252441 0.652344 0.208008
1 0.961914 0.302246 0.076172 0.303711
1 0.379395 0.405273 0.536133 0.158203
1 0.048828 0.400879 0.097656 0.065430
1 0.699219 0.681152 0.167969 0.473633
1 0.066895 0.552246 0.133789 0.213867
1 0.879395 0.693848 0.241211 0.475586
1 0.224609 0.594238 0.185547 0.266602
1 0.374023 0.707520 0.162109 0.459961
1 0.544922 0.558105 0.175781 0.135742
1 0.951660 0.706543 0.096680 0.291992
1 0.531250 0.692383 0.173828 0.128906
1 0.057617 0.765137 0.115234 0.208008
1 0.160645 0.821777 0.096680 0.180664
1 0.247559 0.830078 0.090820 0.185547
1 0.469727 0.853516 0.089844 0.183594
1 0.561035 0.861816 0.092773 0.182617
1 0.944336 0.929199 0.111328 0.141602
1 0.047363 0.934082 0.094727 0.131836
1 0.742676 0.960938 0.274414 0.078125
1 0.346680 0.961426 0.484375 0.077148
