0 0.500000 0.500000 1.000000 1.000000
1 0.401367 0.010254 0.298828 0.020508
1 0.701172 0.023438 0.296875 0.046875
1 0.893066 0.194336 0.213867 0.388672
1 0.059082 0.351074 0.118164 0.688477
1 0.264160 0.374023 0.413086 0.734375
1 0.584473 0.239258 0.502930 0.449219
1 0.601074 0.032715 0.083008 0.012695
1 0.861816 0.481445 0.276367 0.246094
1 0.564941 0.520996 0.350586 0.190430
1 0.557129 0.455566 0.000977 0.000977
1 0.565430 0.469238 0.015625 0.026367
1 0.434570 0.710938 0.333984 0.230469
1 0.888184 0.606445 0.135742 0.005859
1 0.628906 0.676270 0.156250 0.131836
1 0.856445 0.666992 0.287109 0.113281
1 0.120117 0.797852 0.240234 0.353516
1 0.016602 0.683594 0.033203 0.076172
1 0.858887 0.834473 0.282227 0.231445
1 0.014160 0.805664 0.028320 0.152344
1 0.255371 0.874023 0.374023 0.251953
1 0.607910 0.778320 0.192383 0.052734
1 0.588867 0.833008 0.232422 0.056641
1 0.495605 0.903809 0.422852 0.143555
1 0.808594 0.916992 0.179688 0.066406
1 0.290039 0.966797 0.201172 0.066406
1 0.859863 0.976562 0.280273 0.046875
1 0.544922 0.978027 0.320312 0.043945
1 0.034668 0.979492 0.069336 0.041016
1 0.157715 0.983887 0.079102 0.032227
