0 0.500000 0.633301 1.000000 0.635742
0 0.395996 0.700684 0.010742 0.045898
0 0.002441 0.882812 0.004883 0.019531
0 0.027832 0.966797 0.026367 0.066406
0 0.082031 0.966797 0.027344 0.066406
1 0.500000 0.378418 1.000000 0.756836
1 0.500000 0.670410 1.000000 0.659180
1 0.898926 0.376465 0.000977 0.000977
1 0.548828 0.519043 0.001953 0.000977
1 0.535645 0.523926 0.000977 0.000977
1 0.532715 0.524902 0.000977 0.000977
1 0.516113 0.531738 0.000977 0.000977
1 0.257324 0.763672 0.514648 0.314453
1 0.164551 0.666504 0.000977 0.000977
1 0.173340 0.677246 0.000977 0.000977
1 0.171387 0.678223 0.000977 0.000977
1 0.169434 0.679199 0.000977 0.000977
1 0.167480 0.680176 0.000977 0.000977
1 0.134277 0.681152 0.000977 0.000977
1 0.083496 0.723145 0.000977 0.000977
1 0.257812 0.784668 0.107422 0.106445
1 0.213867 0.895996 0.130859 0.094727
