0 0.500000 0.500000 1.000000 1.000000
0 0.023926 0.982422 0.047852 0.035156
1 0.068848 0.066895 0.137695 0.133789
1 0.213867 0.030762 0.179688 0.061523
1 0.362305 0.251953 0.394531 0.503906
1 0.696289 0.147949 0.607422 0.295898
1 0.140137 0.285156 0.280273 0.388672
1 0.775391 0.366699 0.449219 0.514648
1 0.134766 0.524902 0.269531 0.102539
1 0.329590 0.734375 0.166992 0.462891
1 0.464355 0.746094 0.168945 0.464844
1 0.130859 0.719727 0.261719 0.304688
1 0.743652 0.714355 0.397461 0.221680
1 0.971191 0.735840 0.057617 0.200195
1 0.727539 0.895508 0.394531 0.164062
1 0.964844 0.915039 0.070312 0.140625
1 0.115723 0.933594 0.231445 0.132812
1 0.760254 0.984375 0.469727 0.031250
1 0.281738 0.985352 0.081055 0.029297
1 0.374512 0.987305 0.092773 0.025391
1 0.016113 0.989746 0.032227 0.020508
1 0.466797 0.991699 0.078125 0.016602
