0 0.500000 0.500000 1.000000 1.000000
0 0.980469 0.030273 0.039062 0.060547
0 0.309082 0.691406 0.000977 0.001953
1 0.048340 0.026855 0.096680 0.053711
1 0.254395 0.041504 0.274414 0.083008
1 0.481934 0.077637 0.260742 0.155273
1 0.732910 0.060547 0.286133 0.121094
1 0.891602 0.004395 0.025391 0.008789
1 0.944824 0.066406 0.110352 0.132812
1 0.983887 0.023926 0.032227 0.047852
1 0.898926 0.092773 0.131836 0.142578
1 0.236328 0.095215 0.228516 0.116211
1 0.041992 0.147461 0.083984 0.216797
1 0.825684 0.214355 0.198242 0.315430
1 0.627930 0.232910 0.207031 0.260742
1 0.201660 0.438477 0.403320 0.634766
1 0.990234 0.148926 0.019531 0.040039
1 0.244629 0.180176 0.186523 0.096680
1 0.435059 0.193848 0.198242 0.118164
1 0.960938 0.185547 0.078125 0.074219
1 0.954590 0.291016 0.090820 0.158203
1 0.454102 0.391113 0.183594 0.262695
1 0.656738 0.524414 0.510742 0.427734
1 0.806152 0.505371 0.387695 0.282227
1 0.370117 0.576172 0.115234 0.140625
1 0.970215 0.621582 0.059570 0.157227
1 0.307617 0.821777 0.330078 0.356445
1 0.139648 0.830078 0.279297 0.339844
1 0.917969 0.825195 0.164062 0.294922
1 0.721191 0.848633 0.274414 0.302734
1 0.501465 0.851074 0.249023 0.297852
1 0.882812 0.936035 0.234375 0.127930
