0 0.049805 0.036621 0.099609 0.073242
0 0.500000 0.500000 1.000000 1.000000
0 0.901367 0.052734 0.197266 0.105469
0 0.996582 0.824707 0.006836 0.041992
0 0.857910 0.966797 0.284180 0.066406
1 0.033203 0.017090 0.066406 0.034180
1 0.136230 0.062012 0.272461 0.124023
1 0.491699 0.279785 0.405273 0.559570
1 0.842285 0.283203 0.315430 0.566406
1 0.929688 0.043945 0.140625 0.087891
1 0.234863 0.066406 0.147461 0.109375
1 0.020020 0.142578 0.040039 0.082031
1 0.237305 0.157715 0.132812 0.075195
1 0.148438 0.283691 0.296875 0.295898
1 0.232422 0.243652 0.130859 0.086914
1 0.182129 0.404297 0.364258 0.291016
1 0.012207 0.473633 0.024414 0.130859
1 0.277344 0.435547 0.015625 0.021484
1 0.009766 0.667969 0.019531 0.214844
1 0.139160 0.780273 0.278320 0.439453
1 0.639160 0.785645 0.721680 0.428711
1 0.866699 0.970703 0.266602 0.058594
1 0.349609 0.981445 0.371094 0.037109
1 0.561523 0.998535 0.039062 0.002930
