0 0.054688 0.055664 0.109375 0.111328
0 0.500000 0.500000 1.000000 1.000000
1 0.042969 0.046387 0.085938 0.092773
1 0.295410 0.326172 0.590820 0.652344
1 0.368652 0.190918 0.416992 0.381836
1 0.614258 0.016602 0.048828 0.033203
1 0.732910 0.027832 0.172852 0.055664
1 0.906250 0.103027 0.187500 0.206055
1 0.708008 0.181152 0.234375 0.284180
1 0.793457 0.296875 0.403320 0.294922
1 0.962891 0.299805 0.074219 0.257812
1 0.005859 0.340820 0.011719 0.064453
1 0.016602 0.445801 0.033203 0.129883
1 0.799805 0.507812 0.226562 0.228516
1 0.929688 0.516602 0.140625 0.197266
1 0.641113 0.541504 0.079102 0.166992
1 0.014160 0.563477 0.028320 0.097656
1 0.195801 0.734863 0.208008 0.342773
1 0.444336 0.716797 0.322266 0.289062
1 0.811035 0.705566 0.377930 0.155273
1 0.091309 0.740723 0.170898 0.208008
1 0.002930 0.652344 0.005859 0.013672
1 0.749023 0.784668 0.265625 0.223633
1 0.017578 0.746094 0.035156 0.117188
1 0.545898 0.868652 0.154297 0.262695
1 0.942871 0.832031 0.114258 0.125000
1 0.159668 0.905273 0.319336 0.189453
1 0.358887 0.912598 0.223633 0.174805
1 0.751465 0.919434 0.252930 0.161133
1 0.945801 0.947754 0.108398 0.104492
1 0.655762 0.995605 0.036133 0.008789
