0 0.500000 0.500000 1.000000 1.000000
0 0.993652 0.012695 0.012695 0.025391
1 0.068359 0.202637 0.136719 0.405273
1 0.308105 0.173828 0.557617 0.347656
1 0.655273 0.127930 0.408203 0.255859
1 0.917480 0.071777 0.165039 0.143555
1 0.998535 0.002441 0.002930 0.004883
1 0.916992 0.155762 0.166016 0.141602
1 0.944824 0.227051 0.110352 0.106445
1 0.886719 0.337402 0.226562 0.180664
1 0.461426 0.461426 0.596680 0.415039
1 0.779785 0.416016 0.147461 0.142578
1 0.143066 0.584961 0.286133 0.435547
1 0.877930 0.566406 0.244141 0.291016
1 0.610840 0.697266 0.600586 0.398438
1 0.174316 0.840332 0.348633 0.319336
1 0.958984 0.857910 0.082031 0.284180
1 0.731934 0.872559 0.440430 0.254883
1 0.420898 0.873047 0.152344 0.253906
1 0.484375 0.954590 0.218750 0.090820
1 0.331543 0.966797 0.040039 0.066406
