0 0.500000 0.500000 1.000000 1.000000
1 0.319336 0.304199 0.638672 0.608398
1 0.768066 0.480957 0.463867 0.961914
1 0.626953 0.710938 0.322266 0.320312
1 0.414062 0.718750 0.144531 0.294922
1 0.286621 0.729492 0.147461 0.294922
1 0.157227 0.742188 0.150391 0.298828
1 0.051270 0.756348 0.102539 0.295898
1 0.549316 0.834961 0.141602 0.310547
1 0.710449 0.916504 0.182617 0.124023
1 0.371094 0.932129 0.255859 0.135742
1 0.121094 0.945312 0.242188 0.109375
1 0.907715 0.982422 0.184570 0.035156
1 0.724121 0.988770 0.172852 0.022461
1 0.610352 0.999023 0.029297 0.001953
