0 0.500000 0.500000 1.000000 1.000000
0 0.011230 0.977539 0.022461 0.044922
0 0.958008 0.980957 0.083984 0.038086
1 0.411133 0.186523 0.822266 0.373047
1 0.867188 0.102539 0.265625 0.205078
1 0.468262 0.282227 0.604492 0.431641
1 0.941406 0.274902 0.117188 0.231445
1 0.810547 0.210449 0.091797 0.081055
1 0.871582 0.333984 0.196289 0.222656
1 0.562988 0.488770 0.596680 0.430664
1 0.174316 0.554688 0.348633 0.470703
1 0.936035 0.538086 0.127930 0.289062
1 0.080566 0.632812 0.161133 0.398438
1 0.706055 0.731445 0.587891 0.537109
1 0.457520 0.847656 0.190430 0.304688
1 0.342285 0.859863 0.299805 0.280273
1 0.140137 0.886719 0.280273 0.226562
1 0.971191 0.986816 0.057617 0.026367
1 0.004883 0.990723 0.009766 0.018555
