0 0.500000 0.500000 1.000000 1.000000
0 0.989258 0.681152 0.021484 0.065430
1 0.058105 0.021973 0.098633 0.043945
1 0.243652 0.091797 0.415039 0.183594
1 0.310059 0.001953 0.084961 0.003906
1 0.606445 0.270508 0.363281 0.541016
1 0.822266 0.023438 0.119141 0.046875
1 0.882324 0.117676 0.235352 0.235352
1 0.014648 0.096191 0.029297 0.108398
1 0.106934 0.387207 0.213867 0.461914
1 0.306152 0.369629 0.416992 0.366211
1 0.842773 0.557129 0.314453 0.696289
1 0.918945 0.270020 0.162109 0.092773
1 0.006348 0.565430 0.012695 0.132812
1 0.932617 0.718262 0.134766 0.385742
1 0.468750 0.710449 0.433594 0.311523
1 0.164551 0.794434 0.278320 0.411133
1 0.026855 0.825195 0.053711 0.349609
1 0.494629 0.925781 0.375977 0.148438
1 0.846191 0.946289 0.307617 0.107422
1 0.587891 0.971680 0.185547 0.056641
