0 0.007812 0.001465 0.015625 0.002930
0 0.500000 0.478027 1.000000 0.956055
0 0.500000 0.910156 1.000000 0.179688
1 0.152344 0.036621 0.304688 0.073242
1 0.504883 0.093262 0.369141 0.186523
1 0.836426 0.288086 0.327148 0.576172
1 0.160645 0.095215 0.321289 0.125977
1 0.175781 0.176270 0.318359 0.122070
1 0.458008 0.472168 0.916016 0.668945
1 0.945312 0.632324 0.109375 0.100586
1 0.961426 0.708984 0.077148 0.058594
1 0.309570 0.843750 0.619141 0.185547
1 0.500000 0.871094 1.000000 0.224609
1 0.545898 0.928223 0.908203 0.143555
1 0.997559 0.882324 0.004883 0.022461
