0 0.500000 0.433594 1.000000 0.867188
0 0.085938 0.505371 0.171875 0.127930
0 0.468262 0.889160 0.936523 0.221680
1 0.162598 0.010742 0.325195 0.021484
1 0.563477 0.064453 0.373047 0.128906
1 0.873535 0.050781 0.252930 0.101562
1 0.187988 0.079590 0.375977 0.151367
1 0.941895 0.213379 0.116211 0.241211
1 0.843750 0.226562 0.169922 0.238281
1 0.531250 0.190430 0.470703 0.146484
1 0.500000 0.575195 1.000000 0.849609
1 0.971191 0.403320 0.057617 0.130859
1 0.908691 0.529785 0.182617 0.370117
1 0.720703 0.389648 0.232422 0.068359
1 0.751465 0.746094 0.497070 0.226562
1 0.999512 0.733887 0.000977 0.006836
1 0.427734 0.898926 0.855469 0.202148
