0 0.083984 0.056152 0.167969 0.112305
0 0.249023 0.003906 0.009766 0.007812
0 0.617188 0.500000 0.765625 1.000000
0 0.745117 0.509766 0.509766 0.156250
0 0.487793 0.588867 0.004883 0.001953
0 0.482910 0.590820 0.004883 0.001953
0 0.478027 0.592773 0.004883 0.001953
0 0.474121 0.594238 0.002930 0.000977
1 0.030762 0.049316 0.061523 0.098633
1 0.330566 0.500000 0.661133 1.000000
1 0.823242 0.211426 0.353516 0.422852
1 0.687988 0.447754 0.624023 0.209961
1 0.686035 0.490723 0.627930 0.254883
1 0.689453 0.537109 0.621094 0.201172
1 0.627930 0.697266 0.744141 0.488281
1 0.347168 0.579590 0.000977 0.000977
1 0.815918 0.889160 0.368164 0.221680
1 0.437988 0.937500 0.372070 0.125000
