0 0.425781 0.500000 0.851562 1.000000
0 0.911133 0.126465 0.177734 0.252930
1 0.211914 0.231934 0.423828 0.463867
1 0.424805 0.020020 0.056641 0.040039
1 0.378418 0.332031 0.231445 0.664062
1 0.721680 0.500000 0.556641 1.000000
1 0.916504 0.122559 0.166992 0.245117
1 0.558105 0.442383 0.393555 0.451172
1 0.134766 0.494141 0.269531 0.525391
1 0.240723 0.565430 0.102539 0.179688
1 0.516113 0.743652 0.641602 0.512695
1 0.099121 0.681641 0.143555 0.158203
1 0.115723 0.813965 0.231445 0.372070
1 0.567871 0.729492 0.206055 0.132812
1 0.211426 0.844238 0.114258 0.311523
1 0.029297 0.829102 0.058594 0.130859
