0 0.500000 0.500000 1.000000 1.000000
0 0.306152 0.948242 0.342773 0.103516
1 0.325195 0.187500 0.650391 0.375000
1 0.745117 0.194824 0.509766 0.389648
1 0.621094 0.253418 0.109375 0.079102
1 0.073242 0.317871 0.146484 0.028320
1 0.074707 0.382812 0.149414 0.109375
1 0.595703 0.373047 0.808594 0.080078
1 0.259277 0.399902 0.229492 0.088867
1 0.445312 0.510254 0.322266 0.241211
1 0.312500 0.709473 0.625000 0.581055
1 0.781250 0.710449 0.437500 0.579102
1 0.468750 0.688477 0.236328 0.169922
1 0.602051 0.732422 0.106445 0.134766
