0 0.500000 0.500000 1.000000 1.000000
0 0.433105 0.040527 0.020508 0.059570
0 0.082520 0.934082 0.165039 0.131836
1 0.114746 0.094727 0.229492 0.189453
1 0.421875 0.083984 0.523438 0.167969
1 0.722168 0.037598 0.083008 0.075195
1 0.810059 0.036621 0.081055 0.073242
1 0.945312 0.004395 0.044922 0.008789
1 0.993652 0.011719 0.012695 0.023438
1 0.881836 0.007812 0.003906 0.001953
1 0.925293 0.058594 0.131836 0.085938
1 0.997559 0.059570 0.004883 0.058594
1 0.520508 0.106445 0.050781 0.130859
1 0.612793 0.109863 0.112305 0.129883
1 0.756836 0.124512 0.177734 0.098633
1 0.272949 0.126953 0.135742 0.095703
1 0.922852 0.137695 0.154297 0.095703
1 0.386230 0.171875 0.002930 0.001953
1 0.374023 0.594238 0.748047 0.811523
1 0.833008 0.245117 0.333984 0.105469
1 0.637695 0.221191 0.021484 0.020508
1 0.691406 0.230469 0.066406 0.023438
1 0.698730 0.349609 0.209961 0.207031
1 0.743164 0.452148 0.369141 0.357422
1 0.948242 0.410645 0.103516 0.237305
1 0.353516 0.565430 0.244141 0.193359
1 0.902832 0.564453 0.053711 0.138672
1 0.967285 0.578613 0.065430 0.120117
1 0.490234 0.613770 0.101562 0.145508
1 0.557129 0.650391 0.100586 0.156250
1 0.653320 0.695312 0.179688 0.207031
1 0.771484 0.724121 0.099609 0.194336
1 0.843750 0.739258 0.152344 0.197266
1 0.967285 0.676758 0.065430 0.054688
1 0.821777 0.677734 0.002930 0.007812
1 0.819824 0.683594 0.000977 0.001953
1 0.966797 0.721191 0.066406 0.032227
1 0.948242 0.770508 0.103516 0.085938
1 0.934570 0.818359 0.130859 0.085938
1 0.891602 0.904297 0.216797 0.191406
1 0.753418 0.842773 0.010742 0.015625
1 0.069824 0.944824 0.139648 0.110352
1 0.816895 0.956055 0.235352 0.087891
