0 0.348145 0.500000 0.696289 1.000000
0 0.991211 0.023438 0.017578 0.046875
0 0.708008 0.770020 0.527344 0.459961
0 0.005371 0.861816 0.010742 0.010742
1 0.168457 0.075684 0.336914 0.151367
1 0.374512 0.079590 0.112305 0.159180
1 0.574707 0.500000 0.850586 1.000000
1 0.199219 0.272461 0.398438 0.238281
1 0.180664 0.700195 0.361328 0.599609
1 0.500000 0.623535 0.121094 0.147461
1 0.178711 0.803711 0.250000 0.392578
1 0.783203 0.748535 0.294922 0.094727
1 0.768555 0.850586 0.349609 0.099609
1 0.798340 0.950684 0.319336 0.098633
1 0.592285 0.956543 0.069336 0.086914
