0 0.500000 0.579102 1.000000 0.841797
0 0.041016 0.353027 0.082031 0.024414
1 0.500000 0.094727 1.000000 0.189453
1 0.356934 0.186035 0.379883 0.020508
1 0.431152 0.196777 0.862305 0.034180
1 0.946777 0.188965 0.106445 0.016602
1 0.689453 0.261719 0.367188 0.121094
1 0.910156 0.601074 0.179688 0.797852
1 0.365234 0.214844 0.378906 0.021484
1 0.420410 0.608887 0.774414 0.782227
1 0.088867 0.371094 0.177734 0.291016
1 0.691895 0.369141 0.374023 0.078125
1 0.690430 0.456543 0.371094 0.073242
1 0.423828 0.699219 0.132812 0.408203
1 0.689453 0.547852 0.373047 0.101562
1 0.058105 0.559082 0.116211 0.104492
1 0.673340 0.765137 0.397461 0.327148
1 0.048340 0.729004 0.096680 0.235352
1 0.022461 0.927246 0.044922 0.145508
