0 0.500000 0.500000 1.000000 1.000000
1 0.112305 0.089844 0.224609 0.179688
1 0.288574 0.138184 0.245117 0.276367
1 0.312012 0.329102 0.252930 0.658203
1 0.377441 0.249512 0.217773 0.499023
1 0.599121 0.292969 0.540039 0.585938
1 0.807617 0.023438 0.173828 0.046875
1 0.603516 0.479004 0.792969 0.958008
1 0.150391 0.409668 0.300781 0.541992
1 0.452148 0.607910 0.443359 0.250977
1 0.073730 0.833008 0.147461 0.333984
1 0.175293 0.701660 0.016602 0.016602
1 0.252441 0.788086 0.153320 0.130859
1 0.142090 0.863770 0.057617 0.272461
1 0.401855 0.831543 0.172852 0.137695
1 0.733398 0.906738 0.509766 0.186523
1 0.224609 0.916992 0.162109 0.166016
1 0.378906 0.932617 0.177734 0.134766
1 0.609375 0.957520 0.291016 0.084961
1 0.997070 0.998535 0.005859 0.002930
1 0.146484 0.999023 0.009766 0.001953
