0 0.245117 0.019531 0.041016 0.039062
0 0.309082 0.379883 0.618164 0.759766
0 0.334473 0.417969 0.668945 0.835938
0 0.356445 0.444824 0.712891 0.889648
0 0.500000 0.500000 1.000000 1.000000
0 0.022949 0.489258 0.045898 0.041016
0 0.591309 0.766113 0.006836 0.006836
0 0.999023 0.997070 0.001953 0.005859
1 0.238770 0.131348 0.477539 0.262695
1 0.485352 0.007324 0.029297 0.014648
1 0.450684 0.152344 0.307617 0.304688
1 0.321289 0.402344 0.642578 0.804688
1 0.343262 0.429199 0.686523 0.858398
1 0.368652 0.456055 0.737305 0.912109
1 0.517578 0.445801 0.964844 0.891602
1 0.938965 0.211914 0.122070 0.125000
1 0.136719 0.224121 0.273438 0.106445
1 0.003418 0.214844 0.006836 0.060547
1 0.131836 0.329590 0.263672 0.284180
1 0.900391 0.315918 0.199219 0.147461
1 0.309570 0.302246 0.050781 0.040039
1 0.289062 0.323242 0.048828 0.048828
1 0.870117 0.412598 0.259766 0.153320
1 0.099121 0.561523 0.198242 0.351562
1 0.830078 0.534180 0.339844 0.214844
1 0.569824 0.761230 0.860352 0.254883
1 0.464844 0.871094 0.880859 0.066406
1 0.917969 0.922363 0.164062 0.155273
1 0.608887 0.926758 0.524414 0.146484
1 0.214355 0.945801 0.307617 0.108398
1 0.043457 0.955566 0.086914 0.088867
