0 0.309082 0.059570 0.102539 0.119141
0 0.720215 0.187012 0.559570 0.374023
0 0.076660 0.101562 0.153320 0.054688
0 0.365723 0.759277 0.731445 0.481445
1 0.500000 0.500000 1.000000 1.000000
1 0.620117 0.047852 0.097656 0.095703
1 0.692871 0.059082 0.124023 0.118164
1 0.830078 0.096680 0.167969 0.193359
1 0.876953 0.017090 0.076172 0.034180
1 0.920898 0.004395 0.011719 0.008789
1 0.950195 0.040527 0.099609 0.081055
1 0.751953 0.089355 0.113281 0.120117
1 0.947754 0.150879 0.104492 0.194336
1 0.313965 0.760254 0.627930 0.471680
1 0.272949 0.802734 0.545898 0.394531
