0 0.500000 0.500000 1.000000 1.000000
1 0.042480 0.118652 0.084961 0.237305
1 0.097656 0.011719 0.052734 0.023438
1 0.380371 0.315918 0.709961 0.631836
1 0.851074 0.226074 0.297852 0.452148
1 0.000488 0.246582 0.000977 0.000977
1 0.108887 0.474121 0.217773 0.383789
1 0.735840 0.552246 0.088867 0.278320
1 0.883789 0.562988 0.232422 0.276367
1 0.488770 0.483887 0.055664 0.053711
1 0.604004 0.483887 0.143555 0.053711
1 0.424316 0.485840 0.055664 0.055664
1 0.919434 0.705078 0.147461 0.173828
1 0.607422 0.733887 0.095703 0.202148
1 0.517090 0.729004 0.081055 0.190430
1 0.350098 0.729004 0.254883 0.184570
1 0.960449 0.741699 0.079102 0.165039
1 0.179688 0.837891 0.359375 0.324219
1 0.716797 0.765625 0.078125 0.136719
1 0.799805 0.770020 0.083984 0.135742
1 0.908691 0.852051 0.182617 0.139648
1 0.451660 0.863770 0.184570 0.063477
1 0.597656 0.920898 0.087891 0.158203
1 0.835938 0.921387 0.328125 0.157227
1 0.427246 0.947266 0.135742 0.105469
1 0.528320 0.951660 0.068359 0.096680
1 0.846680 0.953613 0.197266 0.092773
1 0.995605 0.928711 0.008789 0.017578
1 0.700195 0.961426 0.074219 0.077148
