0 0.672363 0.335449 0.655273 0.670898
0 0.844238 0.072266 0.311523 0.144531
0 0.033691 0.463379 0.067383 0.442383
0 0.500000 0.684082 1.000000 0.631836
0 0.632812 0.985352 0.070312 0.029297
1 0.500000 0.455078 1.000000 0.910156
1 0.678711 0.327637 0.642578 0.655273
1 0.855469 0.048828 0.248047 0.097656
1 0.977539 0.061523 0.044922 0.123047
1 0.028809 0.445312 0.057617 0.380859
1 0.313477 0.643066 0.214844 0.530273
1 0.410156 0.662598 0.207031 0.499023
1 0.162109 0.666016 0.292969 0.441406
1 0.738770 0.591309 0.172852 0.252930
1 0.753906 0.684570 0.248047 0.285156
1 0.800781 0.746094 0.259766 0.263672
1 0.872070 0.823730 0.255859 0.274414
1 0.624023 0.907715 0.443359 0.184570
1 0.927246 0.915527 0.145508 0.168945
1 0.201172 0.927734 0.402344 0.144531
1 0.631348 0.990234 0.045898 0.019531
1 0.845215 0.995117 0.028320 0.009766
