0 0.500000 0.500000 1.000000 1.000000
0 0.032715 0.229980 0.065430 0.012695
1 0.252930 0.318359 0.505859 0.636719
1 0.313965 0.018066 0.139648 0.036133
1 0.517578 0.032715 0.259766 0.065430
1 0.658691 0.326660 0.145508 0.653320
1 0.871582 0.053223 0.256836 0.106445
1 0.549805 0.354492 0.187500 0.585938
1 0.752441 0.376953 0.141602 0.566406
1 0.893066 0.291992 0.213867 0.376953
1 0.883789 0.522461 0.210938 0.107422
1 0.994629 0.544922 0.010742 0.068359
1 0.868164 0.624023 0.210938 0.121094
1 0.985352 0.640625 0.029297 0.099609
1 0.330566 0.807617 0.661133 0.384766
1 0.821289 0.832031 0.357422 0.335938
