0 0.500000 0.500000 1.000000 1.000000
0 0.681641 0.038086 0.013672 0.076172
0 0.319824 0.980957 0.032227 0.038086
1 0.001953 0.020508 0.003906 0.041016
1 0.057129 0.025879 0.094727 0.051758
1 0.282715 0.097168 0.370117 0.194336
1 0.685059 0.178711 0.629883 0.357422
1 0.040527 0.099121 0.081055 0.102539
1 0.076660 0.217773 0.151367 0.306641
1 0.232910 0.226562 0.202148 0.314453
1 0.977539 0.170898 0.044922 0.093750
1 0.306152 0.283691 0.108398 0.188477
1 0.019043 0.235840 0.038086 0.075195
1 0.509766 0.606934 0.980469 0.786133
1 0.048828 0.355957 0.097656 0.165039
1 0.232910 0.553711 0.252930 0.357422
1 0.115234 0.386719 0.019531 0.019531
1 0.059570 0.709473 0.119141 0.581055
1 0.008301 0.437500 0.016602 0.031250
1 0.026367 0.446777 0.019531 0.014648
