0 0.500000 0.500000 1.000000 1.000000
0 0.003418 0.954590 0.006836 0.014648
1 0.086914 0.036621 0.173828 0.073242
1 0.237305 0.128418 0.109375 0.256836
1 0.354980 0.128906 0.106445 0.257812
1 0.484375 0.129883 0.107422 0.259766
1 0.603516 0.131836 0.105469 0.263672
1 0.784668 0.066406 0.223633 0.128906
1 0.953125 0.139160 0.093750 0.264648
1 0.418457 0.130371 0.008789 0.237305
1 0.200684 0.540039 0.401367 0.919922
1 0.720215 0.275391 0.104492 0.265625
1 0.839844 0.278809 0.107422 0.266602
1 0.479980 0.430176 0.112305 0.319336
1 0.414062 0.402344 0.007812 0.259766
1 0.597656 0.433594 0.111328 0.316406
1 0.706543 0.642090 0.586914 0.715820
1 0.715820 0.507324 0.109375 0.174805
1 0.832520 0.511230 0.108398 0.172852
1 0.476074 0.601074 0.090820 0.004883
1 0.592285 0.603516 0.090820 0.005859
1 0.711914 0.606445 0.093750 0.005859
1 0.829102 0.608887 0.089844 0.006836
1 0.470703 0.734375 0.109375 0.250000
1 0.404785 0.743164 0.006836 0.189453
1 0.333008 0.934570 0.107422 0.130859
1 0.399902 0.939941 0.006836 0.120117
