0 0.062500 0.360840 0.125000 0.721680
0 0.598145 0.500000 0.801758 1.000000
0 0.839844 0.266113 0.320312 0.362305
0 0.569336 0.124512 0.078125 0.051758
1 0.056152 0.354980 0.112305 0.709961
1 0.454102 0.500000 0.908203 1.000000
1 0.336426 0.029785 0.112305 0.059570
1 0.460449 0.057617 0.188477 0.115234
1 0.597656 0.167969 0.234375 0.335938
1 0.743164 0.055176 0.107422 0.110352
1 0.810547 0.041504 0.060547 0.083008
1 0.905762 0.032715 0.153320 0.065430
1 0.781738 0.500000 0.436523 1.000000
1 0.450195 0.281250 0.283203 0.472656
1 0.517578 0.266602 0.232422 0.371094
1 0.982422 0.115234 0.035156 0.039062
1 0.939941 0.173340 0.120117 0.118164
1 0.894043 0.243652 0.211914 0.184570
1 0.847168 0.302246 0.305664 0.229492
1 0.793945 0.415039 0.285156 0.279297
1 0.993652 0.421875 0.012695 0.025391
