0 0.500000 0.500000 1.000000 1.000000
0 0.819336 0.788086 0.361328 0.423828
1 0.125977 0.450195 0.251953 0.900391
1 0.725098 0.033691 0.473633 0.067383
1 0.824219 0.009766 0.156250 0.019531
1 0.956055 0.016113 0.087891 0.032227
1 0.629883 0.273926 0.740234 0.545898
1 0.529297 0.129395 0.019531 0.045898
1 0.558594 0.133301 0.027344 0.045898
1 0.591309 0.136719 0.028320 0.044922
1 0.586914 0.712891 0.703125 0.414062
1 0.830078 0.727539 0.339844 0.402344
1 0.813477 0.784668 0.373047 0.430664
1 0.848633 0.772461 0.302734 0.345703
1 0.939453 0.719238 0.121094 0.151367
1 0.956055 0.826660 0.087891 0.094727
1 0.878906 0.869629 0.150391 0.153320
1 0.703613 0.838379 0.000977 0.000977
1 0.641602 0.919434 0.123047 0.161133
1 0.487305 0.928223 0.363281 0.143555
1 0.733398 0.930664 0.111328 0.138672
1 0.985352 0.892090 0.029297 0.057617
1 0.812012 0.938965 0.157227 0.122070
1 0.151855 0.939453 0.303711 0.121094
1 0.934570 0.945801 0.130859 0.108398
1 0.659668 0.929199 0.000977 0.000977
1 0.658691 0.930664 0.000977 0.001953
1 0.657715 0.932129 0.000977 0.000977
1 0.696777 0.945801 0.000977 0.000977
1 0.695801 0.946777 0.000977 0.000977
1 0.694824 0.947754 0.000977 0.000977
1 0.716309 0.990234 0.030273 0.019531
