0 0.237305 0.007812 0.103516 0.015625
0 0.363281 0.087402 0.029297 0.174805
0 0.423340 0.085938 0.026367 0.171875
0 0.725586 0.110840 0.548828 0.221680
0 0.834473 0.153320 0.321289 0.015625
0 0.500000 0.599121 1.000000 0.801758
0 0.942383 0.231934 0.115234 0.016602
1 0.500000 0.332031 1.000000 0.664062
1 0.250000 0.003906 0.046875 0.007812
1 0.574219 0.006836 0.074219 0.013672
1 0.645996 0.012695 0.059570 0.025391
1 0.723633 0.019531 0.085938 0.039062
1 0.792969 0.020508 0.041016 0.041016
1 0.833496 0.020508 0.030273 0.041016
1 0.925781 0.022949 0.140625 0.045898
1 0.939941 0.421875 0.120117 0.138672
1 0.937988 0.551270 0.124023 0.116211
1 0.749023 0.635254 0.501953 0.145508
1 0.186523 0.726562 0.373047 0.158203
1 0.510742 0.750977 0.273438 0.167969
1 0.707031 0.766113 0.126953 0.161133
1 0.681152 0.830078 0.637695 0.273438
1 0.182617 0.833984 0.365234 0.160156
1 0.927734 0.896484 0.144531 0.171875
1 0.008789 0.908203 0.017578 0.080078
1 0.066406 0.937500 0.132812 0.125000
1 0.352051 0.947754 0.461914 0.104492
1 0.640137 0.973633 0.104492 0.052734
1 0.743652 0.980957 0.090820 0.038086
1 0.894531 0.985840 0.203125 0.028320
