0 0.500000 0.500000 1.000000 1.000000
1 0.089844 0.075684 0.179688 0.151367
1 0.435547 0.100098 0.500000 0.200195
1 0.840820 0.147461 0.318359 0.294922
1 0.332520 0.210449 0.665039 0.110352
1 0.291504 0.252441 0.583008 0.051758
1 0.328125 0.540527 0.656250 0.584961
1 0.848145 0.304199 0.303711 0.028320
1 0.734863 0.653809 0.239258 0.692383
1 0.910645 0.645508 0.178711 0.642578
1 0.010254 0.897949 0.020508 0.204102
1 0.119141 0.899902 0.193359 0.200195
1 0.412598 0.909668 0.389648 0.180664
1 0.907715 0.979492 0.184570 0.041016
