0 0.500000 0.500000 1.000000 1.000000
0 0.159668 0.883789 0.041992 0.232422
1 0.089355 0.022461 0.178711 0.044922
1 0.272461 0.166992 0.171875 0.333984
1 0.683594 0.205078 0.632812 0.410156
1 0.088867 0.083984 0.177734 0.064453
1 0.087402 0.224609 0.174805 0.203125
1 0.014648 0.244629 0.029297 0.151367
1 0.984863 0.328125 0.030273 0.048828
1 0.238770 0.666016 0.477539 0.667969
1 0.680664 0.519043 0.476562 0.325195
1 0.924316 0.515625 0.151367 0.318359
1 0.596680 0.764648 0.431641 0.330078
1 0.852539 0.824219 0.294922 0.351562
1 0.537109 0.953125 0.351562 0.093750
