0 0.500000 0.500000 1.000000 1.000000
1 0.219727 0.035645 0.439453 0.071289
1 0.420898 0.010254 0.625000 0.020508
1 0.691895 0.430176 0.616211 0.860352
1 0.218750 0.116211 0.437500 0.162109
1 0.582520 0.156738 0.266602 0.213867
1 0.300293 0.364746 0.600586 0.315430
1 0.313965 0.568359 0.547852 0.486328
1 0.060547 0.594238 0.121094 0.225586
1 0.936523 0.729004 0.126953 0.233398
1 0.144531 0.855469 0.289062 0.285156
1 0.789551 0.805176 0.192383 0.184570
1 0.374512 0.768066 0.000977 0.002930
1 0.347656 0.787109 0.035156 0.037109
1 0.382812 0.871094 0.212891 0.121094
1 0.926270 0.894531 0.147461 0.156250
1 0.734863 0.921387 0.530273 0.157227
1 0.354004 0.945801 0.209961 0.108398
1 0.047363 0.959961 0.094727 0.080078
1 0.512695 0.966797 0.119141 0.066406
1 0.294922 0.988281 0.097656 0.023438
1 0.194824 0.990723 0.079102 0.018555
