0 0.500000 0.500000 1.000000 1.000000
0 0.604004 0.008789 0.131836 0.017578
0 0.958984 0.030762 0.082031 0.061523
0 0.997070 0.000977 0.005859 0.001953
1 0.081543 0.089844 0.163086 0.179688
1 0.234375 0.002441 0.125000 0.004883
1 0.393066 0.064453 0.135742 0.128906
1 0.671875 0.049805 0.439453 0.099609
1 0.587402 0.003906 0.036133 0.007812
1 0.645508 0.004395 0.031250 0.008789
1 0.854492 0.056152 0.291016 0.112305
1 0.965820 0.026855 0.068359 0.053711
1 0.215820 0.096191 0.166016 0.168945
1 0.471191 0.113281 0.104492 0.097656
1 0.561523 0.120605 0.091797 0.094727
1 0.647461 0.117188 0.074219 0.068359
1 0.834473 0.149414 0.290039 0.119141
1 0.999023 0.110840 0.001953 0.004883
1 0.984863 0.160156 0.030273 0.074219
1 0.370605 0.201660 0.067383 0.124023
1 0.644531 0.163574 0.074219 0.026367
1 0.557129 0.184082 0.077148 0.026367
1 0.493164 0.226562 0.203125 0.107422
1 0.212891 0.492188 0.425781 0.628906
1 0.643066 0.201172 0.075195 0.037109
1 0.066895 0.228516 0.133789 0.085938
1 0.776367 0.237305 0.353516 0.095703
1 0.555176 0.208984 0.081055 0.025391
1 0.979004 0.241211 0.041992 0.083984
1 0.437988 0.345215 0.151367 0.125977
1 0.551270 0.352051 0.088867 0.124023
1 0.669922 0.350586 0.138672 0.111328
1 0.973633 0.352051 0.052734 0.110352
1 0.844238 0.357422 0.196289 0.117188
1 0.719727 0.420898 0.085938 0.064453
1 0.853516 0.447266 0.181641 0.111328
1 0.992188 0.416992 0.015625 0.029297
1 0.380371 0.434570 0.018555 0.062500
1 0.536621 0.444824 0.264648 0.077148
1 0.975098 0.462891 0.049805 0.076172
1 0.752930 0.496094 0.197266 0.076172
1 0.435547 0.525879 0.107422 0.133789
1 0.573242 0.587891 0.156250 0.218750
1 0.508789 0.545898 0.062500 0.123047
1 0.831543 0.525879 0.227539 0.065430
1 0.735352 0.754395 0.529297 0.491211
1 0.615723 0.543945 0.059570 0.048828
1 0.654785 0.605957 0.116211 0.143555
1 0.864746 0.578613 0.147461 0.073242
1 0.590332 0.603516 0.071289 0.087891
1 0.440918 0.662598 0.084961 0.145508
1 0.479004 0.640137 0.053711 0.075195
1 0.933594 0.640625 0.035156 0.029297
1 0.690430 0.671387 0.062500 0.049805
1 0.601074 0.686035 0.047852 0.041992
1 0.641113 0.721191 0.071289 0.077148
1 0.506836 0.747559 0.109375 0.118164
1 0.577637 0.728516 0.057617 0.054688
1 0.257812 0.887695 0.515625 0.224609
