0 0.500000 0.500000 1.000000 1.000000
0 0.114746 0.541504 0.229492 0.086914
0 0.055176 0.653320 0.110352 0.009766
0 0.911621 0.842285 0.176758 0.079102
1 0.241699 0.404297 0.483398 0.808594
1 0.632324 0.363281 0.735352 0.726562
1 0.045410 0.541504 0.090820 0.067383
1 0.920410 0.637207 0.159180 0.137695
1 0.731445 0.785645 0.537109 0.422852
1 0.311523 0.803711 0.314453 0.195312
1 0.068359 0.904785 0.136719 0.190430
1 0.296875 0.913574 0.412109 0.172852
1 0.729492 0.955078 0.156250 0.089844
1 0.489746 0.936035 0.000977 0.000977
1 0.531250 0.968262 0.082031 0.063477
1 0.914551 0.971191 0.170898 0.057617
1 0.126465 0.979492 0.120117 0.041016
1 0.649902 0.981445 0.077148 0.037109
