0 0.046387 0.066406 0.092773 0.132812
0 0.191406 0.048340 0.011719 0.096680
0 0.285645 0.093750 0.571289 0.187500
0 0.460449 0.500000 0.920898 1.000000
0 0.017578 0.127930 0.035156 0.009766
0 0.727539 0.898438 0.093750 0.203125
1 0.041992 0.039062 0.083984 0.078125
1 0.260742 0.083496 0.521484 0.166992
1 0.311523 0.460938 0.623047 0.921875
1 0.784668 0.500000 0.430664 1.000000
1 0.106445 0.354492 0.212891 0.191406
1 0.115234 0.505859 0.230469 0.140625
1 0.608887 0.737305 0.604492 0.525391
1 0.129395 0.667480 0.258789 0.213867
1 0.137695 0.818848 0.275391 0.127930
1 0.146973 0.931152 0.293945 0.137695
1 0.294434 0.999512 0.004883 0.000977
