0 0.500000 0.500000 1.000000 1.000000
0 0.821777 0.003418 0.036133 0.006836
1 0.028809 0.180664 0.057617 0.361328
1 0.086914 0.006348 0.041016 0.012695
1 0.173828 0.005859 0.138672 0.011719
1 0.398926 0.069824 0.299805 0.139648
1 0.739258 0.099609 0.320312 0.199219
1 0.877441 0.179199 0.245117 0.358398
1 0.500488 0.149414 0.170898 0.287109
1 0.140625 0.167969 0.236328 0.320312
1 0.502930 0.300293 0.339844 0.440430
1 0.361816 0.198242 0.190430 0.195312
1 0.712891 0.304199 0.197266 0.299805
1 0.241699 0.252930 0.227539 0.195312
1 0.985352 0.201660 0.029297 0.053711
1 0.802246 0.230957 0.102539 0.106445
1 0.984375 0.275879 0.031250 0.081055
1 0.289062 0.378418 0.472656 0.122070
1 0.982422 0.410645 0.035156 0.176758
1 0.835449 0.407227 0.247070 0.126953
1 0.191406 0.597656 0.382812 0.486328
1 0.453125 0.637207 0.126953 0.413086
1 0.589844 0.590820 0.152344 0.292969
1 0.691895 0.465820 0.024414 0.025391
1 0.818359 0.490723 0.275391 0.067383
1 0.823730 0.747559 0.352539 0.504883
1 0.577637 0.796387 0.129883 0.114258
1 0.320312 0.923828 0.640625 0.152344
