0 0.500000 0.500000 1.000000 1.000000
0 0.848145 0.031250 0.303711 0.062500
1 0.048340 0.065918 0.096680 0.131836
1 0.138672 0.071777 0.136719 0.143555
1 0.391113 0.137695 0.493164 0.275391
1 0.807617 0.176758 0.384766 0.353516
1 0.779785 0.009766 0.112305 0.019531
1 0.919922 0.026855 0.160156 0.053711
1 0.686523 0.151367 0.089844 0.044922
1 0.988770 0.253418 0.022461 0.219727
1 0.024414 0.202637 0.048828 0.116211
1 0.087402 0.310547 0.174805 0.296875
1 0.689941 0.235352 0.083008 0.128906
1 0.301758 0.363281 0.511719 0.330078
1 0.005859 0.293945 0.011719 0.050781
1 0.603027 0.395020 0.157227 0.204102
1 0.844238 0.498535 0.311523 0.331055
1 0.461914 0.517090 0.263672 0.153320
1 0.122559 0.671875 0.245117 0.423828
1 0.179199 0.565918 0.217773 0.149414
1 0.647949 0.562012 0.122070 0.133789
1 0.509277 0.661621 0.461914 0.239258
1 0.949707 0.648926 0.100586 0.090820
1 0.645020 0.652344 0.143555 0.080078
1 0.527344 0.809082 0.535156 0.381836
1 0.870605 0.817871 0.258789 0.364258
1 0.322266 0.801270 0.232422 0.272461
1 0.177734 0.789062 0.121094 0.238281
1 0.431152 0.867676 0.149414 0.176758
1 0.598145 0.910645 0.291992 0.178711
1 0.277344 0.938965 0.554688 0.122070
