0 0.049805 0.059570 0.099609 0.119141
0 0.500000 0.500000 1.000000 1.000000
0 0.914551 0.074707 0.170898 0.149414
0 0.980957 0.017090 0.038086 0.034180
0 0.511719 0.190430 0.185547 0.220703
0 0.832031 0.279785 0.335938 0.305664
0 0.351562 0.750977 0.703125 0.498047
0 0.803223 0.823730 0.393555 0.352539
0 0.822266 0.839844 0.355469 0.320312
0 0.843750 0.855957 0.312500 0.288086
0 0.869141 0.878418 0.261719 0.243164
1 0.041016 0.049805 0.082031 0.099609
1 0.150391 0.080078 0.300781 0.160156
1 0.303711 0.018555 0.074219 0.037109
1 0.362793 0.069336 0.184570 0.138672
1 0.469727 0.099609 0.261719 0.199219
1 0.589355 0.159180 0.418945 0.318359
1 0.769531 0.312500 0.460938 0.625000
1 0.929199 0.049316 0.141602 0.098633
1 0.985840 0.012695 0.028320 0.025391
1 0.206055 0.261230 0.412109 0.483398
1 0.987305 0.100098 0.025391 0.047852
1 0.020020 0.169922 0.040039 0.070312
1 0.434570 0.637695 0.869141 0.724609
1 0.025391 0.352051 0.050781 0.104492
1 0.023926 0.450684 0.047852 0.077148
1 0.008301 0.498535 0.016602 0.032227
1 0.594238 0.612793 0.194336 0.182617
1 0.763672 0.768066 0.472656 0.463867
1 0.443359 0.765625 0.361328 0.343750
1 0.041992 0.686523 0.083984 0.156250
1 0.809570 0.833496 0.380859 0.333008
1 0.168945 0.844238 0.337891 0.311523
1 0.835449 0.852539 0.329102 0.294922
1 0.856934 0.868652 0.286133 0.262695
1 0.878906 0.887695 0.242188 0.224609
1 0.356445 0.956055 0.179688 0.087891
