0 0.500000 0.136719 1.000000 0.273438
0 0.603027 0.291992 0.793945 0.302734
0 0.500000 0.767090 1.000000 0.465820
1 0.089355 0.132812 0.178711 0.265625
1 0.336914 0.113281 0.324219 0.226562
1 0.673340 0.082520 0.348633 0.165039
1 0.921387 0.046387 0.157227 0.092773
1 0.500000 0.461914 1.000000 0.769531
1 0.896484 0.194824 0.207031 0.084961
1 0.689941 0.287598 0.620117 0.092773
1 0.688965 0.386719 0.622070 0.089844
1 0.917480 0.732910 0.165039 0.372070
1 0.278809 0.777832 0.170898 0.129883
1 0.384766 0.819336 0.029297 0.054688
1 0.500488 0.829590 0.188477 0.061523
1 0.711914 0.900879 0.226562 0.198242
1 0.475586 0.914062 0.250000 0.171875
1 0.205078 0.927734 0.269531 0.144531
1 0.030273 0.929688 0.060547 0.140625
1 0.394043 0.895508 0.030273 0.031250
1 0.913086 0.959473 0.173828 0.081055
