0 0.500000 0.386719 1.000000 0.773438
0 0.013672 0.065918 0.027344 0.008789
0 0.907715 0.174316 0.184570 0.016602
0 0.351074 0.808105 0.393555 0.383789
0 0.036621 0.810059 0.073242 0.379883
0 0.976562 0.929199 0.046875 0.141602
1 0.221191 0.244629 0.442383 0.489258
1 0.640625 0.252441 0.718750 0.504883
1 0.087402 0.368164 0.174805 0.281250
1 0.936035 0.394043 0.127930 0.088867
1 0.938477 0.476562 0.123047 0.150391
1 0.357910 0.442383 0.194336 0.070312
1 0.593262 0.427246 0.102539 0.038086
1 0.944824 0.423340 0.000977 0.000977
1 0.595703 0.577637 0.468750 0.245117
1 0.500000 0.746094 1.000000 0.507812
1 0.809082 0.657227 0.090820 0.060547
1 0.027344 0.845703 0.054688 0.308594
1 0.405273 0.883789 0.269531 0.232422
1 0.985840 0.954102 0.028320 0.091797
