0 0.500000 0.500000 1.000000 1.000000
1 0.085449 0.065430 0.170898 0.130859
1 0.155762 0.008301 0.055664 0.016602
1 0.247070 0.048828 0.125000 0.097656
1 0.293945 0.005371 0.042969 0.010742
1 0.387695 0.018066 0.125000 0.036133
1 0.619141 0.125977 0.376953 0.251953
1 0.900391 0.134277 0.199219 0.268555
1 0.084473 0.093262 0.147461 0.157227
1 0.375488 0.056152 0.124023 0.075195
1 0.205078 0.069824 0.101562 0.065430
1 0.291016 0.120605 0.089844 0.077148
1 0.378418 0.142578 0.090820 0.103516
1 0.184570 0.130859 0.126953 0.070312
1 0.441895 0.174805 0.045898 0.099609
1 0.288086 0.215332 0.187500 0.165039
1 0.004395 0.208496 0.008789 0.131836
1 0.178711 0.217285 0.060547 0.129883
1 0.052734 0.239746 0.091797 0.166992
1 0.127441 0.214844 0.079102 0.099609
1 0.386230 0.211426 0.051758 0.034180
1 0.578125 0.439941 0.439453 0.430664
1 0.112305 0.303711 0.099609 0.101562
1 0.303711 0.307129 0.130859 0.100586
1 0.875977 0.631348 0.248047 0.737305
1 0.234375 0.371094 0.232422 0.177734
1 0.025879 0.383789 0.051758 0.132812
1 0.084473 0.376953 0.081055 0.074219
1 0.356934 0.418945 0.104492 0.109375
1 0.370605 0.710449 0.741211 0.579102
1 0.313477 0.488770 0.109375 0.090820
1 0.784180 0.840332 0.166016 0.319336
