0 0.500000 0.505859 1.000000 0.988281
0 0.469238 0.981934 0.022461 0.036133
0 0.239258 0.995605 0.037109 0.008789
1 0.500000 0.399902 1.000000 0.799805
1 0.511719 0.615723 0.976562 0.768555
1 0.215820 0.449219 0.376953 0.244141
1 0.016113 0.531250 0.032227 0.113281
1 0.093750 0.564941 0.187500 0.069336
1 0.145508 0.737305 0.195312 0.353516
1 0.028809 0.664062 0.057617 0.140625
1 0.034180 0.768066 0.068359 0.071289
1 0.041992 0.839844 0.082031 0.072266
1 0.012695 0.937500 0.025391 0.125000
1 0.055664 0.922852 0.087891 0.095703
1 0.235352 0.999512 0.001953 0.000977
