0 0.500000 0.500000 1.000000 1.000000
1 0.092285 0.029297 0.184570 0.058594
1 0.255371 0.087891 0.313477 0.175781
1 0.547363 0.135254 0.256836 0.270508
1 0.779297 0.322266 0.441406 0.644531
1 0.008789 0.050781 0.017578 0.046875
1 0.053223 0.107910 0.106445 0.112305
1 0.377441 0.192383 0.377930 0.261719
1 0.096191 0.236328 0.192383 0.158203
1 0.067383 0.365723 0.134766 0.147461
1 0.440918 0.384277 0.266602 0.184570
1 0.158203 0.307129 0.048828 0.028320
1 0.228516 0.403320 0.208984 0.158203
1 0.273438 0.560547 0.390625 0.324219
1 0.041992 0.574219 0.083984 0.277344
1 0.107422 0.452148 0.021484 0.023438
1 0.772461 0.683105 0.455078 0.395508
1 0.660156 0.633789 0.416016 0.291016
1 0.060547 0.699707 0.044922 0.041992
1 0.550293 0.860352 0.899414 0.279297
1 0.069336 0.862305 0.138672 0.275391
