0 0.500000 0.500000 1.000000 1.000000
1 0.167969 0.180664 0.335938 0.361328
1 0.605957 0.479004 0.788086 0.958008
1 0.167480 0.624512 0.334961 0.750977
1 0.595215 0.458008 0.090820 0.117188
1 0.481934 0.464844 0.127930 0.126953
1 0.619141 0.497559 0.164062 0.168945
1 0.798828 0.507324 0.201172 0.163086
1 0.453125 0.465332 0.042969 0.038086
1 0.623047 0.566895 0.158203 0.172852
1 0.410156 0.604980 0.134766 0.166992
1 0.508301 0.557617 0.065430 0.052734
1 0.757812 0.613281 0.123047 0.085938
1 0.846680 0.625000 0.099609 0.080078
1 0.469238 0.639160 0.149414 0.098633
1 0.427734 0.718750 0.173828 0.169922
1 0.535156 0.757324 0.101562 0.200195
1 0.627930 0.881836 0.744141 0.236328
