611.0 33.0 658.0 33.0 658.0 58.0 611.0 58.0 small-vehicle 1
2253.0 255.0 2273.0 255.0 2273.0 297.0 2253.0 297.0 small-vehicle 0
2466.0 294.0 2498.0 294.0 2498.0 340.0 2466.0 340.0 small-vehicle 0
2397.0 274.0 2426.0 274.0 2426.0 319.0 2397.0 319.0 small-vehicle 0
2419.0 280.0 2454.0 280.0 2454.0 330.0 2419.0 330.0 small-vehicle 0
2324.0 251.0 2345.0 251.0 2345.0 298.0 2324.0 298.0 small-vehicle 0
2299.0 254.0 2318.0 254.0 2318.0 292.0 2299.0 292.0 small-vehicle 0
2274.0 255.0 2294.0 255.0 2294.0 301.0 2274.0 301.0 small-vehicle 0
2200.0 250.0 2221.0 250.0 2221.0 290.0 2200.0 290.0 small-vehicle 0
2702.0 1103.0 2728.0 1103.0 2728.0 1123.0 2702.0 1123.0 small-vehicle 1
2253.0 209.0 2272.0 209.0 2272.0 250.0 2253.0 250.0 small-vehicle 0
2227.0 203.0 2250.0 203.0 2250.0 250.0 2227.0 250.0 small-vehicle 0
2483.0 104.0 2503.0 104.0 2503.0 142.0 2483.0 142.0 small-vehicle 0
2456.0 97.0 2475.0 97.0 2475.0 142.0 2456.0 142.0 small-vehicle 1
2433.0 102.0 2454.0 102.0 2454.0 146.0 2433.0 146.0 small-vehicle 0
2411.0 97.0 2431.0 97.0 2431.0 143.0 2411.0 143.0 small-vehicle 0
2498.0 217.0 2520.0 217.0 2520.0 267.0 2498.0 267.0 small-vehicle 0
2451.0 224.0 2471.0 224.0 2471.0 261.0 2451.0 261.0 small-vehicle 0
2378.0 216.0 2398.0 216.0 2398.0 257.0 2378.0 257.0 small-vehicle 0
2511.0 312.0 2543.0 312.0 2543.0 361.0 2511.0 361.0 small-vehicle 0
2635.0 226.0 2684.0 226.0 2684.0 247.0 2635.0 247.0 small-vehicle 0
2630.0 252.0 2678.0 252.0 2678.0 273.0 2630.0 273.0 small-vehicle 0
2632.0 277.0 2681.0 277.0 2681.0 295.0 2632.0 295.0 small-vehicle 0
2523.0 214.0 2544.0 214.0 2544.0 270.0 2523.0 270.0 small-vehicle 0
2493.0 431.0 2527.0 431.0 2527.0 480.0 2493.0 480.0 small-vehicle 0
2469.0 426.0 2503.0 426.0 2503.0 472.0 2469.0 472.0 small-vehicle 0
2443.0 414.0 2482.0 414.0 2482.0 463.0 2443.0 463.0 small-vehicle 0
2405.0 396.0 2437.0 396.0 2437.0 445.0 2405.0 445.0 small-vehicle 0
2406.0 216.0 2425.0 216.0 2425.0 257.0 2406.0 257.0 small-vehicle 1
2276.0 209.0 2295.0 209.0 2295.0 253.0 2276.0 253.0 small-vehicle 1
2300.0 203.0 2322.0 203.0 2322.0 249.0 2300.0 249.0 small-vehicle 1
2204.0 207.0 2224.0 207.0 2224.0 247.0 2204.0 247.0 small-vehicle 1
2227.0 250.0 2248.0 250.0 2248.0 291.0 2227.0 291.0 small-vehicle 1
2385.0 99.0 2404.0 99.0 2404.0 142.0 2385.0 142.0 small-vehicle 0
2705.0 1080.0 2729.0 1080.0 2729.0 1096.0 2705.0 1096.0 small-vehicle 1
2427.0 216.0 2447.0 216.0 2447.0 258.0 2427.0 258.0 small-vehicle 1
2058.0 377.0 2661.0 377.0 2661.0 994.0 2058.0 994.0 baseball-diamond 0
2513.0 75.0 2555.0 75.0 2555.0 88.0 2513.0 88.0 small-vehicle 1
940.0 27.0 980.0 27.0 980.0 41.0 940.0 41.0 small-vehicle 1
814.0 24.0 850.0 24.0 850.0 37.0 814.0 37.0 small-vehicle 1
621.0 18.0 662.0 18.0 662.0 32.0 621.0 32.0 small-vehicle 1
737.0 22.0 782.0 22.0 782.0 38.0 737.0 38.0 small-vehicle 1
1705.0 1013.0 2687.0 1013.0 2687.0 2014.0 1705.0 2014.0 baseball-diamond 0
687.0 354.0 1700.0 354.0 1700.0 2057.0 687.0 2057.0 ground-track-field 0
2714.0 1058.0 2731.0 1058.0 2731.0 1074.0 2714.0 1074.0 small-vehicle 1
854.0 721.0 1529.0 721.0 1529.0 1679.0 854.0 1679.0 soccer-ball-field 0
741.0 1703.0 841.0 1703.0 841.0 1912.0 741.0 1912.0 tennis-court 0
580.0 1702.0 683.0 1702.0 683.0 1909.0 580.0 1909.0 tennis-court 0
423.0 1699.0 522.0 1699.0 522.0 1906.0 423.0 1906.0 tennis-court 0
586.0 1379.0 684.0 1379.0 684.0 1588.0 586.0 1588.0 tennis-court 0
425.0 1377.0 525.0 1377.0 525.0 1586.0 425.0 1586.0 tennis-court 0
2641.0 80.0 2682.0 80.0 2682.0 95.0 2641.0 95.0 small-vehicle 1
2710.0 600.0 2744.0 600.0 2744.0 619.0 2710.0 619.0 small-vehicle 1
2708.0 627.0 2743.0 627.0 2743.0 645.0 2708.0 645.0 small-vehicle 1
2708.0 650.0 2742.0 650.0 2742.0 667.0 2708.0 667.0 small-vehicle 1
2705.0 673.0 2741.0 673.0 2741.0 690.0 2705.0 690.0 small-vehicle 1
2714.0 717.0 2740.0 717.0 2740.0 734.0 2714.0 734.0 small-vehicle 1
2705.0 740.0 2740.0 740.0 2740.0 761.0 2705.0 761.0 small-vehicle 1
2713.0 768.0 2739.0 768.0 2739.0 782.0 2713.0 782.0 small-vehicle 1
2705.0 789.0 2738.0 789.0 2738.0 808.0 2705.0 808.0 small-vehicle 1
2707.0 836.0 2736.0 836.0 2736.0 853.0 2707.0 853.0 small-vehicle 1
2708.0 855.0 2736.0 855.0 2736.0 873.0 2708.0 873.0 small-vehicle 1
2705.0 874.0 2735.0 874.0 2735.0 894.0 2705.0 894.0 small-vehicle 1
2703.0 896.0 2735.0 896.0 2735.0 916.0 2703.0 916.0 small-vehicle 1
2706.0 918.0 2734.0 918.0 2734.0 939.0 2706.0 939.0 small-vehicle 1
2706.0 940.0 2734.0 940.0 2734.0 956.0 2706.0 956.0 small-vehicle 1
2707.0 962.0 2734.0 962.0 2734.0 980.0 2707.0 980.0 small-vehicle 1
2703.0 982.0 2733.0 982.0 2733.0 1004.0 2703.0 1004.0 small-vehicle 1
2328.0 210.0 2346.0 210.0 2346.0 249.0 2328.0 249.0 small-vehicle 1
2473.0 217.0 2493.0 217.0 2493.0 261.0 2473.0 261.0 small-vehicle 1
734.0 41.0 776.0 41.0 776.0 62.0 734.0 62.0 small-vehicle 0
2434.0 2251.0 2464.0 2251.0 2464.0 2312.0 2434.0 2312.0 small-vehicle 1
979.0 2067.0 1026.0 2067.0 1026.0 2088.0 979.0 2088.0 small-vehicle 0
929.0 2067.0 975.0 2067.0 975.0 2088.0 929.0 2088.0 small-vehicle 0
1328.0 2155.0 1379.0 2155.0 1379.0 2178.0 1328.0 2178.0 small-vehicle 0
1785.0 2165.0 1833.0 2165.0 1833.0 2185.0 1785.0 2185.0 small-vehicle 0
1936.0 2092.0 1984.0 2092.0 1984.0 2114.0 1936.0 2114.0 small-vehicle 1
2412.0 2251.0 2441.0 2251.0 2441.0 2301.0 2412.0 2301.0 small-vehicle 0
2462.0 2107.0 2508.0 2107.0 2508.0 2128.0 2462.0 2128.0 small-vehicle 1
779.0 340.0 827.0 340.0 827.0 365.0 779.0 365.0 small-vehicle 1
2360.0 2102.0 2401.0 2102.0 2401.0 2124.0 2360.0 2124.0 small-vehicle 1
2316.0 2131.0 2363.0 2131.0 2363.0 2156.0 2316.0 2156.0 small-vehicle 1
1490.0 2081.0 1537.0 2081.0 1537.0 2105.0 1490.0 2105.0 small-vehicle 1
1362.0 2077.0 1409.0 2077.0 1409.0 2101.0 1362.0 2101.0 small-vehicle 1
1265.0 2075.0 1306.0 2075.0 1306.0 2096.0 1265.0 2096.0 small-vehicle 1
1215.0 2072.0 1262.0 2072.0 1262.0 2095.0 1215.0 2095.0 small-vehicle 1
793.0 2062.0 842.0 2062.0 842.0 2086.0 793.0 2086.0 small-vehicle 0
607.0 2059.0 648.0 2059.0 648.0 2079.0 607.0 2079.0 small-vehicle 0
653.0 2060.0 694.0 2060.0 694.0 2079.0 653.0 2079.0 small-vehicle 0
562.0 364.0 603.0 364.0 603.0 384.0 562.0 384.0 small-vehicle 0
903.0 331.0 946.0 331.0 946.0 351.0 903.0 351.0 small-vehicle 0
958.0 327.0 1004.0 327.0 1004.0 351.0 958.0 351.0 small-vehicle 0
1022.0 321.0 1071.0 321.0 1071.0 345.0 1022.0 345.0 small-vehicle 0
2634.0 96.0 2679.0 96.0 2679.0 119.0 2634.0 119.0 small-vehicle 0
2641.0 123.0 2685.0 123.0 2685.0 144.0 2641.0 144.0 small-vehicle 0
1315.0 2076.0 1359.0 2076.0 1359.0 2100.0 1315.0 2100.0 small-vehicle 0
447.0 2058.0 495.0 2058.0 495.0 2078.0 447.0 2078.0 small-vehicle 0
149.0 1999.0 171.0 1999.0 171.0 2044.0 149.0 2044.0 small-vehicle 1
66.0 2086.0 109.0 2086.0 109.0 2106.0 66.0 2106.0 small-vehicle 1
120.0 2086.0 164.0 2086.0 164.0 2109.0 120.0 2109.0 small-vehicle 1
169.0 485.0 190.0 485.0 190.0 530.0 169.0 530.0 small-vehicle 1
120.0 123.0 139.0 123.0 139.0 168.0 120.0 168.0 small-vehicle 0
810.0 42.0 854.0 42.0 854.0 64.0 810.0 64.0 small-vehicle 0
1233.0 2126.0 1276.0 2126.0 1276.0 2147.0 1233.0 2147.0 small-vehicle 1
423.0 14.0 470.0 14.0 470.0 37.0 423.0 37.0 small-vehicle 1
2447.0 288.0 2476.0 288.0 2476.0 332.0 2447.0 332.0 small-vehicle 1
2590.0 2110.0 2637.0 2110.0 2637.0 2134.0 2590.0 2134.0 small-vehicle 0
2352.0 2180.0 2391.0 2180.0 2391.0 2198.0 2352.0 2198.0 small-vehicle 0
2303.0 2103.0 2347.0 2103.0 2347.0 2125.0 2303.0 2125.0 small-vehicle 0
2258.0 2103.0 2302.0 2103.0 2302.0 2125.0 2258.0 2125.0 small-vehicle 0
2408.0 2106.0 2454.0 2106.0 2454.0 2129.0 2408.0 2129.0 small-vehicle 0
2509.0 2110.0 2553.0 2110.0 2553.0 2132.0 2509.0 2132.0 small-vehicle 0
2642.0 2112.0 2683.0 2112.0 2683.0 2131.0 2642.0 2131.0 small-vehicle 0
2540.0 452.0 2570.0 452.0 2570.0 493.0 2540.0 493.0 small-vehicle 1
39.0 1172.0 87.0 1172.0 87.0 1193.0 39.0 1193.0 small-vehicle 0
2520.0 437.0 2552.0 437.0 2552.0 479.0 2520.0 479.0 small-vehicle 1
2423.0 403.0 2457.0 403.0 2457.0 451.0 2423.0 451.0 small-vehicle 1
2383.0 392.0 2414.0 392.0 2414.0 434.0 2383.0 434.0 small-vehicle 1
2360.0 383.0 2390.0 383.0 2390.0 423.0 2360.0 423.0 small-vehicle 1
2338.0 374.0 2368.0 374.0 2368.0 414.0 2338.0 414.0 small-vehicle 1
2491.0 303.0 2526.0 303.0 2526.0 352.0 2491.0 352.0 small-vehicle 1
2149.0 2099.0 2197.0 2099.0 2197.0 2123.0 2149.0 2123.0 small-vehicle 1
2100.0 2098.0 2141.0 2098.0 2141.0 2118.0 2100.0 2118.0 small-vehicle 1
1838.0 2161.0 1882.0 2161.0 1882.0 2183.0 1838.0 2183.0 small-vehicle 1
1608.0 2182.0 1630.0 2182.0 1630.0 2228.0 1608.0 2228.0 small-vehicle 0
1724.0 2158.0 1772.0 2158.0 1772.0 2182.0 1724.0 2182.0 small-vehicle 0
1818.0 2089.0 1879.0 2089.0 1879.0 2115.0 1818.0 2115.0 small-vehicle 0
1766.0 2089.0 1808.0 2089.0 1808.0 2108.0 1766.0 2108.0 small-vehicle 0
1714.0 2087.0 1756.0 2087.0 1756.0 2109.0 1714.0 2109.0 small-vehicle 0
1653.0 2086.0 1702.0 2086.0 1702.0 2108.0 1653.0 2108.0 small-vehicle 0
1601.0 2083.0 1649.0 2083.0 1649.0 2107.0 1601.0 2107.0 small-vehicle 0
16.0 2089.0 62.0 2089.0 62.0 2110.0 16.0 2110.0 small-vehicle 0
209.0 2084.0 255.0 2084.0 255.0 2137.0 209.0 2137.0 small-vehicle 0
551.0 2058.0 595.0 2058.0 595.0 2079.0 551.0 2079.0 small-vehicle 0
506.0 2056.0 548.0 2056.0 548.0 2076.0 506.0 2076.0 small-vehicle 0
543.0 2139.0 592.0 2139.0 592.0 2165.0 543.0 2165.0 small-vehicle 0
82.0 2130.0 146.0 2130.0 146.0 2158.0 82.0 2158.0 small-vehicle 0
61.0 1519.0 81.0 1519.0 81.0 1561.0 61.0 1561.0 small-vehicle 0
430.0 1057.0 529.0 1057.0 529.0 1265.0 430.0 1265.0 tennis-court 0
