1422.0 480.0 1489.0 480.0 1489.0 510.0 1422.0 510.0 large-vehicle 0
975.0 4640.0 1226.0 4640.0 1226.0 4918.0 975.0 4918.0 plane 0
318.0 1121.0 541.0 1121.0 541.0 1357.0 318.0 1357.0 plane 0
307.0 1378.0 534.0 1378.0 534.0 1603.0 307.0 1603.0 plane 0
271.0 1936.0 519.0 1936.0 519.0 2169.0 271.0 2169.0 plane 0
240.0 2239.0 471.0 2239.0 471.0 2475.0 240.0 2475.0 plane 0
251.0 2496.0 500.0 2496.0 500.0 2723.0 251.0 2723.0 plane 0
216.0 2799.0 470.0 2799.0 470.0 3029.0 216.0 3029.0 plane 0
195.0 3044.0 483.0 3044.0 483.0 3292.0 195.0 3292.0 plane 0
147.0 3327.0 446.0 3327.0 446.0 3602.0 147.0 3602.0 plane 0
186.0 3671.0 438.0 3671.0 438.0 3898.0 186.0 3898.0 plane 0
152.0 3947.0 453.0 3947.0 453.0 4209.0 152.0 4209.0 plane 0
162.0 4313.0 448.0 4313.0 448.0 4568.0 162.0 4568.0 plane 0
124.0 4609.0 394.0 4609.0 394.0 4892.0 124.0 4892.0 plane 0
407.0 4612.0 676.0 4612.0 676.0 4906.0 407.0 4906.0 plane 0
717.0 4621.0 897.0 4621.0 897.0 4806.0 717.0 4806.0 plane 0
1255.0 4631.0 1503.0 4631.0 1503.0 4916.0 1255.0 4916.0 plane 0
989.0 554.0 1066.0 554.0 1066.0 620.0 989.0 620.0 large-vehicle 0
1532.0 4654.0 1786.0 4654.0 1786.0 4942.0 1532.0 4942.0 plane 0
1819.0 4646.0 2071.0 4646.0 2071.0 4932.0 1819.0 4932.0 plane 0
1917.0 4065.0 2171.0 4065.0 2171.0 4352.0 1917.0 4352.0 plane 0
1060.0 4026.0 1312.0 4026.0 1312.0 4309.0 1060.0 4309.0 plane 0
776.0 4011.0 1031.0 4011.0 1031.0 4297.0 776.0 4297.0 plane 0
1343.0 3357.0 1531.0 3357.0 1531.0 3569.0 1343.0 3569.0 plane 0
1090.0 3367.0 1276.0 3367.0 1276.0 3571.0 1090.0 3571.0 plane 0
1163.0 2719.0 1429.0 2719.0 1429.0 3011.0 1163.0 3011.0 plane 0
1445.0 2728.0 1710.0 2728.0 1710.0 3023.0 1445.0 3023.0 plane 0
809.0 2735.0 1103.0 2735.0 1103.0 2990.0 809.0 2990.0 plane 0
834.0 1821.0 1124.0 1821.0 1124.0 2065.0 834.0 2065.0 plane 0
1330.0 198.0 1664.0 198.0 1664.0 515.0 1330.0 515.0 plane 0
1060.0 248.0 1084.0 248.0 1084.0 292.0 1060.0 292.0 plane 0
1463.0 968.0 1691.0 968.0 1691.0 1209.0 1463.0 1209.0 plane 0
264.0 366.0 597.0 366.0 597.0 733.0 264.0 733.0 plane 0
