128.0 1008.0 167.0 1008.0 167.0 1044.0 128.0 1044.0 small-vehicle 0
910.0 1302.0 1011.0 1302.0 1011.0 1400.0 910.0 1400.0 plane 0
1441.0 1370.0 1571.0 1370.0 1571.0 1509.0 1441.0 1509.0 plane 0
883.0 1796.0 991.0 1796.0 991.0 1909.0 883.0 1909.0 plane 0
830.0 1724.0 933.0 1724.0 933.0 1825.0 830.0 1825.0 plane 0
738.0 1910.0 832.0 1910.0 832.0 2004.0 738.0 2004.0 plane 0
685.0 1840.0 780.0 1840.0 780.0 1933.0 685.0 1933.0 plane 0
1292.0 1255.0 1381.0 1255.0 1381.0 1337.0 1292.0 1337.0 plane 0
1129.0 1380.0 1222.0 1380.0 1222.0 1469.0 1129.0 1469.0 plane 0
1046.0 1437.0 1138.0 1437.0 1138.0 1527.0 1046.0 1527.0 plane 0
794.0 1616.0 896.0 1616.0 896.0 1714.0 794.0 1714.0 plane 0
715.0 1677.0 809.0 1677.0 809.0 1768.0 715.0 1768.0 plane 0
640.0 1732.0 736.0 1732.0 736.0 1825.0 640.0 1825.0 plane 0
1286.0 1023.0 1393.0 1023.0 1393.0 1127.0 1286.0 1127.0 plane 0
762.0 1414.0 851.0 1414.0 851.0 1504.0 762.0 1504.0 plane 0
1390.0 572.0 1507.0 572.0 1507.0 696.0 1390.0 696.0 plane 0
682.0 1473.0 764.0 1473.0 764.0 1559.0 682.0 1559.0 plane 0
609.0 1523.0 707.0 1523.0 707.0 1625.0 609.0 1625.0 plane 0
522.0 1582.0 625.0 1582.0 625.0 1681.0 522.0 1681.0 plane 0
1102.0 816.0 1200.0 816.0 1200.0 923.0 1102.0 923.0 plane 0
1041.0 743.0 1136.0 743.0 1136.0 839.0 1041.0 839.0 plane 0
948.0 945.0 1048.0 945.0 1048.0 1032.0 948.0 1032.0 plane 0
852.0 997.0 963.0 997.0 963.0 1102.0 852.0 1102.0 plane 0
680.0 1132.0 792.0 1132.0 792.0 1237.0 680.0 1237.0 plane 0
571.0 1212.0 682.0 1212.0 682.0 1320.0 571.0 1320.0 plane 0
184.0 1486.0 276.0 1486.0 276.0 1592.0 184.0 1592.0 plane 0
229.0 1448.0 333.0 1448.0 333.0 1550.0 229.0 1550.0 plane 0
140.0 1393.0 296.0 1393.0 296.0 1553.0 140.0 1553.0 plane 0
1548.0 1291.0 1676.0 1291.0 1676.0 1425.0 1548.0 1425.0 plane 0
1339.0 512.0 1437.0 512.0 1437.0 619.0 1339.0 619.0 plane 0
308.0 923.0 345.0 923.0 345.0 955.0 308.0 955.0 small-vehicle 0
965.0 394.0 998.0 394.0 998.0 420.0 965.0 420.0 small-vehicle 0
328.0 950.0 366.0 950.0 366.0 984.0 328.0 984.0 small-vehicle 0
468.0 1119.0 509.0 1119.0 509.0 1154.0 468.0 1154.0 small-vehicle 0
1680.0 93.0 1714.0 93.0 1714.0 131.0 1680.0 131.0 small-vehicle 0
1766.0 179.0 1794.0 179.0 1794.0 210.0 1766.0 210.0 small-vehicle 0
1746.0 188.0 1779.0 188.0 1779.0 222.0 1746.0 222.0 small-vehicle 0
1366.0 408.0 1435.0 408.0 1435.0 433.0 1366.0 433.0 large-vehicle 0
1354.0 382.0 1425.0 382.0 1425.0 407.0 1354.0 407.0 large-vehicle 0
1334.0 361.0 1398.0 361.0 1398.0 388.0 1334.0 388.0 large-vehicle 0
1255.0 244.0 1316.0 244.0 1316.0 295.0 1255.0 295.0 large-vehicle 0
1033.0 501.0 1057.0 501.0 1057.0 526.0 1033.0 526.0 small-vehicle 0
1024.0 483.0 1054.0 483.0 1054.0 508.0 1024.0 508.0 small-vehicle 0
979.0 407.0 1004.0 407.0 1004.0 431.0 979.0 431.0 small-vehicle 0
1105.0 158.0 1131.0 158.0 1131.0 194.0 1105.0 194.0 small-vehicle 0
1160.0 561.0 1241.0 561.0 1241.0 644.0 1160.0 644.0 plane 0
1078.0 162.0 1101.0 162.0 1101.0 200.0 1078.0 200.0 small-vehicle 0
1062.0 172.0 1086.0 172.0 1086.0 215.0 1062.0 215.0 small-vehicle 0
567.0 737.0 595.0 737.0 595.0 770.0 567.0 770.0 small-vehicle 1
593.0 770.0 623.0 770.0 623.0 806.0 593.0 806.0 small-vehicle 0
538.0 693.0 568.0 693.0 568.0 728.0 538.0 728.0 small-vehicle 0
1272.0 484.0 1344.0 484.0 1344.0 563.0 1272.0 563.0 plane 0
1220.0 421.0 1288.0 421.0 1288.0 491.0 1220.0 491.0 plane 0
1166.0 342.0 1251.0 342.0 1251.0 438.0 1166.0 438.0 plane 0
1111.0 276.0 1197.0 276.0 1197.0 369.0 1111.0 369.0 plane 0
1035.0 365.0 1111.0 365.0 1111.0 451.0 1035.0 451.0 plane 0
1070.0 436.0 1149.0 436.0 1149.0 517.0 1070.0 517.0 plane 0
1112.0 498.0 1189.0 498.0 1189.0 584.0 1112.0 584.0 plane 0
506.0 657.0 540.0 657.0 540.0 692.0 506.0 692.0 small-vehicle 0
