666.0 1654.0 677.0 1654.0 677.0 1668.0 666.0 1668.0 small-vehicle 1
406.0 1363.0 423.0 1363.0 423.0 1380.0 406.0 1380.0 small-vehicle 0
37.0 967.0 52.0 967.0 52.0 982.0 37.0 982.0 small-vehicle 0
1431.0 499.0 1550.0 499.0 1550.0 665.0 1431.0 665.0 soccer-ball-field 0
1009.0 54.0 1204.0 54.0 1204.0 244.0 1009.0 244.0 baseball-diamond 0
1170.0 1286.0 1392.0 1286.0 1392.0 1476.0 1170.0 1476.0 baseball-diamond 0
1011.0 851.0 1249.0 851.0 1249.0 1067.0 1011.0 1067.0 baseball-diamond 0
700.0 1388.0 950.0 1388.0 950.0 1601.0 700.0 1601.0 baseball-diamond 0
815.0 1138.0 985.0 1138.0 985.0 1283.0 815.0 1283.0 baseball-diamond 0
472.0 1135.0 727.0 1135.0 727.0 1352.0 472.0 1352.0 baseball-diamond 0
671.0 888.0 868.0 888.0 868.0 1044.0 671.0 1044.0 baseball-diamond 0
254.0 904.0 502.0 904.0 502.0 1125.0 254.0 1125.0 baseball-diamond 0
429.0 657.0 695.0 657.0 695.0 899.0 429.0 899.0 baseball-diamond 0
776.0 659.0 956.0 659.0 956.0 819.0 776.0 819.0 baseball-diamond 0
665.0 414.0 852.0 414.0 852.0 569.0 665.0 569.0 baseball-diamond 0
