29.0 840.0 37.0 840.0 37.0 856.0 29.0 856.0 small-vehicle 0
238.0 797.0 256.0 797.0 256.0 814.0 238.0 814.0 small-vehicle 0
1150.0 576.0 1529.0 576.0 1529.0 1277.0 1150.0 1277.0 ground-track-field 0
1208.0 735.0 1471.0 735.0 1471.0 1126.0 1208.0 1126.0 soccer-ball-field 0
406.0 1126.0 604.0 1126.0 604.0 1315.0 406.0 1315.0 baseball-diamond 0
735.0 640.0 778.0 640.0 778.0 733.0 735.0 733.0 tennis-court 0
673.0 640.0 714.0 640.0 714.0 728.0 673.0 728.0 tennis-court 0
611.0 641.0 652.0 641.0 652.0 729.0 611.0 729.0 tennis-court 0
548.0 640.0 589.0 640.0 589.0 729.0 548.0 729.0 tennis-court 0
489.0 638.0 531.0 638.0 531.0 726.0 489.0 726.0 tennis-court 0
429.0 637.0 470.0 637.0 470.0 725.0 429.0 725.0 tennis-court 0
363.0 635.0 405.0 635.0 405.0 725.0 363.0 725.0 tennis-court 0
303.0 633.0 345.0 633.0 345.0 723.0 303.0 723.0 tennis-court 0
