845.0 1641.0 896.0 1641.0 896.0 1687.0 845.0 1687.0 swimming-pool 0
557.0 2631.0 599.0 2631.0 599.0 2659.0 557.0 2659.0 swimming-pool 0
270.0 2657.0 317.0 2657.0 317.0 2686.0 270.0 2686.0 swimming-pool 0
288.0 2620.0 345.0 2620.0 345.0 2654.0 288.0 2654.0 swimming-pool 0
346.0 2662.0 406.0 2662.0 406.0 2690.0 346.0 2690.0 swimming-pool 0
368.0 2625.0 422.0 2625.0 422.0 2660.0 368.0 2660.0 swimming-pool 0
820.0 2682.0 872.0 2682.0 872.0 2714.0 820.0 2714.0 swimming-pool 0
883.0 2646.0 925.0 2646.0 925.0 2679.0 883.0 2679.0 swimming-pool 0
714.0 2678.0 770.0 2678.0 770.0 2711.0 714.0 2711.0 swimming-pool 0
717.0 2636.0 762.0 2636.0 762.0 2673.0 717.0 2673.0 swimming-pool 0
521.0 2670.0 561.0 2670.0 561.0 2699.0 521.0 2699.0 swimming-pool 0
619.0 2629.0 670.0 2629.0 670.0 2662.0 619.0 2662.0 swimming-pool 0
199.0 2653.0 252.0 2653.0 252.0 2689.0 199.0 2689.0 swimming-pool 0
826.0 2306.0 865.0 2306.0 865.0 2345.0 826.0 2345.0 swimming-pool 0
741.0 2357.0 786.0 2357.0 786.0 2391.0 741.0 2391.0 swimming-pool 0
650.0 2312.0 698.0 2312.0 698.0 2346.0 650.0 2346.0 swimming-pool 0
459.0 2347.0 505.0 2347.0 505.0 2376.0 459.0 2376.0 swimming-pool 0
371.0 2341.0 418.0 2341.0 418.0 2366.0 371.0 2366.0 swimming-pool 0
213.0 2332.0 268.0 2332.0 268.0 2361.0 213.0 2361.0 swimming-pool 0
281.0 2335.0 334.0 2335.0 334.0 2362.0 281.0 2362.0 swimming-pool 0
338.0 2272.0 365.0 2272.0 365.0 2317.0 338.0 2317.0 swimming-pool 0
458.0 2293.0 493.0 2293.0 493.0 2332.0 458.0 2332.0 swimming-pool 0
205.0 2610.0 244.0 2610.0 244.0 2636.0 205.0 2636.0 swimming-pool 0
41.0 2595.0 79.0 2595.0 79.0 2623.0 41.0 2623.0 swimming-pool 0
69.0 1994.0 116.0 1994.0 116.0 2021.0 69.0 2021.0 swimming-pool 0
481.0 3209.0 533.0 3209.0 533.0 3245.0 481.0 3245.0 swimming-pool 0
1237.0 3250.0 1288.0 3250.0 1288.0 3293.0 1237.0 3293.0 swimming-pool 0
1145.0 3248.0 1199.0 3248.0 1199.0 3280.0 1145.0 3280.0 swimming-pool 0
1050.0 3256.0 1088.0 3256.0 1088.0 3293.0 1050.0 3293.0 swimming-pool 0
962.0 3235.0 1003.0 3235.0 1003.0 3282.0 962.0 3282.0 swimming-pool 0
857.0 3232.0 916.0 3232.0 916.0 3266.0 857.0 3266.0 swimming-pool 0
764.0 3230.0 811.0 3230.0 811.0 3265.0 764.0 3265.0 swimming-pool 0
637.0 3229.0 683.0 3229.0 683.0 3261.0 637.0 3261.0 swimming-pool 0
186.0 3194.0 227.0 3194.0 227.0 3224.0 186.0 3224.0 swimming-pool 0
298.0 3195.0 338.0 3195.0 338.0 3226.0 298.0 3226.0 swimming-pool 0
871.0 2968.0 919.0 2968.0 919.0 3004.0 871.0 3004.0 swimming-pool 0
30.0 2637.0 84.0 2637.0 84.0 2674.0 30.0 2674.0 swimming-pool 0
721.0 2999.0 765.0 2999.0 765.0 3026.0 721.0 3026.0 swimming-pool 0
630.0 2994.0 672.0 2994.0 672.0 3023.0 630.0 3023.0 swimming-pool 0
592.0 2960.0 637.0 2960.0 637.0 2989.0 592.0 2989.0 swimming-pool 0
530.0 2987.0 574.0 2987.0 574.0 3018.0 530.0 3018.0 swimming-pool 0
518.0 2955.0 564.0 2955.0 564.0 2985.0 518.0 2985.0 swimming-pool 0
429.0 2979.0 474.0 2979.0 474.0 3011.0 429.0 3011.0 swimming-pool 0
264.0 2977.0 309.0 2977.0 309.0 3006.0 264.0 3006.0 swimming-pool 0
182.0 2973.0 239.0 2973.0 239.0 3005.0 182.0 3005.0 swimming-pool 0
189.0 2948.0 234.0 2948.0 234.0 2966.0 189.0 2966.0 swimming-pool 0
392.0 2295.0 444.0 2295.0 444.0 2331.0 392.0 2331.0 swimming-pool 0
247.0 1971.0 287.0 1971.0 287.0 1991.0 247.0 1991.0 swimming-pool 0
554.0 2297.0 630.0 2297.0 630.0 2345.0 554.0 2345.0 swimming-pool 0
852.0 1385.0 896.0 1385.0 896.0 1413.0 852.0 1413.0 swimming-pool 0
1223.0 1077.0 1265.0 1077.0 1265.0 1131.0 1223.0 1131.0 swimming-pool 0
1243.0 877.0 1262.0 877.0 1262.0 910.0 1243.0 910.0 swimming-pool 0
1260.0 705.0 1291.0 705.0 1291.0 754.0 1260.0 754.0 swimming-pool 0
1253.0 635.0 1288.0 635.0 1288.0 662.0 1253.0 662.0 swimming-pool 0
1234.0 498.0 1288.0 498.0 1288.0 531.0 1234.0 531.0 swimming-pool 0
944.0 524.0 968.0 524.0 968.0 566.0 944.0 566.0 swimming-pool 0
926.0 677.0 968.0 677.0 968.0 717.0 926.0 717.0 swimming-pool 0
652.0 675.0 674.0 675.0 674.0 712.0 652.0 712.0 swimming-pool 0
368.0 763.0 424.0 763.0 424.0 818.0 368.0 818.0 swimming-pool 0
747.0 1343.0 811.0 1343.0 811.0 1401.0 747.0 1401.0 swimming-pool 0
249.0 1673.0 291.0 1673.0 291.0 1694.0 249.0 1694.0 swimming-pool 0
939.0 1392.0 964.0 1392.0 964.0 1448.0 939.0 1448.0 swimming-pool 0
672.0 1366.0 717.0 1366.0 717.0 1390.0 672.0 1390.0 swimming-pool 0
364.0 1363.0 406.0 1363.0 406.0 1390.0 364.0 1390.0 swimming-pool 0
305.0 1319.0 335.0 1319.0 335.0 1367.0 305.0 1367.0 swimming-pool 0
345.0 1216.0 383.0 1216.0 383.0 1258.0 345.0 1258.0 swimming-pool 0
779.0 1135.0 823.0 1135.0 823.0 1160.0 779.0 1160.0 swimming-pool 0
608.0 1161.0 665.0 1161.0 665.0 1192.0 608.0 1192.0 swimming-pool 0
864.0 759.0 903.0 759.0 903.0 798.0 864.0 798.0 swimming-pool 0
119.0 781.0 160.0 781.0 160.0 823.0 119.0 823.0 swimming-pool 0
219.0 1634.0 274.0 1634.0 274.0 1660.0 219.0 1660.0 swimming-pool 0
343.0 1632.0 382.0 1632.0 382.0 1658.0 343.0 1658.0 swimming-pool 0
331.0 1964.0 374.0 1964.0 374.0 1999.0 331.0 1999.0 swimming-pool 0
472.0 1972.0 519.0 1972.0 519.0 2001.0 472.0 2001.0 swimming-pool 0
474.0 2018.0 503.0 2018.0 503.0 2069.0 474.0 2069.0 swimming-pool 0
387.0 2012.0 436.0 2012.0 436.0 2039.0 387.0 2039.0 swimming-pool 0
921.0 2051.0 946.0 2051.0 946.0 2098.0 921.0 2098.0 swimming-pool 0
919.0 1999.0 966.0 1999.0 966.0 2034.0 919.0 2034.0 swimming-pool 0
858.0 1969.0 898.0 1969.0 898.0 1999.0 858.0 1999.0 swimming-pool 0
740.0 2025.0 776.0 2025.0 776.0 2063.0 740.0 2063.0 swimming-pool 0
684.0 2020.0 731.0 2020.0 731.0 2049.0 684.0 2049.0 swimming-pool 0
675.0 1986.0 728.0 1986.0 728.0 2018.0 675.0 2018.0 swimming-pool 0
593.0 1955.0 630.0 1955.0 630.0 1994.0 593.0 1994.0 swimming-pool 0
401.0 1959.0 451.0 1959.0 451.0 1990.0 401.0 1990.0 swimming-pool 0
414.0 1646.0 472.0 1646.0 472.0 1674.0 414.0 1674.0 swimming-pool 0
494.0 1677.0 545.0 1677.0 545.0 1707.0 494.0 1707.0 swimming-pool 0
588.0 1685.0 626.0 1685.0 626.0 1708.0 588.0 1708.0 swimming-pool 0
669.0 1690.0 714.0 1690.0 714.0 1719.0 669.0 1719.0 swimming-pool 0
792.0 1701.0 819.0 1701.0 819.0 1759.0 792.0 1759.0 swimming-pool 0
964.0 1662.0 1007.0 1662.0 1007.0 1694.0 964.0 1694.0 swimming-pool 0
790.0 1646.0 831.0 1646.0 831.0 1672.0 790.0 1672.0 swimming-pool 0
677.0 1660.0 726.0 1660.0 726.0 1681.0 677.0 1681.0 swimming-pool 0
608.0 1654.0 644.0 1654.0 644.0 1677.0 608.0 1677.0 swimming-pool 0
516.0 1644.0 554.0 1644.0 554.0 1668.0 516.0 1668.0 swimming-pool 0
1408.0 3269.0 1470.0 3269.0 1470.0 3297.0 1408.0 3297.0 swimming-pool 0
1700.0 3271.0 1766.0 3271.0 1766.0 3307.0 1700.0 3307.0 swimming-pool 0
1939.0 3323.0 1988.0 3323.0 1988.0 3377.0 1939.0 3377.0 swimming-pool 0
1179.0 2211.0 1211.0 2211.0 1211.0 2253.0 1179.0 2253.0 swimming-pool 0
1599.0 2630.0 1632.0 2630.0 1632.0 2677.0 1599.0 2677.0 swimming-pool 0
1564.0 2597.0 1584.0 2597.0 1584.0 2652.0 1564.0 2652.0 swimming-pool 0
1138.0 2620.0 1187.0 2620.0 1187.0 2677.0 1138.0 2677.0 swimming-pool 0
1209.0 2574.0 1267.0 2574.0 1267.0 2618.0 1209.0 2618.0 swimming-pool 0
1345.0 2594.0 1370.0 2594.0 1370.0 2644.0 1345.0 2644.0 swimming-pool 0
1312.0 2511.0 1357.0 2511.0 1357.0 2573.0 1312.0 2573.0 swimming-pool 0
1227.0 2484.0 1281.0 2484.0 1281.0 2524.0 1227.0 2524.0 swimming-pool 0
1164.0 2386.0 1187.0 2386.0 1187.0 2446.0 1164.0 2446.0 swimming-pool 0
1164.0 2279.0 1187.0 2279.0 1187.0 2325.0 1164.0 2325.0 swimming-pool 0
1227.0 2203.0 1283.0 2203.0 1283.0 2268.0 1227.0 2268.0 swimming-pool 0
1787.0 2560.0 1846.0 2560.0 1846.0 2593.0 1787.0 2593.0 swimming-pool 0
1282.0 2167.0 1338.0 2167.0 1338.0 2202.0 1282.0 2202.0 swimming-pool 0
1533.0 2117.0 1587.0 2117.0 1587.0 2164.0 1533.0 2164.0 swimming-pool 0
1670.0 2206.0 1707.0 2206.0 1707.0 2250.0 1670.0 2250.0 swimming-pool 0
1526.0 2201.0 1575.0 2201.0 1575.0 2227.0 1526.0 2227.0 swimming-pool 0
1448.0 2170.0 1475.0 2170.0 1475.0 2215.0 1448.0 2215.0 swimming-pool 0
2030.0 2129.0 2056.0 2129.0 2056.0 2183.0 2030.0 2183.0 swimming-pool 0
1947.0 2112.0 1970.0 2112.0 1970.0 2164.0 1947.0 2164.0 swimming-pool 0
1907.0 2199.0 1956.0 2199.0 1956.0 2242.0 1907.0 2242.0 swimming-pool 0
1820.0 2206.0 1867.0 2206.0 1867.0 2239.0 1820.0 2239.0 swimming-pool 0
1453.0 2585.0 1500.0 2585.0 1500.0 2616.0 1453.0 2616.0 swimming-pool 0
1827.0 2607.0 1850.0 2607.0 1850.0 2652.0 1827.0 2652.0 swimming-pool 0
1832.0 3032.0 1881.0 3032.0 1881.0 3062.0 1832.0 3062.0 swimming-pool 0
1761.0 2945.0 1812.0 2945.0 1812.0 2985.0 1761.0 2985.0 swimming-pool 0
707.0 2966.0 757.0 2966.0 757.0 2997.0 707.0 2997.0 swimming-pool 0
778.0 2966.0 825.0 2966.0 825.0 2988.0 778.0 2988.0 swimming-pool 0
1185.0 2846.0 1211.0 2846.0 1211.0 2906.0 1185.0 2906.0 swimming-pool 0
1154.0 2025.0 1206.0 2025.0 1206.0 2075.0 1154.0 2075.0 swimming-pool 0
1228.0 2005.0 1260.0 2005.0 1260.0 2063.0 1228.0 2063.0 swimming-pool 0
1177.0 1911.0 1220.0 1911.0 1220.0 1967.0 1177.0 1967.0 swimming-pool 0
1931.0 1286.0 1958.0 1286.0 1958.0 1328.0 1931.0 1328.0 swimming-pool 0
1914.0 3033.0 1962.0 3033.0 1962.0 3104.0 1914.0 3104.0 swimming-pool 0
1771.0 3027.0 1812.0 3027.0 1812.0 3056.0 1771.0 3056.0 swimming-pool 0
1407.0 3014.0 1463.0 3014.0 1463.0 3051.0 1407.0 3051.0 swimming-pool 0
1897.0 2559.0 1943.0 2559.0 1943.0 2604.0 1897.0 2604.0 swimming-pool 0
1196.0 3026.0 1248.0 3026.0 1248.0 3064.0 1196.0 3064.0 swimming-pool 0
2291.0 1229.0 2332.0 1229.0 2332.0 1268.0 2291.0 1268.0 swimming-pool 0
1914.0 1371.0 1964.0 1371.0 1964.0 1418.0 1914.0 1418.0 swimming-pool 0
1974.0 1418.0 2027.0 1418.0 2027.0 1453.0 1974.0 1453.0 swimming-pool 0
2266.0 2188.0 2288.0 2188.0 2288.0 2213.0 2266.0 2213.0 swimming-pool 0
2220.0 2220.0 2281.0 2220.0 2281.0 2284.0 2220.0 2284.0 swimming-pool 0
2218.0 2374.0 2268.0 2374.0 2268.0 2418.0 2218.0 2418.0 swimming-pool 0
1143.0 2733.0 1183.0 2733.0 1183.0 2783.0 1143.0 2783.0 swimming-pool 0
1964.0 2531.0 2000.0 2531.0 2000.0 2573.0 1964.0 2573.0 swimming-pool 0
1709.0 2205.0 1764.0 2205.0 1764.0 2249.0 1709.0 2249.0 swimming-pool 0
1640.0 2111.0 1689.0 2111.0 1689.0 2165.0 1640.0 2165.0 swimming-pool 0
2009.0 1811.0 2047.0 1811.0 2047.0 1841.0 2009.0 1841.0 swimming-pool 0
1533.0 527.0 1576.0 527.0 1576.0 550.0 1533.0 550.0 swimming-pool 0
1933.0 1032.0 1956.0 1032.0 1956.0 1084.0 1933.0 1084.0 swimming-pool 0
1932.0 960.0 1958.0 960.0 1958.0 1006.0 1932.0 1006.0 swimming-pool 0
1961.0 879.0 1985.0 879.0 1985.0 925.0 1961.0 925.0 swimming-pool 0
1580.0 919.0 1608.0 919.0 1608.0 965.0 1580.0 965.0 swimming-pool 0
1642.0 854.0 1671.0 854.0 1671.0 914.0 1642.0 914.0 swimming-pool 0
1566.0 788.0 1611.0 788.0 1611.0 820.0 1566.0 820.0 swimming-pool 0
1296.0 712.0 1332.0 712.0 1332.0 766.0 1296.0 766.0 swimming-pool 0
1905.0 544.0 1951.0 544.0 1951.0 580.0 1905.0 580.0 swimming-pool 0
1734.0 524.0 1783.0 524.0 1783.0 557.0 1734.0 557.0 swimming-pool 0
1429.0 516.0 1473.0 516.0 1473.0 539.0 1429.0 539.0 swimming-pool 0
1924.0 1802.0 2001.0 1802.0 2001.0 1848.0 1924.0 1848.0 swimming-pool 0
1669.0 523.0 1689.0 523.0 1689.0 562.0 1669.0 562.0 swimming-pool 0
1133.0 2933.0 1163.0 2933.0 1163.0 2962.0 1133.0 2962.0 swimming-pool 0
1250.0 2943.0 1296.0 2943.0 1296.0 2992.0 1250.0 2992.0 swimming-pool 0
1319.0 3015.0 1345.0 3015.0 1345.0 3055.0 1319.0 3055.0 swimming-pool 0
1498.0 2938.0 1545.0 2938.0 1545.0 2967.0 1498.0 2967.0 swimming-pool 0
1512.0 3021.0 1557.0 3021.0 1557.0 3063.0 1512.0 3063.0 swimming-pool 0
1594.0 2938.0 1642.0 2938.0 1642.0 2971.0 1594.0 2971.0 swimming-pool 0
1916.0 2966.0 1958.0 2966.0 1958.0 3023.0 1916.0 3023.0 swimming-pool 0
1832.0 2957.0 1893.0 2957.0 1893.0 2989.0 1832.0 2989.0 swimming-pool 0
2042.0 814.0 2078.0 814.0 2078.0 864.0 2042.0 864.0 swimming-pool 0
2035.0 542.0 2068.0 542.0 2068.0 583.0 2035.0 583.0 swimming-pool 0
1937.0 1108.0 1971.0 1108.0 1971.0 1154.0 1937.0 1154.0 swimming-pool 0
1557.0 1128.0 1592.0 1128.0 1592.0 1174.0 1557.0 1174.0 swimming-pool 0
1919.0 1726.0 1967.0 1726.0 1967.0 1752.0 1919.0 1752.0 swimming-pool 0
1881.0 1698.0 1905.0 1698.0 1905.0 1745.0 1881.0 1745.0 swimming-pool 0
1708.0 1699.0 1724.0 1699.0 1724.0 1733.0 1708.0 1733.0 swimming-pool 0
1563.0 1668.0 1609.0 1668.0 1609.0 1707.0 1563.0 1707.0 swimming-pool 0
1503.0 1699.0 1535.0 1699.0 1535.0 1729.0 1503.0 1729.0 swimming-pool 0
1378.0 1768.0 1426.0 1768.0 1426.0 1801.0 1378.0 1801.0 swimming-pool 0
1199.0 1856.0 1231.0 1856.0 1231.0 1894.0 1199.0 1894.0 swimming-pool 0
1246.0 1767.0 1285.0 1767.0 1285.0 1832.0 1246.0 1832.0 swimming-pool 0
1196.0 1689.0 1244.0 1689.0 1244.0 1726.0 1196.0 1726.0 swimming-pool 0
1160.0 1666.0 1192.0 1666.0 1192.0 1718.0 1160.0 1718.0 swimming-pool 0
1211.0 1414.0 1241.0 1414.0 1241.0 1454.0 1211.0 1454.0 swimming-pool 0
1263.0 1424.0 1316.0 1424.0 1316.0 1448.0 1263.0 1448.0 swimming-pool 0
1568.0 1451.0 1617.0 1451.0 1617.0 1498.0 1568.0 1498.0 swimming-pool 0
1620.0 1394.0 1649.0 1394.0 1649.0 1433.0 1620.0 1433.0 swimming-pool 0
1625.0 1299.0 1667.0 1299.0 1667.0 1345.0 1625.0 1345.0 swimming-pool 0
1205.0 992.0 1238.0 992.0 1238.0 1045.0 1205.0 1045.0 swimming-pool 0
1218.0 1287.0 1247.0 1287.0 1247.0 1331.0 1218.0 1331.0 swimming-pool 0
1300.0 1201.0 1331.0 1201.0 1331.0 1239.0 1300.0 1239.0 swimming-pool 0
1556.0 1261.0 1606.0 1261.0 1606.0 1288.0 1556.0 1288.0 swimming-pool 0
395.0 682.0 446.0 682.0 446.0 707.0 395.0 707.0 swimming-pool 0
