1785.0 899.0 1911.0 899.0 1911.0 1024.0 1785.0 1024.0 large-vehicle 0
1555.0 2302.0 1617.0 2302.0 1617.0 2434.0 1555.0 2434.0 large-vehicle 0
1216.0 586.0 1270.0 586.0 1270.0 731.0 1216.0 731.0 large-vehicle 0
1952.0 1560.0 1972.0 1560.0 1972.0 1600.0 1952.0 1600.0 small-vehicle 0
1979.0 811.0 2010.0 811.0 2010.0 850.0 1979.0 850.0 small-vehicle 0
1910.0 880.0 1949.0 880.0 1949.0 918.0 1910.0 918.0 small-vehicle 0
1079.0 565.0 1106.0 565.0 1106.0 606.0 1079.0 606.0 small-vehicle 0
1319.0 1048.0 1349.0 1048.0 1349.0 1096.0 1319.0 1096.0 small-vehicle 0
1455.0 1521.0 1482.0 1521.0 1482.0 1565.0 1455.0 1565.0 small-vehicle 0
1635.0 2068.0 1659.0 2068.0 1659.0 2106.0 1635.0 2106.0 small-vehicle 0
1555.0 2146.0 1580.0 2146.0 1580.0 2187.0 1555.0 2187.0 small-vehicle 0
421.0 1198.0 450.0 1198.0 450.0 1240.0 421.0 1240.0 small-vehicle 0
389.0 1055.0 409.0 1055.0 409.0 1097.0 389.0 1097.0 small-vehicle 0
1711.0 790.0 2267.0 790.0 2267.0 1340.0 1711.0 1340.0 roundabout 0
423.0 1178.0 1006.0 1178.0 1006.0 1704.0 423.0 1704.0 roundabout 0
