4641.0 2012.0 4744.0 2012.0 4744.0 2109.0 4641.0 2109.0 swimming-pool 0
551.0 3806.0 646.0 3806.0 646.0 3915.0 551.0 3915.0 swimming-pool 0
2040.0 3400.0 2166.0 3400.0 2166.0 3502.0 2040.0 3502.0 swimming-pool 0
1587.0 2940.0 1701.0 2940.0 1701.0 3040.0 1587.0 3040.0 swimming-pool 0
1947.0 2500.0 2108.0 2500.0 2108.0 2631.0 1947.0 2631.0 swimming-pool 0
1879.0 1938.0 1989.0 1938.0 1989.0 2055.0 1879.0 2055.0 swimming-pool 0
2046.0 1626.0 2104.0 1626.0 2104.0 1687.0 2046.0 1687.0 swimming-pool 0
1704.0 1085.0 1786.0 1085.0 1786.0 1189.0 1704.0 1189.0 swimming-pool 0
1700.0 755.0 1803.0 755.0 1803.0 828.0 1700.0 828.0 swimming-pool 0
1337.0 138.0 1439.0 138.0 1439.0 215.0 1337.0 215.0 swimming-pool 0
1394.0 3044.0 1458.0 3044.0 1458.0 3121.0 1394.0 3121.0 swimming-pool 0
1316.0 2873.0 1375.0 2873.0 1375.0 2959.0 1316.0 2959.0 swimming-pool 0
659.0 3681.0 746.0 3681.0 746.0 3743.0 659.0 3743.0 swimming-pool 0
83.0 4196.0 181.0 4196.0 181.0 4264.0 83.0 4264.0 swimming-pool 0
11.0 3998.0 82.0 3998.0 82.0 4084.0 11.0 4084.0 swimming-pool 0
21.0 3720.0 125.0 3720.0 125.0 3803.0 21.0 3803.0 swimming-pool 0
3402.0 3805.0 3475.0 3805.0 3475.0 3863.0 3402.0 3863.0 swimming-pool 0
385.0 3571.0 474.0 3571.0 474.0 3639.0 385.0 3639.0 swimming-pool 0
578.0 3200.0 679.0 3200.0 679.0 3275.0 578.0 3275.0 swimming-pool 0
961.0 2197.0 1049.0 2197.0 1049.0 2356.0 961.0 2356.0 swimming-pool 0
165.0 2505.0 278.0 2505.0 278.0 2570.0 165.0 2570.0 swimming-pool 0
310.0 2149.0 441.0 2149.0 441.0 2235.0 310.0 2235.0 swimming-pool 0
616.0 2041.0 694.0 2041.0 694.0 2165.0 616.0 2165.0 swimming-pool 0
1058.0 1742.0 1142.0 1742.0 1142.0 1849.0 1058.0 1849.0 swimming-pool 0
889.0 1310.0 950.0 1310.0 950.0 1406.0 889.0 1406.0 swimming-pool 0
532.0 1276.0 637.0 1276.0 637.0 1356.0 532.0 1356.0 swimming-pool 0
121.0 1292.0 230.0 1292.0 230.0 1430.0 121.0 1430.0 swimming-pool 0
560.0 862.0 675.0 862.0 675.0 1003.0 560.0 1003.0 swimming-pool 0
635.0 712.0 746.0 712.0 746.0 798.0 635.0 798.0 swimming-pool 0
187.0 230.0 296.0 230.0 296.0 316.0 187.0 316.0 swimming-pool 0
2452.0 4041.0 2541.0 4041.0 2541.0 4095.0 2452.0 4095.0 swimming-pool 0
2995.0 3406.0 3123.0 3406.0 3123.0 3486.0 2995.0 3486.0 swimming-pool 0
4518.0 2346.0 4631.0 2346.0 4631.0 2425.0 4518.0 2425.0 swimming-pool 0
3702.0 1245.0 3805.0 1245.0 3805.0 1304.0 3702.0 1304.0 swimming-pool 0
4505.0 2657.0 4588.0 2657.0 4588.0 2758.0 4505.0 2758.0 swimming-pool 0
4164.0 3720.0 4267.0 3720.0 4267.0 3798.0 4164.0 3798.0 swimming-pool 0
3831.0 3659.0 3941.0 3659.0 3941.0 3749.0 3831.0 3749.0 swimming-pool 0
4254.0 3331.0 4339.0 3331.0 4339.0 3465.0 4254.0 3465.0 swimming-pool 0
3738.0 3155.0 3819.0 3155.0 3819.0 3194.0 3738.0 3194.0 swimming-pool 0
3948.0 2939.0 4066.0 2939.0 4066.0 3024.0 3948.0 3024.0 swimming-pool 0
4015.0 2737.0 4095.0 2737.0 4095.0 2841.0 4015.0 2841.0 swimming-pool 0
3865.0 2340.0 3963.0 2340.0 3963.0 2408.0 3865.0 2408.0 swimming-pool 0
3686.0 2172.0 3794.0 2172.0 3794.0 2254.0 3686.0 2254.0 swimming-pool 0
3950.0 2076.0 4041.0 2076.0 4041.0 2139.0 3950.0 2139.0 swimming-pool 0
4151.0 1896.0 4258.0 1896.0 4258.0 1991.0 4151.0 1991.0 swimming-pool 0
4161.0 1085.0 4206.0 1085.0 4206.0 1171.0 4161.0 1171.0 swimming-pool 0
3938.0 1147.0 4035.0 1147.0 4035.0 1220.0 3938.0 1220.0 swimming-pool 0
3598.0 610.0 3723.0 610.0 3723.0 703.0 3598.0 703.0 swimming-pool 0
2506.0 3340.0 2595.0 3340.0 2595.0 3455.0 2506.0 3455.0 swimming-pool 0
2639.0 468.0 2735.0 468.0 2735.0 528.0 2639.0 528.0 swimming-pool 0
2342.0 646.0 2436.0 646.0 2436.0 730.0 2342.0 730.0 swimming-pool 0
2672.0 962.0 2811.0 962.0 2811.0 1080.0 2672.0 1080.0 swimming-pool 0
2559.0 1815.0 2650.0 1815.0 2650.0 1922.0 2559.0 1922.0 swimming-pool 0
2926.0 2018.0 3023.0 2018.0 3023.0 2100.0 2926.0 2100.0 swimming-pool 0
3174.0 2090.0 3296.0 2090.0 3296.0 2181.0 3174.0 2181.0 swimming-pool 0
2671.0 2101.0 2766.0 2101.0 2766.0 2164.0 2671.0 2164.0 swimming-pool 0
3116.0 2251.0 3209.0 2251.0 3209.0 2320.0 3116.0 2320.0 swimming-pool 0
2362.0 2384.0 2470.0 2384.0 2470.0 2480.0 2362.0 2480.0 swimming-pool 0
2804.0 2487.0 2924.0 2487.0 2924.0 2605.0 2804.0 2605.0 swimming-pool 0
3286.0 2928.0 3385.0 2928.0 3385.0 3024.0 3286.0 3024.0 swimming-pool 0
2401.0 3031.0 2479.0 3031.0 2479.0 3125.0 2401.0 3125.0 swimming-pool 0
2542.0 3151.0 2630.0 3151.0 2630.0 3272.0 2542.0 3272.0 swimming-pool 0
680.0 96.0 796.0 96.0 796.0 165.0 680.0 165.0 swimming-pool 0
