193.0 381.0 209.0 381.0 209.0 414.0 193.0 414.0 small-vehicle 0
560.0 921.0 596.0 921.0 596.0 947.0 560.0 947.0 small-vehicle 0
101.0 507.0 118.0 507.0 118.0 544.0 101.0 544.0 small-vehicle 0
55.0 487.0 74.0 487.0 74.0 521.0 55.0 521.0 small-vehicle 0
122.0 514.0 138.0 514.0 138.0 545.0 122.0 545.0 small-vehicle 0
149.0 527.0 165.0 527.0 165.0 555.0 149.0 555.0 small-vehicle 0
171.0 534.0 184.0 534.0 184.0 560.0 171.0 560.0 small-vehicle 0
243.0 1110.0 266.0 1110.0 266.0 1137.0 243.0 1137.0 small-vehicle 0
282.0 1036.0 306.0 1036.0 306.0 1070.0 282.0 1070.0 small-vehicle 0
300.0 997.0 329.0 997.0 329.0 1030.0 300.0 1030.0 small-vehicle 0
333.0 946.0 355.0 946.0 355.0 977.0 333.0 977.0 small-vehicle 0
614.0 865.0 646.0 865.0 646.0 895.0 614.0 895.0 small-vehicle 0
590.0 941.0 614.0 941.0 614.0 974.0 590.0 974.0 small-vehicle 0
657.0 854.0 689.0 854.0 689.0 874.0 657.0 874.0 small-vehicle 0
174.0 374.0 188.0 374.0 188.0 407.0 174.0 407.0 small-vehicle 0
696.0 845.0 731.0 845.0 731.0 868.0 696.0 868.0 small-vehicle 0
695.0 918.0 728.0 918.0 728.0 931.0 695.0 931.0 small-vehicle 0
682.0 712.0 712.0 712.0 712.0 744.0 682.0 744.0 small-vehicle 0
625.0 368.0 658.0 368.0 658.0 398.0 625.0 398.0 small-vehicle 0
647.0 327.0 674.0 327.0 674.0 354.0 647.0 354.0 small-vehicle 0
680.0 227.0 707.0 227.0 707.0 261.0 680.0 261.0 small-vehicle 0
709.0 163.0 734.0 163.0 734.0 194.0 709.0 194.0 small-vehicle 0
746.0 75.0 770.0 75.0 770.0 108.0 746.0 108.0 small-vehicle 0
841.0 129.0 864.0 129.0 864.0 165.0 841.0 165.0 small-vehicle 0
93.0 342.0 105.0 342.0 105.0 369.0 93.0 369.0 small-vehicle 0
148.0 363.0 164.0 363.0 164.0 397.0 148.0 397.0 small-vehicle 0
314.0 340.0 782.0 340.0 782.0 854.0 314.0 854.0 roundabout 0
