2342.0 1250.0 2412.0 1250.0 2412.0 1323.0 2342.0 1323.0 plane 0
2649.0 3078.0 2756.0 3078.0 2756.0 3192.0 2649.0 3192.0 plane 0
2979.0 1526.0 3047.0 1526.0 3047.0 1603.0 2979.0 1603.0 plane 0
2795.0 1556.0 2890.0 1556.0 2890.0 1653.0 2795.0 1653.0 plane 0
2766.0 1626.0 2836.0 1626.0 2836.0 1691.0 2766.0 1691.0 plane 0
3039.0 1808.0 3093.0 1808.0 3093.0 1864.0 3039.0 1864.0 plane 0
2821.0 1908.0 2887.0 1908.0 2887.0 1972.0 2821.0 1972.0 plane 0
2782.0 1867.0 2855.0 1867.0 2855.0 1939.0 2782.0 1939.0 plane 0
3295.0 2028.0 3349.0 2028.0 3349.0 2084.0 3295.0 2084.0 plane 0
2595.0 2254.0 2664.0 2254.0 2664.0 2321.0 2595.0 2321.0 plane 0
2511.0 2153.0 2577.0 2153.0 2577.0 2213.0 2511.0 2213.0 plane 0
2478.0 2114.0 2547.0 2114.0 2547.0 2174.0 2478.0 2174.0 plane 0
2436.0 2041.0 2491.0 2041.0 2491.0 2096.0 2436.0 2096.0 plane 0
2269.0 2401.0 2326.0 2401.0 2326.0 2458.0 2269.0 2458.0 plane 1
824.0 3324.0 940.0 3324.0 940.0 3438.0 824.0 3438.0 plane 0
3127.0 1531.0 3218.0 1531.0 3218.0 1621.0 3127.0 1621.0 plane 0
946.0 3276.0 1017.0 3276.0 1017.0 3354.0 946.0 3354.0 plane 0
679.0 3434.0 756.0 3434.0 756.0 3516.0 679.0 3516.0 plane 0
2753.0 2847.0 2868.0 2847.0 2868.0 2962.0 2753.0 2962.0 plane 0
2283.0 2666.0 2336.0 2666.0 2336.0 2718.0 2283.0 2718.0 plane 0
2438.0 2347.0 2494.0 2347.0 2494.0 2402.0 2438.0 2402.0 plane 0
2404.0 2311.0 2461.0 2311.0 2461.0 2367.0 2404.0 2367.0 plane 0
2379.0 2269.0 2431.0 2269.0 2431.0 2321.0 2379.0 2321.0 plane 0
2351.0 2229.0 2405.0 2229.0 2405.0 2280.0 2351.0 2280.0 plane 1
2304.0 2142.0 2357.0 2142.0 2357.0 2196.0 2304.0 2196.0 plane 0
3061.0 1269.0 3148.0 1269.0 3148.0 1349.0 3061.0 1349.0 plane 1
1773.0 1435.0 1841.0 1435.0 1841.0 1500.0 1773.0 1500.0 plane 0
1794.0 1323.0 1871.0 1323.0 1871.0 1408.0 1794.0 1408.0 plane 0
3046.0 1536.0 3110.0 1536.0 3110.0 1613.0 3046.0 1613.0 plane 0
3251.0 1463.0 3293.0 1463.0 3293.0 1508.0 3251.0 1508.0 plane 0
1312.0 3071.0 1376.0 3071.0 1376.0 3133.0 1312.0 3133.0 plane 0
2703.0 1783.0 2757.0 1783.0 2757.0 1861.0 2703.0 1861.0 plane 0
2693.0 1333.0 2801.0 1333.0 2801.0 1434.0 2693.0 1434.0 plane 0
2492.0 1256.0 2625.0 1256.0 2625.0 1365.0 2492.0 1365.0 plane 0
2741.0 1246.0 2857.0 1246.0 2857.0 1356.0 2741.0 1356.0 plane 0
2800.0 1174.0 2906.0 1174.0 2906.0 1282.0 2800.0 1282.0 plane 0
2840.0 1107.0 2946.0 1107.0 2946.0 1203.0 2840.0 1203.0 plane 0
2583.0 1017.0 2686.0 1017.0 2686.0 1112.0 2583.0 1112.0 plane 0
2551.0 1183.0 2667.0 1183.0 2667.0 1290.0 2551.0 1290.0 plane 0
2601.0 1117.0 2710.0 1117.0 2710.0 1220.0 2601.0 1220.0 plane 0
2553.0 1493.0 2646.0 1493.0 2646.0 1591.0 2553.0 1591.0 plane 0
2582.0 1625.0 2656.0 1625.0 2656.0 1705.0 2582.0 1705.0 plane 0
2575.0 1779.0 2633.0 1779.0 2633.0 1868.0 2575.0 1868.0 plane 0
2644.0 1778.0 2695.0 1778.0 2695.0 1855.0 2644.0 1855.0 plane 0
3034.0 1922.0 3079.0 1922.0 3079.0 1978.0 3034.0 1978.0 plane 0
3616.0 947.0 3655.0 947.0 3655.0 999.0 3616.0 999.0 plane 0
2986.0 1920.0 3029.0 1920.0 3029.0 1967.0 2986.0 1967.0 plane 0
2939.0 1918.0 2980.0 1918.0 2980.0 1970.0 2939.0 1970.0 plane 0
2894.0 1916.0 2925.0 1916.0 2925.0 1963.0 2894.0 1963.0 plane 0
3076.0 1386.0 3118.0 1386.0 3118.0 1439.0 3076.0 1439.0 plane 0
3174.0 1391.0 3219.0 1391.0 3219.0 1443.0 3174.0 1443.0 plane 0
3021.0 1381.0 3071.0 1381.0 3071.0 1436.0 3021.0 1436.0 plane 0
2960.0 1682.0 2997.0 1682.0 2997.0 1725.0 2960.0 1725.0 plane 1
3337.0 1689.0 3384.0 1689.0 3384.0 1735.0 3337.0 1735.0 plane 0
3316.0 1898.0 3367.0 1898.0 3367.0 1963.0 3316.0 1963.0 plane 0
3423.0 271.0 3545.0 271.0 3545.0 385.0 3423.0 385.0 plane 0
3592.0 181.0 3648.0 181.0 3648.0 234.0 3592.0 234.0 plane 0
3412.0 838.0 3463.0 838.0 3463.0 881.0 3412.0 881.0 plane 0
2535.0 1770.0 2566.0 1770.0 2566.0 1822.0 2535.0 1822.0 plane 0
1374.0 3054.0 1436.0 3054.0 1436.0 3117.0 1374.0 3117.0 plane 0
2349.0 1156.0 2433.0 1156.0 2433.0 1239.0 2349.0 1239.0 plane 0
3057.0 2857.0 3087.0 2857.0 3087.0 2887.0 3057.0 2887.0 storage-tank 0
1298.0 1164.0 1345.0 1164.0 1345.0 1206.0 1298.0 1206.0 storage-tank 0
1255.0 1201.0 1299.0 1201.0 1299.0 1244.0 1255.0 1244.0 storage-tank 0
1295.0 1204.0 1346.0 1204.0 1346.0 1250.0 1295.0 1250.0 storage-tank 0
1976.0 3621.0 2027.0 3621.0 2027.0 3667.0 1976.0 3667.0 roundabout 0
1991.0 3481.0 2098.0 3481.0 2098.0 3597.0 1991.0 3597.0 plane 0
2132.0 3392.0 2247.0 3392.0 2247.0 3505.0 2132.0 3505.0 plane 0
2217.0 3353.0 2308.0 3353.0 2308.0 3450.0 2217.0 3450.0 plane 0
2902.0 2946.0 2940.0 2946.0 2940.0 2981.0 2902.0 2981.0 storage-tank 0
2943.0 2982.0 2976.0 2982.0 2976.0 3015.0 2943.0 3015.0 storage-tank 0
2979.0 3015.0 3015.0 3015.0 3015.0 3049.0 2979.0 3049.0 storage-tank 0
3055.0 3013.0 3091.0 3013.0 3091.0 3050.0 3055.0 3050.0 storage-tank 0
3094.0 3047.0 3129.0 3047.0 3129.0 3084.0 3094.0 3084.0 storage-tank 0
3097.0 2876.0 3129.0 2876.0 3129.0 2907.0 3097.0 2907.0 storage-tank 0
1305.0 1122.0 1351.0 1122.0 1351.0 1167.0 1305.0 1167.0 storage-tank 0
3060.0 2902.0 3090.0 2902.0 3090.0 2933.0 3060.0 2933.0 storage-tank 0
3100.0 2921.0 3130.0 2921.0 3130.0 2952.0 3100.0 2952.0 storage-tank 0
3150.0 2900.0 3182.0 2900.0 3182.0 2932.0 3150.0 2932.0 storage-tank 0
3149.0 2945.0 3183.0 2945.0 3183.0 2976.0 3149.0 2976.0 storage-tank 0
3198.0 2922.0 3228.0 2922.0 3228.0 2953.0 3198.0 2953.0 storage-tank 0
3193.0 2966.0 3224.0 2966.0 3224.0 2997.0 3193.0 2997.0 storage-tank 0
3188.0 3010.0 3220.0 3010.0 3220.0 3040.0 3188.0 3040.0 storage-tank 0
3133.0 3083.0 3166.0 3083.0 3166.0 3118.0 3133.0 3118.0 storage-tank 0
2161.0 1280.0 2252.0 1280.0 2252.0 1360.0 2161.0 1360.0 plane 0
2141.0 1181.0 2238.0 1181.0 2238.0 1275.0 2141.0 1275.0 plane 0
2241.0 1065.0 2316.0 1065.0 2316.0 1146.0 2241.0 1146.0 plane 0
2316.0 1056.0 2415.0 1056.0 2415.0 1159.0 2316.0 1159.0 plane 0
1255.0 1162.0 1303.0 1162.0 1303.0 1203.0 1255.0 1203.0 storage-tank 0
1262.0 1119.0 1306.0 1119.0 1306.0 1165.0 1262.0 1165.0 storage-tank 0
1197.0 2713.0 1277.0 2713.0 1277.0 2789.0 1197.0 2789.0 plane 0
1599.0 1253.0 1682.0 1253.0 1682.0 1338.0 1599.0 1338.0 plane 0
1069.0 2595.0 1134.0 2595.0 1134.0 2655.0 1069.0 2655.0 plane 0
891.0 2066.0 980.0 2066.0 980.0 2148.0 891.0 2148.0 plane 0
892.0 1989.0 976.0 1989.0 976.0 2066.0 892.0 2066.0 plane 0
920.0 1144.0 999.0 1144.0 999.0 1232.0 920.0 1232.0 plane 0
1135.0 1138.0 1226.0 1138.0 1226.0 1221.0 1135.0 1221.0 plane 0
1123.0 1226.0 1218.0 1226.0 1218.0 1311.0 1123.0 1311.0 plane 0
905.0 1344.0 1001.0 1344.0 1001.0 1433.0 905.0 1433.0 plane 0
1111.0 1385.0 1207.0 1385.0 1207.0 1475.0 1111.0 1475.0 plane 0
1106.0 1477.0 1200.0 1477.0 1200.0 1548.0 1106.0 1548.0 plane 0
1098.0 1551.0 1193.0 1551.0 1193.0 1631.0 1098.0 1631.0 plane 0
893.0 1521.0 975.0 1521.0 975.0 1603.0 893.0 1603.0 plane 0
1583.0 1091.0 1669.0 1091.0 1669.0 1179.0 1583.0 1179.0 plane 0
1788.0 1248.0 1867.0 1248.0 1867.0 1322.0 1788.0 1322.0 plane 0
1326.0 384.0 1397.0 384.0 1397.0 459.0 1326.0 459.0 plane 0
1780.0 1167.0 1867.0 1167.0 1867.0 1246.0 1780.0 1246.0 plane 0
1789.0 1092.0 1864.0 1092.0 1864.0 1154.0 1789.0 1154.0 plane 0
1971.0 1152.0 2042.0 1152.0 2042.0 1235.0 1971.0 1235.0 plane 0
1981.0 1312.0 2036.0 1312.0 2036.0 1362.0 1981.0 1362.0 plane 0
1764.0 2616.0 1831.0 2616.0 1831.0 2677.0 1764.0 2677.0 plane 0
1956.0 2544.0 2012.0 2544.0 2012.0 2609.0 1956.0 2609.0 plane 0
1984.0 2590.0 2035.0 2590.0 2035.0 2642.0 1984.0 2642.0 plane 0
2126.0 2435.0 2192.0 2435.0 2192.0 2502.0 2126.0 2502.0 plane 0
2279.0 2102.0 2333.0 2102.0 2333.0 2153.0 2279.0 2153.0 plane 0
46.0 2773.0 100.0 2773.0 100.0 2831.0 46.0 2831.0 plane 0
650.0 1807.0 698.0 1807.0 698.0 1867.0 650.0 1867.0 plane 0
124.0 1606.0 170.0 1606.0 170.0 1655.0 124.0 1655.0 plane 0
2848.0 1429.0 2959.0 1429.0 2959.0 1523.0 2848.0 1523.0 plane 0
