1470.0 375.0 1488.0 375.0 1488.0 399.0 1470.0 399.0 small-vehicle 0
1463.0 45.0 1470.0 45.0 1470.0 65.0 1463.0 65.0 small-vehicle 0
909.0 1376.0 1023.0 1376.0 1023.0 1519.0 909.0 1519.0 basketball-court 0
1071.0 1198.0 1086.0 1198.0 1086.0 1217.0 1071.0 1217.0 small-vehicle 0
978.0 1075.0 995.0 1075.0 995.0 1099.0 978.0 1099.0 small-vehicle 0
861.0 963.0 962.0 963.0 962.0 1077.0 861.0 1077.0 tennis-court 0
911.0 926.0 1012.0 926.0 1012.0 1039.0 911.0 1039.0 tennis-court 0
826.0 788.0 918.0 788.0 918.0 902.0 826.0 902.0 tennis-court 0
1440.0 48.0 1450.0 48.0 1450.0 67.0 1440.0 67.0 small-vehicle 0
1451.0 46.0 1460.0 46.0 1460.0 69.0 1451.0 69.0 small-vehicle 0
1472.0 46.0 1480.0 46.0 1480.0 63.0 1472.0 63.0 small-vehicle 0
840.0 1342.0 962.0 1342.0 962.0 1491.0 840.0 1491.0 basketball-court 0
1482.0 46.0 1491.0 46.0 1491.0 66.0 1482.0 66.0 small-vehicle 0
1493.0 45.0 1504.0 45.0 1504.0 67.0 1493.0 67.0 small-vehicle 0
1440.0 68.0 1450.0 68.0 1450.0 90.0 1440.0 90.0 small-vehicle 0
1451.0 69.0 1460.0 69.0 1460.0 89.0 1451.0 89.0 small-vehicle 0
1463.0 66.0 1471.0 66.0 1471.0 84.0 1463.0 84.0 small-vehicle 0
1474.0 67.0 1482.0 67.0 1482.0 86.0 1474.0 86.0 small-vehicle 0
1484.0 69.0 1492.0 69.0 1492.0 88.0 1484.0 88.0 small-vehicle 0
1493.0 68.0 1502.0 68.0 1502.0 87.0 1493.0 87.0 small-vehicle 0
909.0 1278.0 1059.0 1278.0 1059.0 1398.0 909.0 1398.0 basketball-court 0
992.0 1571.0 1014.0 1571.0 1014.0 1594.0 992.0 1594.0 small-vehicle 0
1456.0 117.0 1467.0 117.0 1467.0 137.0 1456.0 137.0 small-vehicle 0
657.0 535.0 670.0 535.0 670.0 553.0 657.0 553.0 small-vehicle 0
291.0 1200.0 304.0 1200.0 304.0 1224.0 291.0 1224.0 small-vehicle 0
303.0 1194.0 316.0 1194.0 316.0 1218.0 303.0 1218.0 small-vehicle 0
318.0 1247.0 342.0 1247.0 342.0 1271.0 318.0 1271.0 small-vehicle 0
328.0 1236.0 351.0 1236.0 351.0 1259.0 328.0 1259.0 small-vehicle 0
95.0 2261.0 113.0 2261.0 113.0 2281.0 95.0 2281.0 small-vehicle 0
37.0 2210.0 58.0 2210.0 58.0 2228.0 37.0 2228.0 small-vehicle 0
420.0 2143.0 525.0 2143.0 525.0 2250.0 420.0 2250.0 tennis-court 0
632.0 542.0 650.0 542.0 650.0 566.0 632.0 566.0 small-vehicle 0
682.0 527.0 696.0 527.0 696.0 549.0 682.0 549.0 small-vehicle 0
967.0 1600.0 988.0 1600.0 988.0 1622.0 967.0 1622.0 small-vehicle 0
702.0 520.0 715.0 520.0 715.0 538.0 702.0 538.0 small-vehicle 0
725.0 512.0 737.0 512.0 737.0 531.0 725.0 531.0 small-vehicle 0
700.0 672.0 789.0 672.0 789.0 786.0 700.0 786.0 tennis-court 0
754.0 646.0 843.0 646.0 843.0 760.0 754.0 760.0 tennis-court 0
773.0 816.0 866.0 816.0 866.0 931.0 773.0 931.0 tennis-court 0
435.0 1077.0 926.0 1077.0 926.0 1501.0 435.0 1501.0 soccer-ball-field 0
946.0 1623.0 965.0 1623.0 965.0 1643.0 946.0 1643.0 small-vehicle 0
958.0 1610.0 976.0 1610.0 976.0 1632.0 958.0 1632.0 small-vehicle 0
1447.0 120.0 1458.0 120.0 1458.0 139.0 1447.0 139.0 small-vehicle 0
1466.0 114.0 1477.0 114.0 1477.0 132.0 1466.0 132.0 small-vehicle 0
1482.0 373.0 1498.0 373.0 1498.0 396.0 1482.0 396.0 small-vehicle 0
1547.0 222.0 1563.0 222.0 1563.0 246.0 1547.0 246.0 small-vehicle 0
1498.0 245.0 1515.0 245.0 1515.0 267.0 1498.0 267.0 small-vehicle 0
1491.0 227.0 1506.0 227.0 1506.0 247.0 1491.0 247.0 small-vehicle 0
1509.0 240.0 1524.0 240.0 1524.0 260.0 1509.0 260.0 small-vehicle 0
1518.0 213.0 1534.0 213.0 1534.0 235.0 1518.0 235.0 small-vehicle 0
1528.0 233.0 1541.0 233.0 1541.0 251.0 1528.0 251.0 small-vehicle 0
1508.0 219.0 1524.0 219.0 1524.0 240.0 1508.0 240.0 small-vehicle 0
1536.0 229.0 1552.0 229.0 1552.0 247.0 1536.0 247.0 small-vehicle 0
1528.0 208.0 1545.0 208.0 1545.0 231.0 1528.0 231.0 small-vehicle 0
1461.0 308.0 1477.0 308.0 1477.0 330.0 1461.0 330.0 small-vehicle 0
1480.0 231.0 1496.0 231.0 1496.0 254.0 1480.0 254.0 small-vehicle 0
1472.0 304.0 1488.0 304.0 1488.0 326.0 1472.0 326.0 small-vehicle 0
1479.0 324.0 1496.0 324.0 1496.0 346.0 1479.0 346.0 small-vehicle 0
1507.0 314.0 1526.0 314.0 1526.0 336.0 1507.0 336.0 small-vehicle 0
1469.0 330.0 1485.0 330.0 1485.0 350.0 1469.0 350.0 small-vehicle 0
1497.0 294.0 1515.0 294.0 1515.0 316.0 1497.0 316.0 small-vehicle 0
1506.0 287.0 1525.0 287.0 1525.0 310.0 1506.0 310.0 small-vehicle 0
1516.0 355.0 1534.0 355.0 1534.0 379.0 1516.0 379.0 small-vehicle 0
1492.0 367.0 1508.0 367.0 1508.0 390.0 1492.0 390.0 small-vehicle 0
1490.0 251.0 1504.0 251.0 1504.0 270.0 1490.0 270.0 small-vehicle 0
1468.0 232.0 1485.0 232.0 1485.0 255.0 1468.0 255.0 small-vehicle 0
1475.0 110.0 1487.0 110.0 1487.0 129.0 1475.0 129.0 small-vehicle 0
1471.0 184.0 1486.0 184.0 1486.0 206.0 1471.0 206.0 small-vehicle 0
1484.0 106.0 1497.0 106.0 1497.0 126.0 1484.0 126.0 small-vehicle 0
1454.0 138.0 1468.0 138.0 1468.0 160.0 1454.0 160.0 small-vehicle 0
1465.0 137.0 1478.0 137.0 1478.0 157.0 1465.0 157.0 small-vehicle 0
1475.0 132.0 1488.0 132.0 1488.0 154.0 1475.0 154.0 small-vehicle 0
1486.0 129.0 1498.0 129.0 1498.0 151.0 1486.0 151.0 small-vehicle 0
1498.0 127.0 1508.0 127.0 1508.0 148.0 1498.0 148.0 small-vehicle 0
1451.0 192.0 1467.0 192.0 1467.0 213.0 1451.0 213.0 small-vehicle 0
1461.0 188.0 1476.0 188.0 1476.0 210.0 1461.0 210.0 small-vehicle 0
1479.0 180.0 1494.0 180.0 1494.0 199.0 1479.0 199.0 small-vehicle 0
1452.0 265.0 1468.0 265.0 1468.0 287.0 1452.0 287.0 small-vehicle 0
1488.0 176.0 1503.0 176.0 1503.0 198.0 1488.0 198.0 small-vehicle 0
1497.0 172.0 1515.0 172.0 1515.0 197.0 1497.0 197.0 small-vehicle 0
1507.0 170.0 1526.0 170.0 1526.0 193.0 1507.0 193.0 small-vehicle 0
1426.0 256.0 1440.0 256.0 1440.0 275.0 1426.0 275.0 small-vehicle 0
1434.0 273.0 1450.0 273.0 1450.0 297.0 1434.0 297.0 small-vehicle 0
1434.0 254.0 1450.0 254.0 1450.0 274.0 1434.0 274.0 small-vehicle 0
1443.0 272.0 1459.0 272.0 1459.0 293.0 1443.0 293.0 small-vehicle 0
1442.0 244.0 1459.0 244.0 1459.0 267.0 1442.0 267.0 small-vehicle 0
278.0 1207.0 294.0 1207.0 294.0 1231.0 278.0 1231.0 small-vehicle 0
