258.0 602.0 265.0 602.0 265.0 612.0 258.0 612.0 small-vehicle 1
494.0 856.0 501.0 856.0 501.0 861.0 494.0 861.0 small-vehicle 1
574.0 101.0 594.0 101.0 594.0 108.0 574.0 108.0 large-vehicle 0
581.0 82.0 598.0 82.0 598.0 88.0 581.0 88.0 large-vehicle 0
452.0 204.0 463.0 204.0 463.0 216.0 452.0 216.0 large-vehicle 1
458.0 201.0 467.0 201.0 467.0 214.0 458.0 214.0 large-vehicle 1
459.0 187.0 472.0 187.0 472.0 204.0 459.0 204.0 large-vehicle 0
459.0 196.0 470.0 196.0 470.0 208.0 459.0 208.0 large-vehicle 1
444.0 192.0 454.0 192.0 454.0 205.0 444.0 205.0 large-vehicle 1
452.0 186.0 461.0 186.0 461.0 199.0 452.0 199.0 large-vehicle 1
447.0 188.0 456.0 188.0 456.0 200.0 447.0 200.0 large-vehicle 1
527.0 200.0 537.0 200.0 537.0 206.0 527.0 206.0 small-vehicle 1
405.0 779.0 414.0 779.0 414.0 783.0 405.0 783.0 small-vehicle 1
417.0 784.0 426.0 784.0 426.0 789.0 417.0 789.0 small-vehicle 1
398.0 803.0 408.0 803.0 408.0 807.0 398.0 807.0 small-vehicle 1
430.0 855.0 434.0 855.0 434.0 864.0 430.0 864.0 small-vehicle 1
455.0 855.0 459.0 855.0 459.0 862.0 455.0 862.0 small-vehicle 1
459.0 856.0 464.0 856.0 464.0 864.0 459.0 864.0 small-vehicle 1
465.0 856.0 469.0 856.0 469.0 864.0 465.0 864.0 small-vehicle 1
470.0 856.0 474.0 856.0 474.0 864.0 470.0 864.0 small-vehicle 1
475.0 857.0 480.0 857.0 480.0 865.0 475.0 865.0 small-vehicle 1
481.0 859.0 486.0 859.0 486.0 869.0 481.0 869.0 small-vehicle 1
487.0 860.0 491.0 860.0 491.0 869.0 487.0 869.0 small-vehicle 1
494.0 838.0 503.0 838.0 503.0 846.0 494.0 846.0 small-vehicle 1
494.0 844.0 502.0 844.0 502.0 850.0 494.0 850.0 small-vehicle 1
584.0 109.0 596.0 109.0 596.0 115.0 584.0 115.0 large-vehicle 1
566.0 115.0 582.0 115.0 582.0 121.0 566.0 121.0 large-vehicle 0
568.0 123.0 585.0 123.0 585.0 130.0 568.0 130.0 large-vehicle 0
189.0 183.0 199.0 183.0 199.0 187.0 189.0 187.0 large-vehicle 1
154.0 37.0 159.0 37.0 159.0 46.0 154.0 46.0 small-vehicle 1
124.0 19.0 131.0 19.0 131.0 24.0 124.0 24.0 small-vehicle 1
364.0 53.0 373.0 53.0 373.0 59.0 364.0 59.0 small-vehicle 1
240.0 15.0 248.0 15.0 248.0 20.0 240.0 20.0 small-vehicle 1
262.0 14.0 271.0 14.0 271.0 19.0 262.0 19.0 small-vehicle 1
285.0 13.0 293.0 13.0 293.0 17.0 285.0 17.0 small-vehicle 1
294.0 10.0 303.0 10.0 303.0 16.0 294.0 16.0 small-vehicle 1
306.0 9.0 314.0 9.0 314.0 14.0 306.0 14.0 small-vehicle 1
318.0 10.0 327.0 10.0 327.0 14.0 318.0 14.0 small-vehicle 1
375.0 80.0 384.0 80.0 384.0 88.0 375.0 88.0 small-vehicle 1
142.0 770.0 151.0 770.0 151.0 777.0 142.0 777.0 small-vehicle 1
498.0 279.0 504.0 279.0 504.0 294.0 498.0 294.0 large-vehicle 1
320.0 777.0 329.0 777.0 329.0 783.0 320.0 783.0 small-vehicle 1
284.0 728.0 291.0 728.0 291.0 737.0 284.0 737.0 small-vehicle 1
292.0 724.0 298.0 724.0 298.0 733.0 292.0 733.0 small-vehicle 1
370.0 834.0 376.0 834.0 376.0 843.0 370.0 843.0 small-vehicle 1
365.0 833.0 371.0 833.0 371.0 841.0 365.0 841.0 small-vehicle 1
338.0 830.0 344.0 830.0 344.0 838.0 338.0 838.0 small-vehicle 1
214.0 340.0 401.0 340.0 401.0 415.0 214.0 415.0 ground-track-field 0
250.0 353.0 368.0 353.0 368.0 406.0 250.0 406.0 soccer-ball-field 1
428.0 98.0 438.0 98.0 438.0 108.0 428.0 108.0 small-vehicle 1
505.0 278.0 513.0 278.0 513.0 287.0 505.0 287.0 large-vehicle 1
494.0 850.0 503.0 850.0 503.0 857.0 494.0 857.0 small-vehicle 1
492.0 860.0 500.0 860.0 500.0 867.0 492.0 867.0 small-vehicle 1
254.0 604.0 260.0 604.0 260.0 612.0 254.0 612.0 small-vehicle 1
508.0 819.0 516.0 819.0 516.0 826.0 508.0 826.0 small-vehicle 1
549.0 856.0 556.0 856.0 556.0 866.0 549.0 866.0 small-vehicle 1
608.0 843.0 617.0 843.0 617.0 852.0 608.0 852.0 small-vehicle 1
613.0 846.0 624.0 846.0 624.0 857.0 613.0 857.0 small-vehicle 1
617.0 850.0 626.0 850.0 626.0 861.0 617.0 861.0 small-vehicle 1
573.0 837.0 578.0 837.0 578.0 846.0 573.0 846.0 small-vehicle 1
586.0 841.0 593.0 841.0 593.0 848.0 586.0 848.0 small-vehicle 1
599.0 848.0 606.0 848.0 606.0 857.0 599.0 857.0 small-vehicle 1
589.0 855.0 595.0 855.0 595.0 860.0 589.0 860.0 small-vehicle 1
569.0 856.0 574.0 856.0 574.0 865.0 569.0 865.0 small-vehicle 1
574.0 857.0 580.0 857.0 580.0 865.0 574.0 865.0 small-vehicle 1
578.0 860.0 584.0 860.0 584.0 867.0 578.0 867.0 small-vehicle 1
600.0 855.0 607.0 855.0 607.0 863.0 600.0 863.0 small-vehicle 1
603.0 858.0 612.0 858.0 612.0 869.0 603.0 869.0 small-vehicle 1
584.0 860.0 590.0 860.0 590.0 868.0 584.0 868.0 small-vehicle 1
592.0 862.0 600.0 862.0 600.0 871.0 592.0 871.0 small-vehicle 1
566.0 840.0 572.0 840.0 572.0 847.0 566.0 847.0 small-vehicle 1
563.0 843.0 569.0 843.0 569.0 850.0 563.0 850.0 small-vehicle 1
561.0 850.0 569.0 850.0 569.0 857.0 561.0 857.0 small-vehicle 1
559.0 862.0 567.0 862.0 567.0 867.0 559.0 867.0 small-vehicle 1
224.0 400.0 542.0 400.0 542.0 770.0 224.0 770.0 ground-track-field 0
273.0 447.0 493.0 447.0 493.0 718.0 273.0 718.0 soccer-ball-field 1
242.0 610.0 248.0 610.0 248.0 618.0 242.0 618.0 small-vehicle 1
248.0 606.0 257.0 606.0 257.0 617.0 248.0 617.0 small-vehicle 1
542.0 854.0 551.0 854.0 551.0 865.0 542.0 865.0 small-vehicle 1
537.0 853.0 545.0 853.0 545.0 863.0 537.0 863.0 small-vehicle 1
531.0 853.0 538.0 853.0 538.0 864.0 531.0 864.0 small-vehicle 1
551.0 817.0 558.0 817.0 558.0 827.0 551.0 827.0 small-vehicle 1
509.0 823.0 520.0 823.0 520.0 832.0 509.0 832.0 small-vehicle 1
511.0 829.0 521.0 829.0 521.0 837.0 511.0 837.0 small-vehicle 1
513.0 836.0 521.0 836.0 521.0 843.0 513.0 843.0 small-vehicle 1
515.0 840.0 524.0 840.0 524.0 848.0 515.0 848.0 small-vehicle 1
517.0 844.0 527.0 844.0 527.0 854.0 517.0 854.0 small-vehicle 1
520.0 849.0 530.0 849.0 530.0 860.0 520.0 860.0 small-vehicle 1
525.0 818.0 531.0 818.0 531.0 827.0 525.0 827.0 small-vehicle 1
530.0 817.0 538.0 817.0 538.0 829.0 530.0 829.0 small-vehicle 1
537.0 817.0 545.0 817.0 545.0 829.0 537.0 829.0 small-vehicle 1
544.0 818.0 552.0 818.0 552.0 828.0 544.0 828.0 small-vehicle 1
557.0 817.0 565.0 817.0 565.0 827.0 557.0 827.0 small-vehicle 1
548.0 845.0 555.0 845.0 555.0 852.0 548.0 852.0 small-vehicle 1
563.0 818.0 570.0 818.0 570.0 828.0 563.0 828.0 small-vehicle 1
528.0 833.0 535.0 833.0 535.0 842.0 528.0 842.0 small-vehicle 1
534.0 833.0 541.0 833.0 541.0 842.0 534.0 842.0 small-vehicle 1
540.0 833.0 547.0 833.0 547.0 843.0 540.0 843.0 small-vehicle 1
545.0 835.0 553.0 835.0 553.0 843.0 545.0 843.0 small-vehicle 1
550.0 837.0 558.0 837.0 558.0 845.0 550.0 845.0 small-vehicle 1
605.0 819.0 614.0 819.0 614.0 830.0 605.0 830.0 small-vehicle 1
616.0 818.0 626.0 818.0 626.0 827.0 616.0 827.0 small-vehicle 1
533.0 843.0 542.0 843.0 542.0 851.0 533.0 851.0 small-vehicle 1
541.0 843.0 549.0 843.0 549.0 850.0 541.0 850.0 small-vehicle 1
108.0 29.0 114.0 29.0 114.0 34.0 108.0 34.0 small-vehicle 1
