2208.0 3106.0 2268.0 3106.0 2268.0 3180.0 2208.0 3180.0 plane 0
2228.0 2742.0 2305.0 2742.0 2305.0 2821.0 2228.0 2821.0 plane 0
2633.0 1805.0 2660.0 1805.0 2660.0 1832.0 2633.0 1832.0 plane 0
2603.0 1798.0 2623.0 1798.0 2623.0 1824.0 2603.0 1824.0 plane 0
2582.0 1795.0 2603.0 1795.0 2603.0 1822.0 2582.0 1822.0 plane 0
2701.0 1765.0 2767.0 1765.0 2767.0 1830.0 2701.0 1830.0 plane 0
2561.0 2761.0 2666.0 2761.0 2666.0 2847.0 2561.0 2847.0 plane 0
3249.0 3209.0 3293.0 3209.0 3293.0 3241.0 3249.0 3241.0 plane 0
3261.0 3256.0 3347.0 3256.0 3347.0 3328.0 3261.0 3328.0 plane 0
3332.0 3334.0 3384.0 3334.0 3384.0 3378.0 3332.0 3378.0 plane 0
1820.0 3065.0 1904.0 3065.0 1904.0 3151.0 1820.0 3151.0 plane 0
1904.0 3060.0 1984.0 3060.0 1984.0 3140.0 1904.0 3140.0 plane 0
2402.0 2921.0 2521.0 2921.0 2521.0 3024.0 2402.0 3024.0 plane 0
2299.0 2797.0 2394.0 2797.0 2394.0 2893.0 2299.0 2893.0 plane 0
2130.0 2806.0 2220.0 2806.0 2220.0 2893.0 2130.0 2893.0 plane 0
2310.0 759.0 2367.0 759.0 2367.0 811.0 2310.0 811.0 plane 0
1988.0 2742.0 2080.0 2742.0 2080.0 2836.0 1988.0 2836.0 plane 0
1820.0 2697.0 1928.0 2697.0 1928.0 2808.0 1820.0 2808.0 plane 0
1634.0 2849.0 1737.0 2849.0 1737.0 2952.0 1634.0 2952.0 plane 0
1366.0 2947.0 1466.0 2947.0 1466.0 3050.0 1366.0 3050.0 plane 0
1530.0 2589.0 1634.0 2589.0 1634.0 2682.0 1530.0 2682.0 plane 0
1122.0 2794.0 1221.0 2794.0 1221.0 2889.0 1122.0 2889.0 plane 0
1312.0 1368.0 1410.0 1368.0 1410.0 1456.0 1312.0 1456.0 plane 0
1396.0 1481.0 1589.0 1481.0 1589.0 1640.0 1396.0 1640.0 plane 0
1411.0 1805.0 1549.0 1805.0 1549.0 1946.0 1411.0 1946.0 plane 0
865.0 2208.0 964.0 2208.0 964.0 2307.0 865.0 2307.0 plane 0
920.0 2394.0 1072.0 2394.0 1072.0 2536.0 920.0 2536.0 plane 0
587.0 2341.0 731.0 2341.0 731.0 2480.0 587.0 2480.0 plane 0
2662.0 1807.0 2691.0 1807.0 2691.0 1839.0 2662.0 1839.0 plane 0
2648.0 1633.0 2704.0 1633.0 2704.0 1689.0 2648.0 1689.0 plane 0
2656.0 1505.0 2715.0 1505.0 2715.0 1555.0 2656.0 1555.0 plane 0
2641.0 1264.0 2752.0 1264.0 2752.0 1355.0 2641.0 1355.0 plane 0
1812.0 636.0 1962.0 636.0 1962.0 777.0 1812.0 777.0 plane 0
1552.0 572.0 1690.0 572.0 1690.0 702.0 1552.0 702.0 plane 0
1261.0 809.0 1424.0 809.0 1424.0 954.0 1261.0 954.0 plane 0
1496.0 1192.0 1597.0 1192.0 1597.0 1284.0 1496.0 1284.0 plane 0
1934.0 2876.0 2043.0 2876.0 2043.0 2961.0 1934.0 2961.0 plane 0
1313.0 2218.0 1408.0 2218.0 1408.0 2314.0 1313.0 2314.0 plane 0
1206.0 2327.0 1293.0 2327.0 1293.0 2411.0 1206.0 2411.0 plane 0
1058.0 2319.0 1208.0 2319.0 1208.0 2465.0 1058.0 2465.0 plane 0
785.0 2456.0 933.0 2456.0 933.0 2603.0 785.0 2603.0 plane 0
1135.0 2023.0 1287.0 2023.0 1287.0 2171.0 1135.0 2171.0 plane 0
966.0 2101.0 1122.0 2101.0 1122.0 2257.0 966.0 2257.0 plane 0
1632.0 1285.0 1723.0 1285.0 1723.0 1368.0 1632.0 1368.0 plane 0
1338.0 946.0 1448.0 946.0 1448.0 1038.0 1338.0 1038.0 plane 0
379.0 460.0 551.0 460.0 551.0 605.0 379.0 605.0 plane 0
3.0 1442.0 33.0 1442.0 33.0 1495.0 3.0 1495.0 storage-tank 0
39.0 1456.0 100.0 1456.0 100.0 1515.0 39.0 1515.0 storage-tank 0
63.0 1397.0 117.0 1397.0 117.0 1458.0 63.0 1458.0 storage-tank 0
9.0 1382.0 59.0 1382.0 59.0 1438.0 9.0 1438.0 storage-tank 0
1679.0 599.0 1824.0 599.0 1824.0 742.0 1679.0 742.0 plane 0
2375.0 767.0 2449.0 767.0 2449.0 839.0 2375.0 839.0 plane 0
2449.0 789.0 2521.0 789.0 2521.0 854.0 2449.0 854.0 plane 0
2524.0 802.0 2596.0 802.0 2596.0 868.0 2524.0 868.0 plane 0
2675.0 839.0 2721.0 839.0 2721.0 879.0 2675.0 879.0 plane 0
2739.0 852.0 2781.0 852.0 2781.0 892.0 2739.0 892.0 plane 0
2547.0 1181.0 2650.0 1181.0 2650.0 1302.0 2547.0 1302.0 plane 0
573.0 376.0 708.0 376.0 708.0 504.0 573.0 504.0 plane 0
