2953.0 2441.0 2984.0 2441.0 2984.0 2464.0 2953.0 2464.0 large-vehicle 0
83.0 1425.0 88.0 1425.0 88.0 1435.0 83.0 1435.0 small-vehicle 1
57.0 1443.0 62.0 1443.0 62.0 1451.0 57.0 1451.0 small-vehicle 1
53.0 1442.0 58.0 1442.0 58.0 1450.0 53.0 1450.0 small-vehicle 1
48.0 1440.0 53.0 1440.0 53.0 1449.0 48.0 1449.0 small-vehicle 1
44.0 1439.0 48.0 1439.0 48.0 1448.0 44.0 1448.0 small-vehicle 1
104.0 1433.0 111.0 1433.0 111.0 1442.0 104.0 1442.0 small-vehicle 1
94.0 1429.0 102.0 1429.0 102.0 1440.0 94.0 1440.0 small-vehicle 1
86.0 1428.0 92.0 1428.0 92.0 1437.0 86.0 1437.0 small-vehicle 1
79.0 1425.0 83.0 1425.0 83.0 1434.0 79.0 1434.0 small-vehicle 1
66.0 1446.0 72.0 1446.0 72.0 1455.0 66.0 1455.0 small-vehicle 1
73.0 1425.0 78.0 1425.0 78.0 1433.0 73.0 1433.0 small-vehicle 1
68.0 1423.0 74.0 1423.0 74.0 1433.0 68.0 1433.0 small-vehicle 1
64.0 1421.0 70.0 1421.0 70.0 1431.0 64.0 1431.0 small-vehicle 1
60.0 1420.0 65.0 1420.0 65.0 1428.0 60.0 1428.0 small-vehicle 1
55.0 1420.0 60.0 1420.0 60.0 1428.0 55.0 1428.0 small-vehicle 1
49.0 1417.0 56.0 1417.0 56.0 1426.0 49.0 1426.0 small-vehicle 1
94.0 1419.0 99.0 1419.0 99.0 1428.0 94.0 1428.0 small-vehicle 1
62.0 1444.0 68.0 1444.0 68.0 1454.0 62.0 1454.0 small-vehicle 1
72.0 1446.0 78.0 1446.0 78.0 1455.0 72.0 1455.0 small-vehicle 1
150.0 977.0 155.0 977.0 155.0 986.0 150.0 986.0 small-vehicle 1
77.0 1462.0 83.0 1462.0 83.0 1472.0 77.0 1472.0 small-vehicle 1
125.0 1439.0 134.0 1439.0 134.0 1443.0 125.0 1443.0 small-vehicle 1
128.0 1433.0 137.0 1433.0 137.0 1438.0 128.0 1438.0 small-vehicle 1
131.0 1426.0 139.0 1426.0 139.0 1432.0 131.0 1432.0 small-vehicle 1
64.0 1493.0 69.0 1493.0 69.0 1502.0 64.0 1502.0 small-vehicle 1
57.0 1478.0 63.0 1478.0 63.0 1488.0 57.0 1488.0 small-vehicle 1
43.0 1476.0 49.0 1476.0 49.0 1485.0 43.0 1485.0 small-vehicle 1
87.0 1463.0 93.0 1463.0 93.0 1473.0 87.0 1473.0 small-vehicle 1
73.0 1460.0 78.0 1460.0 78.0 1469.0 73.0 1469.0 small-vehicle 1
85.0 1451.0 91.0 1451.0 91.0 1460.0 85.0 1460.0 small-vehicle 1
68.0 1458.0 73.0 1458.0 73.0 1468.0 68.0 1468.0 small-vehicle 1
58.0 1455.0 65.0 1455.0 65.0 1466.0 58.0 1466.0 small-vehicle 1
54.0 1455.0 59.0 1455.0 59.0 1464.0 54.0 1464.0 small-vehicle 1
49.0 1454.0 55.0 1454.0 55.0 1463.0 49.0 1463.0 small-vehicle 1
45.0 1451.0 50.0 1451.0 50.0 1460.0 45.0 1460.0 small-vehicle 1
96.0 1454.0 101.0 1454.0 101.0 1463.0 96.0 1463.0 small-vehicle 1
90.0 1452.0 95.0 1452.0 95.0 1460.0 90.0 1460.0 small-vehicle 1
90.0 1416.0 96.0 1416.0 96.0 1425.0 90.0 1425.0 small-vehicle 1
85.0 1415.0 91.0 1415.0 91.0 1423.0 85.0 1423.0 small-vehicle 1
80.0 1413.0 86.0 1413.0 86.0 1422.0 80.0 1422.0 small-vehicle 1
55.0 1383.0 59.0 1383.0 59.0 1391.0 55.0 1391.0 small-vehicle 1
85.0 1392.0 92.0 1392.0 92.0 1403.0 85.0 1403.0 small-vehicle 1
82.0 1391.0 87.0 1391.0 87.0 1399.0 82.0 1399.0 small-vehicle 1
77.0 1389.0 83.0 1389.0 83.0 1399.0 77.0 1399.0 small-vehicle 1
73.0 1388.0 78.0 1388.0 78.0 1396.0 73.0 1396.0 small-vehicle 1
68.0 1386.0 73.0 1386.0 73.0 1395.0 68.0 1395.0 small-vehicle 1
64.0 1385.0 69.0 1385.0 69.0 1394.0 64.0 1394.0 small-vehicle 1
59.0 1383.0 64.0 1383.0 64.0 1392.0 59.0 1392.0 small-vehicle 1
49.0 1381.0 55.0 1381.0 55.0 1390.0 49.0 1390.0 small-vehicle 1
77.0 1412.0 81.0 1412.0 81.0 1421.0 77.0 1421.0 small-vehicle 1
45.0 1379.0 50.0 1379.0 50.0 1388.0 45.0 1388.0 small-vehicle 1
68.0 1133.0 82.0 1133.0 82.0 1149.0 68.0 1149.0 large-vehicle 0
64.0 1126.0 78.0 1126.0 78.0 1142.0 64.0 1142.0 large-vehicle 0
74.0 1099.0 91.0 1099.0 91.0 1117.0 74.0 1117.0 large-vehicle 0
74.0 1087.0 89.0 1087.0 89.0 1105.0 74.0 1105.0 large-vehicle 0
107.0 1061.0 128.0 1061.0 128.0 1070.0 107.0 1070.0 large-vehicle 0
125.0 1039.0 134.0 1039.0 134.0 1044.0 125.0 1044.0 small-vehicle 1
91.0 1394.0 96.0 1394.0 96.0 1401.0 91.0 1401.0 small-vehicle 1
95.0 1394.0 100.0 1394.0 100.0 1403.0 95.0 1403.0 small-vehicle 1
100.0 1395.0 105.0 1395.0 105.0 1404.0 100.0 1404.0 small-vehicle 1
105.0 1398.0 110.0 1398.0 110.0 1403.0 105.0 1403.0 small-vehicle 1
72.0 1411.0 78.0 1411.0 78.0 1421.0 72.0 1421.0 small-vehicle 1
66.0 1411.0 72.0 1411.0 72.0 1419.0 66.0 1419.0 small-vehicle 1
62.0 1408.0 67.0 1408.0 67.0 1416.0 62.0 1416.0 small-vehicle 1
57.0 1406.0 63.0 1406.0 63.0 1416.0 57.0 1416.0 small-vehicle 1
53.0 1406.0 58.0 1406.0 58.0 1414.0 53.0 1414.0 small-vehicle 1
47.0 1405.0 53.0 1405.0 53.0 1412.0 47.0 1412.0 small-vehicle 1
45.0 1404.0 49.0 1404.0 49.0 1411.0 45.0 1411.0 small-vehicle 1
99.0 1419.0 104.0 1419.0 104.0 1429.0 99.0 1429.0 small-vehicle 1
104.0 1419.0 109.0 1419.0 109.0 1429.0 104.0 1429.0 small-vehicle 1
109.0 1421.0 114.0 1421.0 114.0 1431.0 109.0 1431.0 small-vehicle 1
132.0 1406.0 138.0 1406.0 138.0 1415.0 132.0 1415.0 small-vehicle 1
127.0 1405.0 133.0 1405.0 133.0 1415.0 127.0 1415.0 small-vehicle 1
118.0 1401.0 125.0 1401.0 125.0 1411.0 118.0 1411.0 small-vehicle 1
114.0 1400.0 120.0 1400.0 120.0 1408.0 114.0 1408.0 small-vehicle 1
109.0 1399.0 114.0 1399.0 114.0 1407.0 109.0 1407.0 small-vehicle 1
124.0 1445.0 132.0 1445.0 132.0 1450.0 124.0 1450.0 small-vehicle 1
120.0 1451.0 129.0 1451.0 129.0 1456.0 120.0 1456.0 small-vehicle 1
118.0 1457.0 126.0 1457.0 126.0 1462.0 118.0 1462.0 small-vehicle 1
368.0 552.0 376.0 552.0 376.0 561.0 368.0 561.0 small-vehicle 1
436.0 546.0 443.0 546.0 443.0 555.0 436.0 555.0 small-vehicle 1
531.0 592.0 537.0 592.0 537.0 601.0 531.0 601.0 small-vehicle 1
510.0 554.0 517.0 554.0 517.0 563.0 510.0 563.0 small-vehicle 1
507.0 565.0 513.0 565.0 513.0 575.0 507.0 575.0 small-vehicle 1
454.0 552.0 462.0 552.0 462.0 562.0 454.0 562.0 small-vehicle 1
371.0 538.0 381.0 538.0 381.0 546.0 371.0 546.0 small-vehicle 1
368.0 544.0 377.0 544.0 377.0 551.0 368.0 551.0 small-vehicle 1
375.0 554.0 382.0 554.0 382.0 564.0 375.0 564.0 small-vehicle 1
419.0 566.0 424.0 566.0 424.0 576.0 419.0 576.0 small-vehicle 1
381.0 554.0 387.0 554.0 387.0 564.0 381.0 564.0 small-vehicle 1
386.0 555.0 392.0 555.0 392.0 566.0 386.0 566.0 small-vehicle 1
391.0 558.0 396.0 558.0 396.0 568.0 391.0 568.0 small-vehicle 1
394.0 557.0 400.0 557.0 400.0 569.0 394.0 569.0 small-vehicle 1
399.0 560.0 405.0 560.0 405.0 569.0 399.0 569.0 small-vehicle 1
404.0 561.0 411.0 561.0 411.0 571.0 404.0 571.0 small-vehicle 1
409.0 561.0 416.0 561.0 416.0 573.0 409.0 573.0 small-vehicle 1
432.0 545.0 437.0 545.0 437.0 555.0 432.0 555.0 small-vehicle 1
428.0 543.0 433.0 543.0 433.0 552.0 428.0 552.0 small-vehicle 1
423.0 542.0 429.0 542.0 429.0 553.0 423.0 553.0 small-vehicle 1
418.0 541.0 425.0 541.0 425.0 550.0 418.0 550.0 small-vehicle 1
449.0 538.0 454.0 538.0 454.0 547.0 449.0 547.0 small-vehicle 1
444.0 538.0 450.0 538.0 450.0 546.0 444.0 546.0 small-vehicle 1
439.0 536.0 445.0 536.0 445.0 544.0 439.0 544.0 small-vehicle 1
435.0 534.0 441.0 534.0 441.0 542.0 435.0 542.0 small-vehicle 1
430.0 533.0 436.0 533.0 436.0 541.0 430.0 541.0 small-vehicle 1
426.0 532.0 431.0 532.0 431.0 539.0 426.0 539.0 small-vehicle 1
422.0 531.0 427.0 531.0 427.0 539.0 422.0 539.0 small-vehicle 1
417.0 529.0 422.0 529.0 422.0 537.0 417.0 537.0 small-vehicle 1
411.0 528.0 417.0 528.0 417.0 537.0 411.0 537.0 small-vehicle 1
407.0 527.0 412.0 527.0 412.0 536.0 407.0 536.0 small-vehicle 1
402.0 527.0 407.0 527.0 407.0 537.0 402.0 537.0 small-vehicle 1
399.0 537.0 404.0 537.0 404.0 546.0 399.0 546.0 small-vehicle 1
403.0 538.0 409.0 538.0 409.0 547.0 403.0 547.0 small-vehicle 1
408.0 539.0 414.0 539.0 414.0 549.0 408.0 549.0 small-vehicle 1
413.0 541.0 419.0 541.0 419.0 549.0 413.0 549.0 small-vehicle 1
414.0 564.0 420.0 564.0 420.0 574.0 414.0 574.0 small-vehicle 1
423.0 567.0 429.0 567.0 429.0 576.0 423.0 576.0 small-vehicle 1
115.0 1461.0 124.0 1461.0 124.0 1467.0 115.0 1467.0 small-vehicle 1
310.0 2668.0 320.0 2668.0 320.0 2674.0 310.0 2674.0 small-vehicle 1
403.0 2656.0 413.0 2656.0 413.0 2661.0 403.0 2661.0 small-vehicle 1
446.0 2640.0 456.0 2640.0 456.0 2646.0 446.0 2646.0 small-vehicle 1
335.0 2700.0 344.0 2700.0 344.0 2705.0 335.0 2705.0 small-vehicle 1
379.0 2667.0 390.0 2667.0 390.0 2673.0 379.0 2673.0 small-vehicle 1
436.0 2674.0 447.0 2674.0 447.0 2680.0 436.0 2680.0 large-vehicle 1
339.0 2668.0 347.0 2668.0 347.0 2674.0 339.0 2674.0 small-vehicle 1
396.0 2689.0 406.0 2689.0 406.0 2695.0 396.0 2695.0 small-vehicle 1
343.0 2693.0 352.0 2693.0 352.0 2699.0 343.0 2699.0 small-vehicle 1
428.0 568.0 434.0 568.0 434.0 578.0 428.0 578.0 small-vehicle 1
271.0 2682.0 284.0 2682.0 284.0 2690.0 271.0 2690.0 large-vehicle 1
200.0 2689.0 213.0 2689.0 213.0 2696.0 200.0 2696.0 large-vehicle 1
48.0 1513.0 55.0 1513.0 55.0 1521.0 48.0 1521.0 small-vehicle 1
41.0 1524.0 46.0 1524.0 46.0 1533.0 41.0 1533.0 small-vehicle 1
81.0 1506.0 89.0 1506.0 89.0 1511.0 81.0 1511.0 small-vehicle 1
100.0 1481.0 110.0 1481.0 110.0 1486.0 100.0 1486.0 small-vehicle 1
108.0 1471.0 117.0 1471.0 117.0 1476.0 108.0 1476.0 small-vehicle 1
453.0 2678.0 461.0 2678.0 461.0 2684.0 453.0 2684.0 small-vehicle 1
460.0 2671.0 469.0 2671.0 469.0 2676.0 460.0 2676.0 small-vehicle 1
483.0 2673.0 492.0 2673.0 492.0 2679.0 483.0 2679.0 small-vehicle 1
545.0 2632.0 557.0 2632.0 557.0 2639.0 545.0 2639.0 small-vehicle 1
433.0 568.0 439.0 568.0 439.0 578.0 433.0 578.0 small-vehicle 1
461.0 575.0 466.0 575.0 466.0 586.0 461.0 586.0 small-vehicle 1
465.0 578.0 471.0 578.0 471.0 586.0 465.0 586.0 small-vehicle 1
524.0 594.0 529.0 594.0 529.0 602.0 524.0 602.0 small-vehicle 1
519.0 592.0 524.0 592.0 524.0 601.0 519.0 601.0 small-vehicle 1
514.0 590.0 519.0 590.0 519.0 600.0 514.0 600.0 small-vehicle 1
354.0 635.0 367.0 635.0 367.0 644.0 354.0 644.0 large-vehicle 1
349.0 653.0 365.0 653.0 365.0 662.0 349.0 662.0 large-vehicle 0
603.0 2641.0 613.0 2641.0 613.0 2647.0 603.0 2647.0 small-vehicle 1
592.0 2631.0 603.0 2631.0 603.0 2638.0 592.0 2638.0 small-vehicle 1
584.0 2618.0 595.0 2618.0 595.0 2626.0 584.0 2626.0 small-vehicle 1
519.0 2659.0 530.0 2659.0 530.0 2664.0 519.0 2664.0 small-vehicle 1
540.0 2624.0 550.0 2624.0 550.0 2631.0 540.0 2631.0 small-vehicle 1
517.0 2628.0 527.0 2628.0 527.0 2634.0 517.0 2634.0 small-vehicle 1
518.0 2636.0 529.0 2636.0 529.0 2642.0 518.0 2642.0 small-vehicle 1
145.0 1015.0 154.0 1015.0 154.0 1022.0 145.0 1022.0 small-vehicle 1
126.0 1000.0 136.0 1000.0 136.0 1008.0 126.0 1008.0 small-vehicle 1
458.0 540.0 464.0 540.0 464.0 549.0 458.0 549.0 small-vehicle 1
289.0 415.0 297.0 415.0 297.0 424.0 289.0 424.0 small-vehicle 1
129.0 542.0 144.0 542.0 144.0 554.0 129.0 554.0 large-vehicle 1
129.0 550.0 144.0 550.0 144.0 562.0 129.0 562.0 large-vehicle 1
291.0 427.0 298.0 427.0 298.0 434.0 291.0 434.0 small-vehicle 1
288.0 425.0 294.0 425.0 294.0 432.0 288.0 432.0 small-vehicle 1
284.0 423.0 290.0 423.0 290.0 431.0 284.0 431.0 small-vehicle 1
297.0 420.0 304.0 420.0 304.0 428.0 297.0 428.0 small-vehicle 1
294.0 417.0 300.0 417.0 300.0 427.0 294.0 427.0 small-vehicle 1
254.0 410.0 260.0 410.0 260.0 420.0 254.0 420.0 small-vehicle 1
144.0 540.0 153.0 540.0 153.0 550.0 144.0 550.0 large-vehicle 1
249.0 409.0 254.0 409.0 254.0 419.0 249.0 419.0 small-vehicle 1
246.0 408.0 249.0 408.0 249.0 417.0 246.0 417.0 small-vehicle 1
240.0 406.0 245.0 406.0 245.0 416.0 240.0 416.0 small-vehicle 1
235.0 405.0 240.0 405.0 240.0 414.0 235.0 414.0 small-vehicle 1
230.0 405.0 235.0 405.0 235.0 413.0 230.0 413.0 small-vehicle 1
231.0 427.0 240.0 427.0 240.0 436.0 231.0 436.0 small-vehicle 1
226.0 423.0 235.0 423.0 235.0 433.0 226.0 433.0 small-vehicle 1
137.0 533.0 148.0 533.0 148.0 542.0 137.0 542.0 large-vehicle 1
146.0 531.0 155.0 531.0 155.0 539.0 146.0 539.0 small-vehicle 1
137.0 968.0 144.0 968.0 144.0 973.0 137.0 973.0 small-vehicle 1
224.0 486.0 241.0 486.0 241.0 496.0 224.0 496.0 large-vehicle 1
198.0 520.0 213.0 520.0 213.0 529.0 198.0 529.0 large-vehicle 1
160.0 503.0 177.0 503.0 177.0 529.0 160.0 529.0 large-vehicle 0
195.0 512.0 220.0 512.0 220.0 525.0 195.0 525.0 large-vehicle 0
199.0 505.0 224.0 505.0 224.0 518.0 199.0 518.0 large-vehicle 0
204.0 500.0 229.0 500.0 229.0 513.0 204.0 513.0 large-vehicle 0
209.0 495.0 234.0 495.0 234.0 507.0 209.0 507.0 large-vehicle 0
216.0 490.0 241.0 490.0 241.0 503.0 216.0 503.0 large-vehicle 0
227.0 480.0 245.0 480.0 245.0 490.0 227.0 490.0 large-vehicle 0
148.0 526.0 157.0 526.0 157.0 534.0 148.0 534.0 small-vehicle 1
237.0 471.0 253.0 471.0 253.0 480.0 237.0 480.0 large-vehicle 0
238.0 464.0 255.0 464.0 255.0 474.0 238.0 474.0 large-vehicle 1
244.0 458.0 261.0 458.0 261.0 469.0 244.0 469.0 large-vehicle 0
248.0 454.0 264.0 454.0 264.0 463.0 248.0 463.0 large-vehicle 1
247.0 447.0 265.0 447.0 265.0 457.0 247.0 457.0 large-vehicle 0
255.0 441.0 270.0 441.0 270.0 451.0 255.0 451.0 large-vehicle 1
146.0 519.0 154.0 519.0 154.0 524.0 146.0 524.0 small-vehicle 1
220.0 420.0 230.0 420.0 230.0 430.0 220.0 430.0 small-vehicle 1
215.0 417.0 224.0 417.0 224.0 426.0 215.0 426.0 small-vehicle 1
210.0 414.0 219.0 414.0 219.0 423.0 210.0 423.0 small-vehicle 1
265.0 363.0 274.0 363.0 274.0 372.0 265.0 372.0 small-vehicle 1
300.0 394.0 307.0 394.0 307.0 403.0 300.0 403.0 small-vehicle 1
295.0 391.0 303.0 391.0 303.0 401.0 295.0 401.0 small-vehicle 1
292.0 388.0 299.0 388.0 299.0 397.0 292.0 397.0 small-vehicle 1
278.0 377.0 287.0 377.0 287.0 388.0 278.0 388.0 small-vehicle 1
275.0 375.0 283.0 375.0 283.0 383.0 275.0 383.0 small-vehicle 1
272.0 373.0 279.0 373.0 279.0 380.0 272.0 380.0 small-vehicle 1
268.0 367.0 277.0 367.0 277.0 376.0 268.0 376.0 small-vehicle 1
230.0 358.0 238.0 358.0 238.0 365.0 230.0 365.0 small-vehicle 1
204.0 409.0 214.0 409.0 214.0 419.0 204.0 419.0 small-vehicle 1
231.0 351.0 240.0 351.0 240.0 360.0 231.0 360.0 small-vehicle 1
235.0 347.0 243.0 347.0 243.0 355.0 235.0 355.0 small-vehicle 1
249.0 337.0 254.0 337.0 254.0 346.0 249.0 346.0 small-vehicle 1
243.0 339.0 249.0 339.0 249.0 348.0 243.0 348.0 small-vehicle 1
500.0 380.0 559.0 380.0 559.0 436.0 500.0 436.0 roundabout 0
500.0 42.0 546.0 42.0 546.0 89.0 500.0 89.0 storage-tank 0
463.0 93.0 508.0 93.0 508.0 141.0 463.0 141.0 storage-tank 0
305.0 397.0 311.0 397.0 311.0 406.0 305.0 406.0 small-vehicle 1
310.0 403.0 317.0 403.0 317.0 412.0 310.0 412.0 small-vehicle 1
315.0 407.0 321.0 407.0 321.0 415.0 315.0 415.0 small-vehicle 1
227.0 365.0 236.0 365.0 236.0 370.0 227.0 370.0 small-vehicle 1
205.0 400.0 213.0 400.0 213.0 404.0 205.0 404.0 small-vehicle 1
205.0 394.0 214.0 394.0 214.0 399.0 205.0 399.0 small-vehicle 1
209.0 388.0 216.0 388.0 216.0 393.0 209.0 393.0 small-vehicle 1
232.0 384.0 238.0 384.0 238.0 392.0 232.0 392.0 small-vehicle 1
228.0 381.0 234.0 381.0 234.0 390.0 228.0 390.0 small-vehicle 1
222.0 377.0 229.0 377.0 229.0 388.0 222.0 388.0 small-vehicle 1
270.0 399.0 277.0 399.0 277.0 408.0 270.0 408.0 small-vehicle 1
266.0 395.0 274.0 395.0 274.0 405.0 266.0 405.0 small-vehicle 1
284.0 403.0 294.0 403.0 294.0 412.0 284.0 412.0 small-vehicle 1
256.0 391.0 264.0 391.0 264.0 399.0 256.0 399.0 small-vehicle 1
252.0 386.0 260.0 386.0 260.0 396.0 252.0 396.0 small-vehicle 1
248.0 383.0 255.0 383.0 255.0 393.0 248.0 393.0 small-vehicle 1
240.0 377.0 247.0 377.0 247.0 385.0 240.0 385.0 small-vehicle 1
235.0 373.0 243.0 373.0 243.0 383.0 235.0 383.0 small-vehicle 1
230.0 371.0 238.0 371.0 238.0 381.0 230.0 381.0 small-vehicle 1
194.0 524.0 211.0 524.0 211.0 535.0 194.0 535.0 large-vehicle 0
189.0 528.0 207.0 528.0 207.0 540.0 189.0 540.0 large-vehicle 0
184.0 535.0 202.0 535.0 202.0 544.0 184.0 544.0 large-vehicle 0
133.0 757.0 151.0 757.0 151.0 780.0 133.0 780.0 large-vehicle 0
69.0 840.0 74.0 840.0 74.0 848.0 69.0 848.0 small-vehicle 1
74.0 840.0 79.0 840.0 79.0 850.0 74.0 850.0 small-vehicle 1
80.0 844.0 85.0 844.0 85.0 852.0 80.0 852.0 large-vehicle 1
84.0 847.0 91.0 847.0 91.0 857.0 84.0 857.0 small-vehicle 1
134.0 877.0 145.0 877.0 145.0 886.0 134.0 886.0 large-vehicle 1
152.0 860.0 173.0 860.0 173.0 875.0 152.0 875.0 large-vehicle 0
153.0 834.0 183.0 834.0 183.0 857.0 153.0 857.0 large-vehicle 0
275.0 739.0 293.0 739.0 293.0 749.0 275.0 749.0 large-vehicle 0
237.0 573.0 258.0 573.0 258.0 591.0 237.0 591.0 large-vehicle 0
278.0 689.0 306.0 689.0 306.0 701.0 278.0 701.0 large-vehicle 0
152.0 731.0 170.0 731.0 170.0 753.0 152.0 753.0 large-vehicle 0
208.0 610.0 232.0 610.0 232.0 629.0 208.0 629.0 large-vehicle 0
218.0 600.0 240.0 600.0 240.0 619.0 218.0 619.0 large-vehicle 0
218.0 592.0 242.0 592.0 242.0 612.0 218.0 612.0 large-vehicle 0
224.0 588.0 246.0 588.0 246.0 607.0 224.0 607.0 large-vehicle 0
231.0 585.0 250.0 585.0 250.0 601.0 231.0 601.0 large-vehicle 0
64.0 838.0 68.0 838.0 68.0 845.0 64.0 845.0 small-vehicle 1
65.0 895.0 75.0 895.0 75.0 909.0 65.0 909.0 large-vehicle 1
74.0 866.0 81.0 866.0 81.0 874.0 74.0 874.0 small-vehicle 1
69.0 864.0 76.0 864.0 76.0 873.0 69.0 873.0 small-vehicle 1
137.0 962.0 146.0 962.0 146.0 969.0 137.0 969.0 small-vehicle 1
108.0 994.0 116.0 994.0 116.0 1001.0 108.0 1001.0 small-vehicle 1
111.0 985.0 120.0 985.0 120.0 992.0 111.0 992.0 small-vehicle 1
112.0 976.0 123.0 976.0 123.0 983.0 112.0 983.0 small-vehicle 1
114.0 971.0 124.0 971.0 124.0 977.0 114.0 977.0 small-vehicle 1
117.0 955.0 128.0 955.0 128.0 962.0 117.0 962.0 small-vehicle 1
107.0 952.0 116.0 952.0 116.0 965.0 107.0 965.0 large-vehicle 1
158.0 943.0 164.0 943.0 164.0 952.0 158.0 952.0 small-vehicle 1
149.0 941.0 155.0 941.0 155.0 950.0 149.0 950.0 small-vehicle 1
144.0 938.0 150.0 938.0 150.0 948.0 144.0 948.0 small-vehicle 1
139.0 937.0 145.0 937.0 145.0 948.0 139.0 948.0 small-vehicle 1
167.0 934.0 180.0 934.0 180.0 942.0 167.0 942.0 large-vehicle 1
145.0 930.0 160.0 930.0 160.0 936.0 145.0 936.0 large-vehicle 1
63.0 925.0 76.0 925.0 76.0 953.0 63.0 953.0 large-vehicle 0
64.0 861.0 72.0 861.0 72.0 870.0 64.0 870.0 small-vehicle 1
182.0 581.0 198.0 581.0 198.0 605.0 182.0 605.0 large-vehicle 0
195.0 552.0 215.0 552.0 215.0 576.0 195.0 576.0 large-vehicle 0
182.0 540.0 197.0 540.0 197.0 551.0 182.0 551.0 large-vehicle 1
345.0 429.0 367.0 429.0 367.0 449.0 345.0 449.0 large-vehicle 0
309.0 477.0 332.0 477.0 332.0 496.0 309.0 496.0 large-vehicle 0
314.0 472.0 336.0 472.0 336.0 491.0 314.0 491.0 large-vehicle 0
318.0 466.0 337.0 466.0 337.0 485.0 318.0 485.0 large-vehicle 0
321.0 462.0 343.0 462.0 343.0 480.0 321.0 480.0 large-vehicle 0
324.0 457.0 347.0 457.0 347.0 475.0 324.0 475.0 large-vehicle 0
328.0 450.0 350.0 450.0 350.0 470.0 328.0 470.0 large-vehicle 0
341.0 435.0 358.0 435.0 358.0 450.0 341.0 450.0 large-vehicle 0
310.0 445.0 329.0 445.0 329.0 467.0 310.0 467.0 large-vehicle 0
243.0 570.0 260.0 570.0 260.0 585.0 243.0 585.0 large-vehicle 0
304.0 442.0 323.0 442.0 323.0 464.0 304.0 464.0 large-vehicle 0
326.0 423.0 347.0 423.0 347.0 447.0 326.0 447.0 large-vehicle 0
321.0 420.0 341.0 420.0 341.0 442.0 321.0 442.0 large-vehicle 0
310.0 412.0 330.0 412.0 330.0 433.0 310.0 433.0 large-vehicle 0
168.0 557.0 188.0 557.0 188.0 569.0 168.0 569.0 large-vehicle 0
172.0 551.0 189.0 551.0 189.0 562.0 172.0 562.0 large-vehicle 0
176.0 545.0 194.0 545.0 194.0 556.0 176.0 556.0 large-vehicle 0
313.0 488.0 326.0 488.0 326.0 500.0 313.0 500.0 large-vehicle 1
308.0 493.0 322.0 493.0 322.0 506.0 308.0 506.0 large-vehicle 1
285.0 486.0 302.0 486.0 302.0 508.0 285.0 508.0 large-vehicle 0
301.0 496.0 318.0 496.0 318.0 511.0 301.0 511.0 large-vehicle 0
245.0 563.0 266.0 563.0 266.0 581.0 245.0 581.0 large-vehicle 0
233.0 550.0 250.0 550.0 250.0 572.0 233.0 572.0 large-vehicle 0
249.0 558.0 271.0 558.0 271.0 577.0 249.0 577.0 large-vehicle 0
252.0 552.0 268.0 552.0 268.0 566.0 252.0 566.0 large-vehicle 0
256.0 547.0 278.0 547.0 278.0 566.0 256.0 566.0 large-vehicle 0
260.0 541.0 283.0 541.0 283.0 561.0 260.0 561.0 large-vehicle 0
265.0 538.0 285.0 538.0 285.0 556.0 265.0 556.0 large-vehicle 0
268.0 532.0 291.0 532.0 291.0 551.0 268.0 551.0 large-vehicle 0
256.0 518.0 273.0 518.0 273.0 539.0 256.0 539.0 large-vehicle 0
272.0 527.0 295.0 527.0 295.0 546.0 272.0 546.0 large-vehicle 0
277.0 522.0 296.0 522.0 296.0 538.0 277.0 538.0 large-vehicle 0
279.0 514.0 302.0 514.0 302.0 534.0 279.0 534.0 large-vehicle 0
284.0 509.0 306.0 509.0 306.0 528.0 284.0 528.0 large-vehicle 0
293.0 508.0 309.0 508.0 309.0 523.0 293.0 523.0 large-vehicle 0
297.0 502.0 314.0 502.0 314.0 517.0 297.0 517.0 large-vehicle 0
454.0 539.0 460.0 539.0 460.0 548.0 454.0 548.0 small-vehicle 1
468.0 542.0 474.0 542.0 474.0 552.0 468.0 552.0 small-vehicle 1
3118.0 2276.0 3143.0 2276.0 3143.0 2300.0 3118.0 2300.0 large-vehicle 0
1798.0 2652.0 1812.0 2652.0 1812.0 2657.0 1798.0 2657.0 large-vehicle 1
1866.0 2642.0 1876.0 2642.0 1876.0 2648.0 1866.0 2648.0 small-vehicle 1
1889.0 2637.0 1898.0 2637.0 1898.0 2643.0 1889.0 2643.0 small-vehicle 1
1946.0 2646.0 1956.0 2646.0 1956.0 2652.0 1946.0 2652.0 small-vehicle 1
1899.0 2643.0 1909.0 2643.0 1909.0 2649.0 1899.0 2649.0 small-vehicle 1
1920.0 2659.0 1933.0 2659.0 1933.0 2665.0 1920.0 2665.0 large-vehicle 1
1876.0 2665.0 1886.0 2665.0 1886.0 2671.0 1876.0 2671.0 small-vehicle 1
1872.0 2656.0 1885.0 2656.0 1885.0 2661.0 1872.0 2661.0 large-vehicle 1
1775.0 2631.0 1786.0 2631.0 1786.0 2636.0 1775.0 2636.0 large-vehicle 1
1680.0 2652.0 1688.0 2652.0 1688.0 2657.0 1680.0 2657.0 small-vehicle 1
1739.0 2651.0 1750.0 2651.0 1750.0 2657.0 1739.0 2657.0 large-vehicle 1
1678.0 2609.0 1687.0 2609.0 1687.0 2614.0 1678.0 2614.0 small-vehicle 1
1714.0 2608.0 1723.0 2608.0 1723.0 2614.0 1714.0 2614.0 small-vehicle 1
1728.0 2588.0 1737.0 2588.0 1737.0 2593.0 1728.0 2593.0 small-vehicle 1
1700.0 2594.0 1710.0 2594.0 1710.0 2599.0 1700.0 2599.0 small-vehicle 1
1679.0 2590.0 1689.0 2590.0 1689.0 2595.0 1679.0 2595.0 small-vehicle 1
1648.0 2590.0 1657.0 2590.0 1657.0 2596.0 1648.0 2596.0 small-vehicle 1
1954.0 2640.0 1964.0 2640.0 1964.0 2646.0 1954.0 2646.0 small-vehicle 1
1708.0 2698.0 1713.0 2698.0 1713.0 2707.0 1708.0 2707.0 small-vehicle 1
1226.0 2541.0 1238.0 2541.0 1238.0 2547.0 1226.0 2547.0 small-vehicle 1
1801.0 2740.0 1811.0 2740.0 1811.0 2744.0 1801.0 2744.0 large-vehicle 1
1766.0 2702.0 1770.0 2702.0 1770.0 2711.0 1766.0 2711.0 small-vehicle 1
1761.0 2702.0 1765.0 2702.0 1765.0 2709.0 1761.0 2709.0 small-vehicle 1
1753.0 2700.0 1759.0 2700.0 1759.0 2711.0 1753.0 2711.0 large-vehicle 1
1746.0 2698.0 1752.0 2698.0 1752.0 2710.0 1746.0 2710.0 large-vehicle 1
1741.0 2700.0 1744.0 2700.0 1744.0 2709.0 1741.0 2709.0 small-vehicle 1
1736.0 2699.0 1740.0 2699.0 1740.0 2708.0 1736.0 2708.0 small-vehicle 1
1730.0 2697.0 1735.0 2697.0 1735.0 2708.0 1730.0 2708.0 small-vehicle 1
1795.0 2727.0 1805.0 2727.0 1805.0 2732.0 1795.0 2732.0 large-vehicle 1
1714.0 2699.0 1719.0 2699.0 1719.0 2706.0 1714.0 2706.0 small-vehicle 1
1799.0 2735.0 1810.0 2735.0 1810.0 2739.0 1799.0 2739.0 large-vehicle 1
1789.0 2722.0 1799.0 2722.0 1799.0 2727.0 1789.0 2727.0 small-vehicle 1
1797.0 2717.0 1805.0 2717.0 1805.0 2722.0 1797.0 2722.0 small-vehicle 1
1778.0 2711.0 1786.0 2711.0 1786.0 2716.0 1778.0 2716.0 small-vehicle 1
1752.0 2712.0 1763.0 2712.0 1763.0 2717.0 1752.0 2717.0 small-vehicle 1
1725.0 2699.0 1729.0 2699.0 1729.0 2708.0 1725.0 2708.0 small-vehicle 1
1720.0 2698.0 1723.0 2698.0 1723.0 2707.0 1720.0 2707.0 small-vehicle 1
1617.0 2598.0 1625.0 2598.0 1625.0 2603.0 1617.0 2603.0 small-vehicle 1
1952.0 2550.0 1962.0 2550.0 1962.0 2557.0 1952.0 2557.0 small-vehicle 1
1842.0 2574.0 1851.0 2574.0 1851.0 2580.0 1842.0 2580.0 small-vehicle 1
1456.0 2637.0 1467.0 2637.0 1467.0 2641.0 1456.0 2641.0 small-vehicle 1
1218.0 1612.0 1332.0 1612.0 1332.0 1721.0 1218.0 1721.0 plane 0
1174.0 2269.0 1189.0 2269.0 1189.0 2278.0 1174.0 2278.0 large-vehicle 1
1188.0 2337.0 1204.0 2337.0 1204.0 2344.0 1188.0 2344.0 large-vehicle 0
1184.0 2328.0 1202.0 2328.0 1202.0 2335.0 1184.0 2335.0 large-vehicle 0
1179.0 2301.0 1195.0 2301.0 1195.0 2308.0 1179.0 2308.0 large-vehicle 0
1166.0 2276.0 1194.0 2276.0 1194.0 2289.0 1166.0 2289.0 large-vehicle 0
1143.0 2286.0 1165.0 2286.0 1165.0 2311.0 1143.0 2311.0 large-vehicle 0
1400.0 2629.0 1410.0 2629.0 1410.0 2634.0 1400.0 2634.0 small-vehicle 1
1889.0 2561.0 1903.0 2561.0 1903.0 2571.0 1889.0 2571.0 large-vehicle 1
1396.0 2532.0 1408.0 2532.0 1408.0 2539.0 1396.0 2539.0 large-vehicle 1
1423.0 2632.0 1438.0 2632.0 1438.0 2638.0 1423.0 2638.0 large-vehicle 0
1339.0 2583.0 1347.0 2583.0 1347.0 2588.0 1339.0 2588.0 small-vehicle 1
1366.0 2615.0 1378.0 2615.0 1378.0 2620.0 1366.0 2620.0 large-vehicle 1
1310.0 2620.0 1320.0 2620.0 1320.0 2625.0 1310.0 2625.0 small-vehicle 1
1272.0 2621.0 1282.0 2621.0 1282.0 2626.0 1272.0 2626.0 small-vehicle 1
1225.0 2619.0 1236.0 2619.0 1236.0 2626.0 1225.0 2626.0 small-vehicle 1
1195.0 1511.0 1304.0 1511.0 1304.0 1620.0 1195.0 1620.0 plane 0
1138.0 1390.0 1252.0 1390.0 1252.0 1507.0 1138.0 1507.0 plane 0
1388.0 789.0 1540.0 789.0 1540.0 951.0 1388.0 951.0 plane 0
1508.0 1524.0 1652.0 1524.0 1652.0 1673.0 1508.0 1673.0 plane 0
1876.0 2424.0 1879.0 2424.0 1879.0 2431.0 1876.0 2431.0 small-vehicle 1
1821.0 2431.0 1832.0 2431.0 1832.0 2437.0 1821.0 2437.0 large-vehicle 1
1816.0 2404.0 1829.0 2404.0 1829.0 2410.0 1816.0 2410.0 large-vehicle 1
1812.0 2397.0 1826.0 2397.0 1826.0 2403.0 1812.0 2403.0 large-vehicle 1
1622.0 2382.0 1650.0 2382.0 1650.0 2392.0 1622.0 2392.0 large-vehicle 0
1574.0 2720.0 1579.0 2720.0 1579.0 2729.0 1574.0 2729.0 small-vehicle 1
1565.0 2720.0 1570.0 2720.0 1570.0 2729.0 1565.0 2729.0 small-vehicle 1
1552.0 2716.0 1557.0 2716.0 1557.0 2726.0 1552.0 2726.0 small-vehicle 1
1585.0 2620.0 1592.0 2620.0 1592.0 2625.0 1585.0 2625.0 small-vehicle 1
1540.0 2619.0 1553.0 2619.0 1553.0 2624.0 1540.0 2624.0 small-vehicle 1
1636.0 2624.0 1648.0 2624.0 1648.0 2630.0 1636.0 2630.0 small-vehicle 1
1483.0 2512.0 1493.0 2512.0 1493.0 2518.0 1483.0 2518.0 small-vehicle 1
1466.0 2513.0 1476.0 2513.0 1476.0 2517.0 1466.0 2517.0 small-vehicle 1
1598.0 2605.0 1611.0 2605.0 1611.0 2610.0 1598.0 2610.0 large-vehicle 1
1571.0 2626.0 1589.0 2626.0 1589.0 2632.0 1571.0 2632.0 large-vehicle 0
1771.0 2702.0 1773.0 2702.0 1773.0 2711.0 1771.0 2711.0 small-vehicle 1
1774.0 2702.0 1777.0 2702.0 1777.0 2711.0 1774.0 2711.0 small-vehicle 1
1778.0 2701.0 1782.0 2701.0 1782.0 2710.0 1778.0 2710.0 small-vehicle 1
2632.0 1153.0 2716.0 1153.0 2716.0 1233.0 2632.0 1233.0 plane 0
2706.0 2360.0 2732.0 2360.0 2732.0 2378.0 2706.0 2378.0 large-vehicle 0
2638.0 2382.0 2662.0 2382.0 2662.0 2391.0 2638.0 2391.0 large-vehicle 0
2710.0 1799.0 2717.0 1799.0 2717.0 1810.0 2710.0 1810.0 small-vehicle 1
2701.0 1602.0 2711.0 1602.0 2711.0 1617.0 2701.0 1617.0 large-vehicle 1
2663.0 1498.0 2679.0 1498.0 2679.0 1522.0 2663.0 1522.0 large-vehicle 0
2676.0 1605.0 2682.0 1605.0 2682.0 1615.0 2676.0 1615.0 small-vehicle 1
2671.0 1254.0 2735.0 1254.0 2735.0 1330.0 2671.0 1330.0 plane 0
2597.0 1056.0 2702.0 1056.0 2702.0 1137.0 2597.0 1137.0 plane 0
2241.0 2338.0 2248.0 2338.0 2248.0 2348.0 2241.0 2348.0 small-vehicle 1
2554.0 909.0 2561.0 909.0 2561.0 926.0 2554.0 926.0 large-vehicle 0
2572.0 857.0 2662.0 857.0 2662.0 934.0 2572.0 934.0 plane 0
2526.0 140.0 2650.0 140.0 2650.0 289.0 2526.0 289.0 plane 0
2534.0 2448.0 2542.0 2448.0 2542.0 2456.0 2534.0 2456.0 small-vehicle 1
2497.0 2511.0 2501.0 2511.0 2501.0 2520.0 2497.0 2520.0 small-vehicle 1
2571.0 2697.0 2583.0 2697.0 2583.0 2703.0 2571.0 2703.0 small-vehicle 1
2548.0 2696.0 2559.0 2696.0 2559.0 2703.0 2548.0 2703.0 small-vehicle 1
2627.0 2700.0 2636.0 2700.0 2636.0 2707.0 2627.0 2707.0 small-vehicle 1
2733.0 2775.0 2740.0 2775.0 2740.0 2784.0 2733.0 2784.0 small-vehicle 1
2725.0 2786.0 2733.0 2786.0 2733.0 2795.0 2725.0 2795.0 small-vehicle 1
2711.0 2778.0 2725.0 2778.0 2725.0 2795.0 2711.0 2795.0 large-vehicle 0
3149.0 2281.0 3170.0 2281.0 3170.0 2304.0 3149.0 2304.0 large-vehicle 0
3023.0 1557.0 3058.0 1557.0 3058.0 1592.0 3023.0 1592.0 storage-tank 0
2080.0 2139.0 2149.0 2139.0 2149.0 2201.0 2080.0 2201.0 plane 0
2109.0 2288.0 2191.0 2288.0 2191.0 2359.0 2109.0 2359.0 plane 0
1539.0 746.0 1724.0 746.0 1724.0 934.0 1539.0 934.0 plane 0
1482.0 1353.0 1624.0 1353.0 1624.0 1500.0 1482.0 1500.0 plane 0
1529.0 2063.0 1623.0 2063.0 1623.0 2153.0 1529.0 2153.0 plane 0
2764.0 2248.0 2787.0 2248.0 2787.0 2267.0 2764.0 2267.0 large-vehicle 0
2783.0 2217.0 2808.0 2217.0 2808.0 2236.0 2783.0 2236.0 large-vehicle 0
2788.0 2198.0 2812.0 2198.0 2812.0 2217.0 2788.0 2217.0 large-vehicle 0
2791.0 2172.0 2817.0 2172.0 2817.0 2192.0 2791.0 2192.0 large-vehicle 0
2779.0 1917.0 2835.0 1917.0 2835.0 1973.0 2779.0 1973.0 plane 0
2676.0 1353.0 2754.0 1353.0 2754.0 1437.0 2676.0 1437.0 plane 0
2632.0 2722.0 2639.0 2722.0 2639.0 2725.0 2632.0 2725.0 small-vehicle 1
2739.0 2676.0 2750.0 2676.0 2750.0 2685.0 2739.0 2685.0 small-vehicle 1
2527.0 2680.0 2538.0 2680.0 2538.0 2690.0 2527.0 2690.0 small-vehicle 1
2372.0 2455.0 2383.0 2455.0 2383.0 2462.0 2372.0 2462.0 small-vehicle 1
1787.0 2702.0 1790.0 2702.0 1790.0 2712.0 1787.0 2712.0 large-vehicle 1
2040.0 2646.0 2051.0 2646.0 2051.0 2651.0 2040.0 2651.0 small-vehicle 1
2152.0 2634.0 2163.0 2634.0 2163.0 2640.0 2152.0 2640.0 small-vehicle 1
2105.0 2650.0 2115.0 2650.0 2115.0 2655.0 2105.0 2655.0 small-vehicle 1
2072.0 2624.0 2081.0 2624.0 2081.0 2629.0 2072.0 2629.0 small-vehicle 1
1990.0 2663.0 2000.0 2663.0 2000.0 2668.0 1990.0 2668.0 small-vehicle 1
1997.0 2649.0 2008.0 2649.0 2008.0 2655.0 1997.0 2655.0 small-vehicle 1
1972.0 2655.0 1983.0 2655.0 1983.0 2660.0 1972.0 2660.0 small-vehicle 1
1949.0 2623.0 1959.0 2623.0 1959.0 2629.0 1949.0 2629.0 small-vehicle 1
2019.0 2657.0 2030.0 2657.0 2030.0 2662.0 2019.0 2662.0 small-vehicle 1
2422.0 2650.0 2429.0 2650.0 2429.0 2657.0 2422.0 2657.0 small-vehicle 1
2180.0 2642.0 2195.0 2642.0 2195.0 2648.0 2180.0 2648.0 large-vehicle 0
2165.0 2659.0 2178.0 2659.0 2178.0 2664.0 2165.0 2664.0 large-vehicle 1
2153.0 2665.0 2165.0 2665.0 2165.0 2671.0 2153.0 2671.0 large-vehicle 1
1986.0 2619.0 1996.0 2619.0 1996.0 2625.0 1986.0 2625.0 small-vehicle 1
1748.0 2726.0 1758.0 2726.0 1758.0 2735.0 1748.0 2735.0 small-vehicle 1
1795.0 2706.0 1800.0 2706.0 1800.0 2716.0 1795.0 2716.0 large-vehicle 1
1790.0 2704.0 1797.0 2704.0 1797.0 2713.0 1790.0 2713.0 large-vehicle 1
2152.0 2681.0 2162.0 2681.0 2162.0 2686.0 2152.0 2686.0 small-vehicle 1
2176.0 2652.0 2188.0 2652.0 2188.0 2658.0 2176.0 2658.0 small-vehicle 1
2034.0 2533.0 2045.0 2533.0 2045.0 2540.0 2034.0 2540.0 small-vehicle 1
2127.0 2522.0 2137.0 2522.0 2137.0 2528.0 2127.0 2528.0 small-vehicle 1
2371.0 2665.0 2379.0 2665.0 2379.0 2671.0 2371.0 2671.0 small-vehicle 1
2407.0 2730.0 2417.0 2730.0 2417.0 2736.0 2407.0 2736.0 small-vehicle 1
2304.0 2713.0 2317.0 2713.0 2317.0 2721.0 2304.0 2721.0 small-vehicle 1
2334.0 2707.0 2342.0 2707.0 2342.0 2712.0 2334.0 2712.0 small-vehicle 1
2267.0 2667.0 2278.0 2667.0 2278.0 2675.0 2267.0 2675.0 small-vehicle 1
2222.0 2687.0 2231.0 2687.0 2231.0 2694.0 2222.0 2694.0 small-vehicle 1
2192.0 2636.0 2202.0 2636.0 2202.0 2643.0 2192.0 2643.0 small-vehicle 1
2166.0 2627.0 2200.0 2627.0 2200.0 2634.0 2166.0 2634.0 large-vehicle 0
1740.0 729.0 1870.0 729.0 1870.0 880.0 1740.0 880.0 plane 0
1691.0 931.0 1780.0 931.0 1780.0 1015.0 1691.0 1015.0 plane 0
1685.0 1028.0 1834.0 1028.0 1834.0 1161.0 1685.0 1161.0 plane 0
1739.0 1303.0 1874.0 1303.0 1874.0 1448.0 1739.0 1448.0 plane 0
1764.0 1436.0 1896.0 1436.0 1896.0 1556.0 1764.0 1556.0 plane 0
2020.0 2464.0 2029.0 2464.0 2029.0 2471.0 2020.0 2471.0 small-vehicle 1
2141.0 2529.0 2152.0 2529.0 2152.0 2536.0 2141.0 2536.0 small-vehicle 1
1299.0 2606.0 1311.0 2606.0 1311.0 2612.0 1299.0 2612.0 small-vehicle 1
1194.0 2605.0 1205.0 2605.0 1205.0 2612.0 1194.0 2612.0 small-vehicle 1
472.0 544.0 478.0 544.0 478.0 554.0 472.0 554.0 small-vehicle 1
385.0 354.0 394.0 354.0 394.0 363.0 385.0 363.0 small-vehicle 1
427.0 373.0 434.0 373.0 434.0 382.0 427.0 382.0 small-vehicle 1
432.0 375.0 439.0 375.0 439.0 385.0 432.0 385.0 small-vehicle 1
436.0 378.0 444.0 378.0 444.0 388.0 436.0 388.0 small-vehicle 1
365.0 338.0 373.0 338.0 373.0 349.0 365.0 349.0 small-vehicle 1
373.0 344.0 382.0 344.0 382.0 354.0 373.0 354.0 small-vehicle 1
377.0 348.0 385.0 348.0 385.0 358.0 377.0 358.0 small-vehicle 1
381.0 351.0 390.0 351.0 390.0 360.0 381.0 360.0 small-vehicle 1
392.0 359.0 402.0 359.0 402.0 370.0 392.0 370.0 small-vehicle 1
419.0 366.0 426.0 366.0 426.0 375.0 419.0 375.0 small-vehicle 1
401.0 365.0 408.0 365.0 408.0 375.0 401.0 375.0 small-vehicle 1
405.0 368.0 413.0 368.0 413.0 378.0 405.0 378.0 small-vehicle 1
417.0 377.0 425.0 377.0 425.0 386.0 417.0 386.0 small-vehicle 1
424.0 383.0 434.0 383.0 434.0 393.0 424.0 393.0 small-vehicle 1
429.0 388.0 437.0 388.0 437.0 395.0 429.0 395.0 small-vehicle 1
359.0 361.0 368.0 361.0 368.0 370.0 359.0 370.0 small-vehicle 1
364.0 364.0 373.0 364.0 373.0 373.0 364.0 373.0 small-vehicle 1
423.0 369.0 431.0 369.0 431.0 378.0 423.0 378.0 small-vehicle 1
416.0 363.0 422.0 363.0 422.0 370.0 416.0 370.0 small-vehicle 1
1238.0 2586.0 1266.0 2586.0 1266.0 2594.0 1238.0 2594.0 large-vehicle 0
414.0 334.0 422.0 334.0 422.0 342.0 414.0 342.0 small-vehicle 1
386.0 312.0 394.0 312.0 394.0 322.0 386.0 322.0 small-vehicle 1
390.0 317.0 397.0 317.0 397.0 324.0 390.0 324.0 small-vehicle 1
394.0 319.0 401.0 319.0 401.0 328.0 394.0 328.0 small-vehicle 1
398.0 322.0 404.0 322.0 404.0 329.0 398.0 329.0 small-vehicle 1
401.0 324.0 408.0 324.0 408.0 332.0 401.0 332.0 small-vehicle 1
405.0 328.0 412.0 328.0 412.0 336.0 405.0 336.0 small-vehicle 1
409.0 330.0 418.0 330.0 418.0 340.0 409.0 340.0 small-vehicle 1
421.0 340.0 430.0 340.0 430.0 350.0 421.0 350.0 small-vehicle 1
411.0 361.0 417.0 361.0 417.0 370.0 411.0 370.0 small-vehicle 1
437.0 351.0 445.0 351.0 445.0 361.0 437.0 361.0 small-vehicle 1
442.0 355.0 450.0 355.0 450.0 365.0 442.0 365.0 small-vehicle 1
387.0 343.0 395.0 343.0 395.0 351.0 387.0 351.0 small-vehicle 1
392.0 345.0 399.0 345.0 399.0 355.0 392.0 355.0 small-vehicle 1
396.0 349.0 402.0 349.0 402.0 357.0 396.0 357.0 small-vehicle 1
400.0 351.0 407.0 351.0 407.0 360.0 400.0 360.0 small-vehicle 1
407.0 358.0 413.0 358.0 413.0 366.0 407.0 366.0 small-vehicle 1
369.0 368.0 377.0 368.0 377.0 376.0 369.0 376.0 small-vehicle 1
367.0 378.0 375.0 378.0 375.0 387.0 367.0 387.0 small-vehicle 1
376.0 374.0 384.0 374.0 384.0 383.0 376.0 383.0 small-vehicle 1
401.0 496.0 410.0 496.0 410.0 504.0 401.0 504.0 small-vehicle 1
432.0 517.0 441.0 517.0 441.0 523.0 432.0 523.0 small-vehicle 1
424.0 516.0 431.0 516.0 431.0 520.0 424.0 520.0 small-vehicle 1
416.0 513.0 424.0 513.0 424.0 519.0 416.0 519.0 small-vehicle 1
413.0 480.0 420.0 480.0 420.0 487.0 413.0 487.0 small-vehicle 1
410.0 484.0 418.0 484.0 418.0 492.0 410.0 492.0 small-vehicle 1
407.0 488.0 415.0 488.0 415.0 496.0 407.0 496.0 small-vehicle 1
404.0 492.0 412.0 492.0 412.0 500.0 404.0 500.0 small-vehicle 1
397.0 500.0 404.0 500.0 404.0 506.0 397.0 506.0 small-vehicle 1
381.0 377.0 390.0 377.0 390.0 386.0 381.0 386.0 small-vehicle 1
394.0 505.0 403.0 505.0 403.0 512.0 394.0 512.0 small-vehicle 1
391.0 507.0 400.0 507.0 400.0 516.0 391.0 516.0 small-vehicle 1
388.0 511.0 396.0 511.0 396.0 519.0 388.0 519.0 small-vehicle 1
386.0 515.0 394.0 515.0 394.0 524.0 386.0 524.0 small-vehicle 1
383.0 520.0 391.0 520.0 391.0 527.0 383.0 527.0 small-vehicle 1
379.0 524.0 389.0 524.0 389.0 533.0 379.0 533.0 small-vehicle 1
376.0 528.0 386.0 528.0 386.0 536.0 376.0 536.0 small-vehicle 1
442.0 520.0 451.0 520.0 451.0 526.0 442.0 526.0 small-vehicle 1
452.0 523.0 460.0 523.0 460.0 529.0 452.0 529.0 small-vehicle 1
461.0 525.0 470.0 525.0 470.0 531.0 461.0 531.0 small-vehicle 1
471.0 528.0 479.0 528.0 479.0 533.0 471.0 533.0 small-vehicle 1
387.0 381.0 395.0 381.0 395.0 391.0 387.0 391.0 small-vehicle 1
392.0 385.0 401.0 385.0 401.0 394.0 392.0 394.0 small-vehicle 1
409.0 398.0 417.0 398.0 417.0 406.0 409.0 406.0 small-vehicle 1
404.0 394.0 413.0 394.0 413.0 402.0 404.0 402.0 small-vehicle 1
398.0 402.0 406.0 402.0 406.0 411.0 398.0 411.0 small-vehicle 1
403.0 406.0 411.0 406.0 411.0 414.0 403.0 414.0 small-vehicle 1
566.0 513.0 576.0 513.0 576.0 519.0 566.0 519.0 small-vehicle 1
463.0 470.0 470.0 470.0 470.0 481.0 463.0 481.0 small-vehicle 1
439.0 464.0 446.0 464.0 446.0 473.0 439.0 473.0 small-vehicle 1
439.0 486.0 446.0 486.0 446.0 498.0 439.0 498.0 small-vehicle 1
464.0 506.0 471.0 506.0 471.0 516.0 464.0 516.0 small-vehicle 1
446.0 502.0 452.0 502.0 452.0 511.0 446.0 511.0 small-vehicle 1
431.0 496.0 438.0 496.0 438.0 506.0 431.0 506.0 small-vehicle 1
437.0 499.0 444.0 499.0 444.0 510.0 437.0 510.0 small-vehicle 1
503.0 518.0 507.0 518.0 507.0 527.0 503.0 527.0 small-vehicle 1
381.0 310.0 389.0 310.0 389.0 319.0 381.0 319.0 small-vehicle 1
377.0 307.0 385.0 307.0 385.0 315.0 377.0 315.0 small-vehicle 1
428.0 266.0 437.0 266.0 437.0 275.0 428.0 275.0 small-vehicle 1
1101.0 2592.0 1110.0 2592.0 1110.0 2598.0 1101.0 2598.0 small-vehicle 1
962.0 2691.0 971.0 2691.0 971.0 2699.0 962.0 2699.0 small-vehicle 1
961.0 2682.0 970.0 2682.0 970.0 2689.0 961.0 2689.0 small-vehicle 1
1171.0 2577.0 1181.0 2577.0 1181.0 2582.0 1171.0 2582.0 small-vehicle 1
1148.0 2603.0 1158.0 2603.0 1158.0 2608.0 1148.0 2608.0 small-vehicle 1
1149.0 2587.0 1159.0 2587.0 1159.0 2592.0 1149.0 2592.0 small-vehicle 1
1137.0 2615.0 1152.0 2615.0 1152.0 2622.0 1137.0 2622.0 large-vehicle 0
1090.0 2580.0 1098.0 2580.0 1098.0 2586.0 1090.0 2586.0 small-vehicle 1
1088.0 2617.0 1101.0 2617.0 1101.0 2623.0 1088.0 2623.0 large-vehicle 1
930.0 2591.0 940.0 2591.0 940.0 2597.0 930.0 2597.0 small-vehicle 1
1001.0 2617.0 1011.0 2617.0 1011.0 2623.0 1001.0 2623.0 small-vehicle 1
1049.0 2610.0 1058.0 2610.0 1058.0 2615.0 1049.0 2615.0 small-vehicle 1
1040.0 2604.0 1049.0 2604.0 1049.0 2609.0 1040.0 2609.0 small-vehicle 1
1019.0 2612.0 1026.0 2612.0 1026.0 2617.0 1019.0 2617.0 small-vehicle 1
1054.0 2580.0 1063.0 2580.0 1063.0 2586.0 1054.0 2586.0 small-vehicle 1
982.0 2595.0 992.0 2595.0 992.0 2601.0 982.0 2601.0 small-vehicle 1
985.0 2548.0 996.0 2548.0 996.0 2554.0 985.0 2554.0 small-vehicle 1
963.0 2697.0 973.0 2697.0 973.0 2706.0 963.0 2706.0 small-vehicle 1
974.0 2696.0 979.0 2696.0 979.0 2704.0 974.0 2704.0 small-vehicle 1
957.0 2672.0 961.0 2672.0 961.0 2680.0 957.0 2680.0 small-vehicle 1
956.0 2680.0 961.0 2680.0 961.0 2690.0 956.0 2690.0 small-vehicle 1
1349.0 2701.0 1355.0 2701.0 1355.0 2711.0 1349.0 2711.0 small-vehicle 1
1032.0 2729.0 1041.0 2729.0 1041.0 2735.0 1032.0 2735.0 small-vehicle 1
1030.0 2724.0 1041.0 2724.0 1041.0 2729.0 1030.0 2729.0 small-vehicle 1
1032.0 2719.0 1041.0 2719.0 1041.0 2724.0 1032.0 2724.0 small-vehicle 1
1033.0 2715.0 1041.0 2715.0 1041.0 2718.0 1033.0 2718.0 small-vehicle 1
1032.0 2709.0 1041.0 2709.0 1041.0 2715.0 1032.0 2715.0 small-vehicle 1
1033.0 2706.0 1041.0 2706.0 1041.0 2709.0 1033.0 2709.0 small-vehicle 1
1033.0 2700.0 1042.0 2700.0 1042.0 2705.0 1033.0 2705.0 small-vehicle 1
1033.0 2691.0 1042.0 2691.0 1042.0 2697.0 1033.0 2697.0 small-vehicle 1
1034.0 2681.0 1042.0 2681.0 1042.0 2686.0 1034.0 2686.0 small-vehicle 1
1047.0 2646.0 1056.0 2646.0 1056.0 2655.0 1047.0 2655.0 small-vehicle 1
963.0 2718.0 973.0 2718.0 973.0 2727.0 963.0 2727.0 small-vehicle 1
963.0 2712.0 973.0 2712.0 973.0 2720.0 963.0 2720.0 small-vehicle 1
958.0 2700.0 963.0 2700.0 963.0 2711.0 958.0 2711.0 small-vehicle 1
957.0 2692.0 961.0 2692.0 961.0 2700.0 957.0 2700.0 small-vehicle 1
972.0 2549.0 983.0 2549.0 983.0 2553.0 972.0 2553.0 small-vehicle 1
936.0 2614.0 944.0 2614.0 944.0 2620.0 936.0 2620.0 small-vehicle 1
433.0 273.0 441.0 273.0 441.0 283.0 433.0 283.0 small-vehicle 1
636.0 2612.0 646.0 2612.0 646.0 2618.0 636.0 2618.0 small-vehicle 1
807.0 2624.0 817.0 2624.0 817.0 2629.0 807.0 2629.0 small-vehicle 1
788.0 2590.0 796.0 2590.0 796.0 2596.0 788.0 2596.0 small-vehicle 1
780.0 2633.0 792.0 2633.0 792.0 2639.0 780.0 2639.0 small-vehicle 1
777.0 2621.0 787.0 2621.0 787.0 2626.0 777.0 2626.0 small-vehicle 1
746.0 2605.0 754.0 2605.0 754.0 2610.0 746.0 2610.0 small-vehicle 1
697.0 2589.0 707.0 2589.0 707.0 2597.0 697.0 2597.0 small-vehicle 1
676.0 2612.0 685.0 2612.0 685.0 2619.0 676.0 2619.0 small-vehicle 1
704.0 2603.0 713.0 2603.0 713.0 2609.0 704.0 2609.0 small-vehicle 1
944.0 2623.0 954.0 2623.0 954.0 2629.0 944.0 2629.0 small-vehicle 1
698.0 2630.0 707.0 2630.0 707.0 2636.0 698.0 2636.0 small-vehicle 1
637.0 2642.0 649.0 2642.0 649.0 2649.0 637.0 2649.0 small-vehicle 1
615.0 2622.0 626.0 2622.0 626.0 2627.0 615.0 2627.0 small-vehicle 1
626.0 2651.0 638.0 2651.0 638.0 2657.0 626.0 2657.0 small-vehicle 1
594.0 712.0 605.0 712.0 605.0 724.0 594.0 724.0 large-vehicle 1
511.0 263.0 520.0 263.0 520.0 274.0 511.0 274.0 small-vehicle 1
439.0 275.0 447.0 275.0 447.0 286.0 439.0 286.0 small-vehicle 1
815.0 2599.0 824.0 2599.0 824.0 2605.0 815.0 2605.0 small-vehicle 1
848.0 2590.0 858.0 2590.0 858.0 2595.0 848.0 2595.0 small-vehicle 1
861.0 2614.0 870.0 2614.0 870.0 2620.0 861.0 2620.0 small-vehicle 1
871.0 2595.0 883.0 2595.0 883.0 2602.0 871.0 2602.0 small-vehicle 1
912.0 664.0 972.0 664.0 972.0 737.0 912.0 737.0 plane 0
846.0 2513.0 853.0 2513.0 853.0 2518.0 846.0 2518.0 small-vehicle 1
827.0 2514.0 835.0 2514.0 835.0 2518.0 827.0 2518.0 small-vehicle 1
802.0 2515.0 813.0 2515.0 813.0 2522.0 802.0 2522.0 small-vehicle 1
819.0 2545.0 827.0 2545.0 827.0 2550.0 819.0 2550.0 small-vehicle 1
817.0 2551.0 829.0 2551.0 829.0 2556.0 817.0 2556.0 small-vehicle 1
819.0 2557.0 829.0 2557.0 829.0 2562.0 819.0 2562.0 small-vehicle 1
839.0 2560.0 848.0 2560.0 848.0 2565.0 839.0 2565.0 small-vehicle 1
820.0 2569.0 828.0 2569.0 828.0 2574.0 820.0 2574.0 small-vehicle 1
795.0 2543.0 803.0 2543.0 803.0 2553.0 795.0 2553.0 small-vehicle 1
809.0 2557.0 815.0 2557.0 815.0 2568.0 809.0 2568.0 small-vehicle 1
780.0 2559.0 790.0 2559.0 790.0 2568.0 780.0 2568.0 small-vehicle 1
832.0 2691.0 839.0 2691.0 839.0 2702.0 832.0 2702.0 large-vehicle 1
902.0 2592.0 912.0 2592.0 912.0 2599.0 902.0 2599.0 small-vehicle 1
914.0 2609.0 922.0 2609.0 922.0 2615.0 914.0 2615.0 small-vehicle 1
423.0 143.0 469.0 143.0 469.0 191.0 423.0 191.0 storage-tank 0
