33.0 1501.0 91.0 1501.0 91.0 1521.0 33.0 1521.0 large-vehicle 0
321.0 1839.0 356.0 1839.0 356.0 1860.0 321.0 1860.0 small-vehicle 0
568.0 404.0 817.0 404.0 817.0 649.0 568.0 649.0 plane 0
688.0 538.0 875.0 538.0 875.0 727.0 688.0 727.0 plane 0
272.0 715.0 457.0 715.0 457.0 938.0 272.0 938.0 plane 0
747.0 1096.0 933.0 1096.0 933.0 1284.0 747.0 1284.0 plane 0
1548.0 1427.0 1801.0 1427.0 1801.0 1678.0 1548.0 1678.0 plane 0
1281.0 1167.0 1483.0 1167.0 1483.0 1362.0 1281.0 1362.0 plane 0
1201.0 1070.0 1365.0 1070.0 1365.0 1228.0 1201.0 1228.0 plane 0
1062.0 907.0 1318.0 907.0 1318.0 1164.0 1062.0 1164.0 plane 0
326.0 1439.0 365.0 1439.0 365.0 1457.0 326.0 1457.0 small-vehicle 0
185.0 1459.0 217.0 1459.0 217.0 1475.0 185.0 1475.0 small-vehicle 0
42.0 1393.0 83.0 1393.0 83.0 1412.0 42.0 1412.0 small-vehicle 0
185.0 1364.0 219.0 1364.0 219.0 1380.0 185.0 1380.0 small-vehicle 0
321.0 1398.0 361.0 1398.0 361.0 1415.0 321.0 1415.0 small-vehicle 0
34.0 1657.0 71.0 1657.0 71.0 1675.0 34.0 1675.0 small-vehicle 0
28.0 1723.0 66.0 1723.0 66.0 1742.0 28.0 1742.0 small-vehicle 0
317.0 1661.0 355.0 1661.0 355.0 1681.0 317.0 1681.0 small-vehicle 0
176.0 881.0 217.0 881.0 217.0 920.0 176.0 920.0 small-vehicle 0
178.0 1312.0 222.0 1312.0 222.0 1333.0 178.0 1333.0 small-vehicle 0
181.0 1337.0 219.0 1337.0 219.0 1355.0 181.0 1355.0 small-vehicle 0
39.0 1416.0 77.0 1416.0 77.0 1434.0 39.0 1434.0 small-vehicle 0
36.0 1459.0 78.0 1459.0 78.0 1477.0 36.0 1477.0 small-vehicle 0
180.0 1411.0 218.0 1411.0 218.0 1430.0 180.0 1430.0 small-vehicle 0
33.0 1636.0 72.0 1636.0 72.0 1653.0 33.0 1653.0 small-vehicle 0
37.0 1592.0 65.0 1592.0 65.0 1609.0 37.0 1609.0 small-vehicle 0
32.0 1680.0 69.0 1680.0 69.0 1696.0 32.0 1696.0 small-vehicle 0
35.0 1702.0 65.0 1702.0 65.0 1718.0 35.0 1718.0 small-vehicle 0
311.0 1797.0 354.0 1797.0 354.0 1822.0 311.0 1822.0 small-vehicle 0
408.0 254.0 676.0 254.0 676.0 508.0 408.0 508.0 plane 0
