774.0 119.0 830.0 119.0 830.0 220.0 774.0 220.0 tennis-court 0
705.0 448.0 762.0 448.0 762.0 549.0 705.0 549.0 tennis-court 0
297.0 214.0 353.0 214.0 353.0 316.0 297.0 316.0 tennis-court 0
371.0 206.0 427.0 206.0 427.0 308.0 371.0 308.0 tennis-court 0
232.0 394.0 288.0 394.0 288.0 494.0 232.0 494.0 tennis-court 0
307.0 386.0 362.0 386.0 362.0 488.0 307.0 488.0 tennis-court 0
404.0 377.0 459.0 377.0 459.0 478.0 404.0 478.0 tennis-court 0
196.0 845.0 254.0 845.0 254.0 876.0 196.0 876.0 tennis-court 0
619.0 456.0 674.0 456.0 674.0 558.0 619.0 558.0 tennis-court 0
703.0 126.0 757.0 126.0 757.0 228.0 703.0 228.0 tennis-court 0
546.0 465.0 601.0 465.0 601.0 565.0 546.0 565.0 tennis-court 0
531.0 317.0 587.0 317.0 587.0 418.0 531.0 418.0 tennis-court 0
604.0 309.0 660.0 309.0 660.0 410.0 604.0 410.0 tennis-court 0
692.0 300.0 746.0 300.0 746.0 401.0 692.0 401.0 tennis-court 0
542.0 141.0 598.0 141.0 598.0 244.0 542.0 244.0 tennis-court 0
616.0 135.0 670.0 135.0 670.0 236.0 616.0 236.0 tennis-court 0
324.0 32.0 377.0 32.0 377.0 65.0 324.0 65.0 swimming-pool 0
