32.0 1114.0 86.0 1114.0 86.0 1156.0 32.0 1156.0 swimming-pool 0
1769.0 687.0 1846.0 687.0 1846.0 798.0 1769.0 798.0 tennis-court 0
1639.0 733.0 1717.0 733.0 1717.0 844.0 1639.0 844.0 tennis-court 0
1570.0 756.0 1648.0 756.0 1648.0 868.0 1570.0 868.0 tennis-court 0
1503.0 780.0 1580.0 780.0 1580.0 890.0 1503.0 890.0 tennis-court 0
1436.0 803.0 1514.0 803.0 1514.0 914.0 1436.0 914.0 tennis-court 0
521.0 521.0 617.0 521.0 617.0 632.0 521.0 632.0 tennis-court 0
582.0 476.0 678.0 476.0 678.0 586.0 582.0 586.0 tennis-court 0
645.0 433.0 742.0 433.0 742.0 542.0 645.0 542.0 tennis-court 0
733.0 557.0 830.0 557.0 830.0 666.0 733.0 666.0 tennis-court 0
671.0 601.0 766.0 601.0 766.0 712.0 671.0 712.0 tennis-court 0
609.0 647.0 704.0 647.0 704.0 756.0 609.0 756.0 tennis-court 0
392.0 800.0 488.0 800.0 488.0 910.0 392.0 910.0 tennis-court 0
330.0 845.0 426.0 845.0 426.0 954.0 330.0 954.0 tennis-court 0
266.0 889.0 364.0 889.0 364.0 1000.0 266.0 1000.0 tennis-court 0
303.0 675.0 400.0 675.0 400.0 784.0 303.0 784.0 tennis-court 0
242.0 720.0 338.0 720.0 338.0 830.0 242.0 830.0 tennis-court 0
1704.0 711.0 1779.0 711.0 1779.0 821.0 1704.0 821.0 tennis-court 0
1892.0 542.0 1954.0 542.0 1954.0 618.0 1892.0 618.0 swimming-pool 0
141.0 1069.0 191.0 1069.0 191.0 1135.0 141.0 1135.0 swimming-pool 0
1780.0 391.0 1861.0 391.0 1861.0 502.0 1780.0 502.0 tennis-court 0
1444.0 209.0 1521.0 209.0 1521.0 320.0 1444.0 320.0 tennis-court 0
1371.0 233.0 1448.0 233.0 1448.0 344.0 1371.0 344.0 tennis-court 0
1286.0 262.0 1363.0 262.0 1363.0 372.0 1286.0 372.0 tennis-court 0
1217.0 285.0 1293.0 285.0 1293.0 396.0 1217.0 396.0 tennis-court 0
1148.0 309.0 1225.0 309.0 1225.0 421.0 1148.0 421.0 tennis-court 0
1233.0 462.0 1311.0 462.0 1311.0 572.0 1233.0 572.0 tennis-court 0
1299.0 439.0 1376.0 439.0 1376.0 551.0 1299.0 551.0 tennis-court 0
1385.0 410.0 1460.0 410.0 1460.0 520.0 1385.0 520.0 tennis-court 0
1457.0 385.0 1534.0 385.0 1534.0 496.0 1457.0 496.0 tennis-court 0
1335.0 632.0 1417.0 632.0 1417.0 744.0 1335.0 744.0 tennis-court 0
1404.0 602.0 1487.0 602.0 1487.0 713.0 1404.0 713.0 tennis-court 0
1486.0 565.0 1569.0 565.0 1569.0 677.0 1486.0 677.0 tennis-court 0
1551.0 537.0 1634.0 537.0 1634.0 647.0 1551.0 647.0 tennis-court 0
1618.0 508.0 1700.0 508.0 1700.0 619.0 1618.0 619.0 tennis-court 0
1710.0 419.0 1790.0 419.0 1790.0 530.0 1710.0 530.0 tennis-court 0
178.0 765.0 274.0 765.0 274.0 874.0 178.0 874.0 tennis-court 0
