1692.0 696.0 1717.0 696.0 1717.0 741.0 1692.0 741.0 large-vehicle 0
1642.0 714.0 1669.0 714.0 1669.0 757.0 1642.0 757.0 large-vehicle 0
913.0 427.0 1003.0 427.0 1003.0 492.0 913.0 492.0 plane 0
978.0 297.0 1053.0 297.0 1053.0 352.0 978.0 352.0 plane 0
778.0 317.0 870.0 317.0 870.0 392.0 778.0 392.0 plane 0
605.0 350.0 702.0 350.0 702.0 425.0 605.0 425.0 plane 0
644.0 477.0 723.0 477.0 723.0 531.0 644.0 531.0 plane 0
802.0 633.0 877.0 633.0 877.0 730.0 802.0 730.0 plane 0
626.0 658.0 696.0 658.0 696.0 753.0 626.0 753.0 plane 0
649.0 749.0 716.0 749.0 716.0 839.0 649.0 839.0 plane 0
604.0 805.0 672.0 805.0 672.0 897.0 604.0 897.0 plane 0
594.0 877.0 689.0 877.0 689.0 1001.0 594.0 1001.0 plane 0
660.0 1096.0 740.0 1096.0 740.0 1192.0 660.0 1192.0 plane 0
684.0 1226.0 801.0 1226.0 801.0 1338.0 684.0 1338.0 plane 0
612.0 1244.0 682.0 1244.0 682.0 1333.0 612.0 1333.0 plane 0
660.0 1300.0 737.0 1300.0 737.0 1389.0 660.0 1389.0 plane 0
586.0 1325.0 671.0 1325.0 671.0 1431.0 586.0 1431.0 plane 0
498.0 1371.0 565.0 1371.0 565.0 1457.0 498.0 1457.0 plane 0
469.0 1190.0 546.0 1190.0 546.0 1286.0 469.0 1286.0 plane 0
469.0 1103.0 529.0 1103.0 529.0 1188.0 469.0 1188.0 plane 0
455.0 997.0 526.0 997.0 526.0 1095.0 455.0 1095.0 plane 0
429.0 852.0 499.0 852.0 499.0 944.0 429.0 944.0 plane 0
421.0 754.0 480.0 754.0 480.0 836.0 421.0 836.0 plane 0
470.0 498.0 554.0 498.0 554.0 560.0 470.0 560.0 plane 0
383.0 516.0 471.0 516.0 471.0 583.0 383.0 583.0 plane 0
999.0 406.0 1090.0 406.0 1090.0 475.0 999.0 475.0 plane 0
1064.0 282.0 1150.0 282.0 1150.0 343.0 1064.0 343.0 plane 0
1151.0 264.0 1244.0 264.0 1244.0 335.0 1151.0 335.0 plane 0
1034.0 636.0 1108.0 636.0 1108.0 730.0 1034.0 730.0 plane 0
1550.0 757.0 1578.0 757.0 1578.0 802.0 1550.0 802.0 large-vehicle 0
1598.0 730.0 1629.0 730.0 1629.0 782.0 1598.0 782.0 large-vehicle 0
1439.0 775.0 1517.0 775.0 1517.0 822.0 1439.0 822.0 large-vehicle 0
1422.0 705.0 1482.0 705.0 1482.0 738.0 1422.0 738.0 large-vehicle 0
1407.0 615.0 1466.0 615.0 1466.0 647.0 1407.0 647.0 large-vehicle 0
1390.0 545.0 1459.0 545.0 1459.0 581.0 1390.0 581.0 large-vehicle 0
1054.0 926.0 1125.0 926.0 1125.0 1020.0 1054.0 1020.0 plane 0
1068.0 853.0 1140.0 853.0 1140.0 952.0 1068.0 952.0 plane 0
1030.0 782.0 1100.0 782.0 1100.0 876.0 1030.0 876.0 plane 0
1006.0 688.0 1083.0 688.0 1083.0 784.0 1006.0 784.0 plane 0
981.0 595.0 1061.0 595.0 1061.0 694.0 981.0 694.0 plane 0
1242.0 255.0 1330.0 255.0 1330.0 319.0 1242.0 319.0 plane 0
1176.0 867.0 1277.0 867.0 1277.0 975.0 1176.0 975.0 plane 0
1214.0 759.0 1296.0 759.0 1296.0 860.0 1214.0 860.0 plane 0
1249.0 725.0 1309.0 725.0 1309.0 800.0 1249.0 800.0 plane 0
1205.0 675.0 1272.0 675.0 1272.0 763.0 1205.0 763.0 plane 0
1195.0 575.0 1260.0 575.0 1260.0 669.0 1195.0 669.0 plane 0
1507.0 231.0 1604.0 231.0 1604.0 306.0 1507.0 306.0 plane 0
1531.0 311.0 1621.0 311.0 1621.0 381.0 1531.0 381.0 plane 0
1450.0 333.0 1536.0 333.0 1536.0 403.0 1450.0 403.0 plane 0
1272.0 362.0 1356.0 362.0 1356.0 432.0 1272.0 432.0 plane 0
1338.0 239.0 1417.0 239.0 1417.0 304.0 1338.0 304.0 plane 0
338.0 395.0 430.0 395.0 430.0 468.0 338.0 468.0 plane 0
