801.0 871.0 842.0 871.0 842.0 897.0 801.0 897.0 ship 0
825.0 330.0 847.0 330.0 847.0 341.0 825.0 341.0 ship 0
578.0 594.0 611.0 594.0 611.0 608.0 578.0 608.0 ship 0
529.0 599.0 565.0 599.0 565.0 616.0 529.0 616.0 ship 0
573.0 521.0 603.0 521.0 603.0 536.0 573.0 536.0 ship 0
571.0 460.0 603.0 460.0 603.0 474.0 571.0 474.0 ship 0
563.0 444.0 601.0 444.0 601.0 460.0 563.0 460.0 ship 0
563.0 427.0 596.0 427.0 596.0 440.0 563.0 440.0 ship 0
387.0 578.0 428.0 578.0 428.0 595.0 387.0 595.0 ship 0
439.0 521.0 470.0 521.0 470.0 535.0 439.0 535.0 ship 0
435.0 502.0 470.0 502.0 470.0 517.0 435.0 517.0 ship 0
429.0 483.0 466.0 483.0 466.0 500.0 429.0 500.0 ship 0
420.0 348.0 447.0 348.0 447.0 362.0 420.0 362.0 ship 0
425.0 383.0 461.0 383.0 461.0 397.0 425.0 397.0 ship 0
646.0 364.0 682.0 364.0 682.0 381.0 646.0 381.0 ship 0
701.0 435.0 732.0 435.0 732.0 450.0 701.0 450.0 ship 0
705.0 477.0 736.0 477.0 736.0 490.0 705.0 490.0 ship 0
666.0 593.0 698.0 593.0 698.0 607.0 666.0 607.0 ship 0
674.0 669.0 740.0 669.0 740.0 693.0 674.0 693.0 ship 0
808.0 656.0 877.0 656.0 877.0 680.0 808.0 680.0 ship 0
848.0 616.0 885.0 616.0 885.0 632.0 848.0 632.0 ship 0
849.0 580.0 883.0 580.0 883.0 594.0 849.0 594.0 ship 0
841.0 557.0 881.0 557.0 881.0 572.0 841.0 572.0 ship 0
843.0 540.0 879.0 540.0 879.0 554.0 843.0 554.0 ship 0
833.0 495.0 882.0 495.0 882.0 515.0 833.0 515.0 ship 0
835.0 478.0 874.0 478.0 874.0 494.0 835.0 494.0 ship 0
831.0 416.0 870.0 416.0 870.0 432.0 831.0 432.0 ship 0
577.0 612.0 610.0 612.0 610.0 628.0 577.0 628.0 ship 0
580.0 638.0 611.0 638.0 611.0 650.0 580.0 650.0 ship 0
583.0 652.0 618.0 652.0 618.0 666.0 583.0 666.0 ship 0
926.0 299.0 1052.0 299.0 1052.0 644.0 926.0 644.0 harbor 0
248.0 457.0 307.0 457.0 307.0 698.0 248.0 698.0 harbor 0
247.0 698.0 334.0 698.0 334.0 1136.0 247.0 1136.0 harbor 0
458.0 929.0 644.0 929.0 644.0 1270.0 458.0 1270.0 harbor 0
593.0 840.0 771.0 840.0 771.0 1220.0 593.0 1220.0 harbor 0
734.0 818.0 924.0 818.0 924.0 1180.0 734.0 1180.0 harbor 0
892.0 790.0 1073.0 790.0 1073.0 1129.0 892.0 1129.0 harbor 0
1065.0 756.0 1261.0 756.0 1261.0 1074.0 1065.0 1074.0 harbor 0
1267.0 721.0 1455.0 721.0 1455.0 1016.0 1267.0 1016.0 harbor 0
1103.0 278.0 1242.0 278.0 1242.0 619.0 1103.0 619.0 harbor 0
1303.0 285.0 1441.0 285.0 1441.0 594.0 1303.0 594.0 harbor 0
1485.0 269.0 1624.0 269.0 1624.0 761.0 1485.0 761.0 harbor 0
780.0 314.0 888.0 314.0 888.0 665.0 780.0 665.0 harbor 0
540.0 671.0 614.0 671.0 614.0 702.0 540.0 702.0 ship 0
647.0 323.0 752.0 323.0 752.0 678.0 647.0 678.0 harbor 0
511.0 332.0 617.0 332.0 617.0 677.0 511.0 677.0 harbor 0
1778.0 763.0 1801.0 763.0 1801.0 803.0 1778.0 803.0 swimming-pool 0
266.0 465.0 305.0 465.0 305.0 482.0 266.0 482.0 ship 0
262.0 533.0 304.0 533.0 304.0 549.0 262.0 549.0 ship 0
260.0 579.0 306.0 579.0 306.0 593.0 260.0 593.0 ship 0
263.0 658.0 308.0 658.0 308.0 673.0 263.0 673.0 ship 0
264.0 700.0 334.0 700.0 334.0 721.0 264.0 721.0 ship 0
259.0 780.0 334.0 780.0 334.0 804.0 259.0 804.0 ship 0
264.0 837.0 333.0 837.0 333.0 858.0 264.0 858.0 ship 0
592.0 862.0 632.0 862.0 632.0 890.0 592.0 890.0 ship 0
830.0 393.0 868.0 393.0 868.0 411.0 830.0 411.0 ship 0
976.0 302.0 1004.0 302.0 1004.0 316.0 976.0 316.0 ship 0
726.0 803.0 808.0 803.0 808.0 843.0 726.0 843.0 ship 0
977.0 317.0 1024.0 317.0 1024.0 337.0 977.0 337.0 ship 0
1320.0 474.0 1374.0 474.0 1374.0 500.0 1320.0 500.0 ship 0
1315.0 410.0 1367.0 410.0 1367.0 431.0 1315.0 431.0 ship 0
1379.0 388.0 1424.0 388.0 1424.0 408.0 1379.0 408.0 ship 0
1372.0 318.0 1416.0 318.0 1416.0 336.0 1372.0 336.0 ship 0
1316.0 341.0 1347.0 341.0 1347.0 354.0 1316.0 354.0 ship 0
1298.0 270.0 1355.0 270.0 1355.0 292.0 1298.0 292.0 ship 0
1511.0 389.0 1560.0 389.0 1560.0 416.0 1511.0 416.0 ship 0
1534.0 530.0 1579.0 530.0 1579.0 551.0 1534.0 551.0 ship 0
1535.0 548.0 1582.0 548.0 1582.0 570.0 1535.0 570.0 ship 0
1532.0 597.0 1585.0 597.0 1585.0 621.0 1532.0 621.0 ship 0
1524.0 622.0 1587.0 622.0 1587.0 651.0 1524.0 651.0 ship 0
1540.0 675.0 1605.0 675.0 1605.0 703.0 1540.0 703.0 ship 0
1542.0 699.0 1601.0 699.0 1601.0 727.0 1542.0 727.0 ship 0
1541.0 724.0 1607.0 724.0 1607.0 754.0 1541.0 754.0 ship 0
1343.0 986.0 1389.0 986.0 1389.0 1017.0 1343.0 1017.0 ship 0
1324.0 890.0 1357.0 890.0 1357.0 909.0 1324.0 909.0 ship 0
1077.0 748.0 1144.0 748.0 1144.0 783.0 1077.0 783.0 ship 0
1154.0 852.0 1199.0 852.0 1199.0 879.0 1154.0 879.0 ship 0
1116.0 923.0 1160.0 923.0 1160.0 950.0 1116.0 950.0 ship 0
1155.0 1021.0 1198.0 1021.0 1198.0 1052.0 1155.0 1052.0 ship 0
1212.0 1027.0 1261.0 1027.0 1261.0 1053.0 1212.0 1053.0 ship 0
1147.0 1046.0 1205.0 1046.0 1205.0 1078.0 1147.0 1078.0 ship 0
960.0 858.0 1007.0 858.0 1007.0 886.0 960.0 886.0 ship 0
949.0 821.0 996.0 821.0 996.0 848.0 949.0 848.0 ship 0
888.0 768.0 973.0 768.0 973.0 816.0 888.0 816.0 ship 0
1384.0 498.0 1433.0 498.0 1433.0 513.0 1384.0 513.0 ship 0
1388.0 524.0 1421.0 524.0 1421.0 537.0 1388.0 537.0 ship 0
1333.0 545.0 1371.0 545.0 1371.0 563.0 1333.0 563.0 ship 0
1188.0 586.0 1234.0 586.0 1234.0 605.0 1188.0 605.0 ship 0
988.0 363.0 1023.0 363.0 1023.0 381.0 988.0 381.0 ship 0
986.0 456.0 1031.0 456.0 1031.0 476.0 986.0 476.0 ship 0
995.0 525.0 1032.0 525.0 1032.0 540.0 995.0 540.0 ship 0
941.0 522.0 979.0 522.0 979.0 540.0 941.0 540.0 ship 0
1000.0 545.0 1040.0 545.0 1040.0 562.0 1000.0 562.0 ship 0
994.0 567.0 1046.0 567.0 1046.0 589.0 994.0 589.0 ship 0
945.0 561.0 980.0 561.0 980.0 579.0 945.0 579.0 ship 0
949.0 601.0 985.0 601.0 985.0 617.0 949.0 617.0 ship 0
1004.0 612.0 1047.0 612.0 1047.0 632.0 1004.0 632.0 ship 0
963.0 636.0 1031.0 636.0 1031.0 659.0 963.0 659.0 ship 0
1183.0 610.0 1232.0 610.0 1232.0 643.0 1183.0 643.0 ship 0
1188.0 521.0 1228.0 521.0 1228.0 536.0 1188.0 536.0 ship 0
1114.0 351.0 1155.0 351.0 1155.0 372.0 1114.0 372.0 ship 0
1187.0 500.0 1224.0 500.0 1224.0 515.0 1187.0 515.0 ship 0
1122.0 506.0 1169.0 506.0 1169.0 528.0 1122.0 528.0 ship 0
1178.0 476.0 1230.0 476.0 1230.0 497.0 1178.0 497.0 ship 0
1178.0 450.0 1224.0 450.0 1224.0 468.0 1178.0 468.0 ship 0
1178.0 430.0 1219.0 430.0 1219.0 448.0 1178.0 448.0 ship 0
1119.0 463.0 1164.0 463.0 1164.0 481.0 1119.0 481.0 ship 0
1179.0 401.0 1221.0 401.0 1221.0 417.0 1179.0 417.0 ship 0
1171.0 380.0 1222.0 380.0 1222.0 399.0 1171.0 399.0 ship 0
1179.0 353.0 1211.0 353.0 1211.0 366.0 1179.0 366.0 ship 0
1168.0 327.0 1220.0 327.0 1220.0 347.0 1168.0 347.0 ship 0
1106.0 312.0 1142.0 312.0 1142.0 326.0 1106.0 326.0 ship 0
368.0 343.0 484.0 343.0 484.0 684.0 368.0 684.0 harbor 0
