160.0 717.0 210.0 717.0 210.0 759.0 160.0 759.0 small-vehicle 0
241.0 523.0 317.0 523.0 317.0 579.0 241.0 579.0 large-vehicle 0
320.0 156.0 379.0 156.0 379.0 238.0 320.0 238.0 large-vehicle 0
346.0 167.0 402.0 167.0 402.0 246.0 346.0 246.0 large-vehicle 0
365.0 179.0 424.0 179.0 424.0 257.0 365.0 257.0 large-vehicle 0
425.0 504.0 490.0 504.0 490.0 550.0 425.0 550.0 large-vehicle 0
350.0 620.0 422.0 620.0 422.0 664.0 350.0 664.0 large-vehicle 0
339.0 648.0 411.0 648.0 411.0 686.0 339.0 686.0 large-vehicle 0
332.0 672.0 400.0 672.0 400.0 711.0 332.0 711.0 large-vehicle 0
266.0 659.0 325.0 659.0 325.0 746.0 266.0 746.0 large-vehicle 0
224.0 551.0 322.0 551.0 322.0 612.0 224.0 612.0 large-vehicle 0
349.0 480.0 402.0 480.0 402.0 554.0 349.0 554.0 large-vehicle 0
620.0 449.0 703.0 449.0 703.0 577.0 620.0 577.0 large-vehicle 0
416.0 212.0 468.0 212.0 468.0 283.0 416.0 283.0 large-vehicle 0
133.0 673.0 166.0 673.0 166.0 718.0 133.0 718.0 small-vehicle 0
108.0 780.0 160.0 780.0 160.0 814.0 108.0 814.0 small-vehicle 0
169.0 756.0 206.0 756.0 206.0 785.0 169.0 785.0 small-vehicle 0
76.0 856.0 123.0 856.0 123.0 890.0 76.0 890.0 small-vehicle 0
85.0 836.0 128.0 836.0 128.0 869.0 85.0 869.0 small-vehicle 0
890.0 82.0 929.0 82.0 929.0 111.0 890.0 111.0 small-vehicle 0
277.0 139.0 338.0 139.0 338.0 218.0 277.0 218.0 large-vehicle 0
