974.0 890.0 1069.0 890.0 1069.0 943.0 974.0 943.0 large-vehicle 0
818.0 582.0 974.0 582.0 974.0 649.0 818.0 649.0 large-vehicle 0
89.0 249.0 130.0 249.0 130.0 275.0 89.0 275.0 small-vehicle 0
79.0 210.0 121.0 210.0 121.0 231.0 79.0 231.0 small-vehicle 0
71.0 190.0 112.0 190.0 112.0 213.0 71.0 213.0 small-vehicle 0
50.0 130.0 103.0 130.0 103.0 157.0 50.0 157.0 small-vehicle 0
46.0 109.0 93.0 109.0 93.0 137.0 46.0 137.0 small-vehicle 0
41.0 81.0 89.0 81.0 89.0 110.0 41.0 110.0 small-vehicle 0
951.0 823.0 1039.0 823.0 1039.0 869.0 951.0 869.0 large-vehicle 0
927.0 789.0 1018.0 789.0 1018.0 836.0 927.0 836.0 large-vehicle 0
846.0 752.0 1023.0 752.0 1023.0 828.0 846.0 828.0 large-vehicle 0
828.0 694.0 1008.0 694.0 1008.0 766.0 828.0 766.0 large-vehicle 0
745.0 845.0 813.0 845.0 813.0 906.0 745.0 906.0 large-vehicle 0
721.0 866.0 800.0 866.0 800.0 939.0 721.0 939.0 large-vehicle 0
786.0 553.0 965.0 553.0 965.0 626.0 786.0 626.0 large-vehicle 0
964.0 867.0 1060.0 867.0 1060.0 916.0 964.0 916.0 large-vehicle 0
759.0 469.0 933.0 469.0 933.0 541.0 759.0 541.0 large-vehicle 0
746.0 437.0 927.0 437.0 927.0 513.0 746.0 513.0 large-vehicle 0
751.0 409.0 921.0 409.0 921.0 482.0 751.0 482.0 large-vehicle 0
728.0 380.0 910.0 380.0 910.0 461.0 728.0 461.0 large-vehicle 0
708.0 319.0 885.0 319.0 885.0 387.0 708.0 387.0 large-vehicle 0
639.0 194.0 690.0 194.0 690.0 290.0 639.0 290.0 large-vehicle 0
551.0 298.0 588.0 298.0 588.0 366.0 551.0 366.0 large-vehicle 0
518.0 531.0 585.0 531.0 585.0 614.0 518.0 614.0 large-vehicle 0
430.0 459.0 499.0 459.0 499.0 540.0 430.0 540.0 large-vehicle 0
453.0 439.0 532.0 439.0 532.0 533.0 453.0 533.0 large-vehicle 0
417.0 350.0 455.0 350.0 455.0 413.0 417.0 413.0 large-vehicle 0
356.0 339.0 408.0 339.0 408.0 433.0 356.0 433.0 large-vehicle 0
126.0 336.0 178.0 336.0 178.0 369.0 126.0 369.0 small-vehicle 0
259.0 403.0 292.0 403.0 292.0 456.0 259.0 456.0 small-vehicle 0
241.0 417.0 267.0 417.0 267.0 458.0 241.0 458.0 small-vehicle 0
156.0 689.0 190.0 689.0 190.0 733.0 156.0 733.0 small-vehicle 0
966.0 848.0 1036.0 848.0 1036.0 892.0 966.0 892.0 large-vehicle 0
489.0 539.0 564.0 539.0 564.0 629.0 489.0 629.0 large-vehicle 0
609.0 269.0 653.0 269.0 653.0 341.0 609.0 341.0 large-vehicle 0
593.0 67.0 637.0 67.0 637.0 133.0 593.0 133.0 large-vehicle 0
1015.0 125.0 1061.0 125.0 1061.0 152.0 1015.0 152.0 small-vehicle 0
1044.0 301.0 1067.0 301.0 1067.0 345.0 1044.0 345.0 small-vehicle 0
665.0 371.0 702.0 371.0 702.0 395.0 665.0 395.0 small-vehicle 0
942.0 448.0 985.0 448.0 985.0 471.0 942.0 471.0 small-vehicle 0
999.0 637.0 1043.0 637.0 1043.0 664.0 999.0 664.0 small-vehicle 0
852.0 669.0 897.0 669.0 897.0 698.0 852.0 698.0 small-vehicle 0
863.0 695.0 909.0 695.0 909.0 728.0 863.0 728.0 small-vehicle 0
795.0 928.0 834.0 928.0 834.0 967.0 795.0 967.0 small-vehicle 0
470.0 335.0 495.0 335.0 495.0 382.0 470.0 382.0 small-vehicle 0
535.0 322.0 561.0 322.0 561.0 365.0 535.0 365.0 small-vehicle 0
523.0 330.0 544.0 330.0 544.0 368.0 523.0 368.0 small-vehicle 0
508.0 331.0 529.0 331.0 529.0 370.0 508.0 370.0 small-vehicle 0
491.0 333.0 510.0 333.0 510.0 372.0 491.0 372.0 small-vehicle 0
454.0 277.0 497.0 277.0 497.0 306.0 454.0 306.0 small-vehicle 0
429.0 260.0 471.0 260.0 471.0 288.0 429.0 288.0 small-vehicle 0
437.0 240.0 474.0 240.0 474.0 266.0 437.0 266.0 small-vehicle 0
470.0 227.0 499.0 227.0 499.0 270.0 470.0 270.0 small-vehicle 0
466.0 639.0 514.0 639.0 514.0 689.0 466.0 689.0 small-vehicle 0
2.0 745.0 41.0 745.0 41.0 792.0 2.0 792.0 small-vehicle 0
38.0 779.0 75.0 779.0 75.0 821.0 38.0 821.0 small-vehicle 0
113.0 693.0 157.0 693.0 157.0 734.0 113.0 734.0 small-vehicle 0
294.0 388.0 333.0 388.0 333.0 453.0 294.0 453.0 large-vehicle 0
