613.0 2021.0 668.0 2021.0 668.0 2056.0 613.0 2056.0 ship 0
237.0 3109.0 521.0 3109.0 521.0 3280.0 237.0 3280.0 harbor 0
1004.0 652.0 1206.0 652.0 1206.0 762.0 1004.0 762.0 harbor 0
965.0 840.0 1251.0 840.0 1251.0 999.0 965.0 999.0 harbor 0
910.0 1135.0 1183.0 1135.0 1183.0 1225.0 910.0 1225.0 harbor 0
782.0 1561.0 1019.0 1561.0 1019.0 1719.0 782.0 1719.0 harbor 0
434.0 1828.0 747.0 1828.0 747.0 2017.0 434.0 2017.0 harbor 0
361.0 1956.0 676.0 1956.0 676.0 2069.0 361.0 2069.0 harbor 0
311.0 2056.0 497.0 2056.0 497.0 2101.0 311.0 2101.0 harbor 0
349.0 2237.0 585.0 2237.0 585.0 2296.0 349.0 2296.0 harbor 0
322.0 2637.0 551.0 2637.0 551.0 2745.0 322.0 2745.0 harbor 0
333.0 2425.0 568.0 2425.0 568.0 2571.0 333.0 2571.0 harbor 0
825.0 1383.0 984.0 1383.0 984.0 1424.0 825.0 1424.0 harbor 0
458.0 2104.0 505.0 2104.0 505.0 2131.0 458.0 2131.0 ship 0
194.0 266.0 224.0 266.0 224.0 307.0 194.0 307.0 small-vehicle 0
213.0 261.0 242.0 261.0 242.0 299.0 213.0 299.0 small-vehicle 0
457.0 640.0 503.0 640.0 503.0 677.0 457.0 677.0 small-vehicle 0
501.0 658.0 537.0 658.0 537.0 687.0 501.0 687.0 small-vehicle 0
217.0 1416.0 247.0 1416.0 247.0 1451.0 217.0 1451.0 small-vehicle 0
825.0 196.0 867.0 196.0 867.0 230.0 825.0 230.0 small-vehicle 0
1101.0 650.0 1172.0 650.0 1172.0 693.0 1101.0 693.0 ship 0
1097.0 699.0 1134.0 699.0 1134.0 757.0 1097.0 757.0 ship 0
507.0 2538.0 559.0 2538.0 559.0 2562.0 507.0 2562.0 ship 0
530.0 2228.0 587.0 2228.0 587.0 2258.0 530.0 2258.0 ship 0
979.0 429.0 1261.0 429.0 1261.0 603.0 979.0 603.0 harbor 0
