1064.0 71.0 1108.0 71.0 1108.0 98.0 1064.0 98.0 small-vehicle 0
823.0 116.0 868.0 116.0 868.0 163.0 823.0 163.0 small-vehicle 0
928.0 3.0 974.0 3.0 974.0 51.0 928.0 51.0 small-vehicle 0
595.0 641.0 706.0 641.0 706.0 844.0 595.0 844.0 tennis-court 0
474.0 650.0 581.0 650.0 581.0 854.0 474.0 854.0 tennis-court 0
356.0 660.0 464.0 660.0 464.0 863.0 356.0 863.0 tennis-court 0
240.0 668.0 347.0 668.0 347.0 870.0 240.0 870.0 tennis-court 0
872.0 292.0 990.0 292.0 990.0 496.0 872.0 496.0 tennis-court 0
753.0 303.0 866.0 303.0 866.0 507.0 753.0 507.0 tennis-court 0
633.0 312.0 742.0 312.0 742.0 517.0 633.0 517.0 tennis-court 0
516.0 321.0 621.0 321.0 621.0 527.0 516.0 527.0 tennis-court 0
394.0 332.0 501.0 332.0 501.0 536.0 394.0 536.0 tennis-court 0
276.0 340.0 384.0 340.0 384.0 543.0 276.0 543.0 tennis-court 0
