781.0 243.0 826.0 243.0 826.0 276.0 781.0 276.0 small-vehicle 0
130.0 923.0 166.0 923.0 166.0 957.0 130.0 957.0 small-vehicle 0
331.0 487.0 510.0 487.0 510.0 683.0 331.0 683.0 tennis-court 0
450.0 678.0 648.0 678.0 648.0 855.0 450.0 855.0 tennis-court 0
516.0 587.0 714.0 587.0 714.0 765.0 516.0 765.0 tennis-court 0
583.0 497.0 778.0 497.0 778.0 675.0 583.0 675.0 tennis-court 0
144.0 21.0 195.0 21.0 195.0 56.0 144.0 56.0 small-vehicle 0
343.0 39.0 381.0 39.0 381.0 77.0 343.0 77.0 small-vehicle 0
261.0 101.0 305.0 101.0 305.0 139.0 261.0 139.0 small-vehicle 0
207.0 73.0 250.0 73.0 250.0 102.0 207.0 102.0 small-vehicle 0
236.0 85.0 283.0 85.0 283.0 135.0 236.0 135.0 small-vehicle 0
477.0 179.0 521.0 179.0 521.0 222.0 477.0 222.0 small-vehicle 0
552.0 202.0 589.0 202.0 589.0 242.0 552.0 242.0 small-vehicle 0
579.0 205.0 621.0 205.0 621.0 246.0 579.0 246.0 small-vehicle 0
103.0 777.0 146.0 777.0 146.0 814.0 103.0 814.0 small-vehicle 0
139.0 904.0 181.0 904.0 181.0 944.0 139.0 944.0 small-vehicle 0
110.0 936.0 152.0 936.0 152.0 976.0 110.0 976.0 small-vehicle 0
735.0 241.0 764.0 241.0 764.0 283.0 735.0 283.0 small-vehicle 0
363.0 961.0 399.0 961.0 399.0 993.0 363.0 993.0 small-vehicle 0
349.0 976.0 385.0 976.0 385.0 1013.0 349.0 1013.0 small-vehicle 0
58.0 1019.0 96.0 1019.0 96.0 1054.0 58.0 1054.0 small-vehicle 0
5.0 921.0 47.0 921.0 47.0 960.0 5.0 960.0 small-vehicle 0
1.0 941.0 29.0 941.0 29.0 975.0 1.0 975.0 small-vehicle 0
589.0 1088.0 625.0 1088.0 625.0 1132.0 589.0 1132.0 small-vehicle 0
767.0 1025.0 807.0 1025.0 807.0 1062.0 767.0 1062.0 small-vehicle 0
795.0 953.0 830.0 953.0 830.0 993.0 795.0 993.0 small-vehicle 0
648.0 82.0 695.0 82.0 695.0 114.0 648.0 114.0 small-vehicle 0
655.0 64.0 699.0 64.0 699.0 91.0 655.0 91.0 small-vehicle 0
784.0 121.0 826.0 121.0 826.0 153.0 784.0 153.0 small-vehicle 0
788.0 102.0 831.0 102.0 831.0 132.0 788.0 132.0 small-vehicle 0
655.0 126.0 692.0 126.0 692.0 154.0 655.0 154.0 small-vehicle 0
765.0 174.0 808.0 174.0 808.0 203.0 765.0 203.0 small-vehicle 0
246.0 421.0 422.0 421.0 422.0 620.0 246.0 620.0 tennis-court 0
