56.0 259.0 76.0 259.0 76.0 299.0 56.0 299.0 small-vehicle 0
48.0 182.0 71.0 182.0 71.0 220.0 48.0 220.0 small-vehicle 0
1074.0 332.0 1120.0 332.0 1120.0 359.0 1074.0 359.0 small-vehicle 0
993.0 0.0 1031.0 0.0 1031.0 20.0 993.0 20.0 small-vehicle 0
906.0 9.0 932.0 9.0 932.0 51.0 906.0 51.0 small-vehicle 0
766.0 1.0 812.0 1.0 812.0 24.0 766.0 24.0 small-vehicle 0
671.0 12.0 716.0 12.0 716.0 33.0 671.0 33.0 small-vehicle 0
626.0 14.0 670.0 14.0 670.0 39.0 626.0 39.0 small-vehicle 0
543.0 21.0 586.0 21.0 586.0 46.0 543.0 46.0 small-vehicle 0
309.0 42.0 352.0 42.0 352.0 62.0 309.0 62.0 small-vehicle 0
176.0 54.0 217.0 54.0 217.0 72.0 176.0 72.0 small-vehicle 0
266.0 46.0 307.0 46.0 307.0 67.0 266.0 67.0 small-vehicle 0
124.0 56.0 166.0 56.0 166.0 76.0 124.0 76.0 small-vehicle 0
230.0 682.0 530.0 682.0 530.0 909.0 230.0 909.0 soccer-ball-field 1
146.0 433.0 360.0 433.0 360.0 576.0 146.0 576.0 basketball-court 0
748.0 133.0 858.0 133.0 858.0 338.0 748.0 338.0 tennis-court 0
628.0 145.0 737.0 145.0 737.0 347.0 628.0 347.0 tennis-court 0
510.0 153.0 616.0 153.0 616.0 356.0 510.0 356.0 tennis-court 0
389.0 161.0 499.0 161.0 499.0 364.0 389.0 364.0 tennis-court 0
1069.0 832.0 1098.0 832.0 1098.0 853.0 1069.0 853.0 small-vehicle 0
1080.0 884.0 1122.0 884.0 1122.0 907.0 1080.0 907.0 small-vehicle 0
960.0 45.0 987.0 45.0 987.0 96.0 960.0 96.0 small-vehicle 0
86.0 604.0 109.0 604.0 109.0 643.0 86.0 643.0 small-vehicle 0
51.0 221.0 75.0 221.0 75.0 257.0 51.0 257.0 small-vehicle 0
59.0 308.0 81.0 308.0 81.0 353.0 59.0 353.0 small-vehicle 0
65.0 367.0 85.0 367.0 85.0 409.0 65.0 409.0 small-vehicle 0
68.0 410.0 90.0 410.0 90.0 452.0 68.0 452.0 small-vehicle 0
71.0 458.0 95.0 458.0 95.0 503.0 71.0 503.0 small-vehicle 0
79.0 506.0 99.0 506.0 99.0 550.0 79.0 550.0 small-vehicle 0
84.0 552.0 101.0 552.0 101.0 598.0 84.0 598.0 small-vehicle 0
87.0 658.0 110.0 658.0 110.0 705.0 87.0 705.0 small-vehicle 0
980.0 208.0 1004.0 208.0 1004.0 252.0 980.0 252.0 small-vehicle 0
91.0 714.0 115.0 714.0 115.0 758.0 91.0 758.0 small-vehicle 0
94.0 759.0 120.0 759.0 120.0 801.0 94.0 801.0 small-vehicle 0
101.0 803.0 128.0 803.0 128.0 845.0 101.0 845.0 small-vehicle 0
104.0 850.0 130.0 850.0 130.0 902.0 104.0 902.0 small-vehicle 0
1001.0 494.0 1023.0 494.0 1023.0 536.0 1001.0 536.0 small-vehicle 0
998.0 448.0 1019.0 448.0 1019.0 486.0 998.0 486.0 small-vehicle 0
995.0 394.0 1016.0 394.0 1016.0 435.0 995.0 435.0 small-vehicle 0
269.0 171.0 378.0 171.0 378.0 375.0 269.0 375.0 tennis-court 0
