648.0 121.0 690.0 121.0 690.0 162.0 648.0 162.0 small-vehicle 0
585.0 54.0 627.0 54.0 627.0 96.0 585.0 96.0 small-vehicle 0
228.0 596.0 427.0 596.0 427.0 820.0 228.0 820.0 tennis-court 0
328.0 523.0 527.0 523.0 527.0 745.0 328.0 745.0 tennis-court 0
427.0 449.0 629.0 449.0 629.0 672.0 427.0 672.0 tennis-court 0
559.0 353.0 758.0 353.0 758.0 578.0 559.0 578.0 tennis-court 0
659.0 280.0 860.0 280.0 860.0 502.0 659.0 502.0 tennis-court 0
758.0 204.0 959.0 204.0 959.0 429.0 758.0 429.0 tennis-court 0
860.0 132.0 1059.0 132.0 1059.0 354.0 860.0 354.0 tennis-court 0
1078.0 591.0 1559.0 591.0 1559.0 931.0 1078.0 931.0 baseball-diamond 1
115.0 230.0 157.0 230.0 157.0 273.0 115.0 273.0 small-vehicle 0
630.0 103.0 676.0 103.0 676.0 147.0 630.0 147.0 small-vehicle 0
600.0 71.0 644.0 71.0 644.0 115.0 600.0 115.0 small-vehicle 0
515.0 220.0 557.0 220.0 557.0 246.0 515.0 246.0 small-vehicle 0
601.0 225.0 640.0 225.0 640.0 271.0 601.0 271.0 small-vehicle 0
615.0 205.0 656.0 205.0 656.0 253.0 615.0 253.0 small-vehicle 0
578.0 243.0 615.0 243.0 615.0 285.0 578.0 285.0 small-vehicle 0
538.0 264.0 581.0 264.0 581.0 314.0 538.0 314.0 small-vehicle 0
481.0 305.0 524.0 305.0 524.0 353.0 481.0 353.0 small-vehicle 0
74.0 268.0 121.0 268.0 121.0 314.0 74.0 314.0 small-vehicle 0
130.0 671.0 326.0 671.0 326.0 892.0 130.0 892.0 tennis-court 0
