724.0 888.0 753.0 888.0 753.0 926.0 724.0 926.0 small-vehicle 0
785.0 875.0 816.0 875.0 816.0 915.0 785.0 915.0 small-vehicle 0
218.0 383.0 343.0 383.0 343.0 584.0 218.0 584.0 tennis-court 0
327.0 357.0 455.0 357.0 455.0 557.0 327.0 557.0 tennis-court 0
439.0 329.0 567.0 329.0 567.0 531.0 439.0 531.0 tennis-court 0
168.0 677.0 296.0 677.0 296.0 877.0 168.0 877.0 tennis-court 0
281.0 651.0 408.0 651.0 408.0 850.0 281.0 850.0 tennis-court 0
391.0 624.0 519.0 624.0 519.0 823.0 391.0 823.0 tennis-court 0
502.0 597.0 629.0 597.0 629.0 795.0 502.0 795.0 tennis-court 0
625.0 1041.0 652.0 1041.0 652.0 1082.0 625.0 1082.0 small-vehicle 0
642.0 1038.0 669.0 1038.0 669.0 1077.0 642.0 1077.0 small-vehicle 0
658.0 1032.0 686.0 1032.0 686.0 1069.0 658.0 1069.0 small-vehicle 0
675.0 1025.0 702.0 1025.0 702.0 1063.0 675.0 1063.0 small-vehicle 0
691.0 1016.0 723.0 1016.0 723.0 1056.0 691.0 1056.0 small-vehicle 0
710.0 1006.0 740.0 1006.0 740.0 1050.0 710.0 1050.0 small-vehicle 0
729.0 1000.0 758.0 1000.0 758.0 1042.0 729.0 1042.0 small-vehicle 0
640.0 1080.0 666.0 1080.0 666.0 1119.0 640.0 1119.0 small-vehicle 0
656.0 1078.0 683.0 1078.0 683.0 1115.0 656.0 1115.0 small-vehicle 0
674.0 1072.0 699.0 1072.0 699.0 1106.0 674.0 1106.0 small-vehicle 0
688.0 1061.0 717.0 1061.0 717.0 1100.0 688.0 1100.0 small-vehicle 0
705.0 1055.0 733.0 1055.0 733.0 1095.0 705.0 1095.0 small-vehicle 0
724.0 1046.0 752.0 1046.0 752.0 1090.0 724.0 1090.0 small-vehicle 0
742.0 1040.0 770.0 1040.0 770.0 1084.0 742.0 1084.0 small-vehicle 0
760.0 1031.0 789.0 1031.0 789.0 1076.0 760.0 1076.0 small-vehicle 0
773.0 1025.0 802.0 1025.0 802.0 1064.0 773.0 1064.0 small-vehicle 0
759.0 988.0 788.0 988.0 788.0 1028.0 759.0 1028.0 small-vehicle 0
780.0 985.0 807.0 985.0 807.0 1021.0 780.0 1021.0 small-vehicle 0
796.0 974.0 825.0 974.0 825.0 1013.0 796.0 1013.0 small-vehicle 0
793.0 1020.0 823.0 1020.0 823.0 1059.0 793.0 1059.0 small-vehicle 0
744.0 882.0 778.0 882.0 778.0 933.0 744.0 933.0 small-vehicle 0
766.0 876.0 792.0 876.0 792.0 915.0 766.0 915.0 small-vehicle 0
106.0 409.0 232.0 409.0 232.0 610.0 106.0 610.0 tennis-court 0
