779.0 0.0 822.0 0.0 822.0 38.0 779.0 38.0 small-vehicle 0
739.0 13.0 779.0 13.0 779.0 61.0 739.0 61.0 small-vehicle 0
318.0 145.0 359.0 145.0 359.0 188.0 318.0 188.0 small-vehicle 0
302.0 158.0 342.0 158.0 342.0 203.0 302.0 203.0 small-vehicle 0
280.0 173.0 324.0 173.0 324.0 217.0 280.0 217.0 small-vehicle 0
265.0 189.0 305.0 189.0 305.0 231.0 265.0 231.0 small-vehicle 0
245.0 201.0 284.0 201.0 284.0 244.0 245.0 244.0 small-vehicle 0
230.0 217.0 272.0 217.0 272.0 261.0 230.0 261.0 small-vehicle 0
215.0 231.0 254.0 231.0 254.0 276.0 215.0 276.0 small-vehicle 0
200.0 245.0 239.0 245.0 239.0 290.0 200.0 290.0 small-vehicle 0
177.0 260.0 218.0 260.0 218.0 305.0 177.0 305.0 small-vehicle 0
160.0 277.0 201.0 277.0 201.0 322.0 160.0 322.0 small-vehicle 0
144.0 291.0 180.0 291.0 180.0 331.0 144.0 331.0 small-vehicle 0
1.0 394.0 40.0 394.0 40.0 439.0 1.0 439.0 small-vehicle 0
34.0 318.0 141.0 318.0 141.0 409.0 34.0 409.0 large-vehicle 0
764.0 97.0 949.0 97.0 949.0 311.0 764.0 311.0 tennis-court 0
663.0 162.0 849.0 162.0 849.0 379.0 663.0 379.0 tennis-court 0
519.0 260.0 705.0 260.0 705.0 475.0 519.0 475.0 tennis-court 0
425.0 323.0 611.0 323.0 611.0 538.0 425.0 538.0 tennis-court 0
331.0 386.0 517.0 386.0 517.0 601.0 331.0 601.0 tennis-court 0
237.0 449.0 423.0 449.0 423.0 664.0 237.0 664.0 tennis-court 0
335.0 132.0 377.0 132.0 377.0 176.0 335.0 176.0 small-vehicle 0
353.0 118.0 394.0 118.0 394.0 164.0 353.0 164.0 small-vehicle 0
591.0 121.0 629.0 121.0 629.0 164.0 591.0 164.0 small-vehicle 0
263.0 313.0 309.0 313.0 309.0 364.0 263.0 364.0 small-vehicle 0
721.0 28.0 761.0 28.0 761.0 75.0 721.0 75.0 small-vehicle 0
708.0 50.0 742.0 50.0 742.0 89.0 708.0 89.0 small-vehicle 0
685.0 54.0 723.0 54.0 723.0 99.0 685.0 99.0 small-vehicle 0
661.0 65.0 706.0 65.0 706.0 113.0 661.0 113.0 small-vehicle 0
178.0 388.0 220.0 388.0 220.0 432.0 178.0 432.0 small-vehicle 0
201.0 372.0 244.0 372.0 244.0 422.0 201.0 422.0 small-vehicle 0
218.0 353.0 263.0 353.0 263.0 402.0 218.0 402.0 small-vehicle 0
244.0 332.0 290.0 332.0 290.0 380.0 244.0 380.0 small-vehicle 0
340.0 261.0 388.0 261.0 388.0 310.0 340.0 310.0 small-vehicle 0
608.0 102.0 648.0 102.0 648.0 150.0 608.0 150.0 small-vehicle 0
360.0 241.0 410.0 241.0 410.0 289.0 360.0 289.0 small-vehicle 0
390.0 224.0 437.0 224.0 437.0 273.0 390.0 273.0 small-vehicle 0
413.0 206.0 459.0 206.0 459.0 255.0 413.0 255.0 small-vehicle 0
436.0 188.0 479.0 188.0 479.0 237.0 436.0 237.0 small-vehicle 0
453.0 171.0 501.0 171.0 501.0 223.0 453.0 223.0 small-vehicle 0
475.0 151.0 526.0 151.0 526.0 206.0 475.0 206.0 small-vehicle 0
508.0 139.0 548.0 139.0 548.0 185.0 508.0 185.0 small-vehicle 0
631.0 92.0 668.0 92.0 668.0 135.0 631.0 135.0 small-vehicle 0
15.0 608.0 201.0 608.0 201.0 823.0 15.0 823.0 tennis-court 0
