475.0 833.0 535.0 833.0 535.0 870.0 475.0 870.0 small-vehicle 0
365.0 355.0 399.0 355.0 399.0 442.0 365.0 442.0 large-vehicle 0
363.0 564.0 422.0 564.0 422.0 602.0 363.0 602.0 large-vehicle 0
485.0 506.0 533.0 506.0 533.0 599.0 485.0 599.0 large-vehicle 0
405.0 755.0 450.0 755.0 450.0 827.0 405.0 827.0 large-vehicle 0
430.0 680.0 468.0 680.0 468.0 753.0 430.0 753.0 large-vehicle 0
231.0 291.0 308.0 291.0 308.0 332.0 231.0 332.0 large-vehicle 0
447.0 341.0 533.0 341.0 533.0 380.0 447.0 380.0 large-vehicle 0
289.0 449.0 331.0 449.0 331.0 530.0 289.0 530.0 large-vehicle 0
402.0 502.0 481.0 502.0 481.0 540.0 402.0 540.0 large-vehicle 0
202.0 395.0 281.0 395.0 281.0 430.0 202.0 430.0 large-vehicle 0
525.0 430.0 568.0 430.0 568.0 493.0 525.0 493.0 large-vehicle 0
520.0 719.0 582.0 719.0 582.0 755.0 520.0 755.0 large-vehicle 0
403.0 161.0 440.0 161.0 440.0 214.0 403.0 214.0 large-vehicle 0
185.0 525.0 233.0 525.0 233.0 544.0 185.0 544.0 large-vehicle 0
295.0 537.0 324.0 537.0 324.0 586.0 295.0 586.0 large-vehicle 0
390.0 524.0 476.0 524.0 476.0 566.0 390.0 566.0 large-vehicle 0
345.0 493.0 382.0 493.0 382.0 569.0 345.0 569.0 large-vehicle 0
498.0 795.0 545.0 795.0 545.0 828.0 498.0 828.0 small-vehicle 0
190.0 425.0 272.0 425.0 272.0 458.0 190.0 458.0 large-vehicle 0
265.0 226.0 353.0 226.0 353.0 268.0 265.0 268.0 large-vehicle 0
254.0 246.0 341.0 246.0 341.0 292.0 254.0 292.0 large-vehicle 0
250.0 268.0 329.0 268.0 329.0 313.0 250.0 313.0 large-vehicle 0
224.0 313.0 305.0 313.0 305.0 364.0 224.0 364.0 large-vehicle 0
225.0 338.0 300.0 338.0 300.0 387.0 225.0 387.0 large-vehicle 0
224.0 366.0 288.0 366.0 288.0 409.0 224.0 409.0 large-vehicle 0
169.0 479.0 250.0 479.0 250.0 512.0 169.0 512.0 large-vehicle 0
407.0 483.0 493.0 483.0 493.0 515.0 407.0 515.0 large-vehicle 0
261.0 458.0 300.0 458.0 300.0 531.0 261.0 531.0 large-vehicle 0
375.0 220.0 413.0 220.0 413.0 299.0 375.0 299.0 large-vehicle 0
500.0 283.0 565.0 283.0 565.0 312.0 500.0 312.0 large-vehicle 0
464.0 314.0 547.0 314.0 547.0 357.0 464.0 357.0 large-vehicle 0
438.0 361.0 517.0 361.0 517.0 400.0 438.0 400.0 large-vehicle 0
438.0 390.0 523.0 390.0 523.0 432.0 438.0 432.0 large-vehicle 0
369.0 542.0 457.0 542.0 457.0 587.0 369.0 587.0 large-vehicle 0
219.0 138.0 249.0 138.0 249.0 180.0 219.0 180.0 small-vehicle 0
181.0 246.0 212.0 246.0 212.0 292.0 181.0 292.0 small-vehicle 0
449.0 250.0 488.0 250.0 488.0 272.0 449.0 272.0 small-vehicle 0
482.0 147.0 525.0 147.0 525.0 176.0 482.0 176.0 small-vehicle 0
534.0 166.0 579.0 166.0 579.0 197.0 534.0 197.0 small-vehicle 0
526.0 215.0 567.0 215.0 567.0 246.0 526.0 246.0 small-vehicle 0
444.0 219.0 498.0 219.0 498.0 249.0 444.0 249.0 small-vehicle 0
422.0 176.0 455.0 176.0 455.0 221.0 422.0 221.0 large-vehicle 0
421.0 220.0 444.0 220.0 444.0 260.0 421.0 260.0 small-vehicle 0
491.0 235.0 525.0 235.0 525.0 250.0 491.0 250.0 small-vehicle 0
183.0 314.0 207.0 314.0 207.0 353.0 183.0 353.0 small-vehicle 0
533.0 254.0 576.0 254.0 576.0 279.0 533.0 279.0 small-vehicle 0
542.0 376.0 571.0 376.0 571.0 420.0 542.0 420.0 small-vehicle 0
587.0 256.0 619.0 256.0 619.0 299.0 587.0 299.0 small-vehicle 0
565.0 621.0 609.0 621.0 609.0 652.0 565.0 652.0 small-vehicle 0
588.0 583.0 619.0 583.0 619.0 605.0 588.0 605.0 small-vehicle 0
484.0 813.0 533.0 813.0 533.0 847.0 484.0 847.0 small-vehicle 0
431.0 125.0 475.0 125.0 475.0 157.0 431.0 157.0 small-vehicle 0
618.0 122.0 661.0 122.0 661.0 151.0 618.0 151.0 small-vehicle 0
580.0 105.0 619.0 105.0 619.0 133.0 580.0 133.0 small-vehicle 0
539.0 88.0 578.0 88.0 578.0 116.0 539.0 116.0 small-vehicle 0
495.0 72.0 537.0 72.0 537.0 101.0 495.0 101.0 small-vehicle 0
340.0 5.0 379.0 5.0 379.0 34.0 340.0 34.0 small-vehicle 0
104.0 531.0 130.0 531.0 130.0 572.0 104.0 572.0 small-vehicle 0
124.0 478.0 149.0 478.0 149.0 516.0 124.0 516.0 small-vehicle 0
35.0 317.0 72.0 317.0 72.0 340.0 35.0 340.0 small-vehicle 0
87.0 305.0 120.0 305.0 120.0 349.0 87.0 349.0 small-vehicle 0
70.0 353.0 102.0 353.0 102.0 394.0 70.0 394.0 small-vehicle 0
57.0 398.0 84.0 398.0 84.0 446.0 57.0 446.0 small-vehicle 0
119.0 422.0 148.0 422.0 148.0 465.0 119.0 465.0 small-vehicle 0
145.0 391.0 179.0 391.0 179.0 443.0 145.0 443.0 small-vehicle 0
146.0 344.0 175.0 344.0 175.0 384.0 146.0 384.0 small-vehicle 0
106.0 262.0 136.0 262.0 136.0 306.0 106.0 306.0 small-vehicle 0
161.0 303.0 187.0 303.0 187.0 346.0 161.0 346.0 small-vehicle 0
276.0 169.0 353.0 169.0 353.0 214.0 276.0 214.0 large-vehicle 0
