151.0 633.0 169.0 633.0 169.0 657.0 151.0 657.0 ship 0
70.0 663.0 87.0 663.0 87.0 688.0 70.0 688.0 ship 0
172.0 245.0 205.0 245.0 205.0 310.0 172.0 310.0 harbor 0
244.0 232.0 287.0 232.0 287.0 324.0 244.0 324.0 harbor 0
308.0 250.0 351.0 250.0 351.0 343.0 308.0 343.0 harbor 0
398.0 339.0 441.0 339.0 441.0 419.0 398.0 419.0 harbor 0
563.0 291.0 589.0 291.0 589.0 411.0 563.0 411.0 harbor 0
325.0 741.0 374.0 741.0 374.0 887.0 325.0 887.0 harbor 0
248.0 815.0 290.0 815.0 290.0 945.0 248.0 945.0 harbor 0
210.0 831.0 252.0 831.0 252.0 920.0 210.0 920.0 harbor 0
25.0 612.0 228.0 612.0 228.0 734.0 25.0 734.0 harbor 0
188.0 270.0 205.0 270.0 205.0 294.0 188.0 294.0 ship 0
211.0 617.0 241.0 617.0 241.0 658.0 211.0 658.0 ship 0
84.0 652.0 106.0 652.0 106.0 685.0 84.0 685.0 ship 0
29.0 680.0 62.0 680.0 62.0 703.0 29.0 703.0 ship 0
38.0 690.0 69.0 690.0 69.0 712.0 38.0 712.0 ship 0
43.0 703.0 72.0 703.0 72.0 723.0 43.0 723.0 ship 0
83.0 710.0 105.0 710.0 105.0 726.0 83.0 726.0 ship 0
75.0 766.0 101.0 766.0 101.0 786.0 75.0 786.0 ship 0
59.0 667.0 79.0 667.0 79.0 692.0 59.0 692.0 ship 0
136.0 668.0 151.0 668.0 151.0 687.0 136.0 687.0 ship 0
143.0 636.0 160.0 636.0 160.0 660.0 143.0 660.0 ship 0
182.0 620.0 200.0 620.0 200.0 643.0 182.0 643.0 ship 0
120.0 216.0 133.0 216.0 133.0 271.0 120.0 271.0 harbor 0
