512.0 126.0 536.0 126.0 536.0 145.0 512.0 145.0 ship 0
101.0 439.0 114.0 439.0 114.0 463.0 101.0 463.0 ship 0
11.0 513.0 47.0 513.0 47.0 529.0 11.0 529.0 ship 0
89.0 442.0 101.0 442.0 101.0 466.0 89.0 466.0 small-vehicle 0
77.0 495.0 111.0 495.0 111.0 512.0 77.0 512.0 small-vehicle 0
169.0 222.0 185.0 222.0 185.0 244.0 169.0 244.0 small-vehicle 0
54.0 907.0 262.0 907.0 262.0 1033.0 54.0 1033.0 harbor 0
210.0 620.0 388.0 620.0 388.0 762.0 210.0 762.0 harbor 0
67.0 642.0 99.0 642.0 99.0 700.0 67.0 700.0 swimming-pool 0
350.0 450.0 471.0 450.0 471.0 528.0 350.0 528.0 harbor 0
226.0 398.0 252.0 398.0 252.0 442.0 226.0 442.0 swimming-pool 0
430.0 248.0 558.0 248.0 558.0 292.0 430.0 292.0 harbor 0
444.0 132.0 572.0 132.0 572.0 188.0 444.0 188.0 harbor 0
462.0 30.0 616.0 30.0 616.0 72.0 462.0 72.0 harbor 0
