739.0 410.0 771.0 410.0 771.0 444.0 739.0 444.0 harbor 0
742.0 136.0 796.0 136.0 796.0 220.0 742.0 220.0 harbor 0
547.0 186.0 595.0 186.0 595.0 252.0 547.0 252.0 harbor 0
502.0 195.0 532.0 195.0 532.0 264.0 502.0 264.0 harbor 0
391.0 167.0 464.0 167.0 464.0 243.0 391.0 243.0 harbor 0
277.0 275.0 322.0 275.0 322.0 331.0 277.0 331.0 harbor 0
184.0 675.0 211.0 675.0 211.0 746.0 184.0 746.0 harbor 0
424.0 628.0 448.0 628.0 448.0 651.0 424.0 651.0 harbor 0
318.0 504.0 366.0 504.0 366.0 549.0 318.0 549.0 harbor 0
276.0 371.0 323.0 371.0 323.0 412.0 276.0 412.0 harbor 0
187.0 486.0 231.0 486.0 231.0 556.0 187.0 556.0 harbor 0
138.0 66.0 181.0 66.0 181.0 91.0 138.0 91.0 harbor 0
