811.0 469.0 858.0 469.0 858.0 526.0 811.0 526.0 ship 0
974.0 738.0 1004.0 738.0 1004.0 774.0 974.0 774.0 small-vehicle 0
952.0 747.0 985.0 747.0 985.0 789.0 952.0 789.0 small-vehicle 0
891.0 848.0 924.0 848.0 924.0 892.0 891.0 892.0 small-vehicle 0
866.0 839.0 898.0 839.0 898.0 879.0 866.0 879.0 small-vehicle 0
834.0 836.0 868.0 836.0 868.0 877.0 834.0 877.0 small-vehicle 0
487.0 1059.0 527.0 1059.0 527.0 1103.0 487.0 1103.0 small-vehicle 0
781.0 453.0 917.0 453.0 917.0 592.0 781.0 592.0 harbor 0
559.0 120.0 661.0 120.0 661.0 249.0 559.0 249.0 harbor 0
693.0 40.0 842.0 40.0 842.0 196.0 693.0 196.0 harbor 0
560.0 632.0 649.0 632.0 649.0 760.0 560.0 760.0 harbor 0
417.0 724.0 512.0 724.0 512.0 832.0 417.0 832.0 harbor 0
180.0 829.0 261.0 829.0 261.0 935.0 180.0 935.0 harbor 0
