879.0 110.0 902.0 110.0 902.0 146.0 879.0 146.0 small-vehicle 0
784.0 1042.0 823.0 1042.0 823.0 1060.0 784.0 1060.0 small-vehicle 0
234.0 438.0 277.0 438.0 277.0 460.0 234.0 460.0 small-vehicle 0
292.0 444.0 334.0 444.0 334.0 467.0 292.0 467.0 small-vehicle 0
415.0 340.0 468.0 340.0 468.0 367.0 415.0 367.0 ship 0
266.0 530.0 343.0 530.0 343.0 552.0 266.0 552.0 large-vehicle 0
60.0 594.0 110.0 594.0 110.0 621.0 60.0 621.0 small-vehicle 0
67.0 622.0 109.0 622.0 109.0 646.0 67.0 646.0 small-vehicle 0
56.0 702.0 106.0 702.0 106.0 727.0 56.0 727.0 small-vehicle 0
458.0 748.0 495.0 748.0 495.0 766.0 458.0 766.0 small-vehicle 0
252.0 922.0 297.0 922.0 297.0 948.0 252.0 948.0 small-vehicle 0
562.0 955.0 607.0 955.0 607.0 976.0 562.0 976.0 small-vehicle 0
618.0 1025.0 658.0 1025.0 658.0 1043.0 618.0 1043.0 small-vehicle 0
608.0 958.0 657.0 958.0 657.0 985.0 608.0 985.0 small-vehicle 0
617.0 1097.0 657.0 1097.0 657.0 1119.0 617.0 1119.0 small-vehicle 0
625.0 1074.0 663.0 1074.0 663.0 1095.0 625.0 1095.0 small-vehicle 0
524.0 1098.0 565.0 1098.0 565.0 1122.0 524.0 1122.0 small-vehicle 0
584.0 1110.0 629.0 1110.0 629.0 1133.0 584.0 1133.0 small-vehicle 0
463.0 725.0 496.0 725.0 496.0 743.0 463.0 743.0 small-vehicle 0
573.0 361.0 612.0 361.0 612.0 384.0 573.0 384.0 small-vehicle 0
473.0 351.0 517.0 351.0 517.0 371.0 473.0 371.0 small-vehicle 0
560.0 27.0 599.0 27.0 599.0 43.0 560.0 43.0 small-vehicle 0
764.0 495.0 825.0 495.0 825.0 516.0 764.0 516.0 large-vehicle 0
251.0 469.0 343.0 469.0 343.0 498.0 251.0 498.0 large-vehicle 0
759.0 416.0 843.0 416.0 843.0 440.0 759.0 440.0 large-vehicle 0
647.0 859.0 708.0 859.0 708.0 879.0 647.0 879.0 large-vehicle 0
225.0 758.0 318.0 758.0 318.0 783.0 225.0 783.0 large-vehicle 0
750.0 440.0 840.0 440.0 840.0 468.0 750.0 468.0 large-vehicle 0
765.0 471.0 834.0 471.0 834.0 494.0 765.0 494.0 large-vehicle 0
516.0 449.0 599.0 449.0 599.0 475.0 516.0 475.0 large-vehicle 0
259.0 561.0 318.0 561.0 318.0 579.0 259.0 579.0 large-vehicle 0
572.0 44.0 611.0 44.0 611.0 63.0 572.0 63.0 small-vehicle 0
261.0 590.0 319.0 590.0 319.0 607.0 261.0 607.0 large-vehicle 0
242.0 618.0 322.0 618.0 322.0 636.0 242.0 636.0 large-vehicle 0
227.0 643.0 328.0 643.0 328.0 670.0 227.0 670.0 large-vehicle 0
228.0 674.0 328.0 674.0 328.0 697.0 228.0 697.0 large-vehicle 0
224.0 700.0 327.0 700.0 327.0 728.0 224.0 728.0 large-vehicle 0
221.0 731.0 319.0 731.0 319.0 754.0 221.0 754.0 large-vehicle 0
258.0 791.0 315.0 791.0 315.0 816.0 258.0 816.0 large-vehicle 0
706.0 997.0 760.0 997.0 760.0 1024.0 706.0 1024.0 small-vehicle 0
797.0 979.0 832.0 979.0 832.0 999.0 797.0 999.0 small-vehicle 0
836.0 80.0 869.0 80.0 869.0 98.0 836.0 98.0 small-vehicle 0
658.0 965.0 689.0 965.0 689.0 983.0 658.0 983.0 small-vehicle 0
829.0 597.0 875.0 597.0 875.0 617.0 829.0 617.0 small-vehicle 0
831.0 578.0 875.0 578.0 875.0 596.0 831.0 596.0 small-vehicle 0
787.0 604.0 825.0 604.0 825.0 624.0 787.0 624.0 small-vehicle 0
784.0 543.0 823.0 543.0 823.0 560.0 784.0 560.0 small-vehicle 0
838.0 537.0 883.0 537.0 883.0 556.0 838.0 556.0 small-vehicle 0
835.0 556.0 878.0 556.0 878.0 576.0 835.0 576.0 small-vehicle 0
773.0 519.0 816.0 519.0 816.0 537.0 773.0 537.0 small-vehicle 0
843.0 496.0 886.0 496.0 886.0 514.0 843.0 514.0 small-vehicle 0
786.0 563.0 827.0 563.0 827.0 581.0 786.0 581.0 small-vehicle 0
786.0 586.0 826.0 586.0 826.0 603.0 786.0 603.0 small-vehicle 0
844.0 472.0 889.0 472.0 889.0 492.0 844.0 492.0 small-vehicle 0
762.0 389.0 817.0 389.0 817.0 414.0 762.0 414.0 small-vehicle 0
716.0 105.0 738.0 105.0 738.0 139.0 716.0 139.0 small-vehicle 0
760.0 105.0 777.0 105.0 777.0 138.0 760.0 138.0 small-vehicle 0
776.0 107.0 797.0 107.0 797.0 142.0 776.0 142.0 small-vehicle 0
700.0 43.0 743.0 43.0 743.0 66.0 700.0 66.0 small-vehicle 0
843.0 120.0 865.0 120.0 865.0 156.0 843.0 156.0 small-vehicle 0
829.0 617.0 873.0 617.0 873.0 639.0 829.0 639.0 small-vehicle 0
828.0 635.0 868.0 635.0 868.0 656.0 828.0 656.0 small-vehicle 0
784.0 629.0 821.0 629.0 821.0 647.0 784.0 647.0 small-vehicle 0
813.0 821.0 852.0 821.0 852.0 841.0 813.0 841.0 small-vehicle 0
832.0 1042.0 867.0 1042.0 867.0 1064.0 832.0 1064.0 small-vehicle 0
789.0 1094.0 833.0 1094.0 833.0 1117.0 789.0 1117.0 small-vehicle 0
788.0 1132.0 831.0 1132.0 831.0 1158.0 788.0 1158.0 small-vehicle 0
761.0 1090.0 784.0 1090.0 784.0 1133.0 761.0 1133.0 small-vehicle 0
806.0 861.0 847.0 861.0 847.0 882.0 806.0 882.0 small-vehicle 0
808.0 886.0 845.0 886.0 845.0 906.0 808.0 906.0 small-vehicle 0
808.0 839.0 847.0 839.0 847.0 861.0 808.0 861.0 small-vehicle 0
814.0 783.0 863.0 783.0 863.0 808.0 814.0 808.0 small-vehicle 0
778.0 648.0 818.0 648.0 818.0 671.0 778.0 671.0 small-vehicle 0
820.0 762.0 860.0 762.0 860.0 784.0 820.0 784.0 small-vehicle 0
772.0 697.0 814.0 697.0 814.0 720.0 772.0 720.0 small-vehicle 0
819.0 717.0 860.0 717.0 860.0 739.0 819.0 739.0 small-vehicle 0
823.0 696.0 866.0 696.0 866.0 720.0 823.0 720.0 small-vehicle 0
823.0 678.0 871.0 678.0 871.0 697.0 823.0 697.0 small-vehicle 0
826.0 657.0 868.0 657.0 868.0 679.0 826.0 679.0 small-vehicle 0
775.0 672.0 818.0 672.0 818.0 694.0 775.0 694.0 small-vehicle 0
276.0 415.0 354.0 415.0 354.0 439.0 276.0 439.0 large-vehicle 0
