1085.0 550.0 1108.0 550.0 1108.0 589.0 1085.0 589.0 small-vehicle 0
1069.0 547.0 1092.0 547.0 1092.0 581.0 1069.0 581.0 small-vehicle 0
1051.0 504.0 1083.0 504.0 1083.0 522.0 1051.0 522.0 small-vehicle 0
634.0 177.0 676.0 177.0 676.0 223.0 634.0 223.0 small-vehicle 0
667.0 220.0 714.0 220.0 714.0 273.0 667.0 273.0 small-vehicle 0
303.0 659.0 342.0 659.0 342.0 687.0 303.0 687.0 small-vehicle 0
1146.0 697.0 1229.0 697.0 1229.0 762.0 1146.0 762.0 swimming-pool 0
960.0 569.0 1057.0 569.0 1057.0 617.0 960.0 617.0 swimming-pool 0
906.0 694.0 1000.0 694.0 1000.0 772.0 906.0 772.0 swimming-pool 0
627.0 922.0 740.0 922.0 740.0 1018.0 627.0 1018.0 swimming-pool 0
170.0 521.0 238.0 521.0 238.0 620.0 170.0 620.0 swimming-pool 0
288.0 255.0 370.0 255.0 370.0 355.0 288.0 355.0 swimming-pool 0
