758.0 285.0 816.0 285.0 816.0 329.0 758.0 329.0 small-vehicle 0
800.0 43.0 837.0 43.0 837.0 125.0 800.0 125.0 large-vehicle 0
287.0 413.0 365.0 413.0 365.0 468.0 287.0 468.0 large-vehicle 0
287.0 445.0 369.0 445.0 369.0 499.0 287.0 499.0 large-vehicle 0
292.0 476.0 376.0 476.0 376.0 533.0 292.0 533.0 large-vehicle 0
310.0 513.0 385.0 513.0 385.0 569.0 310.0 569.0 large-vehicle 0
315.0 550.0 393.0 550.0 393.0 606.0 315.0 606.0 large-vehicle 0
338.0 636.0 414.0 636.0 414.0 693.0 338.0 693.0 large-vehicle 0
341.0 670.0 421.0 670.0 421.0 727.0 341.0 727.0 large-vehicle 0
352.0 708.0 431.0 708.0 431.0 762.0 352.0 762.0 large-vehicle 0
356.0 740.0 441.0 740.0 441.0 799.0 356.0 799.0 large-vehicle 0
370.0 780.0 449.0 780.0 449.0 835.0 370.0 835.0 large-vehicle 0
376.0 814.0 455.0 814.0 455.0 869.0 376.0 869.0 large-vehicle 0
374.0 843.0 455.0 843.0 455.0 899.0 374.0 899.0 large-vehicle 0
395.0 887.0 474.0 887.0 474.0 941.0 395.0 941.0 large-vehicle 0
405.0 925.0 483.0 925.0 483.0 978.0 405.0 978.0 large-vehicle 0
411.0 958.0 493.0 958.0 493.0 1014.0 411.0 1014.0 large-vehicle 0
423.0 993.0 502.0 993.0 502.0 1051.0 423.0 1051.0 large-vehicle 0
429.0 1030.0 509.0 1030.0 509.0 1087.0 429.0 1087.0 large-vehicle 0
429.0 1064.0 489.0 1064.0 489.0 1110.0 429.0 1110.0 large-vehicle 0
376.0 358.0 450.0 358.0 450.0 405.0 376.0 405.0 large-vehicle 0
280.0 372.0 355.0 372.0 355.0 429.0 280.0 429.0 large-vehicle 0
773.0 49.0 809.0 49.0 809.0 130.0 773.0 130.0 large-vehicle 0
707.0 299.0 756.0 299.0 756.0 360.0 707.0 360.0 small-vehicle 0
721.0 61.0 760.0 61.0 760.0 144.0 721.0 144.0 large-vehicle 0
89.0 204.0 125.0 204.0 125.0 284.0 89.0 284.0 large-vehicle 0
120.0 208.0 153.0 208.0 153.0 286.0 120.0 286.0 large-vehicle 0
144.0 196.0 178.0 196.0 178.0 273.0 144.0 273.0 large-vehicle 0
196.0 184.0 236.0 184.0 236.0 263.0 196.0 263.0 large-vehicle 0
247.0 173.0 282.0 173.0 282.0 249.0 247.0 249.0 large-vehicle 0
273.0 161.0 306.0 161.0 306.0 232.0 273.0 232.0 large-vehicle 0
300.0 155.0 336.0 155.0 336.0 231.0 300.0 231.0 large-vehicle 0
355.0 148.0 390.0 148.0 390.0 225.0 355.0 225.0 large-vehicle 0
379.0 141.0 415.0 141.0 415.0 217.0 379.0 217.0 large-vehicle 0
405.0 133.0 444.0 133.0 444.0 214.0 405.0 214.0 large-vehicle 0
432.0 128.0 471.0 128.0 471.0 211.0 432.0 211.0 large-vehicle 0
484.0 116.0 517.0 116.0 517.0 189.0 484.0 189.0 large-vehicle 0
507.0 108.0 542.0 108.0 542.0 187.0 507.0 187.0 large-vehicle 0
536.0 103.0 568.0 103.0 568.0 180.0 536.0 180.0 large-vehicle 0
559.0 96.0 596.0 96.0 596.0 177.0 559.0 177.0 large-vehicle 0
615.0 85.0 655.0 85.0 655.0 167.0 615.0 167.0 large-vehicle 0
642.0 80.0 681.0 80.0 681.0 158.0 642.0 158.0 large-vehicle 0
667.0 72.0 705.0 72.0 705.0 152.0 667.0 152.0 large-vehicle 0
693.0 69.0 730.0 69.0 730.0 149.0 693.0 149.0 large-vehicle 0
365.0 392.0 445.0 392.0 445.0 449.0 365.0 449.0 large-vehicle 0
376.0 430.0 455.0 430.0 455.0 486.0 376.0 486.0 large-vehicle 0
383.0 463.0 460.0 463.0 460.0 518.0 383.0 518.0 large-vehicle 0
395.0 501.0 475.0 501.0 475.0 558.0 395.0 558.0 large-vehicle 0
302.0 995.0 331.0 995.0 331.0 1039.0 302.0 1039.0 small-vehicle 0
69.0 1060.0 115.0 1060.0 115.0 1096.0 69.0 1096.0 small-vehicle 0
80.0 1082.0 127.0 1082.0 127.0 1115.0 80.0 1115.0 small-vehicle 0
818.0 1154.0 844.0 1154.0 844.0 1194.0 818.0 1194.0 small-vehicle 0
717.0 785.0 771.0 785.0 771.0 818.0 717.0 818.0 small-vehicle 0
712.0 726.0 767.0 726.0 767.0 760.0 712.0 760.0 small-vehicle 0
780.0 700.0 832.0 700.0 832.0 744.0 780.0 744.0 small-vehicle 0
811.0 690.0 863.0 690.0 863.0 735.0 811.0 735.0 small-vehicle 0
664.0 585.0 722.0 585.0 722.0 630.0 664.0 630.0 small-vehicle 0
659.0 553.0 716.0 553.0 716.0 594.0 659.0 594.0 small-vehicle 0
773.0 548.0 818.0 548.0 818.0 604.0 773.0 604.0 small-vehicle 0
817.0 538.0 868.0 538.0 868.0 581.0 817.0 581.0 small-vehicle 0
760.0 526.0 805.0 526.0 805.0 579.0 760.0 579.0 small-vehicle 0
642.0 487.0 700.0 487.0 700.0 537.0 642.0 537.0 small-vehicle 0
759.0 483.0 803.0 483.0 803.0 537.0 759.0 537.0 small-vehicle 0
740.0 417.0 788.0 417.0 788.0 477.0 740.0 477.0 small-vehicle 0
790.0 410.0 843.0 410.0 843.0 454.0 790.0 454.0 small-vehicle 0
792.0 437.0 849.0 437.0 849.0 489.0 792.0 489.0 small-vehicle 0
773.0 347.0 831.0 347.0 831.0 393.0 773.0 393.0 small-vehicle 0
246.0 772.0 278.0 772.0 278.0 816.0 246.0 816.0 small-vehicle 0
539.0 471.0 618.0 471.0 618.0 521.0 539.0 521.0 large-vehicle 0
555.0 524.0 628.0 524.0 628.0 559.0 555.0 559.0 large-vehicle 0
491.0 909.0 571.0 909.0 571.0 968.0 491.0 968.0 large-vehicle 0
412.0 571.0 489.0 571.0 489.0 626.0 412.0 626.0 large-vehicle 0
428.0 646.0 507.0 646.0 507.0 704.0 428.0 704.0 large-vehicle 0
439.0 690.0 518.0 690.0 518.0 749.0 439.0 749.0 large-vehicle 0
452.0 731.0 533.0 731.0 533.0 791.0 452.0 791.0 large-vehicle 0
540.0 766.0 574.0 766.0 574.0 827.0 540.0 827.0 large-vehicle 0
461.0 769.0 542.0 769.0 542.0 829.0 461.0 829.0 large-vehicle 0
505.0 825.0 586.0 825.0 586.0 880.0 505.0 880.0 large-vehicle 0
476.0 838.0 556.0 838.0 556.0 896.0 476.0 896.0 large-vehicle 0
498.0 944.0 580.0 944.0 580.0 1002.0 498.0 1002.0 large-vehicle 0
569.0 577.0 650.0 577.0 650.0 623.0 569.0 623.0 large-vehicle 0
507.0 981.0 587.0 981.0 587.0 1039.0 507.0 1039.0 large-vehicle 0
665.0 959.0 737.0 959.0 737.0 1017.0 665.0 1017.0 large-vehicle 0
657.0 928.0 726.0 928.0 726.0 989.0 657.0 989.0 large-vehicle 0
650.0 898.0 725.0 898.0 725.0 957.0 650.0 957.0 large-vehicle 0
644.0 874.0 716.0 874.0 716.0 924.0 644.0 924.0 large-vehicle 0
633.0 814.0 709.0 814.0 709.0 854.0 633.0 854.0 large-vehicle 0
621.0 788.0 698.0 788.0 698.0 826.0 621.0 826.0 large-vehicle 0
587.0 624.0 661.0 624.0 661.0 657.0 587.0 657.0 large-vehicle 0
65.0 223.0 98.0 223.0 98.0 303.0 65.0 303.0 large-vehicle 0
