1001.0 720.0 1039.0 720.0 1039.0 753.0 1001.0 753.0 small-vehicle 1
811.0 967.0 839.0 967.0 839.0 1008.0 811.0 1008.0 small-vehicle 1
589.0 123.0 758.0 123.0 758.0 338.0 589.0 338.0 tennis-court 0
695.0 175.0 863.0 175.0 863.0 390.0 695.0 390.0 tennis-court 0
799.0 226.0 967.0 226.0 967.0 442.0 799.0 442.0 tennis-court 0
567.0 435.0 735.0 435.0 735.0 649.0 567.0 649.0 tennis-court 0
332.0 643.0 499.0 643.0 499.0 858.0 332.0 858.0 tennis-court 0
461.0 382.0 628.0 382.0 628.0 599.0 461.0 599.0 tennis-court 0
355.0 330.0 525.0 330.0 525.0 545.0 355.0 545.0 tennis-court 1
228.0 592.0 395.0 592.0 395.0 805.0 228.0 805.0 tennis-court 1
438.0 695.0 604.0 695.0 604.0 908.0 438.0 908.0 tennis-court 1
542.0 749.0 707.0 749.0 707.0 959.0 542.0 959.0 tennis-court 1
672.0 486.0 838.0 486.0 838.0 701.0 672.0 701.0 tennis-court 1
182.0 973.0 220.0 973.0 220.0 1004.0 182.0 1004.0 small-vehicle 0
132.0 1036.0 172.0 1036.0 172.0 1066.0 132.0 1066.0 small-vehicle 0
172.0 1055.0 215.0 1055.0 215.0 1089.0 172.0 1089.0 small-vehicle 0
436.0 1097.0 479.0 1097.0 479.0 1130.0 436.0 1130.0 small-vehicle 0
345.0 1053.0 384.0 1053.0 384.0 1082.0 345.0 1082.0 small-vehicle 0
709.0 1009.0 740.0 1009.0 740.0 1046.0 709.0 1046.0 small-vehicle 0
842.0 753.0 876.0 753.0 876.0 793.0 842.0 793.0 small-vehicle 0
901.0 658.0 933.0 658.0 933.0 696.0 901.0 696.0 small-vehicle 0
928.0 614.0 961.0 614.0 961.0 654.0 928.0 654.0 small-vehicle 0
789.0 1007.0 822.0 1007.0 822.0 1048.0 789.0 1048.0 small-vehicle 1
486.0 71.0 653.0 71.0 653.0 286.0 486.0 286.0 tennis-court 0
