1379.0 655.0 1415.0 655.0 1415.0 683.0 1379.0 683.0 small-vehicle 0
857.0 601.0 932.0 601.0 932.0 665.0 857.0 665.0 large-vehicle 0
367.0 1069.0 424.0 1069.0 424.0 1146.0 367.0 1146.0 large-vehicle 0
596.0 202.0 641.0 202.0 641.0 267.0 596.0 267.0 large-vehicle 0
705.0 217.0 763.0 217.0 763.0 300.0 705.0 300.0 large-vehicle 0
815.0 261.0 868.0 261.0 868.0 342.0 815.0 342.0 large-vehicle 0
865.0 286.0 918.0 286.0 918.0 369.0 865.0 369.0 large-vehicle 0
971.0 333.0 1026.0 333.0 1026.0 415.0 971.0 415.0 large-vehicle 0
1047.0 368.0 1101.0 368.0 1101.0 451.0 1047.0 451.0 large-vehicle 0
1068.0 387.0 1127.0 387.0 1127.0 467.0 1068.0 467.0 large-vehicle 0
1092.0 404.0 1154.0 404.0 1154.0 482.0 1092.0 482.0 large-vehicle 0
770.0 535.0 852.0 535.0 852.0 598.0 770.0 598.0 large-vehicle 0
750.0 740.0 825.0 740.0 825.0 807.0 750.0 807.0 large-vehicle 0
637.0 439.0 713.0 439.0 713.0 494.0 637.0 494.0 large-vehicle 0
750.0 518.0 826.0 518.0 826.0 580.0 750.0 580.0 large-vehicle 0
819.0 565.0 898.0 565.0 898.0 629.0 819.0 629.0 large-vehicle 0
878.0 631.0 938.0 631.0 938.0 682.0 878.0 682.0 large-vehicle 0
113.0 744.0 161.0 744.0 161.0 827.0 113.0 827.0 large-vehicle 0
674.0 696.0 752.0 696.0 752.0 761.0 674.0 761.0 large-vehicle 0
624.0 666.0 703.0 666.0 703.0 729.0 624.0 729.0 large-vehicle 0
603.0 643.0 679.0 643.0 679.0 711.0 603.0 711.0 large-vehicle 0
581.0 628.0 655.0 628.0 655.0 695.0 581.0 695.0 large-vehicle 0
1019.0 361.0 1076.0 361.0 1076.0 443.0 1019.0 443.0 large-vehicle 0
995.0 344.0 1051.0 344.0 1051.0 427.0 995.0 427.0 large-vehicle 0
831.0 282.0 888.0 282.0 888.0 366.0 831.0 366.0 large-vehicle 0
787.0 246.0 844.0 246.0 844.0 331.0 787.0 331.0 large-vehicle 0
680.0 204.0 737.0 204.0 737.0 289.0 680.0 289.0 large-vehicle 0
493.0 335.0 563.0 335.0 563.0 395.0 493.0 395.0 large-vehicle 0
626.0 409.0 703.0 409.0 703.0 470.0 626.0 470.0 large-vehicle 0
91.0 769.0 124.0 769.0 124.0 829.0 91.0 829.0 large-vehicle 0
194.0 752.0 236.0 752.0 236.0 843.0 194.0 843.0 large-vehicle 0
317.0 977.0 397.0 977.0 397.0 1010.0 317.0 1010.0 large-vehicle 0
67.0 720.0 113.0 720.0 113.0 808.0 67.0 808.0 large-vehicle 0
140.0 751.0 187.0 751.0 187.0 837.0 140.0 837.0 large-vehicle 0
1363.0 675.0 1405.0 675.0 1405.0 707.0 1363.0 707.0 small-vehicle 0
1060.0 637.0 1132.0 637.0 1132.0 701.0 1060.0 701.0 large-vehicle 0
579.0 156.0 633.0 156.0 633.0 238.0 579.0 238.0 large-vehicle 0
650.0 206.0 707.0 206.0 707.0 288.0 650.0 288.0 large-vehicle 0
737.0 219.0 793.0 219.0 793.0 302.0 737.0 302.0 large-vehicle 0
465.0 316.0 534.0 316.0 534.0 377.0 465.0 377.0 large-vehicle 0
566.0 387.0 638.0 387.0 638.0 446.0 566.0 446.0 large-vehicle 0
587.0 406.0 659.0 406.0 659.0 465.0 587.0 465.0 large-vehicle 0
657.0 454.0 735.0 454.0 735.0 514.0 657.0 514.0 large-vehicle 0
683.0 466.0 761.0 466.0 761.0 531.0 683.0 531.0 large-vehicle 0
725.0 502.0 800.0 502.0 800.0 567.0 725.0 567.0 large-vehicle 0
486.0 565.0 560.0 565.0 560.0 632.0 486.0 632.0 large-vehicle 0
530.0 599.0 605.0 599.0 605.0 664.0 530.0 664.0 large-vehicle 0
557.0 614.0 629.0 614.0 629.0 680.0 557.0 680.0 large-vehicle 0
792.0 774.0 868.0 774.0 868.0 839.0 792.0 839.0 large-vehicle 0
1039.0 656.0 1113.0 656.0 1113.0 721.0 1039.0 721.0 large-vehicle 0
1075.0 617.0 1150.0 617.0 1150.0 676.0 1075.0 676.0 large-vehicle 0
159.0 758.0 208.0 758.0 208.0 846.0 159.0 846.0 large-vehicle 0
1091.0 594.0 1166.0 594.0 1166.0 652.0 1091.0 652.0 large-vehicle 0
1102.0 572.0 1180.0 572.0 1180.0 629.0 1102.0 629.0 large-vehicle 0
1117.0 552.0 1195.0 552.0 1195.0 606.0 1117.0 606.0 large-vehicle 0
1130.0 531.0 1209.0 531.0 1209.0 584.0 1130.0 584.0 large-vehicle 0
303.0 618.0 362.0 618.0 362.0 665.0 303.0 665.0 large-vehicle 0
249.0 592.0 314.0 592.0 314.0 640.0 249.0 640.0 large-vehicle 0
449.0 726.0 512.0 726.0 512.0 774.0 449.0 774.0 large-vehicle 0
480.0 751.0 541.0 751.0 541.0 791.0 480.0 791.0 large-vehicle 0
511.0 765.0 575.0 765.0 575.0 811.0 511.0 811.0 large-vehicle 0
565.0 803.0 630.0 803.0 630.0 848.0 565.0 848.0 large-vehicle 0
386.0 826.0 461.0 826.0 461.0 884.0 386.0 884.0 large-vehicle 0
335.0 878.0 418.0 878.0 418.0 925.0 335.0 925.0 large-vehicle 0
322.0 1008.0 403.0 1008.0 403.0 1040.0 322.0 1040.0 large-vehicle 0
322.0 1050.0 395.0 1050.0 395.0 1111.0 322.0 1111.0 large-vehicle 0
722.0 722.0 799.0 722.0 799.0 792.0 722.0 792.0 large-vehicle 0
353.0 140.0 393.0 140.0 393.0 172.0 353.0 172.0 small-vehicle 0
312.0 285.0 356.0 285.0 356.0 340.0 312.0 340.0 small-vehicle 0
1111.0 1153.0 1153.0 1153.0 1153.0 1174.0 1111.0 1174.0 small-vehicle 0
770.0 72.0 824.0 72.0 824.0 109.0 770.0 109.0 small-vehicle 0
663.0 109.0 702.0 109.0 702.0 164.0 663.0 164.0 small-vehicle 0
847.0 855.0 890.0 855.0 890.0 900.0 847.0 900.0 small-vehicle 0
886.0 816.0 926.0 816.0 926.0 861.0 886.0 861.0 small-vehicle 0
1020.0 784.0 1075.0 784.0 1075.0 814.0 1020.0 814.0 small-vehicle 0
1023.0 744.0 1065.0 744.0 1065.0 761.0 1023.0 761.0 small-vehicle 0
841.0 1043.0 888.0 1043.0 888.0 1070.0 841.0 1070.0 small-vehicle 0
896.0 1053.0 937.0 1053.0 937.0 1072.0 896.0 1072.0 small-vehicle 0
943.0 1071.0 977.0 1071.0 977.0 1091.0 943.0 1091.0 small-vehicle 0
848.0 1101.0 895.0 1101.0 895.0 1126.0 848.0 1126.0 small-vehicle 0
900.0 1111.0 943.0 1111.0 943.0 1132.0 900.0 1132.0 small-vehicle 0
952.0 1121.0 996.0 1121.0 996.0 1142.0 952.0 1142.0 small-vehicle 0
1017.0 1130.0 1058.0 1130.0 1058.0 1155.0 1017.0 1155.0 small-vehicle 0
1067.0 1142.0 1105.0 1142.0 1105.0 1166.0 1067.0 1166.0 small-vehicle 0
1349.0 1109.0 1377.0 1109.0 1377.0 1155.0 1349.0 1155.0 small-vehicle 0
444.0 373.0 491.0 373.0 491.0 412.0 444.0 412.0 small-vehicle 0
1084.0 796.0 1129.0 796.0 1129.0 824.0 1084.0 824.0 small-vehicle 0
1137.0 804.0 1179.0 804.0 1179.0 829.0 1137.0 829.0 small-vehicle 0
1193.0 813.0 1239.0 813.0 1239.0 839.0 1193.0 839.0 small-vehicle 0
1169.0 722.0 1215.0 722.0 1215.0 758.0 1169.0 758.0 small-vehicle 0
1180.0 699.0 1228.0 699.0 1228.0 740.0 1180.0 740.0 small-vehicle 0
1193.0 680.0 1240.0 680.0 1240.0 716.0 1193.0 716.0 small-vehicle 0
1206.0 661.0 1248.0 661.0 1248.0 700.0 1206.0 700.0 small-vehicle 0
1165.0 446.0 1202.0 446.0 1202.0 491.0 1165.0 491.0 small-vehicle 0
1214.0 476.0 1252.0 476.0 1252.0 525.0 1214.0 525.0 small-vehicle 0
1239.0 487.0 1278.0 487.0 1278.0 537.0 1239.0 537.0 small-vehicle 0
1343.0 716.0 1383.0 716.0 1383.0 750.0 1343.0 750.0 small-vehicle 0
1314.0 762.0 1357.0 762.0 1357.0 798.0 1314.0 798.0 small-vehicle 0
1302.0 809.0 1344.0 809.0 1344.0 839.0 1302.0 839.0 small-vehicle 0
1353.0 696.0 1392.0 696.0 1392.0 727.0 1353.0 727.0 small-vehicle 0
623.0 1018.0 662.0 1018.0 662.0 1047.0 623.0 1047.0 small-vehicle 0
616.0 993.0 659.0 993.0 659.0 1025.0 616.0 1025.0 small-vehicle 0
599.0 965.0 648.0 965.0 648.0 1007.0 599.0 1007.0 small-vehicle 0
592.0 945.0 637.0 945.0 637.0 985.0 592.0 985.0 small-vehicle 0
412.0 342.0 453.0 342.0 453.0 380.0 412.0 380.0 small-vehicle 0
492.0 403.0 532.0 403.0 532.0 438.0 492.0 438.0 small-vehicle 0
540.0 439.0 584.0 439.0 584.0 478.0 540.0 478.0 small-vehicle 0
432.0 466.0 476.0 466.0 476.0 505.0 432.0 505.0 small-vehicle 0
475.0 506.0 511.0 506.0 511.0 543.0 475.0 543.0 small-vehicle 0
479.0 525.0 521.0 525.0 521.0 563.0 479.0 563.0 small-vehicle 0
581.0 467.0 620.0 467.0 620.0 500.0 581.0 500.0 small-vehicle 0
635.0 505.0 673.0 505.0 673.0 535.0 635.0 535.0 small-vehicle 0
496.0 541.0 540.0 541.0 540.0 581.0 496.0 581.0 small-vehicle 0
80.0 575.0 128.0 575.0 128.0 613.0 80.0 613.0 small-vehicle 0
60.0 594.0 102.0 594.0 102.0 630.0 60.0 630.0 small-vehicle 0
293.0 788.0 334.0 788.0 334.0 812.0 293.0 812.0 small-vehicle 0
285.0 807.0 328.0 807.0 328.0 834.0 285.0 834.0 small-vehicle 0
273.0 847.0 321.0 847.0 321.0 879.0 273.0 879.0 small-vehicle 0
263.0 873.0 312.0 873.0 312.0 908.0 263.0 908.0 small-vehicle 0
128.0 924.0 176.0 924.0 176.0 954.0 128.0 954.0 small-vehicle 0
103.0 950.0 145.0 950.0 145.0 979.0 103.0 979.0 small-vehicle 0
239.0 965.0 289.0 965.0 289.0 991.0 239.0 991.0 small-vehicle 0
232.0 1010.0 273.0 1010.0 273.0 1036.0 232.0 1036.0 small-vehicle 0
218.0 1072.0 259.0 1072.0 259.0 1099.0 218.0 1099.0 small-vehicle 0
225.0 1030.0 272.0 1030.0 272.0 1060.0 225.0 1060.0 small-vehicle 0
231.0 983.0 290.0 983.0 290.0 1013.0 231.0 1013.0 small-vehicle 0
141.0 873.0 188.0 873.0 188.0 899.0 141.0 899.0 small-vehicle 0
126.0 895.0 189.0 895.0 189.0 930.0 126.0 930.0 small-vehicle 0
105.0 883.0 140.0 883.0 140.0 935.0 105.0 935.0 small-vehicle 0
482.0 817.0 523.0 817.0 523.0 856.0 482.0 856.0 small-vehicle 0
517.0 849.0 559.0 849.0 559.0 892.0 517.0 892.0 small-vehicle 0
565.0 907.0 605.0 907.0 605.0 943.0 565.0 943.0 small-vehicle 0
578.0 929.0 620.0 929.0 620.0 965.0 578.0 965.0 small-vehicle 0
506.0 40.0 567.0 40.0 567.0 117.0 506.0 117.0 large-vehicle 0
