1454.0 1599.0 1482.0 1599.0 1482.0 1644.0 1454.0 1644.0 ship 0
1641.0 1464.0 1672.0 1464.0 1672.0 1518.0 1641.0 1518.0 ship 0
374.0 1155.0 412.0 1155.0 412.0 1206.0 374.0 1206.0 ship 0
1582.0 723.0 1612.0 723.0 1612.0 786.0 1582.0 786.0 ship 0
891.0 313.0 938.0 313.0 938.0 391.0 891.0 391.0 ship 0
1914.0 906.0 1958.0 906.0 1958.0 1033.0 1914.0 1033.0 harbor 0
1843.0 787.0 1901.0 787.0 1901.0 1046.0 1843.0 1046.0 harbor 0
1609.0 719.0 1673.0 719.0 1673.0 1050.0 1609.0 1050.0 harbor 0
1330.0 785.0 1445.0 785.0 1445.0 1052.0 1330.0 1052.0 harbor 0
824.0 279.0 1193.0 279.0 1193.0 1052.0 824.0 1052.0 harbor 0
878.0 752.0 1039.0 752.0 1039.0 1128.0 878.0 1128.0 harbor 0
708.0 815.0 875.0 815.0 875.0 1204.0 708.0 1204.0 harbor 0
497.0 789.0 700.0 789.0 700.0 1279.0 497.0 1279.0 harbor 0
337.0 1163.0 460.0 1163.0 460.0 1416.0 337.0 1416.0 harbor 0
124.0 1128.0 316.0 1128.0 316.0 1450.0 124.0 1450.0 harbor 0
0.0 1239.0 93.0 1239.0 93.0 1527.0 0.0 1527.0 harbor 1
