1143.0 1515.0 1258.0 1515.0 1258.0 1623.0 1143.0 1623.0 harbor 0
1018.0 1356.0 1138.0 1356.0 1138.0 1469.0 1018.0 1469.0 harbor 0
953.0 1253.0 1054.0 1253.0 1054.0 1354.0 953.0 1354.0 harbor 0
847.0 1107.0 968.0 1107.0 968.0 1217.0 847.0 1217.0 harbor 0
762.0 972.0 847.0 972.0 847.0 1038.0 762.0 1038.0 harbor 0
662.0 808.0 742.0 808.0 742.0 890.0 662.0 890.0 harbor 0
541.0 648.0 631.0 648.0 631.0 718.0 541.0 718.0 harbor 0
400.0 449.0 527.0 449.0 527.0 572.0 400.0 572.0 harbor 0
311.0 304.0 407.0 304.0 407.0 401.0 311.0 401.0 harbor 0
180.0 176.0 332.0 176.0 332.0 323.0 180.0 323.0 harbor 0
