935.0 444.0 981.0 444.0 981.0 489.0 935.0 489.0 small-vehicle 0
1114.0 526.0 1152.0 526.0 1152.0 559.0 1114.0 559.0 small-vehicle 0
1461.0 184.0 1497.0 184.0 1497.0 222.0 1461.0 222.0 small-vehicle 0
1426.0 216.0 1466.0 216.0 1466.0 257.0 1426.0 257.0 small-vehicle 0
597.0 130.0 633.0 130.0 633.0 175.0 597.0 175.0 small-vehicle 0
1231.0 1323.0 1345.0 1323.0 1345.0 1429.0 1231.0 1429.0 harbor 0
1029.0 953.0 1124.0 953.0 1124.0 1055.0 1029.0 1055.0 harbor 0
764.0 807.0 953.0 807.0 953.0 987.0 764.0 987.0 harbor 0
596.0 741.0 740.0 741.0 740.0 901.0 596.0 901.0 harbor 0
457.0 631.0 638.0 631.0 638.0 813.0 457.0 813.0 harbor 0
294.0 515.0 521.0 515.0 521.0 712.0 294.0 712.0 harbor 0
269.0 380.0 392.0 380.0 392.0 494.0 269.0 494.0 harbor 0
92.0 201.0 277.0 201.0 277.0 383.0 92.0 383.0 harbor 0
790.0 295.0 875.0 295.0 875.0 377.0 790.0 377.0 swimming-pool 0
