583.0 1051.0 620.0 1051.0 620.0 1082.0 583.0 1082.0 small-vehicle 0
322.0 943.0 351.0 943.0 351.0 986.0 322.0 986.0 small-vehicle 0
266.0 919.0 293.0 919.0 293.0 958.0 266.0 958.0 small-vehicle 0
663.0 1084.0 707.0 1084.0 707.0 1121.0 663.0 1121.0 small-vehicle 0
619.0 1046.0 649.0 1046.0 649.0 1089.0 619.0 1089.0 small-vehicle 0
506.0 1025.0 540.0 1025.0 540.0 1052.0 506.0 1052.0 small-vehicle 0
675.0 148.0 822.0 148.0 822.0 347.0 675.0 347.0 tennis-court 0
564.0 193.0 710.0 193.0 710.0 390.0 564.0 390.0 tennis-court 0
454.0 235.0 598.0 235.0 598.0 435.0 454.0 435.0 tennis-court 0
344.0 280.0 489.0 280.0 489.0 478.0 344.0 478.0 tennis-court 0
390.0 676.0 535.0 676.0 535.0 871.0 390.0 871.0 tennis-court 0
287.0 633.0 435.0 633.0 435.0 832.0 287.0 832.0 tennis-court 0
187.0 592.0 333.0 592.0 333.0 792.0 187.0 792.0 tennis-court 0
