1113.0 733.0 1285.0 733.0 1285.0 937.0 1113.0 937.0 tennis-court 0
1014.0 673.0 1186.0 673.0 1186.0 879.0 1014.0 879.0 tennis-court 0
915.0 614.0 1089.0 614.0 1089.0 820.0 915.0 820.0 tennis-court 0
817.0 555.0 989.0 555.0 989.0 762.0 817.0 762.0 tennis-court 0
718.0 497.0 890.0 497.0 890.0 702.0 718.0 702.0 tennis-court 0
589.0 221.0 751.0 221.0 751.0 442.0 589.0 442.0 basketball-court 0
464.0 251.0 625.0 251.0 625.0 472.0 464.0 472.0 basketball-court 0
338.0 281.0 500.0 281.0 500.0 502.0 338.0 502.0 basketball-court 0
212.0 313.0 375.0 313.0 375.0 533.0 212.0 533.0 basketball-court 0
88.0 344.0 249.0 344.0 249.0 564.0 88.0 564.0 basketball-court 0
