50.0 1129.0 96.0 1129.0 96.0 1160.0 50.0 1160.0 small-vehicle 0
560.0 281.0 730.0 281.0 730.0 403.0 560.0 403.0 harbor 0
409.0 815.0 448.0 815.0 448.0 830.0 409.0 830.0 ship 0
384.0 706.0 514.0 706.0 514.0 759.0 384.0 759.0 ship 0
377.0 635.0 425.0 635.0 425.0 660.0 377.0 660.0 ship 0
378.0 555.0 427.0 555.0 427.0 579.0 378.0 579.0 ship 0
378.0 580.0 472.0 580.0 472.0 622.0 378.0 622.0 ship 0
327.0 420.0 375.0 420.0 375.0 452.0 327.0 452.0 ship 0
309.0 368.0 358.0 368.0 358.0 407.0 309.0 407.0 ship 0
143.0 2.0 284.0 2.0 284.0 65.0 143.0 65.0 ship 1
426.0 1700.0 595.0 1700.0 595.0 1826.0 426.0 1826.0 harbor 1
500.0 1398.0 699.0 1398.0 699.0 1679.0 500.0 1679.0 harbor 0
603.0 1173.0 770.0 1173.0 770.0 1392.0 603.0 1392.0 harbor 0
671.0 912.0 808.0 912.0 808.0 1151.0 671.0 1151.0 harbor 0
671.0 680.0 809.0 680.0 809.0 870.0 671.0 870.0 harbor 0
622.0 450.0 802.0 450.0 802.0 654.0 622.0 654.0 harbor 0
515.0 143.0 684.0 143.0 684.0 277.0 515.0 277.0 harbor 0
95.0 966.0 131.0 966.0 131.0 989.0 95.0 989.0 small-vehicle 0
128.0 1682.0 251.0 1682.0 251.0 1785.0 128.0 1785.0 harbor 0
159.0 1595.0 283.0 1595.0 283.0 1697.0 159.0 1697.0 harbor 0
190.0 1516.0 311.0 1516.0 311.0 1615.0 190.0 1615.0 harbor 0
220.0 1427.0 341.0 1427.0 341.0 1525.0 220.0 1525.0 harbor 0
260.0 1322.0 382.0 1322.0 382.0 1422.0 260.0 1422.0 harbor 0
305.0 1232.0 416.0 1232.0 416.0 1296.0 305.0 1296.0 harbor 0
320.0 1130.0 450.0 1130.0 450.0 1239.0 320.0 1239.0 harbor 0
363.0 1020.0 467.0 1020.0 467.0 1062.0 363.0 1062.0 harbor 0
367.0 919.0 439.0 919.0 439.0 1007.0 367.0 1007.0 harbor 0
374.0 792.0 493.0 792.0 493.0 865.0 374.0 865.0 harbor 0
368.0 696.0 486.0 696.0 486.0 777.0 368.0 777.0 harbor 0
333.0 555.0 448.0 555.0 448.0 652.0 333.0 652.0 harbor 0
288.0 437.0 419.0 437.0 419.0 549.0 288.0 549.0 harbor 0
253.0 350.0 382.0 350.0 382.0 463.0 253.0 463.0 harbor 0
427.0 887.0 474.0 887.0 474.0 1020.0 427.0 1020.0 ship 0
422.0 1052.0 470.0 1052.0 470.0 1076.0 422.0 1076.0 ship 0
370.0 1120.0 438.0 1120.0 438.0 1158.0 370.0 1158.0 ship 0
350.0 1178.0 400.0 1178.0 400.0 1204.0 350.0 1204.0 ship 0
102.0 828.0 139.0 828.0 139.0 848.0 102.0 848.0 small-vehicle 0
94.0 801.0 137.0 801.0 137.0 825.0 94.0 825.0 small-vehicle 0
4.0 807.0 38.0 807.0 38.0 830.0 4.0 830.0 small-vehicle 0
58.0 592.0 94.0 592.0 94.0 622.0 58.0 622.0 small-vehicle 0
46.0 569.0 93.0 569.0 93.0 605.0 46.0 605.0 small-vehicle 0
13.0 518.0 66.0 518.0 66.0 554.0 13.0 554.0 small-vehicle 0
19.0 1060.0 46.0 1060.0 46.0 1100.0 19.0 1100.0 small-vehicle 0
97.0 990.0 130.0 990.0 130.0 1010.0 97.0 1010.0 small-vehicle 0
93.0 780.0 136.0 780.0 136.0 806.0 93.0 806.0 small-vehicle 0
62.0 615.0 98.0 615.0 98.0 643.0 62.0 643.0 small-vehicle 0
13.0 499.0 53.0 499.0 53.0 531.0 13.0 531.0 small-vehicle 0
477.0 194.0 547.0 194.0 547.0 294.0 477.0 294.0 ship 0
541.0 333.0 580.0 333.0 580.0 406.0 541.0 406.0 ship 0
638.0 471.0 664.0 471.0 664.0 506.0 638.0 506.0 ship 0
577.0 437.0 644.0 437.0 644.0 559.0 577.0 559.0 ship 0
621.0 557.0 669.0 557.0 669.0 654.0 621.0 654.0 ship 0
678.0 593.0 705.0 593.0 705.0 640.0 678.0 640.0 ship 0
668.0 644.0 709.0 644.0 709.0 666.0 668.0 666.0 ship 0
652.0 679.0 681.0 679.0 681.0 735.0 652.0 735.0 ship 0
665.0 803.0 759.0 803.0 759.0 880.0 665.0 880.0 ship 0
693.0 1067.0 720.0 1067.0 720.0 1117.0 693.0 1117.0 ship 0
641.0 1036.0 680.0 1036.0 680.0 1133.0 641.0 1133.0 ship 0
638.0 1185.0 702.0 1185.0 702.0 1230.0 638.0 1230.0 ship 0
551.0 1396.0 584.0 1396.0 584.0 1445.0 551.0 1445.0 ship 0
495.0 1528.0 536.0 1528.0 536.0 1594.0 495.0 1594.0 ship 0
432.0 1721.0 466.0 1721.0 466.0 1769.0 432.0 1769.0 ship 0
164.0 1712.0 218.0 1712.0 218.0 1748.0 164.0 1748.0 ship 0
173.0 1668.0 231.0 1668.0 231.0 1706.0 173.0 1706.0 ship 0
180.0 1624.0 287.0 1624.0 287.0 1693.0 180.0 1693.0 ship 0
240.0 264.0 350.0 264.0 350.0 369.0 240.0 369.0 harbor 0
