2311.0 710.0 2351.0 710.0 2351.0 727.0 2311.0 727.0 ship 0
1467.0 507.0 1505.0 507.0 1505.0 523.0 1467.0 523.0 ship 0
1462.0 485.0 1502.0 485.0 1502.0 503.0 1462.0 503.0 ship 0
1514.0 493.0 1562.0 493.0 1562.0 510.0 1514.0 510.0 ship 0
1463.0 464.0 1505.0 464.0 1505.0 482.0 1463.0 482.0 ship 0
1514.0 454.0 1558.0 454.0 1558.0 470.0 1514.0 470.0 ship 0
1472.0 448.0 1505.0 448.0 1505.0 460.0 1472.0 460.0 ship 0
1466.0 424.0 1508.0 424.0 1508.0 441.0 1466.0 441.0 ship 0
1517.0 438.0 1562.0 438.0 1562.0 452.0 1517.0 452.0 ship 0
1462.0 402.0 1508.0 402.0 1508.0 421.0 1462.0 421.0 ship 0
1469.0 382.0 1510.0 382.0 1510.0 399.0 1469.0 399.0 ship 0
1519.0 377.0 1565.0 377.0 1565.0 394.0 1519.0 394.0 ship 0
1519.0 358.0 1566.0 358.0 1566.0 376.0 1519.0 376.0 ship 0
1520.0 339.0 1566.0 339.0 1566.0 354.0 1520.0 354.0 ship 0
1460.0 322.0 1508.0 322.0 1508.0 336.0 1460.0 336.0 ship 0
1473.0 302.0 1512.0 302.0 1512.0 319.0 1473.0 319.0 ship 0
1521.0 298.0 1562.0 298.0 1562.0 317.0 1521.0 317.0 ship 0
1469.0 278.0 1514.0 278.0 1514.0 298.0 1469.0 298.0 ship 0
1521.0 279.0 1561.0 279.0 1561.0 296.0 1521.0 296.0 ship 0
1460.0 257.0 1509.0 257.0 1509.0 278.0 1460.0 278.0 ship 0
1524.0 262.0 1567.0 262.0 1567.0 276.0 1524.0 276.0 ship 0
1468.0 220.0 1516.0 220.0 1516.0 238.0 1468.0 238.0 ship 0
1525.0 219.0 1576.0 219.0 1576.0 240.0 1525.0 240.0 ship 0
1392.0 255.0 1415.0 255.0 1415.0 266.0 1392.0 266.0 ship 0
1380.0 269.0 1408.0 269.0 1408.0 282.0 1380.0 282.0 ship 0
1377.0 303.0 1406.0 303.0 1406.0 316.0 1377.0 316.0 ship 0
1371.0 321.0 1416.0 321.0 1416.0 338.0 1371.0 338.0 ship 0
1372.0 340.0 1408.0 340.0 1408.0 353.0 1372.0 353.0 ship 0
1378.0 357.0 1400.0 357.0 1400.0 369.0 1378.0 369.0 ship 0
1375.0 375.0 1402.0 375.0 1402.0 387.0 1375.0 387.0 ship 0
1373.0 394.0 1409.0 394.0 1409.0 409.0 1373.0 409.0 ship 0
1514.0 513.0 1554.0 513.0 1554.0 528.0 1514.0 528.0 ship 0
1466.0 528.0 1503.0 528.0 1503.0 542.0 1466.0 542.0 ship 0
1374.0 431.0 1399.0 431.0 1399.0 441.0 1374.0 441.0 ship 0
1518.0 552.0 1569.0 552.0 1569.0 569.0 1518.0 569.0 ship 0
1685.0 472.0 1738.0 472.0 1738.0 492.0 1685.0 492.0 ship 0
1625.0 476.0 1674.0 476.0 1674.0 494.0 1625.0 494.0 ship 0
1680.0 492.0 1726.0 492.0 1726.0 511.0 1680.0 511.0 ship 0
1622.0 498.0 1673.0 498.0 1673.0 517.0 1622.0 517.0 ship 0
1679.0 513.0 1722.0 513.0 1722.0 529.0 1679.0 529.0 ship 0
1619.0 518.0 1664.0 518.0 1664.0 538.0 1619.0 538.0 ship 0
1618.0 541.0 1672.0 541.0 1672.0 561.0 1618.0 561.0 ship 0
1617.0 564.0 1667.0 564.0 1667.0 581.0 1617.0 581.0 ship 0
1620.0 586.0 1667.0 586.0 1667.0 605.0 1620.0 605.0 ship 0
1618.0 610.0 1666.0 610.0 1666.0 628.0 1618.0 628.0 ship 0
1682.0 552.0 1729.0 552.0 1729.0 568.0 1682.0 568.0 ship 0
1681.0 570.0 1727.0 570.0 1727.0 589.0 1681.0 589.0 ship 0
1677.0 591.0 1725.0 591.0 1725.0 611.0 1677.0 611.0 ship 0
1678.0 612.0 1728.0 612.0 1728.0 633.0 1678.0 633.0 ship 0
1682.0 637.0 1706.0 637.0 1706.0 708.0 1682.0 708.0 ship 0
1654.0 633.0 1677.0 633.0 1677.0 715.0 1654.0 715.0 ship 0
1630.0 639.0 1650.0 639.0 1650.0 708.0 1630.0 708.0 ship 0
1532.0 665.0 1546.0 665.0 1546.0 707.0 1532.0 707.0 ship 0
1508.0 655.0 1527.0 655.0 1527.0 712.0 1508.0 712.0 ship 0
1486.0 656.0 1505.0 656.0 1505.0 708.0 1486.0 708.0 ship 0
1465.0 654.0 1482.0 654.0 1482.0 708.0 1465.0 708.0 ship 0
1456.0 629.0 1496.0 629.0 1496.0 644.0 1456.0 644.0 ship 0
1512.0 632.0 1561.0 632.0 1561.0 648.0 1512.0 648.0 ship 0
1455.0 610.0 1500.0 610.0 1500.0 626.0 1455.0 626.0 ship 0
1508.0 609.0 1562.0 609.0 1562.0 629.0 1508.0 629.0 ship 0
1458.0 587.0 1503.0 587.0 1503.0 606.0 1458.0 606.0 ship 0
1461.0 569.0 1502.0 569.0 1502.0 587.0 1461.0 587.0 ship 0
1510.0 571.0 1554.0 571.0 1554.0 588.0 1510.0 588.0 ship 0
1463.0 549.0 1505.0 549.0 1505.0 564.0 1463.0 564.0 ship 0
1375.0 414.0 1404.0 414.0 1404.0 427.0 1375.0 427.0 ship 0
1369.0 450.0 1408.0 450.0 1408.0 465.0 1369.0 465.0 ship 0
1624.0 453.0 1675.0 453.0 1675.0 474.0 1624.0 474.0 ship 0
627.0 645.0 638.0 645.0 638.0 667.0 627.0 667.0 ship 0
589.0 640.0 599.0 640.0 599.0 666.0 589.0 666.0 ship 0
577.0 643.0 588.0 643.0 588.0 666.0 577.0 666.0 ship 0
559.0 645.0 574.0 645.0 574.0 672.0 559.0 672.0 ship 0
423.0 643.0 434.0 643.0 434.0 671.0 423.0 671.0 ship 0
409.0 635.0 420.0 635.0 420.0 660.0 409.0 660.0 ship 0
397.0 631.0 407.0 631.0 407.0 660.0 397.0 660.0 ship 0
383.0 637.0 393.0 637.0 393.0 659.0 383.0 659.0 ship 0
372.0 634.0 382.0 634.0 382.0 659.0 372.0 659.0 ship 0
356.0 636.0 367.0 636.0 367.0 658.0 356.0 658.0 ship 0
347.0 630.0 357.0 630.0 357.0 657.0 347.0 657.0 ship 0
326.0 635.0 335.0 635.0 335.0 657.0 326.0 657.0 ship 0
313.0 633.0 325.0 633.0 325.0 657.0 313.0 657.0 ship 0
298.0 629.0 311.0 629.0 311.0 657.0 298.0 657.0 ship 0
261.0 628.0 274.0 628.0 274.0 655.0 261.0 655.0 ship 0
3033.0 706.0 3117.0 706.0 3117.0 765.0 3033.0 765.0 harbor 0
114.0 168.0 164.0 168.0 164.0 266.0 114.0 266.0 tennis-court 0
2886.0 694.0 2971.0 694.0 2971.0 771.0 2886.0 771.0 harbor 0
2603.0 658.0 2697.0 658.0 2697.0 766.0 2603.0 766.0 harbor 0
2594.0 392.0 2654.0 392.0 2654.0 427.0 2594.0 427.0 swimming-pool 0
2455.0 653.0 2547.0 653.0 2547.0 752.0 2455.0 752.0 harbor 0
2308.0 635.0 2400.0 635.0 2400.0 743.0 2308.0 743.0 harbor 0
1965.0 659.0 2112.0 659.0 2112.0 731.0 1965.0 731.0 harbor 0
1969.0 291.0 2038.0 291.0 2038.0 665.0 1969.0 665.0 harbor 0
1783.0 271.0 1903.0 271.0 1903.0 719.0 1783.0 719.0 harbor 0
1618.0 252.0 1734.0 252.0 1734.0 710.0 1618.0 710.0 harbor 0
1450.0 234.0 1565.0 234.0 1565.0 704.0 1450.0 704.0 harbor 0
1353.0 263.0 1414.0 263.0 1414.0 623.0 1353.0 623.0 harbor 0
885.0 605.0 1062.0 605.0 1062.0 687.0 885.0 687.0 harbor 0
568.0 602.0 746.0 602.0 746.0 679.0 568.0 679.0 harbor 0
602.0 642.0 614.0 642.0 614.0 667.0 602.0 667.0 ship 0
620.0 672.0 646.0 672.0 646.0 683.0 620.0 683.0 ship 0
1370.0 468.0 1404.0 468.0 1404.0 481.0 1370.0 481.0 ship 0
639.0 647.0 649.0 647.0 649.0 668.0 639.0 668.0 ship 0
1368.0 484.0 1410.0 484.0 1410.0 503.0 1368.0 503.0 ship 0
1374.0 506.0 1397.0 506.0 1397.0 515.0 1374.0 515.0 ship 0
1370.0 542.0 1400.0 542.0 1400.0 552.0 1370.0 552.0 ship 0
1371.0 558.0 1399.0 558.0 1399.0 570.0 1371.0 570.0 ship 0
1363.0 575.0 1400.0 575.0 1400.0 590.0 1363.0 590.0 ship 0
1363.0 595.0 1400.0 595.0 1400.0 610.0 1363.0 610.0 ship 0
1360.0 614.0 1399.0 614.0 1399.0 628.0 1360.0 628.0 ship 0
1349.0 639.0 1372.0 639.0 1372.0 705.0 1349.0 705.0 ship 0
1323.0 637.0 1345.0 637.0 1345.0 705.0 1323.0 705.0 ship 0
1268.0 624.0 1381.0 624.0 1381.0 698.0 1268.0 698.0 harbor 0
1299.0 631.0 1319.0 631.0 1319.0 696.0 1299.0 696.0 ship 0
1275.0 631.0 1295.0 631.0 1295.0 700.0 1275.0 700.0 ship 0
1260.0 669.0 1273.0 669.0 1273.0 691.0 1260.0 691.0 ship 0
1211.0 663.0 1239.0 663.0 1239.0 675.0 1211.0 675.0 ship 0
1223.0 681.0 1251.0 681.0 1251.0 697.0 1223.0 697.0 ship 0
1051.0 659.0 1062.0 659.0 1062.0 686.0 1051.0 686.0 ship 0
1038.0 657.0 1048.0 657.0 1048.0 680.0 1038.0 680.0 ship 0
1026.0 652.0 1038.0 652.0 1038.0 681.0 1026.0 681.0 ship 0
974.0 651.0 988.0 651.0 988.0 678.0 974.0 678.0 ship 0
941.0 653.0 954.0 653.0 954.0 678.0 941.0 678.0 ship 0
916.0 654.0 926.0 654.0 926.0 677.0 916.0 677.0 ship 0
902.0 653.0 913.0 653.0 913.0 677.0 902.0 677.0 ship 0
892.0 653.0 902.0 653.0 902.0 676.0 892.0 676.0 ship 0
876.0 657.0 887.0 657.0 887.0 681.0 876.0 681.0 ship 0
735.0 651.0 749.0 651.0 749.0 677.0 735.0 677.0 ship 0
711.0 648.0 721.0 648.0 721.0 671.0 711.0 671.0 ship 0
685.0 648.0 697.0 648.0 697.0 670.0 685.0 670.0 ship 0
672.0 643.0 681.0 643.0 681.0 670.0 672.0 670.0 ship 0
659.0 646.0 670.0 646.0 670.0 669.0 659.0 669.0 ship 0
1695.0 456.0 1720.0 456.0 1720.0 467.0 1695.0 467.0 ship 0
1620.0 431.0 1674.0 431.0 1674.0 452.0 1620.0 452.0 ship 0
2303.0 690.0 2350.0 690.0 2350.0 708.0 2303.0 708.0 ship 0
2888.0 755.0 2962.0 755.0 2962.0 778.0 2888.0 778.0 ship 0
3041.0 711.0 3067.0 711.0 3067.0 722.0 3041.0 722.0 ship 0
3087.0 712.0 3114.0 712.0 3114.0 722.0 3087.0 722.0 ship 0
3086.0 727.0 3113.0 727.0 3113.0 737.0 3086.0 737.0 ship 0
3084.0 744.0 3111.0 744.0 3111.0 755.0 3084.0 755.0 ship 0
3032.0 761.0 3103.0 761.0 3103.0 782.0 3032.0 782.0 ship 0
2337.0 735.0 2394.0 735.0 2394.0 755.0 2337.0 755.0 ship 0
2140.0 728.0 2203.0 728.0 2203.0 748.0 2140.0 748.0 ship 0
2154.0 689.0 2213.0 689.0 2213.0 710.0 2154.0 710.0 ship 0
2155.0 653.0 2216.0 653.0 2216.0 672.0 2155.0 672.0 ship 0
2150.0 583.0 2186.0 583.0 2186.0 596.0 2150.0 596.0 ship 0
2151.0 557.0 2197.0 557.0 2197.0 574.0 2151.0 574.0 ship 0
2154.0 528.0 2195.0 528.0 2195.0 547.0 2154.0 547.0 ship 0
2160.0 506.0 2198.0 506.0 2198.0 523.0 2160.0 523.0 ship 0
2135.0 379.0 2153.0 379.0 2153.0 434.0 2135.0 434.0 ship 0
2163.0 389.0 2186.0 389.0 2186.0 467.0 2163.0 467.0 ship 0
2170.0 319.0 2190.0 319.0 2190.0 385.0 2170.0 385.0 ship 0
2139.0 331.0 2156.0 331.0 2156.0 380.0 2139.0 380.0 ship 0
2047.0 464.0 2084.0 464.0 2084.0 480.0 2047.0 480.0 ship 0
2042.0 486.0 2107.0 486.0 2107.0 506.0 2042.0 506.0 ship 0
2044.0 515.0 2105.0 515.0 2105.0 536.0 2044.0 536.0 ship 0
2042.0 540.0 2100.0 540.0 2100.0 564.0 2042.0 564.0 ship 0
2080.0 703.0 2097.0 703.0 2097.0 745.0 2080.0 745.0 ship 0
2082.0 652.0 2095.0 652.0 2095.0 683.0 2082.0 683.0 ship 0
2057.0 669.0 2079.0 669.0 2079.0 735.0 2057.0 735.0 ship 0
2022.0 666.0 2042.0 666.0 2042.0 723.0 2022.0 723.0 ship 0
1998.0 663.0 2020.0 663.0 2020.0 727.0 1998.0 727.0 ship 0
2041.0 567.0 2100.0 567.0 2100.0 589.0 2041.0 589.0 ship 0
1961.0 637.0 2021.0 637.0 2021.0 661.0 1961.0 661.0 ship 0
1965.0 617.0 2023.0 617.0 2023.0 635.0 1965.0 635.0 ship 0
3037.0 725.0 3067.0 725.0 3067.0 737.0 3037.0 737.0 ship 0
2932.0 739.0 2976.0 739.0 2976.0 753.0 2932.0 753.0 ship 0
1970.0 570.0 2023.0 570.0 2023.0 588.0 1970.0 588.0 ship 0
2933.0 722.0 2973.0 722.0 2973.0 734.0 2933.0 734.0 ship 0
2306.0 670.0 2351.0 670.0 2351.0 689.0 2306.0 689.0 ship 0
2319.0 652.0 2350.0 652.0 2350.0 664.0 2319.0 664.0 ship 0
2315.0 636.0 2346.0 636.0 2346.0 650.0 2315.0 650.0 ship 0
2360.0 660.0 2402.0 660.0 2402.0 674.0 2360.0 674.0 ship 0
2364.0 680.0 2391.0 680.0 2391.0 692.0 2364.0 692.0 ship 0
2359.0 698.0 2404.0 698.0 2404.0 713.0 2359.0 713.0 ship 0
2359.0 715.0 2401.0 715.0 2401.0 730.0 2359.0 730.0 ship 0
2461.0 681.0 2499.0 681.0 2499.0 699.0 2461.0 699.0 ship 0
2455.0 662.0 2503.0 662.0 2503.0 678.0 2455.0 678.0 ship 0
2513.0 662.0 2559.0 662.0 2559.0 682.0 2513.0 682.0 ship 0
2522.0 687.0 2546.0 687.0 2546.0 701.0 2522.0 701.0 ship 0
2466.0 701.0 2495.0 701.0 2495.0 714.0 2466.0 714.0 ship 0
2458.0 716.0 2499.0 716.0 2499.0 734.0 2458.0 734.0 ship 0
2504.0 718.0 2554.0 718.0 2554.0 736.0 2504.0 736.0 ship 0
2483.0 740.0 2549.0 740.0 2549.0 763.0 2483.0 763.0 ship 0
2592.0 746.0 2642.0 746.0 2642.0 764.0 2592.0 764.0 ship 0
2599.0 724.0 2645.0 724.0 2645.0 739.0 2599.0 739.0 ship 0
2608.0 705.0 2633.0 705.0 2633.0 718.0 2608.0 718.0 ship 0
2660.0 668.0 2700.0 668.0 2700.0 687.0 2660.0 687.0 ship 0
2652.0 708.0 2696.0 708.0 2696.0 724.0 2652.0 724.0 ship 0
2653.0 725.0 2696.0 725.0 2696.0 742.0 2653.0 742.0 ship 0
2648.0 744.0 2692.0 744.0 2692.0 765.0 2648.0 765.0 ship 0
2743.0 676.0 2766.0 676.0 2766.0 753.0 2743.0 753.0 ship 0
2768.0 675.0 2793.0 675.0 2793.0 754.0 2768.0 754.0 ship 0
2807.0 698.0 2829.0 698.0 2829.0 758.0 2807.0 758.0 ship 0
2885.0 740.0 2920.0 740.0 2920.0 751.0 2885.0 751.0 ship 0
2892.0 720.0 2916.0 720.0 2916.0 730.0 2892.0 730.0 ship 0
2892.0 706.0 2917.0 706.0 2917.0 716.0 2892.0 716.0 ship 0
2940.0 706.0 2970.0 706.0 2970.0 717.0 2940.0 717.0 ship 0
1968.0 591.0 2025.0 591.0 2025.0 612.0 1968.0 612.0 ship 0
1966.0 545.0 2023.0 545.0 2023.0 566.0 1966.0 566.0 ship 0
1682.0 435.0 1726.0 435.0 1726.0 451.0 1682.0 451.0 ship 0
1846.0 471.0 1897.0 471.0 1897.0 491.0 1846.0 491.0 ship 0
1848.0 493.0 1892.0 493.0 1892.0 511.0 1848.0 511.0 ship 0
1785.0 513.0 1835.0 513.0 1835.0 531.0 1785.0 531.0 ship 0
1847.0 511.0 1899.0 511.0 1899.0 533.0 1847.0 533.0 ship 0
1786.0 534.0 1834.0 534.0 1834.0 553.0 1786.0 553.0 ship 0
1848.0 535.0 1903.0 535.0 1903.0 556.0 1848.0 556.0 ship 0
1784.0 555.0 1836.0 555.0 1836.0 574.0 1784.0 574.0 ship 0
1843.0 557.0 1894.0 557.0 1894.0 577.0 1843.0 577.0 ship 0
1844.0 579.0 1895.0 579.0 1895.0 599.0 1844.0 599.0 ship 0
1785.0 597.0 1834.0 597.0 1834.0 617.0 1785.0 617.0 ship 0
1840.0 600.0 1896.0 600.0 1896.0 618.0 1840.0 618.0 ship 0
1791.0 633.0 1816.0 633.0 1816.0 714.0 1791.0 714.0 ship 0
1822.0 639.0 1856.0 639.0 1856.0 712.0 1822.0 712.0 ship 0
1861.0 634.0 1882.0 634.0 1882.0 692.0 1861.0 692.0 ship 0
1886.0 642.0 1908.0 642.0 1908.0 707.0 1886.0 707.0 ship 0
1625.0 257.0 1676.0 257.0 1676.0 278.0 1625.0 278.0 ship 0
1627.0 281.0 1676.0 281.0 1676.0 298.0 1627.0 298.0 ship 0
1699.0 282.0 1731.0 282.0 1731.0 295.0 1699.0 295.0 ship 0
1701.0 300.0 1728.0 300.0 1728.0 311.0 1701.0 311.0 ship 0
1625.0 301.0 1677.0 301.0 1677.0 323.0 1625.0 323.0 ship 0
1622.0 323.0 1676.0 323.0 1676.0 343.0 1622.0 343.0 ship 0
1688.0 317.0 1739.0 317.0 1739.0 337.0 1688.0 337.0 ship 0
1686.0 336.0 1736.0 336.0 1736.0 357.0 1686.0 357.0 ship 0
1629.0 345.0 1680.0 345.0 1680.0 363.0 1629.0 363.0 ship 0
1686.0 356.0 1735.0 356.0 1735.0 374.0 1686.0 374.0 ship 0
1616.0 366.0 1673.0 366.0 1673.0 386.0 1616.0 386.0 ship 0
1620.0 387.0 1674.0 387.0 1674.0 409.0 1620.0 409.0 ship 0
1688.0 397.0 1735.0 397.0 1735.0 412.0 1688.0 412.0 ship 0
1618.0 409.0 1673.0 409.0 1673.0 428.0 1618.0 428.0 ship 0
1686.0 416.0 1738.0 416.0 1738.0 434.0 1686.0 434.0 ship 0
1780.0 491.0 1837.0 491.0 1837.0 510.0 1780.0 510.0 ship 0
1795.0 473.0 1839.0 473.0 1839.0 489.0 1795.0 489.0 ship 0
1976.0 521.0 2027.0 521.0 2027.0 539.0 1976.0 539.0 ship 0
1848.0 451.0 1897.0 451.0 1897.0 468.0 1848.0 468.0 ship 0
1966.0 495.0 2024.0 495.0 2024.0 519.0 1966.0 519.0 ship 0
1969.0 473.0 2026.0 473.0 2026.0 496.0 1969.0 496.0 ship 0
1970.0 450.0 2026.0 450.0 2026.0 472.0 1970.0 472.0 ship 0
1981.0 428.0 2031.0 428.0 2031.0 446.0 1981.0 446.0 ship 0
1974.0 404.0 2028.0 404.0 2028.0 423.0 1974.0 423.0 ship 0
1976.0 379.0 2028.0 379.0 2028.0 400.0 1976.0 400.0 ship 0
1974.0 357.0 2030.0 357.0 2030.0 378.0 1974.0 378.0 ship 0
1978.0 332.0 2031.0 332.0 2031.0 352.0 1978.0 352.0 ship 0
1987.0 313.0 2029.0 313.0 2029.0 329.0 1987.0 329.0 ship 0
1975.0 288.0 2035.0 288.0 2035.0 309.0 1975.0 309.0 ship 0
1807.0 280.0 1836.0 280.0 1836.0 295.0 1807.0 295.0 ship 0
1868.0 265.0 1899.0 265.0 1899.0 280.0 1868.0 280.0 ship 0
1872.0 286.0 1901.0 286.0 1901.0 299.0 1872.0 299.0 ship 0
1807.0 299.0 1834.0 299.0 1834.0 311.0 1807.0 311.0 ship 0
1852.0 302.0 1894.0 302.0 1894.0 320.0 1852.0 320.0 ship 0
1816.0 316.0 1845.0 316.0 1845.0 331.0 1816.0 331.0 ship 0
1793.0 336.0 1837.0 336.0 1837.0 350.0 1793.0 350.0 ship 0
1855.0 324.0 1902.0 324.0 1902.0 341.0 1855.0 341.0 ship 0
1802.0 353.0 1841.0 353.0 1841.0 369.0 1802.0 369.0 ship 0
1854.0 345.0 1902.0 345.0 1902.0 364.0 1854.0 364.0 ship 0
1797.0 370.0 1843.0 370.0 1843.0 387.0 1797.0 387.0 ship 0
1856.0 366.0 1900.0 366.0 1900.0 383.0 1856.0 383.0 ship 0
1793.0 390.0 1844.0 390.0 1844.0 408.0 1793.0 408.0 ship 0
1852.0 386.0 1904.0 386.0 1904.0 405.0 1852.0 405.0 ship 0
1799.0 411.0 1842.0 411.0 1842.0 427.0 1799.0 427.0 ship 0
1856.0 409.0 1903.0 409.0 1903.0 425.0 1856.0 425.0 ship 0
1797.0 428.0 1839.0 428.0 1839.0 447.0 1797.0 447.0 ship 0
1854.0 430.0 1903.0 430.0 1903.0 447.0 1854.0 447.0 ship 0
1785.0 448.0 1836.0 448.0 1836.0 469.0 1785.0 469.0 ship 0
253.0 582.0 434.0 582.0 434.0 667.0 253.0 667.0 harbor 0
