995.0 712.0 1057.0 712.0 1057.0 796.0 995.0 796.0 large-vehicle 0
623.0 639.0 745.0 639.0 745.0 690.0 623.0 690.0 large-vehicle 0
557.0 618.0 633.0 618.0 633.0 655.0 557.0 655.0 large-vehicle 0
930.0 422.0 964.0 422.0 964.0 503.0 930.0 503.0 large-vehicle 0
897.0 414.0 938.0 414.0 938.0 505.0 897.0 505.0 large-vehicle 0
875.0 427.0 909.0 427.0 909.0 499.0 875.0 499.0 large-vehicle 0
819.0 439.0 858.0 439.0 858.0 524.0 819.0 524.0 large-vehicle 0
796.0 450.0 829.0 450.0 829.0 518.0 796.0 518.0 large-vehicle 0
535.0 505.0 569.0 505.0 569.0 574.0 535.0 574.0 large-vehicle 0
737.0 462.0 776.0 462.0 776.0 525.0 737.0 525.0 large-vehicle 0
668.0 486.0 702.0 486.0 702.0 543.0 668.0 543.0 large-vehicle 0
594.0 506.0 631.0 506.0 631.0 567.0 594.0 567.0 large-vehicle 0
481.0 514.0 525.0 514.0 525.0 606.0 481.0 606.0 large-vehicle 0
463.0 534.0 494.0 534.0 494.0 591.0 463.0 591.0 large-vehicle 0
437.0 537.0 472.0 537.0 472.0 602.0 437.0 602.0 large-vehicle 0
410.0 537.0 454.0 537.0 454.0 618.0 410.0 618.0 large-vehicle 0
374.0 852.0 462.0 852.0 462.0 895.0 374.0 895.0 large-vehicle 0
363.0 822.0 451.0 822.0 451.0 868.0 363.0 868.0 large-vehicle 0
367.0 796.0 427.0 796.0 427.0 829.0 367.0 829.0 large-vehicle 0
349.0 767.0 421.0 767.0 421.0 807.0 349.0 807.0 large-vehicle 0
331.0 737.0 419.0 737.0 419.0 773.0 331.0 773.0 large-vehicle 0
325.0 704.0 423.0 704.0 423.0 742.0 325.0 742.0 large-vehicle 0
323.0 678.0 412.0 678.0 412.0 716.0 323.0 716.0 large-vehicle 0
324.0 653.0 407.0 653.0 407.0 688.0 324.0 688.0 large-vehicle 0
254.0 607.0 342.0 607.0 342.0 637.0 254.0 637.0 large-vehicle 0
387.0 348.0 447.0 348.0 447.0 521.0 387.0 521.0 large-vehicle 0
363.0 357.0 423.0 357.0 423.0 529.0 363.0 529.0 large-vehicle 0
329.0 358.0 395.0 358.0 395.0 532.0 329.0 532.0 large-vehicle 0
133.0 294.0 304.0 294.0 304.0 366.0 133.0 366.0 large-vehicle 0
404.0 90.0 580.0 90.0 580.0 157.0 404.0 157.0 large-vehicle 0
382.0 69.0 561.0 69.0 561.0 133.0 382.0 133.0 large-vehicle 0
562.0 638.0 645.0 638.0 645.0 678.0 562.0 678.0 large-vehicle 0
734.0 677.0 816.0 677.0 816.0 717.0 734.0 717.0 large-vehicle 0
720.0 490.0 751.0 490.0 751.0 541.0 720.0 541.0 small-vehicle 0
765.0 637.0 859.0 637.0 859.0 681.0 765.0 681.0 large-vehicle 0
763.0 455.0 799.0 455.0 799.0 509.0 763.0 509.0 small-vehicle 0
688.0 481.0 723.0 481.0 723.0 528.0 688.0 528.0 small-vehicle 0
1030.0 564.0 1097.0 564.0 1097.0 603.0 1030.0 603.0 small-vehicle 0
1058.0 593.0 1112.0 593.0 1112.0 621.0 1058.0 621.0 small-vehicle 0
971.0 585.0 1029.0 585.0 1029.0 622.0 971.0 622.0 small-vehicle 0
1047.0 667.0 1092.0 667.0 1092.0 690.0 1047.0 690.0 small-vehicle 0
148.0 1055.0 175.0 1055.0 175.0 1099.0 148.0 1099.0 small-vehicle 0
366.0 1046.0 403.0 1046.0 403.0 1095.0 366.0 1095.0 small-vehicle 0
552.0 975.0 575.0 975.0 575.0 1016.0 552.0 1016.0 small-vehicle 0
526.0 972.0 554.0 972.0 554.0 1021.0 526.0 1021.0 small-vehicle 0
577.0 777.0 630.0 777.0 630.0 807.0 577.0 807.0 small-vehicle 0
617.0 312.0 646.0 312.0 646.0 360.0 617.0 360.0 small-vehicle 0
113.0 211.0 171.0 211.0 171.0 248.0 113.0 248.0 small-vehicle 0
830.0 39.0 1002.0 39.0 1002.0 117.0 830.0 117.0 large-vehicle 0
838.0 72.0 1010.0 72.0 1010.0 147.0 838.0 147.0 large-vehicle 0
812.0 247.0 871.0 247.0 871.0 422.0 812.0 422.0 large-vehicle 0
751.0 247.0 816.0 247.0 816.0 434.0 751.0 434.0 large-vehicle 0
693.0 264.0 752.0 264.0 752.0 434.0 693.0 434.0 large-vehicle 0
641.0 288.0 706.0 288.0 706.0 461.0 641.0 461.0 large-vehicle 0
993.0 610.0 1048.0 610.0 1048.0 644.0 993.0 644.0 large-vehicle 0
1003.0 502.0 1087.0 502.0 1087.0 555.0 1003.0 555.0 large-vehicle 0
1041.0 832.0 1091.0 832.0 1091.0 921.0 1041.0 921.0 large-vehicle 0
821.0 748.0 879.0 748.0 879.0 780.0 821.0 780.0 large-vehicle 0
616.0 830.0 703.0 830.0 703.0 873.0 616.0 873.0 large-vehicle 0
770.0 715.0 853.0 715.0 853.0 759.0 770.0 759.0 large-vehicle 0
814.0 689.0 865.0 689.0 865.0 721.0 814.0 721.0 large-vehicle 0
718.0 708.0 802.0 708.0 802.0 748.0 718.0 748.0 large-vehicle 0
625.0 698.0 731.0 698.0 731.0 744.0 625.0 744.0 large-vehicle 0
824.0 660.0 876.0 660.0 876.0 692.0 824.0 692.0 large-vehicle 0
56.0 10.0 231.0 10.0 231.0 82.0 56.0 82.0 large-vehicle 0
