581.0 487.0 624.0 487.0 624.0 527.0 581.0 527.0 small-vehicle 0
594.0 470.0 640.0 470.0 640.0 510.0 594.0 510.0 small-vehicle 0
676.0 117.0 751.0 117.0 751.0 181.0 676.0 181.0 large-vehicle 0
370.0 661.0 459.0 661.0 459.0 790.0 370.0 790.0 large-vehicle 0
270.0 621.0 346.0 621.0 346.0 688.0 270.0 688.0 large-vehicle 0
254.0 643.0 316.0 643.0 316.0 698.0 254.0 698.0 large-vehicle 0
233.0 666.0 288.0 666.0 288.0 713.0 233.0 713.0 large-vehicle 0
216.0 690.0 277.0 690.0 277.0 743.0 216.0 743.0 large-vehicle 0
195.0 717.0 243.0 717.0 243.0 760.0 195.0 760.0 large-vehicle 0
156.0 763.0 208.0 763.0 208.0 810.0 156.0 810.0 large-vehicle 0
614.0 216.0 655.0 216.0 655.0 255.0 614.0 255.0 small-vehicle 0
627.0 197.0 669.0 197.0 669.0 238.0 627.0 238.0 small-vehicle 0
510.0 304.0 558.0 304.0 558.0 351.0 510.0 351.0 small-vehicle 0
47.0 925.0 92.0 925.0 92.0 965.0 47.0 965.0 small-vehicle 0
31.0 937.0 73.0 937.0 73.0 978.0 31.0 978.0 small-vehicle 0
23.0 957.0 60.0 957.0 60.0 992.0 23.0 992.0 small-vehicle 0
8.0 973.0 45.0 973.0 45.0 1010.0 8.0 1010.0 small-vehicle 0
146.0 1104.0 185.0 1104.0 185.0 1138.0 146.0 1138.0 small-vehicle 0
155.0 1084.0 196.0 1084.0 196.0 1120.0 155.0 1120.0 small-vehicle 0
23.0 1047.0 84.0 1047.0 84.0 1123.0 23.0 1123.0 large-vehicle 0
445.0 407.0 521.0 407.0 521.0 476.0 445.0 476.0 large-vehicle 0
460.0 378.0 520.0 378.0 520.0 430.0 460.0 430.0 large-vehicle 0
870.0 131.0 911.0 131.0 911.0 151.0 870.0 151.0 small-vehicle 0
877.0 107.0 911.0 107.0 911.0 126.0 877.0 126.0 small-vehicle 0
720.0 305.0 768.0 305.0 768.0 348.0 720.0 348.0 small-vehicle 0
711.0 325.0 754.0 325.0 754.0 363.0 711.0 363.0 small-vehicle 0
688.0 354.0 737.0 354.0 737.0 397.0 688.0 397.0 small-vehicle 0
666.0 388.0 706.0 388.0 706.0 424.0 666.0 424.0 small-vehicle 0
646.0 401.0 690.0 401.0 690.0 436.0 646.0 436.0 small-vehicle 0
694.0 92.0 766.0 92.0 766.0 154.0 694.0 154.0 large-vehicle 0
