1248.0 722.0 1316.0 722.0 1316.0 759.0 1248.0 759.0 large-vehicle 0
939.0 1209.0 971.0 1209.0 971.0 1259.0 939.0 1259.0 small-vehicle 0
229.0 949.0 276.0 949.0 276.0 1019.0 229.0 1019.0 large-vehicle 0
199.0 957.0 244.0 957.0 244.0 1029.0 199.0 1029.0 large-vehicle 0
69.0 346.0 108.0 346.0 108.0 418.0 69.0 418.0 small-vehicle 0
106.0 248.0 169.0 248.0 169.0 280.0 106.0 280.0 small-vehicle 0
956.0 949.0 1000.0 949.0 1000.0 1019.0 956.0 1019.0 large-vehicle 0
893.0 954.0 944.0 954.0 944.0 1032.0 893.0 1032.0 large-vehicle 0
921.0 748.0 976.0 748.0 976.0 849.0 921.0 849.0 large-vehicle 0
730.0 800.0 779.0 800.0 779.0 886.0 730.0 886.0 large-vehicle 0
1350.0 807.0 1424.0 807.0 1424.0 842.0 1350.0 842.0 large-vehicle 0
1269.0 776.0 1370.0 776.0 1370.0 818.0 1269.0 818.0 large-vehicle 0
1260.0 743.0 1361.0 743.0 1361.0 788.0 1260.0 788.0 large-vehicle 0
1264.0 683.0 1369.0 683.0 1369.0 728.0 1264.0 728.0 large-vehicle 0
1042.0 551.0 1090.0 551.0 1090.0 650.0 1042.0 650.0 large-vehicle 0
1104.0 532.0 1150.0 532.0 1150.0 630.0 1104.0 630.0 large-vehicle 0
1299.0 440.0 1352.0 440.0 1352.0 473.0 1299.0 473.0 large-vehicle 0
1227.0 447.0 1292.0 447.0 1292.0 486.0 1227.0 486.0 large-vehicle 0
1080.0 472.0 1173.0 472.0 1173.0 513.0 1080.0 513.0 large-vehicle 0
296.0 1029.0 398.0 1029.0 398.0 1081.0 296.0 1081.0 large-vehicle 0
864.0 980.0 905.0 980.0 905.0 1039.0 864.0 1039.0 small-vehicle 0
1166.0 885.0 1213.0 885.0 1213.0 962.0 1166.0 962.0 large-vehicle 0
757.0 100.0 791.0 100.0 791.0 145.0 757.0 145.0 small-vehicle 0
1129.0 880.0 1185.0 880.0 1185.0 978.0 1129.0 978.0 large-vehicle 0
1096.0 887.0 1147.0 887.0 1147.0 966.0 1096.0 966.0 large-vehicle 0
1064.0 888.0 1123.0 888.0 1123.0 989.0 1064.0 989.0 large-vehicle 0
1037.0 896.0 1095.0 896.0 1095.0 996.0 1037.0 996.0 large-vehicle 0
1008.0 923.0 1064.0 923.0 1064.0 1004.0 1008.0 1004.0 large-vehicle 0
759.0 797.0 808.0 797.0 808.0 874.0 759.0 874.0 large-vehicle 0
787.0 784.0 838.0 784.0 838.0 862.0 787.0 862.0 large-vehicle 0
847.0 767.0 899.0 767.0 899.0 851.0 847.0 851.0 large-vehicle 0
952.0 744.0 1009.0 744.0 1009.0 851.0 952.0 851.0 large-vehicle 0
880.0 758.0 933.0 758.0 933.0 865.0 880.0 865.0 large-vehicle 0
1004.0 553.0 1059.0 553.0 1059.0 659.0 1004.0 659.0 large-vehicle 0
938.0 561.0 1000.0 561.0 1000.0 661.0 938.0 661.0 large-vehicle 0
700.0 618.0 748.0 618.0 748.0 714.0 700.0 714.0 large-vehicle 0
759.0 598.0 812.0 598.0 812.0 697.0 759.0 697.0 large-vehicle 0
962.0 54.0 997.0 54.0 997.0 96.0 962.0 96.0 small-vehicle 0
662.0 120.0 697.0 120.0 697.0 164.0 662.0 164.0 small-vehicle 0
725.0 108.0 757.0 108.0 757.0 152.0 725.0 152.0 small-vehicle 0
1012.0 402.0 1075.0 402.0 1075.0 439.0 1012.0 439.0 large-vehicle 0
