597.0 663.0 650.0 663.0 650.0 720.0 597.0 720.0 large-vehicle 0
374.0 213.0 444.0 213.0 444.0 290.0 374.0 290.0 large-vehicle 0
476.0 476.0 547.0 476.0 547.0 554.0 476.0 554.0 large-vehicle 0
499.0 460.0 567.0 460.0 567.0 537.0 499.0 537.0 large-vehicle 0
575.0 450.0 658.0 450.0 658.0 516.0 575.0 516.0 large-vehicle 0
560.0 427.0 640.0 427.0 640.0 495.0 560.0 495.0 large-vehicle 0
533.0 383.0 613.0 383.0 613.0 452.0 533.0 452.0 large-vehicle 0
545.0 405.0 626.0 405.0 626.0 474.0 545.0 474.0 large-vehicle 0
503.0 346.0 583.0 346.0 583.0 415.0 503.0 415.0 large-vehicle 0
485.0 329.0 565.0 329.0 565.0 399.0 485.0 399.0 large-vehicle 0
470.0 310.0 550.0 310.0 550.0 382.0 470.0 382.0 large-vehicle 0
446.0 294.0 527.0 294.0 527.0 365.0 446.0 365.0 large-vehicle 0
424.0 263.0 501.0 263.0 501.0 340.0 424.0 340.0 large-vehicle 0
410.0 173.0 473.0 173.0 473.0 251.0 410.0 251.0 large-vehicle 0
388.0 187.0 453.0 187.0 453.0 264.0 388.0 264.0 large-vehicle 0
356.0 236.0 427.0 236.0 427.0 312.0 356.0 312.0 large-vehicle 0
357.0 561.0 394.0 561.0 394.0 604.0 357.0 604.0 small-vehicle 0
519.0 363.0 596.0 363.0 596.0 435.0 519.0 435.0 large-vehicle 0
320.0 329.0 379.0 329.0 379.0 393.0 320.0 393.0 large-vehicle 0
270.0 338.0 338.0 338.0 338.0 416.0 270.0 416.0 large-vehicle 0
249.0 351.0 316.0 351.0 316.0 429.0 249.0 429.0 large-vehicle 0
226.0 366.0 298.0 366.0 298.0 446.0 226.0 446.0 large-vehicle 0
217.0 391.0 275.0 391.0 275.0 455.0 217.0 455.0 large-vehicle 0
197.0 407.0 268.0 407.0 268.0 482.0 197.0 482.0 large-vehicle 0
177.0 423.0 248.0 423.0 248.0 499.0 177.0 499.0 large-vehicle 0
306.0 346.0 364.0 346.0 364.0 411.0 306.0 411.0 large-vehicle 0
140.0 442.0 216.0 442.0 216.0 516.0 140.0 516.0 large-vehicle 0
151.0 73.0 253.0 73.0 253.0 127.0 151.0 127.0 large-vehicle 0
212.0 558.0 248.0 558.0 248.0 601.0 212.0 601.0 small-vehicle 0
379.0 541.0 416.0 541.0 416.0 583.0 379.0 583.0 small-vehicle 0
377.0 439.0 453.0 439.0 453.0 489.0 377.0 489.0 large-vehicle 0
