1533.0 2316.0 1774.0 2316.0 1774.0 2562.0 1533.0 2562.0 plane 0
1543.0 2572.0 1821.0 2572.0 1821.0 2820.0 1543.0 2820.0 plane 0
555.0 904.0 814.0 904.0 814.0 1182.0 555.0 1182.0 plane 0
632.0 1776.0 860.0 1776.0 860.0 1993.0 632.0 1993.0 plane 0
321.0 2468.0 622.0 2468.0 622.0 2741.0 321.0 2741.0 plane 0
1057.0 3098.0 1350.0 3098.0 1350.0 3412.0 1057.0 3412.0 plane 0
1092.0 2825.0 1326.0 2825.0 1326.0 3064.0 1092.0 3064.0 plane 0
980.0 2169.0 1259.0 2169.0 1259.0 2476.0 980.0 2476.0 plane 0
871.0 798.0 1187.0 798.0 1187.0 1085.0 871.0 1085.0 plane 0
1404.0 206.0 1752.0 206.0 1752.0 547.0 1404.0 547.0 plane 0
1402.0 749.0 1683.0 749.0 1683.0 1013.0 1402.0 1013.0 plane 0
1424.0 1014.0 1703.0 1014.0 1703.0 1273.0 1424.0 1273.0 plane 0
1985.0 323.0 2111.0 323.0 2111.0 502.0 1985.0 502.0 plane 1
2043.0 481.0 2112.0 481.0 2112.0 611.0 2043.0 611.0 plane 1
2013.0 594.0 2111.0 594.0 2111.0 732.0 2013.0 732.0 plane 1
1551.0 3059.0 1835.0 3059.0 1835.0 3349.0 1551.0 3349.0 plane 0
1585.0 2840.0 1801.0 2840.0 1801.0 3073.0 1585.0 3073.0 plane 0
204.0 587.0 441.0 587.0 441.0 810.0 204.0 810.0 plane 0
