1608.0 1102.0 1631.0 1102.0 1631.0 1144.0 1608.0 1144.0 small-vehicle 0
205.0 1374.0 239.0 1374.0 239.0 1405.0 205.0 1405.0 small-vehicle 0
863.0 247.0 990.0 247.0 990.0 446.0 863.0 446.0 tennis-court 0
1000.0 281.0 1125.0 281.0 1125.0 478.0 1000.0 478.0 tennis-court 0
1132.0 315.0 1258.0 315.0 1258.0 509.0 1132.0 509.0 tennis-court 0
795.0 538.0 920.0 538.0 920.0 734.0 795.0 734.0 tennis-court 0
928.0 571.0 1054.0 571.0 1054.0 767.0 928.0 767.0 tennis-court 0
1061.0 604.0 1188.0 604.0 1188.0 800.0 1061.0 800.0 tennis-court 0
1262.0 654.0 1387.0 654.0 1387.0 849.0 1262.0 849.0 tennis-court 0
1332.0 363.0 1459.0 363.0 1459.0 559.0 1332.0 559.0 tennis-court 0
341.0 843.0 755.0 843.0 755.0 1229.0 341.0 1229.0 swimming-pool 0
14.0 871.0 48.0 871.0 48.0 906.0 14.0 906.0 small-vehicle 0
66.0 1132.0 102.0 1132.0 102.0 1166.0 66.0 1166.0 small-vehicle 0
22.0 1095.0 56.0 1095.0 56.0 1131.0 22.0 1131.0 small-vehicle 0
33.0 1204.0 68.0 1204.0 68.0 1239.0 33.0 1239.0 small-vehicle 0
138.0 1200.0 175.0 1200.0 175.0 1236.0 138.0 1236.0 small-vehicle 0
172.0 1230.0 209.0 1230.0 209.0 1266.0 172.0 1266.0 small-vehicle 0
235.0 1296.0 271.0 1296.0 271.0 1330.0 235.0 1330.0 small-vehicle 0
201.0 1259.0 235.0 1259.0 235.0 1293.0 201.0 1293.0 small-vehicle 0
92.0 1258.0 128.0 1258.0 128.0 1293.0 92.0 1293.0 small-vehicle 0
99.0 1165.0 142.0 1165.0 142.0 1204.0 99.0 1204.0 small-vehicle 0
124.0 1284.0 161.0 1284.0 161.0 1323.0 124.0 1323.0 small-vehicle 0
62.0 1230.0 96.0 1230.0 96.0 1264.0 62.0 1264.0 small-vehicle 0
148.0 1312.0 187.0 1312.0 187.0 1350.0 148.0 1350.0 small-vehicle 0
176.0 1341.0 213.0 1341.0 213.0 1379.0 176.0 1379.0 small-vehicle 0
730.0 215.0 857.0 215.0 857.0 411.0 730.0 411.0 tennis-court 0
