708.0 772.0 721.0 772.0 721.0 792.0 708.0 792.0 ship 0
1572.0 1041.0 1592.0 1041.0 1592.0 1086.0 1572.0 1086.0 ship 0
1733.0 1016.0 1755.0 1016.0 1755.0 1066.0 1733.0 1066.0 ship 0
1710.0 1019.0 1729.0 1019.0 1729.0 1067.0 1710.0 1067.0 ship 0
1689.0 1023.0 1709.0 1023.0 1709.0 1072.0 1689.0 1072.0 ship 0
1665.0 1029.0 1684.0 1029.0 1684.0 1076.0 1665.0 1076.0 ship 0
1643.0 1029.0 1663.0 1029.0 1663.0 1077.0 1643.0 1077.0 ship 0
1620.0 1035.0 1640.0 1035.0 1640.0 1090.0 1620.0 1090.0 ship 0
1595.0 1038.0 1618.0 1038.0 1618.0 1086.0 1595.0 1086.0 ship 0
1552.0 1043.0 1573.0 1043.0 1573.0 1089.0 1552.0 1089.0 ship 0
1784.0 1015.0 1799.0 1015.0 1799.0 1059.0 1784.0 1059.0 ship 0
1528.0 1048.0 1551.0 1048.0 1551.0 1097.0 1528.0 1097.0 ship 0
1505.0 1046.0 1526.0 1046.0 1526.0 1097.0 1505.0 1097.0 ship 0
1460.0 1055.0 1481.0 1055.0 1481.0 1104.0 1460.0 1104.0 ship 0
1466.0 1027.0 1508.0 1027.0 1508.0 1045.0 1466.0 1045.0 ship 0
1436.0 1062.0 1457.0 1062.0 1457.0 1108.0 1436.0 1108.0 ship 0
1413.0 1062.0 1435.0 1062.0 1435.0 1110.0 1413.0 1110.0 ship 0
1406.0 1033.0 1448.0 1033.0 1448.0 1053.0 1406.0 1053.0 ship 0
1757.0 1017.0 1778.0 1017.0 1778.0 1068.0 1757.0 1068.0 ship 0
1824.0 1006.0 1846.0 1006.0 1846.0 1055.0 1824.0 1055.0 ship 0
1609.0 1204.0 1629.0 1204.0 1629.0 1243.0 1609.0 1243.0 ship 0
1790.0 1177.0 1808.0 1177.0 1808.0 1216.0 1790.0 1216.0 ship 0
1645.0 1195.0 1667.0 1195.0 1667.0 1239.0 1645.0 1239.0 ship 0
1665.0 1199.0 1681.0 1199.0 1681.0 1235.0 1665.0 1235.0 ship 0
1682.0 1191.0 1701.0 1191.0 1701.0 1229.0 1682.0 1229.0 ship 0
1701.0 1191.0 1720.0 1191.0 1720.0 1231.0 1701.0 1231.0 ship 0
1722.0 1194.0 1738.0 1194.0 1738.0 1228.0 1722.0 1228.0 ship 0
1737.0 1190.0 1755.0 1190.0 1755.0 1226.0 1737.0 1226.0 ship 0
1770.0 1181.0 1785.0 1181.0 1785.0 1220.0 1770.0 1220.0 ship 0
1827.0 1171.0 1848.0 1171.0 1848.0 1212.0 1827.0 1212.0 ship 0
1847.0 1005.0 1861.0 1005.0 1861.0 1044.0 1847.0 1044.0 ship 0
1846.0 1172.0 1867.0 1172.0 1867.0 1212.0 1846.0 1212.0 ship 0
1871.0 1173.0 1885.0 1173.0 1885.0 1205.0 1871.0 1205.0 ship 0
1904.0 1163.0 1923.0 1163.0 1923.0 1204.0 1904.0 1204.0 ship 0
1922.0 1164.0 1940.0 1164.0 1940.0 1200.0 1922.0 1200.0 ship 0
1942.0 1168.0 1957.0 1168.0 1957.0 1195.0 1942.0 1195.0 ship 0
1916.0 992.0 1937.0 992.0 1937.0 1042.0 1916.0 1042.0 ship 0
1874.0 1006.0 1892.0 1006.0 1892.0 1046.0 1874.0 1046.0 ship 0
1409.0 1010.0 1442.0 1010.0 1442.0 1027.0 1409.0 1027.0 ship 0
1459.0 1013.0 1486.0 1013.0 1486.0 1027.0 1459.0 1027.0 ship 0
1452.0 995.0 1491.0 995.0 1491.0 1012.0 1452.0 1012.0 ship 0
1274.0 998.0 1300.0 998.0 1300.0 1068.0 1274.0 1068.0 ship 0
1390.0 1064.0 1411.0 1064.0 1411.0 1108.0 1390.0 1108.0 ship 0
1368.0 1067.0 1391.0 1067.0 1391.0 1118.0 1368.0 1118.0 ship 0
1344.0 1080.0 1361.0 1080.0 1361.0 1113.0 1344.0 1113.0 ship 0
1322.0 1075.0 1344.0 1075.0 1344.0 1123.0 1322.0 1123.0 ship 0
1300.0 1080.0 1322.0 1080.0 1322.0 1127.0 1300.0 1127.0 ship 0
1279.0 1080.0 1298.0 1080.0 1298.0 1131.0 1279.0 1131.0 ship 0
1253.0 1089.0 1270.0 1089.0 1270.0 1127.0 1253.0 1127.0 ship 0
1225.0 1005.0 1252.0 1005.0 1252.0 1070.0 1225.0 1070.0 ship 0
1406.0 993.0 1440.0 993.0 1440.0 1010.0 1406.0 1010.0 ship 0
1236.0 1096.0 1250.0 1096.0 1250.0 1128.0 1236.0 1128.0 ship 0
1208.0 1093.0 1227.0 1093.0 1227.0 1140.0 1208.0 1140.0 ship 0
1196.0 999.0 1227.0 999.0 1227.0 1080.0 1196.0 1080.0 ship 0
1156.0 1025.0 1181.0 1025.0 1181.0 1077.0 1156.0 1077.0 ship 0
1160.0 1092.0 1182.0 1092.0 1182.0 1147.0 1160.0 1147.0 ship 0
1132.0 1026.0 1157.0 1026.0 1157.0 1089.0 1132.0 1089.0 ship 0
1110.0 1032.0 1136.0 1032.0 1136.0 1088.0 1110.0 1088.0 ship 0
1298.0 993.0 1326.0 993.0 1326.0 1064.0 1298.0 1064.0 ship 0
1326.0 996.0 1349.0 996.0 1349.0 1056.0 1326.0 1056.0 ship 0
1396.0 967.0 1441.0 967.0 1441.0 991.0 1396.0 991.0 ship 0
1396.0 951.0 1438.0 951.0 1438.0 969.0 1396.0 969.0 ship 0
1450.0 963.0 1479.0 963.0 1479.0 977.0 1450.0 977.0 ship 0
1452.0 943.0 1483.0 943.0 1483.0 960.0 1452.0 960.0 ship 0
1446.0 929.0 1485.0 929.0 1485.0 944.0 1446.0 944.0 ship 0
1448.0 912.0 1474.0 912.0 1474.0 926.0 1448.0 926.0 ship 0
1442.0 894.0 1474.0 894.0 1474.0 910.0 1442.0 910.0 ship 0
1437.0 877.0 1476.0 877.0 1476.0 896.0 1437.0 896.0 ship 0
1431.0 827.0 1467.0 827.0 1467.0 844.0 1431.0 844.0 ship 0
1429.0 810.0 1468.0 810.0 1468.0 825.0 1429.0 825.0 ship 0
1436.0 864.0 1473.0 864.0 1473.0 878.0 1436.0 878.0 ship 0
1436.0 846.0 1468.0 846.0 1468.0 859.0 1436.0 859.0 ship 0
1381.0 843.0 1425.0 843.0 1425.0 863.0 1381.0 863.0 ship 0
1383.0 864.0 1423.0 864.0 1423.0 884.0 1383.0 884.0 ship 0
1389.0 884.0 1428.0 884.0 1428.0 903.0 1389.0 903.0 ship 0
1388.0 907.0 1430.0 907.0 1430.0 926.0 1388.0 926.0 ship 0
1394.0 927.0 1435.0 927.0 1435.0 947.0 1394.0 947.0 ship 0
1629.0 1205.0 1644.0 1205.0 1644.0 1237.0 1629.0 1237.0 ship 0
1592.0 1203.0 1611.0 1203.0 1611.0 1245.0 1592.0 1245.0 ship 0
700.0 775.0 713.0 775.0 713.0 795.0 700.0 795.0 ship 0
379.0 947.0 404.0 947.0 404.0 966.0 379.0 966.0 ship 0
413.0 870.0 429.0 870.0 429.0 901.0 413.0 901.0 ship 0
424.0 867.0 441.0 867.0 441.0 898.0 424.0 898.0 ship 0
437.0 863.0 454.0 863.0 454.0 894.0 437.0 894.0 ship 0
387.0 860.0 418.0 860.0 418.0 878.0 387.0 878.0 ship 0
357.0 870.0 386.0 870.0 386.0 890.0 357.0 890.0 ship 0
464.0 884.0 492.0 884.0 492.0 910.0 464.0 910.0 ship 0
402.0 938.0 427.0 938.0 427.0 962.0 402.0 962.0 ship 0
372.0 961.0 408.0 961.0 408.0 978.0 372.0 978.0 ship 0
390.0 879.0 405.0 879.0 405.0 909.0 390.0 909.0 ship 0
369.0 981.0 426.0 981.0 426.0 1005.0 369.0 1005.0 ship 0
377.0 1002.0 429.0 1002.0 429.0 1023.0 377.0 1023.0 ship 0
378.0 1021.0 436.0 1021.0 436.0 1047.0 378.0 1047.0 ship 0
384.0 1067.0 453.0 1067.0 453.0 1096.0 384.0 1096.0 ship 0
391.0 1094.0 452.0 1094.0 452.0 1119.0 391.0 1119.0 ship 0
389.0 1121.0 448.0 1121.0 448.0 1147.0 389.0 1147.0 ship 0
397.0 1142.0 464.0 1142.0 464.0 1173.0 397.0 1173.0 ship 0
401.0 874.0 418.0 874.0 418.0 905.0 401.0 905.0 ship 0
378.0 880.0 395.0 880.0 395.0 911.0 378.0 911.0 ship 0
1574.0 1208.0 1592.0 1208.0 1592.0 1249.0 1574.0 1249.0 ship 0
2191.0 598.0 2340.0 598.0 2340.0 808.0 2191.0 808.0 harbor 0
528.0 1146.0 1969.0 1146.0 1969.0 1404.0 528.0 1404.0 harbor 0
821.0 982.0 1402.0 982.0 1402.0 1192.0 821.0 1192.0 harbor 0
1401.0 979.0 1946.0 979.0 1946.0 1115.0 1401.0 1115.0 harbor 0
1375.0 803.0 1496.0 803.0 1496.0 1044.0 1375.0 1044.0 harbor 0
1550.0 753.0 1682.0 753.0 1682.0 955.0 1550.0 955.0 harbor 0
1741.0 690.0 1871.0 690.0 1871.0 915.0 1741.0 915.0 harbor 0
2032.0 627.0 2127.0 627.0 2127.0 831.0 2032.0 831.0 harbor 0
2406.0 567.0 2559.0 567.0 2559.0 776.0 2406.0 776.0 harbor 0
364.0 885.0 383.0 885.0 383.0 917.0 364.0 917.0 ship 0
2636.0 541.0 2752.0 541.0 2752.0 729.0 2636.0 729.0 harbor 0
2380.0 331.0 2479.0 331.0 2479.0 455.0 2380.0 455.0 harbor 0
2232.0 352.0 2332.0 352.0 2332.0 475.0 2232.0 475.0 harbor 0
2058.0 380.0 2144.0 380.0 2144.0 500.0 2058.0 500.0 harbor 0
1833.0 419.0 1912.0 419.0 1912.0 536.0 1833.0 536.0 harbor 0
1673.0 450.0 1788.0 450.0 1788.0 589.0 1673.0 589.0 harbor 0
544.0 551.0 1639.0 551.0 1639.0 1004.0 544.0 1004.0 harbor 0
400.0 1170.0 473.0 1170.0 473.0 1200.0 400.0 1200.0 ship 0
403.0 1197.0 470.0 1197.0 470.0 1225.0 403.0 1225.0 ship 0
408.0 1224.0 477.0 1224.0 477.0 1253.0 408.0 1253.0 ship 0
1182.0 1254.0 1202.0 1254.0 1202.0 1299.0 1182.0 1299.0 ship 0
885.0 1290.0 905.0 1290.0 905.0 1338.0 885.0 1338.0 ship 0
906.0 1293.0 926.0 1293.0 926.0 1335.0 906.0 1335.0 ship 0
966.0 1288.0 984.0 1288.0 984.0 1324.0 966.0 1324.0 ship 0
984.0 1282.0 1007.0 1282.0 1007.0 1328.0 984.0 1328.0 ship 0
1026.0 1279.0 1044.0 1279.0 1044.0 1318.0 1026.0 1318.0 ship 0
1046.0 1275.0 1062.0 1275.0 1062.0 1316.0 1046.0 1316.0 ship 0
1064.0 1271.0 1084.0 1271.0 1084.0 1311.0 1064.0 1311.0 ship 0
1259.0 1239.0 1280.0 1239.0 1280.0 1291.0 1259.0 1291.0 ship 0
408.0 1250.0 485.0 1250.0 485.0 1278.0 408.0 1278.0 ship 0
1280.0 1233.0 1299.0 1233.0 1299.0 1282.0 1280.0 1282.0 ship 0
1300.0 1243.0 1318.0 1243.0 1318.0 1286.0 1300.0 1286.0 ship 0
1460.0 1217.0 1477.0 1217.0 1477.0 1257.0 1460.0 1257.0 ship 0
1499.0 1213.0 1519.0 1213.0 1519.0 1257.0 1499.0 1257.0 ship 0
1519.0 1213.0 1534.0 1213.0 1534.0 1252.0 1519.0 1252.0 ship 0
1539.0 1211.0 1555.0 1211.0 1555.0 1251.0 1539.0 1251.0 ship 0
1555.0 1207.0 1576.0 1207.0 1576.0 1252.0 1555.0 1252.0 ship 0
865.0 1299.0 887.0 1299.0 887.0 1343.0 865.0 1343.0 ship 0
843.0 1296.0 865.0 1296.0 865.0 1347.0 843.0 1347.0 ship 0
821.0 1303.0 842.0 1303.0 842.0 1349.0 821.0 1349.0 ship 0
802.0 1307.0 822.0 1307.0 822.0 1355.0 802.0 1355.0 ship 0
415.0 1280.0 481.0 1280.0 481.0 1306.0 415.0 1306.0 ship 0
416.0 1304.0 470.0 1304.0 470.0 1330.0 416.0 1330.0 ship 0
418.0 1333.0 444.0 1333.0 444.0 1348.0 418.0 1348.0 ship 0
427.0 1382.0 454.0 1382.0 454.0 1396.0 427.0 1396.0 ship 0
537.0 1355.0 551.0 1355.0 551.0 1389.0 537.0 1389.0 ship 0
554.0 1359.0 567.0 1359.0 567.0 1389.0 554.0 1389.0 ship 0
568.0 1327.0 590.0 1327.0 590.0 1385.0 568.0 1385.0 ship 0
590.0 1332.0 608.0 1332.0 608.0 1380.0 590.0 1380.0 ship 0
612.0 1332.0 632.0 1332.0 632.0 1377.0 612.0 1377.0 ship 0
632.0 1317.0 655.0 1317.0 655.0 1377.0 632.0 1377.0 ship 0
654.0 1323.0 674.0 1323.0 674.0 1366.0 654.0 1366.0 ship 0
675.0 1316.0 696.0 1316.0 696.0 1364.0 675.0 1364.0 ship 0
718.0 1310.0 739.0 1310.0 739.0 1366.0 718.0 1366.0 ship 0
737.0 1306.0 760.0 1306.0 760.0 1364.0 737.0 1364.0 ship 0
777.0 1300.0 801.0 1300.0 801.0 1356.0 777.0 1356.0 ship 0
1115.0 1106.0 1131.0 1106.0 1131.0 1146.0 1115.0 1146.0 ship 0
1097.0 1112.0 1115.0 1112.0 1115.0 1150.0 1097.0 1150.0 ship 0
1088.0 1032.0 1115.0 1032.0 1115.0 1093.0 1088.0 1093.0 ship 0
1808.0 755.0 1852.0 755.0 1852.0 775.0 1808.0 775.0 ship 0
1564.0 816.0 1600.0 816.0 1600.0 832.0 1564.0 832.0 ship 0
1556.0 793.0 1601.0 793.0 1601.0 814.0 1556.0 814.0 ship 0
1551.0 768.0 1603.0 768.0 1603.0 791.0 1551.0 791.0 ship 0
558.0 899.0 630.0 899.0 630.0 968.0 558.0 968.0 ship 0
1802.0 696.0 1843.0 696.0 1843.0 718.0 1802.0 718.0 ship 0
1804.0 719.0 1840.0 719.0 1840.0 734.0 1804.0 734.0 ship 0
1804.0 735.0 1851.0 735.0 1851.0 758.0 1804.0 758.0 ship 0
1812.0 776.0 1855.0 776.0 1855.0 795.0 1812.0 795.0 ship 0
1570.0 861.0 1612.0 861.0 1612.0 879.0 1570.0 879.0 ship 0
1810.0 800.0 1862.0 800.0 1862.0 821.0 1810.0 821.0 ship 0
1816.0 823.0 1865.0 823.0 1865.0 846.0 1816.0 846.0 ship 0
1762.0 853.0 1808.0 853.0 1808.0 875.0 1762.0 875.0 ship 0
1770.0 876.0 1804.0 876.0 1804.0 894.0 1770.0 894.0 ship 0
1758.0 816.0 1802.0 816.0 1802.0 834.0 1758.0 834.0 ship 0
1755.0 772.0 1796.0 772.0 1796.0 793.0 1755.0 793.0 ship 0
1747.0 749.0 1791.0 749.0 1791.0 772.0 1747.0 772.0 ship 0
1564.0 838.0 1608.0 838.0 1608.0 858.0 1564.0 858.0 ship 0
1579.0 988.0 1630.0 988.0 1630.0 1009.0 1579.0 1009.0 ship 0
1048.0 1042.0 1073.0 1042.0 1073.0 1097.0 1048.0 1097.0 ship 0
1616.0 760.0 1655.0 760.0 1655.0 780.0 1616.0 780.0 ship 0
2051.0 658.0 2099.0 658.0 2099.0 682.0 2051.0 682.0 ship 0
2060.0 683.0 2091.0 683.0 2091.0 699.0 2060.0 699.0 ship 0
2061.0 719.0 2110.0 719.0 2110.0 740.0 2061.0 740.0 ship 0
2064.0 740.0 2111.0 740.0 2111.0 762.0 2064.0 762.0 ship 0
2064.0 761.0 2110.0 761.0 2110.0 781.0 2064.0 781.0 ship 0
2067.0 782.0 2121.0 782.0 2121.0 806.0 2067.0 806.0 ship 0
2069.0 805.0 2116.0 805.0 2116.0 828.0 2069.0 828.0 ship 0
1616.0 784.0 1661.0 784.0 1661.0 806.0 1616.0 806.0 ship 0
1579.0 965.0 1628.0 965.0 1628.0 986.0 1579.0 986.0 ship 0
1617.0 808.0 1659.0 808.0 1659.0 828.0 1617.0 828.0 ship 0
1625.0 832.0 1666.0 832.0 1666.0 851.0 1625.0 851.0 ship 0
1625.0 853.0 1666.0 853.0 1666.0 871.0 1625.0 871.0 ship 0
1625.0 878.0 1674.0 878.0 1674.0 897.0 1625.0 897.0 ship 0
1629.0 899.0 1673.0 899.0 1673.0 918.0 1629.0 918.0 ship 0
1572.0 924.0 1625.0 924.0 1625.0 946.0 1572.0 946.0 ship 0
1578.0 946.0 1625.0 946.0 1625.0 966.0 1578.0 966.0 ship 0
1745.0 731.0 1791.0 731.0 1791.0 752.0 1745.0 752.0 ship 0
1740.0 704.0 1783.0 704.0 1783.0 725.0 1740.0 725.0 ship 0
2472.0 575.0 2535.0 575.0 2535.0 605.0 2472.0 605.0 ship 0
785.0 796.0 798.0 796.0 798.0 815.0 785.0 815.0 ship 0
734.0 808.0 746.0 808.0 746.0 827.0 734.0 827.0 ship 0
741.0 806.0 754.0 806.0 754.0 825.0 741.0 825.0 ship 0
750.0 810.0 763.0 810.0 763.0 829.0 750.0 829.0 ship 0
758.0 808.0 770.0 808.0 770.0 828.0 758.0 828.0 ship 0
764.0 804.0 777.0 804.0 777.0 823.0 764.0 823.0 ship 0
772.0 803.0 785.0 803.0 785.0 822.0 772.0 822.0 ship 0
779.0 799.0 791.0 799.0 791.0 818.0 779.0 818.0 ship 0
793.0 794.0 805.0 794.0 805.0 813.0 793.0 813.0 ship 0
2413.0 587.0 2460.0 587.0 2460.0 608.0 2413.0 608.0 ship 0
800.0 792.0 812.0 792.0 812.0 811.0 800.0 811.0 ship 0
807.0 790.0 820.0 790.0 820.0 809.0 807.0 809.0 ship 0
759.0 841.0 778.0 841.0 778.0 855.0 759.0 855.0 ship 0
773.0 730.0 796.0 730.0 796.0 746.0 773.0 746.0 ship 0
752.0 737.0 775.0 737.0 775.0 753.0 752.0 753.0 ship 0
730.0 745.0 754.0 745.0 754.0 760.0 730.0 760.0 ship 0
692.0 777.0 706.0 777.0 706.0 798.0 692.0 798.0 ship 0
727.0 812.0 740.0 812.0 740.0 831.0 727.0 831.0 ship 0
852.0 846.0 880.0 846.0 880.0 867.0 852.0 867.0 ship 0
856.0 836.0 883.0 836.0 883.0 856.0 856.0 856.0 ship 0
565.0 813.0 600.0 813.0 600.0 840.0 565.0 840.0 ship 0
2435.0 608.0 2465.0 608.0 2465.0 622.0 2435.0 622.0 ship 0
2426.0 691.0 2471.0 691.0 2471.0 715.0 2426.0 715.0 ship 0
2435.0 715.0 2474.0 715.0 2474.0 733.0 2435.0 733.0 ship 0
2431.0 731.0 2483.0 731.0 2483.0 758.0 2431.0 758.0 ship 0
2494.0 721.0 2553.0 721.0 2553.0 746.0 2494.0 746.0 ship 0
2433.0 754.0 2486.0 754.0 2486.0 779.0 2433.0 779.0 ship 0
2663.0 720.0 2726.0 720.0 2726.0 747.0 2663.0 747.0 ship 0
2661.0 698.0 2721.0 698.0 2721.0 724.0 2661.0 724.0 ship 0
2645.0 555.0 2697.0 555.0 2697.0 579.0 2645.0 579.0 ship 0
639.0 792.0 670.0 792.0 670.0 814.0 639.0 814.0 ship 0
654.0 788.0 683.0 788.0 683.0 810.0 654.0 810.0 ship 0
668.0 783.0 698.0 783.0 698.0 806.0 668.0 806.0 ship 0
608.0 798.0 643.0 798.0 643.0 825.0 608.0 825.0 ship 0
595.0 803.0 629.0 803.0 629.0 830.0 595.0 830.0 ship 0
580.0 808.0 614.0 808.0 614.0 834.0 580.0 834.0 ship 0
2208.0 698.0 2258.0 698.0 2258.0 720.0 2208.0 720.0 ship 0
2219.0 740.0 2265.0 740.0 2265.0 762.0 2219.0 762.0 ship 0
2214.0 761.0 2266.0 761.0 2266.0 786.0 2214.0 786.0 ship 0
1250.0 697.0 1287.0 697.0 1287.0 725.0 1250.0 725.0 ship 0
972.0 804.0 1030.0 804.0 1030.0 833.0 972.0 833.0 ship 0
1005.0 775.0 1106.0 775.0 1106.0 843.0 1005.0 843.0 ship 0
1035.0 754.0 1110.0 754.0 1110.0 811.0 1035.0 811.0 ship 0
1087.0 745.0 1160.0 745.0 1160.0 800.0 1087.0 800.0 ship 0
1133.0 741.0 1182.0 741.0 1182.0 775.0 1133.0 775.0 ship 0
1150.0 712.0 1243.0 712.0 1243.0 775.0 1150.0 775.0 ship 0
1193.0 699.0 1283.0 699.0 1283.0 765.0 1193.0 765.0 ship 0
1270.0 676.0 1343.0 676.0 1343.0 729.0 1270.0 729.0 ship 0
1724.0 461.0 1768.0 461.0 1768.0 487.0 1724.0 487.0 ship 0
1295.0 659.0 1370.0 659.0 1370.0 710.0 1295.0 710.0 ship 0
1340.0 653.0 1405.0 653.0 1405.0 696.0 1340.0 696.0 ship 0
1379.0 643.0 1442.0 643.0 1442.0 687.0 1379.0 687.0 ship 0
1436.0 620.0 1490.0 620.0 1490.0 663.0 1436.0 663.0 ship 0
1457.0 607.0 1503.0 607.0 1503.0 640.0 1457.0 640.0 ship 0
1500.0 603.0 1562.0 603.0 1562.0 649.0 1500.0 649.0 ship 0
1528.0 588.0 1591.0 588.0 1591.0 632.0 1528.0 632.0 ship 0
925.0 803.0 1015.0 803.0 1015.0 865.0 925.0 865.0 ship 0
805.0 884.0 867.0 884.0 867.0 931.0 805.0 931.0 ship 0
886.0 852.0 942.0 852.0 942.0 892.0 886.0 892.0 ship 0
842.0 1142.0 860.0 1142.0 860.0 1187.0 842.0 1187.0 ship 0
1047.0 1111.0 1070.0 1111.0 1070.0 1160.0 1047.0 1160.0 ship 0
1025.0 1117.0 1045.0 1117.0 1045.0 1162.0 1025.0 1162.0 ship 0
1001.0 1118.0 1024.0 1118.0 1024.0 1169.0 1001.0 1169.0 ship 0
980.0 1127.0 995.0 1127.0 995.0 1171.0 980.0 1171.0 ship 0
1026.0 1049.0 1048.0 1049.0 1048.0 1097.0 1026.0 1097.0 ship 0
1001.0 1045.0 1029.0 1045.0 1029.0 1106.0 1001.0 1106.0 ship 0
980.0 1050.0 1004.0 1050.0 1004.0 1102.0 980.0 1102.0 ship 0
959.0 1055.0 985.0 1055.0 985.0 1107.0 959.0 1107.0 ship 0
933.0 1130.0 949.0 1130.0 949.0 1169.0 933.0 1169.0 ship 0
918.0 1065.0 940.0 1065.0 940.0 1113.0 918.0 1113.0 ship 0
895.0 1058.0 918.0 1058.0 918.0 1115.0 895.0 1115.0 ship 0
873.0 1063.0 898.0 1063.0 898.0 1121.0 873.0 1121.0 ship 0
852.0 1069.0 875.0 1069.0 875.0 1127.0 852.0 1127.0 ship 0
865.0 1136.0 886.0 1136.0 886.0 1184.0 865.0 1184.0 ship 0
887.0 1146.0 902.0 1146.0 902.0 1177.0 887.0 1177.0 ship 0
1575.0 566.0 1604.0 566.0 1604.0 605.0 1575.0 605.0 ship 0
1731.0 489.0 1768.0 489.0 1768.0 506.0 1731.0 506.0 ship 0
2218.0 783.0 2270.0 783.0 2270.0 808.0 2218.0 808.0 ship 0
2267.0 629.0 2311.0 629.0 2311.0 650.0 2267.0 650.0 ship 0
2284.0 381.0 2323.0 381.0 2323.0 397.0 2284.0 397.0 ship 0
2284.0 364.0 2315.0 364.0 2315.0 379.0 2284.0 379.0 ship 0
2385.0 369.0 2416.0 369.0 2416.0 383.0 2385.0 383.0 ship 0
2384.0 352.0 2416.0 352.0 2416.0 366.0 2384.0 366.0 ship 0
2390.0 415.0 2422.0 415.0 2422.0 430.0 2390.0 430.0 ship 0
2397.0 433.0 2428.0 433.0 2428.0 446.0 2397.0 446.0 ship 0
2262.0 606.0 2313.0 606.0 2313.0 629.0 2262.0 629.0 ship 0
2266.0 649.0 2316.0 649.0 2316.0 671.0 2266.0 671.0 ship 0
1730.0 502.0 1773.0 502.0 1773.0 527.0 1730.0 527.0 ship 0
2197.0 615.0 2251.0 615.0 2251.0 639.0 2197.0 639.0 ship 0
2266.0 669.0 2323.0 669.0 2323.0 694.0 2266.0 694.0 ship 0
2274.0 690.0 2317.0 690.0 2317.0 711.0 2274.0 711.0 ship 0
2272.0 711.0 2328.0 711.0 2328.0 736.0 2272.0 736.0 ship 0
2286.0 734.0 2322.0 734.0 2322.0 751.0 2286.0 751.0 ship 0
2281.0 752.0 2334.0 752.0 2334.0 775.0 2281.0 775.0 ship 0
2282.0 774.0 2339.0 774.0 2339.0 799.0 2282.0 799.0 ship 0
2289.0 396.0 2327.0 396.0 2327.0 412.0 2289.0 412.0 ship 0
2290.0 413.0 2327.0 413.0 2327.0 429.0 2290.0 429.0 ship 0
2296.0 443.0 2334.0 443.0 2334.0 460.0 2296.0 460.0 ship 0
2295.0 430.0 2320.0 430.0 2320.0 443.0 2295.0 443.0 ship 0
1739.0 520.0 1786.0 520.0 1786.0 548.0 1739.0 548.0 ship 0
1743.0 542.0 1783.0 542.0 1783.0 568.0 1743.0 568.0 ship 0
1728.0 571.0 1771.0 571.0 1771.0 598.0 1728.0 598.0 ship 0
1696.0 558.0 1735.0 558.0 1735.0 583.0 1696.0 583.0 ship 0
1696.0 541.0 1729.0 541.0 1729.0 561.0 1696.0 561.0 ship 0
1692.0 525.0 1725.0 525.0 1725.0 544.0 1692.0 544.0 ship 0
1684.0 506.0 1724.0 506.0 1724.0 529.0 1684.0 529.0 ship 0
1680.0 488.0 1717.0 488.0 1717.0 511.0 1680.0 511.0 ship 0
1836.0 434.0 1873.0 434.0 1873.0 453.0 1836.0 453.0 ship 0
1851.0 487.0 1894.0 487.0 1894.0 508.0 1851.0 508.0 ship 0
1853.0 503.0 1901.0 503.0 1901.0 528.0 1853.0 528.0 ship 0
2101.0 390.0 2131.0 390.0 2131.0 405.0 2101.0 405.0 ship 0
2086.0 466.0 2139.0 466.0 2139.0 490.0 2086.0 490.0 ship 0
2246.0 449.0 2287.0 449.0 2287.0 468.0 2246.0 468.0 ship 0
2245.0 435.0 2282.0 435.0 2282.0 450.0 2245.0 450.0 ship 0
356.0 962.0 497.0 962.0 497.0 1403.0 356.0 1403.0 harbor 0
