1145.0 215.0 1237.0 215.0 1237.0 404.0 1145.0 404.0 tennis-court 0
1000.0 213.0 1092.0 213.0 1092.0 403.0 1000.0 403.0 tennis-court 0
810.0 185.0 901.0 185.0 901.0 375.0 810.0 375.0 tennis-court 0
665.0 182.0 757.0 182.0 757.0 372.0 665.0 372.0 tennis-court 0
520.0 179.0 614.0 179.0 614.0 370.0 520.0 370.0 tennis-court 0
948.0 534.0 1039.0 534.0 1039.0 723.0 948.0 723.0 tennis-court 0
1092.0 535.0 1184.0 535.0 1184.0 725.0 1092.0 725.0 tennis-court 0
1427.0 589.0 1519.0 589.0 1519.0 778.0 1427.0 778.0 tennis-court 0
1286.0 587.0 1375.0 587.0 1375.0 776.0 1286.0 776.0 tennis-court 0
1412.0 927.0 1503.0 927.0 1503.0 1119.0 1412.0 1119.0 tennis-court 0
1267.0 925.0 1360.0 925.0 1360.0 1114.0 1267.0 1114.0 tennis-court 0
1068.0 861.0 1158.0 861.0 1158.0 1051.0 1068.0 1051.0 tennis-court 0
805.0 532.0 895.0 532.0 895.0 723.0 805.0 723.0 tennis-court 0
607.0 638.0 702.0 638.0 702.0 829.0 607.0 829.0 tennis-court 0
465.0 635.0 558.0 635.0 558.0 826.0 465.0 826.0 tennis-court 0
239.0 559.0 331.0 559.0 331.0 749.0 239.0 749.0 tennis-court 0
