519.0 61.0 537.0 61.0 537.0 98.0 519.0 98.0 small-vehicle 1
1327.0 343.0 1424.0 343.0 1424.0 541.0 1327.0 541.0 tennis-court 0
685.0 232.0 727.0 232.0 727.0 251.0 685.0 251.0 small-vehicle 0
612.0 232.0 652.0 232.0 652.0 250.0 612.0 250.0 small-vehicle 0
558.0 231.0 596.0 231.0 596.0 250.0 558.0 250.0 small-vehicle 0
419.0 226.0 461.0 226.0 461.0 247.0 419.0 247.0 small-vehicle 0
374.0 227.0 411.0 227.0 411.0 245.0 374.0 245.0 small-vehicle 0
122.0 223.0 160.0 223.0 160.0 240.0 122.0 240.0 small-vehicle 0
64.0 222.0 102.0 222.0 102.0 239.0 64.0 239.0 small-vehicle 0
1437.0 346.0 1535.0 346.0 1535.0 543.0 1437.0 543.0 tennis-court 0
1217.0 340.0 1313.0 340.0 1313.0 540.0 1217.0 540.0 tennis-court 0
1254.0 84.0 1273.0 84.0 1273.0 118.0 1254.0 118.0 small-vehicle 1
1106.0 339.0 1202.0 339.0 1202.0 535.0 1106.0 535.0 tennis-court 0
966.0 335.0 1062.0 335.0 1062.0 532.0 966.0 532.0 tennis-court 0
855.0 334.0 951.0 334.0 951.0 532.0 855.0 532.0 tennis-court 0
742.0 331.0 837.0 331.0 837.0 528.0 742.0 528.0 tennis-court 0
628.0 328.0 726.0 328.0 726.0 528.0 628.0 528.0 tennis-court 0
486.0 326.0 585.0 326.0 585.0 525.0 486.0 525.0 tennis-court 0
376.0 323.0 472.0 323.0 472.0 522.0 376.0 522.0 tennis-court 0
262.0 322.0 361.0 322.0 361.0 520.0 262.0 520.0 tennis-court 0
742.0 233.0 779.0 233.0 779.0 252.0 742.0 252.0 small-vehicle 0
854.0 237.0 895.0 237.0 895.0 254.0 854.0 254.0 small-vehicle 0
799.0 234.0 837.0 234.0 837.0 252.0 799.0 252.0 small-vehicle 0
914.0 236.0 958.0 236.0 958.0 257.0 914.0 257.0 small-vehicle 0
1231.0 100.0 1252.0 100.0 1252.0 149.0 1231.0 149.0 small-vehicle 1
1044.0 239.0 1085.0 239.0 1085.0 259.0 1044.0 259.0 small-vehicle 1
975.0 237.0 1014.0 237.0 1014.0 255.0 975.0 255.0 small-vehicle 1
306.0 222.0 343.0 222.0 343.0 244.0 306.0 244.0 small-vehicle 1
177.0 221.0 229.0 221.0 229.0 240.0 177.0 240.0 small-vehicle 1
1571.0 427.0 1591.0 427.0 1591.0 469.0 1571.0 469.0 small-vehicle 0
1575.0 321.0 1595.0 321.0 1595.0 363.0 1575.0 363.0 small-vehicle 0
484.0 229.0 516.0 229.0 516.0 246.0 484.0 246.0 small-vehicle 0
254.0 226.0 286.0 226.0 286.0 244.0 254.0 244.0 small-vehicle 0
1649.0 217.0 1693.0 217.0 1693.0 235.0 1649.0 235.0 small-vehicle 0
1453.0 247.0 1493.0 247.0 1493.0 266.0 1453.0 266.0 small-vehicle 0
1393.0 243.0 1440.0 243.0 1440.0 263.0 1393.0 263.0 small-vehicle 0
1344.0 245.0 1386.0 245.0 1386.0 263.0 1344.0 263.0 small-vehicle 0
1277.0 243.0 1324.0 243.0 1324.0 263.0 1277.0 263.0 small-vehicle 0
1214.0 243.0 1252.0 243.0 1252.0 262.0 1214.0 262.0 small-vehicle 0
1157.0 243.0 1198.0 243.0 1198.0 262.0 1157.0 262.0 small-vehicle 0
1105.0 244.0 1143.0 244.0 1143.0 260.0 1105.0 260.0 small-vehicle 0
154.0 318.0 251.0 318.0 251.0 517.0 154.0 517.0 tennis-court 0
