658.0 327.0 694.0 327.0 694.0 356.0 658.0 356.0 large-vehicle 0
433.0 1002.0 496.0 1002.0 496.0 1084.0 433.0 1084.0 ship 0
381.0 680.0 449.0 680.0 449.0 769.0 381.0 769.0 ship 0
462.0 641.0 526.0 641.0 526.0 728.0 462.0 728.0 ship 0
532.0 714.0 601.0 714.0 601.0 803.0 532.0 803.0 ship 0
460.0 753.0 531.0 753.0 531.0 844.0 460.0 844.0 ship 0
394.0 793.0 456.0 793.0 456.0 875.0 394.0 875.0 ship 0
322.0 838.0 389.0 838.0 389.0 923.0 322.0 923.0 ship 0
638.0 889.0 699.0 889.0 699.0 967.0 638.0 967.0 ship 0
575.0 927.0 637.0 927.0 637.0 1009.0 575.0 1009.0 ship 0
508.0 965.0 571.0 965.0 571.0 1042.0 508.0 1042.0 ship 0
482.0 993.0 536.0 993.0 536.0 1064.0 482.0 1064.0 ship 0
731.0 949.0 782.0 949.0 782.0 1015.0 731.0 1015.0 ship 0
232.0 767.0 321.0 767.0 321.0 898.0 232.0 898.0 ship 0
720.0 984.0 753.0 984.0 753.0 1026.0 720.0 1026.0 ship 0
671.0 986.0 725.0 986.0 725.0 1055.0 671.0 1055.0 ship 0
634.0 1006.0 687.0 1006.0 687.0 1074.0 634.0 1074.0 ship 0
579.0 1034.0 631.0 1034.0 631.0 1102.0 579.0 1102.0 ship 0
545.0 1054.0 595.0 1054.0 595.0 1120.0 545.0 1120.0 ship 0
520.0 1080.0 574.0 1080.0 574.0 1152.0 520.0 1152.0 ship 0
486.0 1088.0 536.0 1088.0 536.0 1154.0 486.0 1154.0 ship 0
786.0 1131.0 842.0 1131.0 842.0 1206.0 786.0 1206.0 ship 0
744.0 1143.0 811.0 1143.0 811.0 1230.0 744.0 1230.0 ship 0
692.0 1191.0 743.0 1191.0 743.0 1259.0 692.0 1259.0 ship 0
308.0 721.0 376.0 721.0 376.0 812.0 308.0 812.0 ship 0
58.0 494.0 174.0 494.0 174.0 668.0 58.0 668.0 ship 0
668.0 344.0 708.0 344.0 708.0 377.0 668.0 377.0 large-vehicle 0
275.0 393.0 323.0 393.0 323.0 456.0 275.0 456.0 ship 0
259.0 583.0 683.0 583.0 683.0 920.0 259.0 920.0 harbor 0
418.0 856.0 801.0 856.0 801.0 1168.0 418.0 1168.0 harbor 0
570.0 1094.0 960.0 1094.0 960.0 1425.0 570.0 1425.0 harbor 0
757.0 1403.0 1151.0 1403.0 1151.0 1767.0 757.0 1767.0 harbor 0
86.0 262.0 161.0 262.0 161.0 311.0 86.0 311.0 ship 0
113.0 475.0 162.0 475.0 162.0 544.0 113.0 544.0 ship 0
143.0 460.0 200.0 460.0 200.0 530.0 143.0 530.0 ship 0
176.0 442.0 235.0 442.0 235.0 513.0 176.0 513.0 ship 0
206.0 419.0 269.0 419.0 269.0 497.0 206.0 497.0 ship 0
241.0 398.0 297.0 398.0 297.0 477.0 241.0 477.0 ship 0
305.0 367.0 365.0 367.0 365.0 441.0 305.0 441.0 ship 0
454.0 382.0 524.0 382.0 524.0 484.0 454.0 484.0 ship 0
340.0 350.0 396.0 350.0 396.0 421.0 340.0 421.0 ship 0
382.0 349.0 418.0 349.0 418.0 392.0 382.0 392.0 ship 0
401.0 323.0 453.0 323.0 453.0 392.0 401.0 392.0 ship 0
417.0 283.0 480.0 283.0 480.0 371.0 417.0 371.0 ship 0
147.0 549.0 218.0 549.0 218.0 642.0 147.0 642.0 ship 0
189.0 527.0 257.0 527.0 257.0 619.0 189.0 619.0 ship 0
231.0 508.0 302.0 508.0 302.0 602.0 231.0 602.0 ship 0
303.0 460.0 381.0 460.0 381.0 559.0 303.0 559.0 ship 0
383.0 425.0 452.0 425.0 452.0 513.0 383.0 513.0 ship 0
421.0 405.0 487.0 405.0 487.0 491.0 421.0 491.0 ship 0
654.0 1220.0 694.0 1220.0 694.0 1269.0 654.0 1269.0 ship 0
543.0 1265.0 620.0 1265.0 620.0 1370.0 543.0 1370.0 ship 0
890.0 1173.0 969.0 1173.0 969.0 1281.0 890.0 1281.0 ship 0
754.0 486.0 797.0 486.0 797.0 530.0 754.0 530.0 large-vehicle 0
811.0 532.0 846.0 532.0 846.0 576.0 811.0 576.0 small-vehicle 0
942.0 509.0 978.0 509.0 978.0 548.0 942.0 548.0 small-vehicle 0
749.0 303.0 784.0 303.0 784.0 332.0 749.0 332.0 small-vehicle 0
679.0 156.0 714.0 156.0 714.0 189.0 679.0 189.0 large-vehicle 0
697.0 138.0 731.0 138.0 731.0 177.0 697.0 177.0 large-vehicle 0
874.0 119.0 902.0 119.0 902.0 160.0 874.0 160.0 large-vehicle 0
640.0 249.0 675.0 249.0 675.0 269.0 640.0 269.0 large-vehicle 0
638.0 272.0 669.0 272.0 669.0 291.0 638.0 291.0 large-vehicle 0
714.0 426.0 756.0 426.0 756.0 459.0 714.0 459.0 large-vehicle 0
764.0 504.0 810.0 504.0 810.0 554.0 764.0 554.0 large-vehicle 0
846.0 535.0 866.0 535.0 866.0 571.0 846.0 571.0 large-vehicle 0
738.0 1254.0 817.0 1254.0 817.0 1360.0 738.0 1360.0 ship 0
887.0 534.0 912.0 534.0 912.0 569.0 887.0 569.0 large-vehicle 0
963.0 495.0 998.0 495.0 998.0 532.0 963.0 532.0 large-vehicle 0
978.0 475.0 1016.0 475.0 1016.0 510.0 978.0 510.0 large-vehicle 0
996.0 438.0 1033.0 438.0 1033.0 467.0 996.0 467.0 large-vehicle 0
995.0 360.0 1043.0 360.0 1043.0 384.0 995.0 384.0 large-vehicle 0
814.0 405.0 861.0 405.0 861.0 446.0 814.0 446.0 large-vehicle 0
798.0 393.0 841.0 393.0 841.0 427.0 798.0 427.0 large-vehicle 0
875.0 259.0 914.0 259.0 914.0 294.0 875.0 294.0 large-vehicle 0
892.0 295.0 932.0 295.0 932.0 322.0 892.0 322.0 large-vehicle 0
907.0 381.0 958.0 381.0 958.0 406.0 907.0 406.0 large-vehicle 0
742.0 475.0 779.0 475.0 779.0 514.0 742.0 514.0 small-vehicle 0
784.0 370.0 821.0 370.0 821.0 401.0 784.0 401.0 small-vehicle 0
988.0 303.0 1025.0 303.0 1025.0 329.0 988.0 329.0 small-vehicle 0
988.0 460.0 1023.0 460.0 1023.0 487.0 988.0 487.0 small-vehicle 0
662.0 1292.0 742.0 1292.0 742.0 1405.0 662.0 1405.0 ship 0
625.0 1320.0 706.0 1320.0 706.0 1434.0 625.0 1434.0 ship 0
775.0 1538.0 851.0 1538.0 851.0 1644.0 775.0 1644.0 ship 0
853.0 1501.0 925.0 1501.0 925.0 1596.0 853.0 1596.0 ship 0
939.0 1455.0 1011.0 1455.0 1011.0 1553.0 939.0 1553.0 ship 0
835.0 1644.0 910.0 1644.0 910.0 1751.0 835.0 1751.0 ship 0
920.0 1600.0 1004.0 1600.0 1004.0 1715.0 920.0 1715.0 ship 0
993.0 1561.0 1059.0 1561.0 1059.0 1647.0 993.0 1647.0 ship 0
1030.0 1544.0 1072.0 1544.0 1072.0 1600.0 1030.0 1600.0 ship 0
1057.0 1519.0 1103.0 1519.0 1103.0 1592.0 1057.0 1592.0 ship 0
742.0 1617.0 858.0 1617.0 858.0 1767.0 742.0 1767.0 ship 0
668.0 178.0 709.0 178.0 709.0 215.0 668.0 215.0 small-vehicle 0
643.0 224.0 688.0 224.0 688.0 250.0 643.0 250.0 small-vehicle 0
642.0 289.0 680.0 289.0 680.0 315.0 642.0 315.0 small-vehicle 0
648.0 308.0 688.0 308.0 688.0 338.0 648.0 338.0 small-vehicle 0
720.0 330.0 744.0 330.0 744.0 369.0 720.0 369.0 small-vehicle 0
762.0 336.0 799.0 336.0 799.0 368.0 762.0 368.0 small-vehicle 0
904.0 403.0 942.0 403.0 942.0 431.0 904.0 431.0 small-vehicle 0
898.0 424.0 935.0 424.0 935.0 464.0 898.0 464.0 small-vehicle 0
789.0 524.0 824.0 524.0 824.0 564.0 789.0 564.0 small-vehicle 0
924.0 525.0 958.0 525.0 958.0 564.0 924.0 564.0 small-vehicle 0
99.0 305.0 518.0 305.0 518.0 647.0 99.0 647.0 harbor 0
