1489.0 235.0 1777.0 235.0 1777.0 511.0 1489.0 511.0 baseball-diamond 0
563.0 1.0 1469.0 1.0 1469.0 1011.0 563.0 1011.0 ground-track-field 1
349.0 184.0 493.0 184.0 493.0 390.0 349.0 390.0 tennis-court 0
449.0 149.0 594.0 149.0 594.0 356.0 449.0 356.0 tennis-court 0
332.0 491.0 476.0 491.0 476.0 698.0 332.0 698.0 tennis-court 0
441.0 454.0 586.0 454.0 586.0 661.0 441.0 661.0 tennis-court 0
543.0 421.0 687.0 421.0 687.0 627.0 543.0 627.0 tennis-court 0
1.0 828.0 548.0 828.0 548.0 1444.0 1.0 1444.0 soccer-ball-field 1
648.0 1142.0 839.0 1142.0 839.0 1288.0 648.0 1288.0 basketball-court 0
807.0 1065.0 997.0 1065.0 997.0 1210.0 807.0 1210.0 basketball-court 0
961.0 980.0 1160.0 980.0 1160.0 1136.0 961.0 1136.0 basketball-court 0
1180.0 915.0 1350.0 915.0 1350.0 1121.0 1180.0 1121.0 basketball-court 0
1293.0 859.0 1464.0 859.0 1464.0 1064.0 1293.0 1064.0 basketball-court 0
1406.0 804.0 1577.0 804.0 1577.0 1009.0 1406.0 1009.0 basketball-court 0
1265.0 1054.0 1471.0 1054.0 1471.0 1226.0 1265.0 1226.0 basketball-court 0
1325.0 1177.0 1529.0 1177.0 1529.0 1348.0 1325.0 1348.0 basketball-court 0
1425.0 977.0 1628.0 977.0 1628.0 1148.0 1425.0 1148.0 basketball-court 0
1525.0 777.0 1694.0 777.0 1694.0 983.0 1525.0 983.0 basketball-court 0
1632.0 723.0 1802.0 723.0 1802.0 930.0 1632.0 930.0 basketball-court 0
241.0 221.0 384.0 221.0 384.0 428.0 241.0 428.0 tennis-court 0
