3384.0 2566.0 3416.0 2566.0 3416.0 2591.0 3384.0 2591.0 ship 0
1417.0 1195.0 1461.0 1195.0 1461.0 1210.0 1417.0 1210.0 ship 0
1520.0 1268.0 1566.0 1268.0 1566.0 1284.0 1520.0 1284.0 ship 0
1527.0 1226.0 1566.0 1226.0 1566.0 1241.0 1527.0 1241.0 ship 0
1524.0 1203.0 1569.0 1203.0 1569.0 1221.0 1524.0 1221.0 ship 0
1521.0 1180.0 1566.0 1180.0 1566.0 1197.0 1521.0 1197.0 ship 0
1523.0 1158.0 1567.0 1158.0 1567.0 1178.0 1523.0 1178.0 ship 0
1524.0 1138.0 1569.0 1138.0 1569.0 1155.0 1524.0 1155.0 ship 0
1523.0 1116.0 1569.0 1116.0 1569.0 1133.0 1523.0 1133.0 ship 0
1523.0 1095.0 1568.0 1095.0 1568.0 1109.0 1523.0 1109.0 ship 0
1525.0 1075.0 1568.0 1075.0 1568.0 1092.0 1525.0 1092.0 ship 0
1525.0 1055.0 1570.0 1055.0 1570.0 1070.0 1525.0 1070.0 ship 0
1524.0 1034.0 1569.0 1034.0 1569.0 1051.0 1524.0 1051.0 ship 0
1528.0 1016.0 1568.0 1016.0 1568.0 1028.0 1528.0 1028.0 ship 0
1524.0 992.0 1569.0 992.0 1569.0 1007.0 1524.0 1007.0 ship 0
1526.0 972.0 1571.0 972.0 1571.0 989.0 1526.0 989.0 ship 0
1525.0 953.0 1572.0 953.0 1572.0 969.0 1525.0 969.0 ship 0
1526.0 931.0 1572.0 931.0 1572.0 946.0 1526.0 946.0 ship 0
1522.0 909.0 1572.0 909.0 1572.0 927.0 1522.0 927.0 ship 0
1526.0 888.0 1573.0 888.0 1573.0 907.0 1526.0 907.0 ship 0
1525.0 861.0 1589.0 861.0 1589.0 884.0 1525.0 884.0 ship 0
1418.0 1288.0 1464.0 1288.0 1464.0 1308.0 1418.0 1308.0 ship 0
1418.0 1271.0 1461.0 1271.0 1461.0 1290.0 1418.0 1290.0 ship 0
1420.0 1251.0 1461.0 1251.0 1461.0 1270.0 1420.0 1270.0 ship 0
1416.0 1232.0 1461.0 1232.0 1461.0 1251.0 1416.0 1251.0 ship 0
1520.0 1290.0 1565.0 1290.0 1565.0 1305.0 1520.0 1305.0 ship 0
1577.0 893.0 1630.0 893.0 1630.0 913.0 1577.0 913.0 ship 0
1577.0 943.0 1630.0 943.0 1630.0 962.0 1577.0 962.0 ship 0
1582.0 1265.0 1624.0 1265.0 1624.0 1283.0 1582.0 1283.0 ship 0
1691.0 1172.0 1742.0 1172.0 1742.0 1190.0 1691.0 1190.0 ship 0
1695.0 1150.0 1741.0 1150.0 1741.0 1165.0 1695.0 1165.0 ship 0
1691.0 1124.0 1743.0 1124.0 1743.0 1145.0 1691.0 1145.0 ship 0
1696.0 1101.0 1743.0 1101.0 1743.0 1120.0 1696.0 1120.0 ship 0
1693.0 1076.0 1745.0 1076.0 1745.0 1096.0 1693.0 1096.0 ship 0
1696.0 1052.0 1743.0 1052.0 1743.0 1071.0 1696.0 1071.0 ship 0
1697.0 1026.0 1743.0 1026.0 1743.0 1043.0 1697.0 1043.0 ship 0
1694.0 999.0 1741.0 999.0 1741.0 1018.0 1694.0 1018.0 ship 0
1699.0 971.0 1767.0 971.0 1767.0 993.0 1699.0 993.0 ship 0
1577.0 1287.0 1628.0 1287.0 1628.0 1306.0 1577.0 1306.0 ship 0
1577.0 1237.0 1633.0 1237.0 1633.0 1260.0 1577.0 1260.0 ship 0
1580.0 988.0 1632.0 988.0 1632.0 1007.0 1580.0 1007.0 ship 0
1578.0 1217.0 1627.0 1217.0 1627.0 1236.0 1578.0 1236.0 ship 0
1578.0 1194.0 1627.0 1194.0 1627.0 1212.0 1578.0 1212.0 ship 0
1583.0 1170.0 1624.0 1170.0 1624.0 1188.0 1583.0 1188.0 ship 0
1578.0 1146.0 1628.0 1146.0 1628.0 1163.0 1578.0 1163.0 ship 0
1578.0 1123.0 1625.0 1123.0 1625.0 1138.0 1578.0 1138.0 ship 0
1580.0 1100.0 1629.0 1100.0 1629.0 1118.0 1580.0 1118.0 ship 0
1581.0 1080.0 1627.0 1080.0 1627.0 1095.0 1581.0 1095.0 ship 0
1579.0 1055.0 1630.0 1055.0 1630.0 1072.0 1579.0 1072.0 ship 0
1578.0 1034.0 1629.0 1034.0 1629.0 1051.0 1578.0 1051.0 ship 0
1576.0 1012.0 1628.0 1012.0 1628.0 1029.0 1576.0 1029.0 ship 0
1417.0 1213.0 1461.0 1213.0 1461.0 1230.0 1417.0 1230.0 ship 0
1419.0 1176.0 1462.0 1176.0 1462.0 1192.0 1419.0 1192.0 ship 0
3385.0 2554.0 3417.0 2554.0 3417.0 2579.0 3385.0 2579.0 ship 0
1421.0 1156.0 1463.0 1156.0 1463.0 1173.0 1421.0 1173.0 ship 0
1369.0 1097.0 1409.0 1097.0 1409.0 1113.0 1369.0 1113.0 ship 0
1371.0 1080.0 1410.0 1080.0 1410.0 1093.0 1371.0 1093.0 ship 0
1368.0 1042.0 1408.0 1042.0 1408.0 1056.0 1368.0 1056.0 ship 0
1370.0 1022.0 1409.0 1022.0 1409.0 1038.0 1370.0 1038.0 ship 0
1367.0 1002.0 1409.0 1002.0 1409.0 1017.0 1367.0 1017.0 ship 0
1369.0 983.0 1410.0 983.0 1410.0 1000.0 1369.0 1000.0 ship 0
1377.0 946.0 1405.0 946.0 1405.0 959.0 1377.0 959.0 ship 0
1369.0 926.0 1410.0 926.0 1410.0 942.0 1369.0 942.0 ship 0
1370.0 907.0 1408.0 907.0 1408.0 922.0 1370.0 922.0 ship 0
1370.0 887.0 1411.0 887.0 1411.0 903.0 1370.0 903.0 ship 0
1373.0 868.0 1410.0 868.0 1410.0 883.0 1373.0 883.0 ship 0
1373.0 848.0 1409.0 848.0 1409.0 862.0 1373.0 862.0 ship 0
1366.0 830.0 1410.0 830.0 1410.0 845.0 1366.0 845.0 ship 0
1370.0 810.0 1412.0 810.0 1412.0 825.0 1370.0 825.0 ship 0
1376.0 790.0 1410.0 790.0 1410.0 803.0 1376.0 803.0 ship 0
1273.0 1279.0 1309.0 1279.0 1309.0 1294.0 1273.0 1294.0 ship 0
1270.0 1260.0 1309.0 1260.0 1309.0 1276.0 1270.0 1276.0 ship 0
1272.0 1226.0 1309.0 1226.0 1309.0 1241.0 1272.0 1241.0 ship 0
1272.0 1205.0 1310.0 1205.0 1310.0 1224.0 1272.0 1224.0 ship 0
1272.0 1187.0 1310.0 1187.0 1310.0 1205.0 1272.0 1205.0 ship 0
1273.0 1171.0 1310.0 1171.0 1310.0 1184.0 1273.0 1184.0 ship 0
1271.0 1153.0 1310.0 1153.0 1310.0 1167.0 1271.0 1167.0 ship 0
1273.0 1134.0 1309.0 1134.0 1309.0 1151.0 1273.0 1151.0 ship 0
1370.0 1118.0 1409.0 1118.0 1409.0 1132.0 1370.0 1132.0 ship 0
1367.0 1138.0 1408.0 1138.0 1408.0 1152.0 1367.0 1152.0 ship 0
1372.0 1156.0 1408.0 1156.0 1408.0 1170.0 1372.0 1170.0 ship 0
1420.0 923.0 1466.0 923.0 1466.0 940.0 1420.0 940.0 ship 0
1422.0 1136.0 1463.0 1136.0 1463.0 1153.0 1422.0 1153.0 ship 0
1417.0 1117.0 1463.0 1117.0 1463.0 1135.0 1417.0 1135.0 ship 0
1418.0 1097.0 1464.0 1097.0 1464.0 1115.0 1418.0 1115.0 ship 0
1417.0 1059.0 1465.0 1059.0 1465.0 1077.0 1417.0 1077.0 ship 0
1418.0 1040.0 1468.0 1040.0 1468.0 1057.0 1418.0 1057.0 ship 0
1423.0 1022.0 1468.0 1022.0 1468.0 1038.0 1423.0 1038.0 ship 0
1420.0 1002.0 1464.0 1002.0 1464.0 1016.0 1420.0 1016.0 ship 0
1424.0 982.0 1467.0 982.0 1467.0 999.0 1424.0 999.0 ship 0
1423.0 963.0 1466.0 963.0 1466.0 980.0 1423.0 980.0 ship 0
1421.0 943.0 1467.0 943.0 1467.0 960.0 1421.0 960.0 ship 0
1421.0 903.0 1463.0 903.0 1463.0 921.0 1421.0 921.0 ship 0
1369.0 1177.0 1408.0 1177.0 1408.0 1189.0 1369.0 1189.0 ship 0
1422.0 883.0 1462.0 883.0 1462.0 901.0 1422.0 901.0 ship 0
1419.0 841.0 1463.0 841.0 1463.0 859.0 1419.0 859.0 ship 0
1424.0 821.0 1462.0 821.0 1462.0 838.0 1424.0 838.0 ship 0
1418.0 795.0 1463.0 795.0 1463.0 811.0 1418.0 811.0 ship 0
1367.0 1290.0 1406.0 1290.0 1406.0 1305.0 1367.0 1305.0 ship 0
1363.0 1272.0 1408.0 1272.0 1408.0 1288.0 1363.0 1288.0 ship 0
1364.0 1253.0 1407.0 1253.0 1407.0 1270.0 1364.0 1270.0 ship 0
1370.0 1232.0 1407.0 1232.0 1407.0 1250.0 1370.0 1250.0 ship 0
1370.0 1216.0 1407.0 1216.0 1407.0 1228.0 1370.0 1228.0 ship 0
1371.0 1195.0 1408.0 1195.0 1408.0 1211.0 1371.0 1211.0 ship 0
1690.0 1219.0 1742.0 1219.0 1742.0 1236.0 1690.0 1236.0 ship 0
1688.0 1238.0 1741.0 1238.0 1741.0 1260.0 1688.0 1260.0 ship 0
1692.0 1264.0 1739.0 1264.0 1739.0 1284.0 1692.0 1284.0 ship 0
1752.0 998.0 1804.0 998.0 1804.0 1016.0 1752.0 1016.0 ship 0
1533.0 1338.0 1576.0 1338.0 1576.0 1357.0 1533.0 1357.0 ship 0
1532.0 1322.0 1578.0 1322.0 1578.0 1334.0 1532.0 1334.0 ship 0
1480.0 1686.0 1523.0 1686.0 1523.0 1704.0 1480.0 1704.0 ship 0
1478.0 1665.0 1521.0 1665.0 1521.0 1684.0 1478.0 1684.0 ship 0
1482.0 1625.0 1522.0 1625.0 1522.0 1642.0 1482.0 1642.0 ship 0
1483.0 1605.0 1521.0 1605.0 1521.0 1622.0 1483.0 1622.0 ship 0
1482.0 1584.0 1519.0 1584.0 1519.0 1601.0 1482.0 1601.0 ship 0
1483.0 1562.0 1522.0 1562.0 1522.0 1579.0 1483.0 1579.0 ship 0
1478.0 1522.0 1521.0 1522.0 1521.0 1538.0 1478.0 1538.0 ship 0
1484.0 1481.0 1518.0 1481.0 1518.0 1498.0 1484.0 1498.0 ship 0
1482.0 1460.0 1523.0 1460.0 1523.0 1477.0 1482.0 1477.0 ship 0
1481.0 1441.0 1521.0 1441.0 1521.0 1455.0 1481.0 1455.0 ship 0
1483.0 1422.0 1524.0 1422.0 1524.0 1437.0 1483.0 1437.0 ship 0
1482.0 1401.0 1522.0 1401.0 1522.0 1416.0 1482.0 1416.0 ship 0
1481.0 1381.0 1524.0 1381.0 1524.0 1397.0 1481.0 1397.0 ship 0
1485.0 1358.0 1521.0 1358.0 1521.0 1372.0 1485.0 1372.0 ship 0
1485.0 1341.0 1520.0 1341.0 1520.0 1356.0 1485.0 1356.0 ship 0
1386.0 1671.0 1417.0 1671.0 1417.0 1720.0 1386.0 1720.0 ship 0
1389.0 1647.0 1425.0 1647.0 1425.0 1669.0 1389.0 1669.0 ship 0
1388.0 1630.0 1425.0 1630.0 1425.0 1649.0 1388.0 1649.0 ship 0
1387.0 1612.0 1426.0 1612.0 1426.0 1632.0 1387.0 1632.0 ship 0
1390.0 1594.0 1425.0 1594.0 1425.0 1611.0 1390.0 1611.0 ship 0
1389.0 1578.0 1427.0 1578.0 1427.0 1594.0 1389.0 1594.0 ship 0
1534.0 1358.0 1578.0 1358.0 1578.0 1376.0 1534.0 1376.0 ship 0
1534.0 1376.0 1582.0 1376.0 1582.0 1400.0 1534.0 1400.0 ship 0
1532.0 1399.0 1577.0 1399.0 1577.0 1419.0 1532.0 1419.0 ship 0
1534.0 1713.0 1575.0 1713.0 1575.0 1731.0 1534.0 1731.0 ship 0
1636.0 1534.0 1682.0 1534.0 1682.0 1551.0 1636.0 1551.0 ship 0
1638.0 1514.0 1680.0 1514.0 1680.0 1529.0 1638.0 1529.0 ship 0
1633.0 1469.0 1681.0 1469.0 1681.0 1487.0 1633.0 1487.0 ship 0
1642.0 1448.0 1683.0 1448.0 1683.0 1466.0 1642.0 1466.0 ship 0
1633.0 1426.0 1677.0 1426.0 1677.0 1444.0 1633.0 1444.0 ship 0
1639.0 1383.0 1681.0 1383.0 1681.0 1400.0 1639.0 1400.0 ship 0
1639.0 1361.0 1683.0 1361.0 1683.0 1380.0 1639.0 1380.0 ship 0
1639.0 1340.0 1682.0 1340.0 1682.0 1358.0 1639.0 1358.0 ship 0
1639.0 1317.0 1685.0 1317.0 1685.0 1337.0 1639.0 1337.0 ship 0
1555.0 1733.0 1610.0 1733.0 1610.0 1800.0 1555.0 1800.0 ship 0
1483.0 1713.0 1536.0 1713.0 1536.0 1742.0 1483.0 1742.0 ship 0
1534.0 1439.0 1579.0 1439.0 1579.0 1460.0 1534.0 1460.0 ship 0
1533.0 1686.0 1574.0 1686.0 1574.0 1707.0 1533.0 1707.0 ship 0
1534.0 1667.0 1575.0 1667.0 1575.0 1683.0 1534.0 1683.0 ship 0
1533.0 1646.0 1580.0 1646.0 1580.0 1666.0 1533.0 1666.0 ship 0
1534.0 1627.0 1578.0 1627.0 1578.0 1644.0 1534.0 1644.0 ship 0
1533.0 1604.0 1578.0 1604.0 1578.0 1623.0 1533.0 1623.0 ship 0
1534.0 1564.0 1578.0 1564.0 1578.0 1581.0 1534.0 1581.0 ship 0
1535.0 1523.0 1576.0 1523.0 1576.0 1541.0 1535.0 1541.0 ship 0
1534.0 1503.0 1578.0 1503.0 1578.0 1523.0 1534.0 1523.0 ship 0
1533.0 1482.0 1578.0 1482.0 1578.0 1501.0 1533.0 1501.0 ship 0
1534.0 1463.0 1580.0 1463.0 1580.0 1478.0 1534.0 1478.0 ship 0
1387.0 1558.0 1427.0 1558.0 1427.0 1576.0 1387.0 1576.0 ship 0
1389.0 1542.0 1427.0 1542.0 1427.0 1556.0 1389.0 1556.0 ship 0
1389.0 1523.0 1432.0 1523.0 1432.0 1538.0 1389.0 1538.0 ship 0
1757.0 1288.0 1801.0 1288.0 1801.0 1305.0 1757.0 1305.0 ship 0
1949.0 1125.0 2018.0 1125.0 2018.0 1150.0 1949.0 1150.0 ship 0
1874.0 1290.0 1935.0 1290.0 1935.0 1311.0 1874.0 1311.0 ship 0
1879.0 1269.0 1930.0 1269.0 1930.0 1285.0 1879.0 1285.0 ship 0
1875.0 1242.0 1936.0 1242.0 1936.0 1264.0 1875.0 1264.0 ship 0
1884.0 1216.0 1935.0 1216.0 1935.0 1235.0 1884.0 1235.0 ship 0
1883.0 1193.0 1937.0 1193.0 1937.0 1212.0 1883.0 1212.0 ship 0
1879.0 1168.0 1937.0 1168.0 1937.0 1190.0 1879.0 1190.0 ship 0
1885.0 1141.0 1939.0 1141.0 1939.0 1165.0 1885.0 1165.0 ship 0
1886.0 1118.0 1939.0 1118.0 1939.0 1136.0 1886.0 1136.0 ship 0
1881.0 1086.0 1960.0 1086.0 1960.0 1110.0 1881.0 1110.0 ship 0
1751.0 1262.0 1800.0 1262.0 1800.0 1282.0 1751.0 1282.0 ship 0
1948.0 1182.0 2004.0 1182.0 2004.0 1206.0 1948.0 1206.0 ship 0
1752.0 1239.0 1805.0 1239.0 1805.0 1257.0 1752.0 1257.0 ship 0
1750.0 1214.0 1803.0 1214.0 1803.0 1236.0 1750.0 1236.0 ship 0
1761.0 1193.0 1806.0 1193.0 1806.0 1212.0 1761.0 1212.0 ship 0
1755.0 1169.0 1808.0 1169.0 1808.0 1188.0 1755.0 1188.0 ship 0
1755.0 1147.0 1806.0 1147.0 1806.0 1164.0 1755.0 1164.0 ship 0
1754.0 1121.0 1805.0 1121.0 1805.0 1141.0 1754.0 1141.0 ship 0
1757.0 1099.0 1810.0 1099.0 1810.0 1117.0 1757.0 1117.0 ship 0
1756.0 1072.0 1810.0 1072.0 1810.0 1093.0 1756.0 1093.0 ship 0
1761.0 1051.0 1802.0 1051.0 1802.0 1062.0 1761.0 1062.0 ship 0
1760.0 1026.0 1803.0 1026.0 1803.0 1046.0 1760.0 1046.0 ship 0
1951.0 1153.0 2006.0 1153.0 2006.0 1179.0 1951.0 1179.0 ship 0
1947.0 1211.0 2005.0 1211.0 2005.0 1231.0 1947.0 1231.0 ship 0
1389.0 1504.0 1426.0 1504.0 1426.0 1521.0 1389.0 1521.0 ship 0
1339.0 1532.0 1377.0 1532.0 1377.0 1548.0 1339.0 1548.0 ship 0
1386.0 1486.0 1428.0 1486.0 1428.0 1504.0 1386.0 1504.0 ship 0
1386.0 1467.0 1428.0 1467.0 1428.0 1485.0 1386.0 1485.0 ship 0
1387.0 1452.0 1426.0 1452.0 1426.0 1467.0 1387.0 1467.0 ship 0
1386.0 1432.0 1426.0 1432.0 1426.0 1451.0 1386.0 1451.0 ship 0
1387.0 1413.0 1426.0 1413.0 1426.0 1431.0 1387.0 1431.0 ship 0
1385.0 1395.0 1427.0 1395.0 1427.0 1411.0 1385.0 1411.0 ship 0
1389.0 1374.0 1427.0 1374.0 1427.0 1391.0 1389.0 1391.0 ship 0
1390.0 1355.0 1428.0 1355.0 1428.0 1373.0 1390.0 1373.0 ship 0
1391.0 1318.0 1430.0 1318.0 1430.0 1330.0 1391.0 1330.0 ship 0
1334.0 1555.0 1372.0 1555.0 1372.0 1570.0 1334.0 1570.0 ship 0
1339.0 1511.0 1375.0 1511.0 1375.0 1527.0 1339.0 1527.0 ship 0
1948.0 1263.0 2003.0 1263.0 2003.0 1283.0 1948.0 1283.0 ship 0
1336.0 1491.0 1378.0 1491.0 1378.0 1507.0 1336.0 1507.0 ship 0
1335.0 1472.0 1379.0 1472.0 1379.0 1490.0 1335.0 1490.0 ship 0
1339.0 1454.0 1377.0 1454.0 1377.0 1468.0 1339.0 1468.0 ship 0
1338.0 1434.0 1377.0 1434.0 1377.0 1450.0 1338.0 1450.0 ship 0
1337.0 1415.0 1377.0 1415.0 1377.0 1431.0 1337.0 1431.0 ship 0
1339.0 1396.0 1376.0 1396.0 1376.0 1410.0 1339.0 1410.0 ship 0
1337.0 1376.0 1377.0 1376.0 1377.0 1392.0 1337.0 1392.0 ship 0
1336.0 1338.0 1378.0 1338.0 1378.0 1354.0 1336.0 1354.0 ship 0
1332.0 1318.0 1376.0 1318.0 1376.0 1334.0 1332.0 1334.0 ship 0
1948.0 1288.0 2005.0 1288.0 2005.0 1307.0 1948.0 1307.0 ship 0
1272.0 1116.0 1310.0 1116.0 1310.0 1131.0 1272.0 1131.0 ship 0
1271.0 1099.0 1312.0 1099.0 1312.0 1112.0 1271.0 1112.0 ship 0
1274.0 1079.0 1313.0 1079.0 1313.0 1095.0 1274.0 1095.0 ship 0
812.0 560.0 871.0 560.0 871.0 601.0 812.0 601.0 ship 0
335.0 519.0 385.0 519.0 385.0 553.0 335.0 553.0 ship 0
348.0 499.0 395.0 499.0 395.0 531.0 348.0 531.0 ship 0
358.0 481.0 405.0 481.0 405.0 514.0 358.0 514.0 ship 0
368.0 459.0 414.0 459.0 414.0 491.0 368.0 491.0 ship 0
378.0 439.0 425.0 439.0 425.0 473.0 378.0 473.0 ship 0
469.0 450.0 556.0 450.0 556.0 511.0 469.0 511.0 ship 0
482.0 426.0 571.0 426.0 571.0 484.0 482.0 484.0 ship 0
497.0 399.0 582.0 399.0 582.0 458.0 497.0 458.0 ship 0
516.0 376.0 588.0 376.0 588.0 429.0 516.0 429.0 ship 0
526.0 349.0 607.0 349.0 607.0 407.0 526.0 407.0 ship 0
534.0 324.0 598.0 324.0 598.0 371.0 534.0 371.0 ship 0
403.0 420.0 465.0 420.0 465.0 465.0 403.0 465.0 ship 0
424.0 404.0 479.0 404.0 479.0 445.0 424.0 445.0 ship 0
428.0 380.0 487.0 380.0 487.0 419.0 428.0 419.0 ship 0
439.0 358.0 495.0 358.0 495.0 397.0 439.0 397.0 ship 0
455.0 337.0 512.0 337.0 512.0 376.0 455.0 376.0 ship 0
468.0 316.0 520.0 316.0 520.0 352.0 468.0 352.0 ship 0
478.0 291.0 531.0 291.0 531.0 332.0 478.0 332.0 ship 0
546.0 288.0 639.0 288.0 639.0 347.0 546.0 347.0 ship 0
492.0 267.0 545.0 267.0 545.0 304.0 492.0 304.0 ship 0
200.0 563.0 244.0 563.0 244.0 596.0 200.0 596.0 ship 0
210.0 543.0 253.0 543.0 253.0 575.0 210.0 575.0 ship 0
220.0 526.0 261.0 526.0 261.0 556.0 220.0 556.0 ship 0
329.0 540.0 374.0 540.0 374.0 572.0 329.0 572.0 ship 0
317.0 561.0 364.0 561.0 364.0 593.0 317.0 593.0 ship 0
307.0 577.0 357.0 577.0 357.0 613.0 307.0 613.0 ship 0
690.0 613.0 748.0 613.0 748.0 652.0 690.0 652.0 ship 0
810.0 603.0 856.0 603.0 856.0 637.0 810.0 637.0 ship 0
801.0 624.0 846.0 624.0 846.0 657.0 801.0 657.0 ship 0
785.0 633.0 837.0 633.0 837.0 674.0 785.0 674.0 ship 0
751.0 687.0 813.0 687.0 813.0 730.0 751.0 730.0 ship 0
737.0 723.0 790.0 723.0 790.0 759.0 737.0 759.0 ship 0
707.0 760.0 774.0 760.0 774.0 783.0 707.0 783.0 ship 0
643.0 763.0 704.0 763.0 704.0 786.0 643.0 786.0 ship 0
652.0 678.0 699.0 678.0 699.0 714.0 652.0 714.0 ship 0
667.0 664.0 715.0 664.0 715.0 697.0 667.0 697.0 ship 0
669.0 647.0 716.0 647.0 716.0 678.0 669.0 678.0 ship 0
708.0 589.0 747.0 589.0 747.0 614.0 708.0 614.0 ship 0
722.0 411.0 768.0 411.0 768.0 446.0 722.0 446.0 ship 0
713.0 579.0 749.0 579.0 749.0 603.0 713.0 603.0 ship 0
725.0 542.0 776.0 542.0 776.0 579.0 725.0 579.0 ship 0
731.0 523.0 779.0 523.0 779.0 558.0 731.0 558.0 ship 0
772.0 458.0 820.0 458.0 820.0 493.0 772.0 493.0 ship 0
776.0 440.0 820.0 440.0 820.0 471.0 776.0 471.0 ship 0
637.0 538.0 701.0 538.0 701.0 585.0 637.0 585.0 ship 0
655.0 526.0 711.0 526.0 711.0 567.0 655.0 567.0 ship 0
666.0 484.0 731.0 484.0 731.0 530.0 666.0 530.0 ship 0
697.0 448.0 756.0 448.0 756.0 492.0 697.0 492.0 ship 0
715.0 432.0 760.0 432.0 760.0 468.0 715.0 468.0 ship 0
238.0 484.0 283.0 484.0 283.0 519.0 238.0 519.0 ship 0
244.0 468.0 292.0 468.0 292.0 499.0 244.0 499.0 ship 0
255.0 450.0 304.0 450.0 304.0 484.0 255.0 484.0 ship 0
1695.0 988.0 1804.0 988.0 1804.0 1304.0 1695.0 1304.0 harbor 0
2014.0 1982.0 2083.0 1982.0 2083.0 2088.0 2014.0 2088.0 harbor 0
1876.0 1909.0 2010.0 1909.0 2010.0 2060.0 1876.0 2060.0 harbor 0
1731.0 1850.0 1901.0 1850.0 1901.0 2060.0 1731.0 2060.0 harbor 0
1583.0 1766.0 1801.0 1766.0 1801.0 2027.0 1583.0 2027.0 harbor 0
1710.0 1471.0 1978.0 1471.0 1978.0 1820.0 1710.0 1820.0 harbor 0
1745.0 1306.0 2003.0 1306.0 2003.0 1376.0 1745.0 1376.0 harbor 0
1638.0 1316.0 1740.0 1316.0 1740.0 1607.0 1638.0 1607.0 harbor 0
1483.0 1318.0 1577.0 1318.0 1577.0 1713.0 1483.0 1713.0 harbor 0
1329.0 1320.0 1428.0 1320.0 1428.0 1674.0 1329.0 1674.0 harbor 0
1878.0 1108.0 2005.0 1108.0 2005.0 1307.0 1878.0 1307.0 harbor 0
1519.0 880.0 1627.0 880.0 1627.0 1303.0 1519.0 1303.0 harbor 0
2011.0 1369.0 2446.0 1369.0 2446.0 1988.0 2011.0 1988.0 harbor 0
1368.0 779.0 1462.0 779.0 1462.0 1307.0 1368.0 1307.0 harbor 0
1218.0 684.0 1313.0 684.0 1313.0 1293.0 1218.0 1293.0 harbor 0
1048.0 684.0 1151.0 684.0 1151.0 1054.0 1048.0 1054.0 harbor 0
967.0 569.0 1154.0 569.0 1154.0 801.0 967.0 801.0 harbor 0
878.0 609.0 992.0 609.0 992.0 812.0 878.0 812.0 harbor 0
750.0 477.0 968.0 477.0 968.0 772.0 750.0 772.0 harbor 0
601.0 599.0 742.0 599.0 742.0 800.0 601.0 800.0 harbor 0
650.0 403.0 825.0 403.0 825.0 616.0 650.0 616.0 harbor 0
297.0 432.0 439.0 432.0 439.0 635.0 297.0 635.0 harbor 0
408.0 282.0 628.0 282.0 628.0 509.0 408.0 509.0 harbor 0
1857.0 1272.0 2294.0 1272.0 2294.0 1903.0 1857.0 1903.0 harbor 0
2383.0 1485.0 2647.0 1485.0 2647.0 1782.0 2383.0 1782.0 harbor 0
264.0 430.0 310.0 430.0 310.0 460.0 264.0 460.0 ship 0
239.0 141.0 387.0 141.0 387.0 383.0 239.0 383.0 harbor 0
273.0 411.0 321.0 411.0 321.0 444.0 273.0 444.0 ship 0
282.0 389.0 331.0 389.0 331.0 427.0 282.0 427.0 ship 0
305.0 349.0 358.0 349.0 358.0 386.0 305.0 386.0 ship 0
314.0 325.0 369.0 325.0 369.0 363.0 314.0 363.0 ship 0
328.0 301.0 383.0 301.0 383.0 340.0 328.0 340.0 ship 0
336.0 277.0 394.0 277.0 394.0 318.0 336.0 318.0 ship 0
348.0 256.0 403.0 256.0 403.0 295.0 348.0 295.0 ship 0
358.0 230.0 414.0 230.0 414.0 271.0 358.0 271.0 ship 0
2892.0 2.0 3206.0 2.0 3206.0 265.0 2892.0 265.0 harbor 0
2761.0 2.0 2996.0 2.0 2996.0 151.0 2761.0 151.0 harbor 1
112.0 71.0 245.0 71.0 245.0 280.0 112.0 280.0 harbor 0
2546.0 1596.0 2801.0 1596.0 2801.0 1893.0 2546.0 1893.0 harbor 0
3430.0 2307.0 3564.0 2307.0 3564.0 2465.0 3430.0 2465.0 harbor 0
3394.0 2208.0 3517.0 2208.0 3517.0 2386.0 3394.0 2386.0 harbor 0
3299.0 2099.0 3478.0 2099.0 3478.0 2345.0 3299.0 2345.0 harbor 0
3163.0 2004.0 3379.0 2004.0 3379.0 2277.0 3163.0 2277.0 harbor 0
3049.0 1914.0 3281.0 1914.0 3281.0 2206.0 3049.0 2206.0 harbor 0
2938.0 1841.0 3172.0 1841.0 3172.0 2144.0 2938.0 2144.0 harbor 0
3269.0 2455.0 3317.0 2455.0 3317.0 2549.0 3269.0 2549.0 swimming-pool 0
2765.0 2120.0 2840.0 2120.0 2840.0 2202.0 2765.0 2202.0 swimming-pool 0
2820.0 1768.0 3052.0 1768.0 3052.0 2070.0 2820.0 2070.0 harbor 0
2694.0 1693.0 2943.0 1693.0 2943.0 1999.0 2694.0 1999.0 harbor 0
817.0 587.0 863.0 587.0 863.0 622.0 817.0 622.0 ship 0
822.0 547.0 878.0 547.0 878.0 587.0 822.0 587.0 ship 0
1273.0 1045.0 1311.0 1045.0 1311.0 1059.0 1273.0 1059.0 ship 0
845.0 537.0 889.0 537.0 889.0 570.0 845.0 570.0 ship 0
1214.0 1083.0 1257.0 1083.0 1257.0 1101.0 1214.0 1101.0 ship 0
1222.0 1063.0 1261.0 1063.0 1261.0 1079.0 1222.0 1079.0 ship 0
1222.0 1045.0 1262.0 1045.0 1262.0 1059.0 1222.0 1059.0 ship 0
1224.0 1026.0 1262.0 1026.0 1262.0 1039.0 1224.0 1039.0 ship 0
1222.0 1005.0 1264.0 1005.0 1264.0 1021.0 1222.0 1021.0 ship 0
1222.0 987.0 1264.0 987.0 1264.0 1003.0 1222.0 1003.0 ship 0
1222.0 969.0 1264.0 969.0 1264.0 983.0 1222.0 983.0 ship 0
1224.0 949.0 1265.0 949.0 1265.0 965.0 1224.0 965.0 ship 0
1223.0 909.0 1266.0 909.0 1266.0 925.0 1223.0 925.0 ship 0
1223.0 873.0 1265.0 873.0 1265.0 886.0 1223.0 886.0 ship 0
1224.0 852.0 1265.0 852.0 1265.0 869.0 1224.0 869.0 ship 0
1226.0 834.0 1264.0 834.0 1264.0 847.0 1226.0 847.0 ship 0
1226.0 814.0 1263.0 814.0 1263.0 828.0 1226.0 828.0 ship 0
1223.0 795.0 1265.0 795.0 1265.0 808.0 1223.0 808.0 ship 0
1223.0 774.0 1264.0 774.0 1264.0 789.0 1223.0 789.0 ship 0
1221.0 755.0 1264.0 755.0 1264.0 770.0 1221.0 770.0 ship 0
1232.0 734.0 1266.0 734.0 1266.0 750.0 1232.0 750.0 ship 0
1226.0 716.0 1264.0 716.0 1264.0 732.0 1226.0 732.0 ship 0
1229.0 696.0 1265.0 696.0 1265.0 714.0 1229.0 714.0 ship 0
1228.0 670.0 1278.0 670.0 1278.0 687.0 1228.0 687.0 ship 0
1060.0 824.0 1094.0 824.0 1094.0 896.0 1060.0 896.0 ship 0
1038.0 959.0 1085.0 959.0 1085.0 979.0 1038.0 979.0 ship 0
1096.0 1021.0 1164.0 1021.0 1164.0 1042.0 1096.0 1042.0 ship 0
1221.0 1102.0 1261.0 1102.0 1261.0 1118.0 1221.0 1118.0 ship 0
1225.0 1123.0 1261.0 1123.0 1261.0 1138.0 1225.0 1138.0 ship 0
1216.0 1141.0 1261.0 1141.0 1261.0 1155.0 1216.0 1155.0 ship 0
1278.0 827.0 1311.0 827.0 1311.0 842.0 1278.0 842.0 ship 0
1274.0 1026.0 1316.0 1026.0 1316.0 1041.0 1274.0 1041.0 ship 0
1271.0 1008.0 1310.0 1008.0 1310.0 1022.0 1271.0 1022.0 ship 0
1271.0 973.0 1310.0 973.0 1310.0 987.0 1271.0 987.0 ship 0
1274.0 954.0 1311.0 954.0 1311.0 970.0 1274.0 970.0 ship 0
1274.0 935.0 1311.0 935.0 1311.0 953.0 1274.0 953.0 ship 0
1273.0 918.0 1310.0 918.0 1310.0 932.0 1273.0 932.0 ship 0
1275.0 901.0 1312.0 901.0 1312.0 916.0 1275.0 916.0 ship 0
1272.0 882.0 1312.0 882.0 1312.0 897.0 1272.0 897.0 ship 0
1272.0 864.0 1311.0 864.0 1311.0 879.0 1272.0 879.0 ship 0
1272.0 848.0 1313.0 848.0 1313.0 860.0 1272.0 860.0 ship 0
1277.0 809.0 1313.0 809.0 1313.0 824.0 1277.0 824.0 ship 0
1220.0 1161.0 1263.0 1161.0 1263.0 1175.0 1220.0 1175.0 ship 0
1276.0 793.0 1312.0 793.0 1312.0 806.0 1276.0 806.0 ship 0
1276.0 774.0 1313.0 774.0 1313.0 788.0 1276.0 788.0 ship 0
1279.0 756.0 1314.0 756.0 1314.0 770.0 1279.0 770.0 ship 0
1276.0 738.0 1317.0 738.0 1317.0 751.0 1276.0 751.0 ship 0
1274.0 716.0 1316.0 716.0 1316.0 733.0 1274.0 733.0 ship 0
1274.0 694.0 1315.0 694.0 1315.0 709.0 1274.0 709.0 ship 0
1238.0 1246.0 1262.0 1246.0 1262.0 1289.0 1238.0 1289.0 ship 0
1221.0 1220.0 1261.0 1220.0 1261.0 1232.0 1221.0 1232.0 ship 0
1221.0 1199.0 1263.0 1199.0 1263.0 1216.0 1221.0 1216.0 ship 0
1220.0 1180.0 1264.0 1180.0 1264.0 1196.0 1220.0 1196.0 ship 0
1096.0 974.0 1152.0 974.0 1152.0 996.0 1096.0 996.0 ship 0
1098.0 933.0 1149.0 933.0 1149.0 948.0 1098.0 948.0 ship 0
1100.0 911.0 1153.0 911.0 1153.0 930.0 1100.0 930.0 ship 0
859.0 636.0 900.0 636.0 900.0 662.0 859.0 662.0 ship 0
921.0 721.0 983.0 721.0 983.0 814.0 921.0 814.0 ship 0
859.0 756.0 905.0 756.0 905.0 814.0 859.0 814.0 ship 0
791.0 714.0 843.0 714.0 843.0 781.0 791.0 781.0 ship 0
922.0 609.0 953.0 609.0 953.0 648.0 922.0 648.0 ship 0
893.0 710.0 927.0 710.0 927.0 754.0 893.0 754.0 ship 0
915.0 663.0 951.0 663.0 951.0 710.0 915.0 710.0 ship 0
946.0 593.0 986.0 593.0 986.0 650.0 946.0 650.0 ship 0
824.0 692.0 866.0 692.0 866.0 726.0 824.0 726.0 ship 0
833.0 678.0 883.0 678.0 883.0 717.0 833.0 717.0 ship 0
846.0 663.0 891.0 663.0 891.0 696.0 846.0 696.0 ship 0
864.0 613.0 913.0 613.0 913.0 650.0 864.0 650.0 ship 0
957.0 756.0 1000.0 756.0 1000.0 818.0 957.0 818.0 ship 0
874.0 600.0 917.0 600.0 917.0 629.0 874.0 629.0 ship 0
881.0 582.0 925.0 582.0 925.0 615.0 881.0 615.0 ship 0
892.0 568.0 936.0 568.0 936.0 599.0 892.0 599.0 ship 0
903.0 549.0 945.0 549.0 945.0 578.0 903.0 578.0 ship 0
910.0 530.0 959.0 530.0 959.0 562.0 910.0 562.0 ship 0
920.0 509.0 971.0 509.0 971.0 547.0 920.0 547.0 ship 0
883.0 458.0 976.0 458.0 976.0 520.0 883.0 520.0 ship 0
870.0 485.0 915.0 485.0 915.0 520.0 870.0 520.0 ship 0
862.0 501.0 907.0 501.0 907.0 536.0 862.0 536.0 ship 0
843.0 514.0 897.0 514.0 897.0 556.0 843.0 556.0 ship 0
960.0 624.0 1010.0 624.0 1010.0 691.0 960.0 691.0 ship 0
1049.0 588.0 1089.0 588.0 1089.0 640.0 1049.0 640.0 ship 0
1100.0 890.0 1162.0 890.0 1162.0 908.0 1100.0 908.0 ship 0
1048.0 690.0 1089.0 690.0 1089.0 708.0 1048.0 708.0 ship 0
1101.0 868.0 1174.0 868.0 1174.0 893.0 1101.0 893.0 ship 0
1099.0 843.0 1161.0 843.0 1161.0 865.0 1099.0 865.0 ship 0
1103.0 822.0 1172.0 822.0 1172.0 844.0 1103.0 844.0 ship 0
1100.0 797.0 1177.0 797.0 1177.0 822.0 1100.0 822.0 ship 0
1102.0 780.0 1149.0 780.0 1149.0 798.0 1102.0 798.0 ship 0
1111.0 755.0 1172.0 755.0 1172.0 776.0 1111.0 776.0 ship 0
1101.0 736.0 1158.0 736.0 1158.0 755.0 1101.0 755.0 ship 0
1102.0 713.0 1150.0 713.0 1150.0 733.0 1102.0 733.0 ship 0
1101.0 690.0 1152.0 690.0 1152.0 710.0 1101.0 710.0 ship 0
1080.0 662.0 1153.0 662.0 1153.0 687.0 1080.0 687.0 ship 0
1056.0 710.0 1088.0 710.0 1088.0 724.0 1056.0 724.0 ship 0
1080.0 597.0 1148.0 597.0 1148.0 645.0 1080.0 645.0 ship 0
1042.0 725.0 1090.0 725.0 1090.0 744.0 1042.0 744.0 ship 0
1042.0 746.0 1090.0 746.0 1090.0 764.0 1042.0 764.0 ship 0
1042.0 764.0 1090.0 764.0 1090.0 783.0 1042.0 783.0 ship 0
1035.0 797.0 1090.0 797.0 1090.0 816.0 1035.0 816.0 ship 0
999.0 824.0 1036.0 824.0 1036.0 838.0 999.0 838.0 ship 0
967.0 830.0 981.0 830.0 981.0 861.0 967.0 861.0 ship 0
950.0 832.0 965.0 832.0 965.0 859.0 950.0 859.0 ship 0
914.0 834.0 936.0 834.0 936.0 844.0 914.0 844.0 ship 0
870.0 833.0 912.0 833.0 912.0 849.0 870.0 849.0 ship 0
1065.0 552.0 1163.0 552.0 1163.0 618.0 1065.0 618.0 ship 0
1641.0 1556.0 1682.0 1556.0 1682.0 1574.0 1641.0 1574.0 ship 0
1634.0 1578.0 1678.0 1578.0 1678.0 1593.0 1634.0 1593.0 ship 0
1637.0 1605.0 1696.0 1605.0 1696.0 1627.0 1637.0 1627.0 ship 0
3017.0 1953.0 3059.0 1953.0 3059.0 1987.0 3017.0 1987.0 ship 0
2896.0 1893.0 2937.0 1893.0 2937.0 1929.0 2896.0 1929.0 ship 0
2904.0 1880.0 2945.0 1880.0 2945.0 1912.0 2904.0 1912.0 ship 0
2912.0 1862.0 2954.0 1862.0 2954.0 1898.0 2912.0 1898.0 ship 0
2927.0 1853.0 2961.0 1853.0 2961.0 1879.0 2927.0 1879.0 ship 0
2942.0 1816.0 2985.0 1816.0 2985.0 1851.0 2942.0 1851.0 ship 0
3001.0 1798.0 3044.0 1798.0 3044.0 1852.0 3001.0 1852.0 ship 0
2981.0 1779.0 3030.0 1779.0 3030.0 1838.0 2981.0 1838.0 ship 0
2957.0 1755.0 3008.0 1755.0 3008.0 1820.0 2957.0 1820.0 ship 0
2744.0 1972.0 2779.0 1972.0 2779.0 1998.0 2744.0 1998.0 ship 0
2749.0 1954.0 2790.0 1954.0 2790.0 1986.0 2749.0 1986.0 ship 0
2761.0 1941.0 2800.0 1941.0 2800.0 1973.0 2761.0 1973.0 ship 0
2770.0 1926.0 2809.0 1926.0 2809.0 1959.0 2770.0 1959.0 ship 0
2777.0 1911.0 2817.0 1911.0 2817.0 1945.0 2777.0 1945.0 ship 0
2789.0 1898.0 2828.0 1898.0 2828.0 1929.0 2789.0 1929.0 ship 0
2799.0 1883.0 2840.0 1883.0 2840.0 1915.0 2799.0 1915.0 ship 0
2808.0 1867.0 2850.0 1867.0 2850.0 1900.0 2808.0 1900.0 ship 0
2816.0 1850.0 2861.0 1850.0 2861.0 1886.0 2816.0 1886.0 ship 0
2835.0 1829.0 2871.0 1829.0 2871.0 1860.0 2835.0 1860.0 ship 0
2845.0 1816.0 2883.0 1816.0 2883.0 1847.0 2845.0 1847.0 ship 0
2854.0 1802.0 2889.0 1802.0 2889.0 1831.0 2854.0 1831.0 ship 0
2864.0 1787.0 2904.0 1787.0 2904.0 1821.0 2864.0 1821.0 ship 0
2887.0 1736.0 2935.0 1736.0 2935.0 1795.0 2887.0 1795.0 ship 0
2870.0 1721.0 2912.0 1721.0 2912.0 1778.0 2870.0 1778.0 ship 0
2887.0 1911.0 2925.0 1911.0 2925.0 1944.0 2887.0 1944.0 ship 0
2875.0 1925.0 2915.0 1925.0 2915.0 1960.0 2875.0 1960.0 ship 0
2865.0 1941.0 2905.0 1941.0 2905.0 1977.0 2865.0 1977.0 ship 0
2895.0 1989.0 2927.0 1989.0 2927.0 2014.0 2895.0 2014.0 ship 0
3037.0 1923.0 3080.0 1923.0 3080.0 1957.0 3037.0 1957.0 ship 0
3046.0 1909.0 3087.0 1909.0 3087.0 1941.0 3046.0 1941.0 ship 0
3059.0 1892.0 3099.0 1892.0 3099.0 1924.0 3059.0 1924.0 ship 0
3120.0 1872.0 3163.0 1872.0 3163.0 1924.0 3120.0 1924.0 ship 0
3100.0 1860.0 3144.0 1860.0 3144.0 1911.0 3100.0 1911.0 ship 0
3079.0 1842.0 3124.0 1842.0 3124.0 1896.0 3079.0 1896.0 ship 0
2858.0 2046.0 2892.0 2046.0 2892.0 2072.0 2858.0 2072.0 ship 0
2866.0 2030.0 2899.0 2030.0 2899.0 2057.0 2866.0 2057.0 ship 0
2873.0 2016.0 2910.0 2016.0 2910.0 2045.0 2873.0 2045.0 ship 0
2883.0 2002.0 2923.0 2002.0 2923.0 2032.0 2883.0 2032.0 ship 0
2904.0 1975.0 2937.0 1975.0 2937.0 2001.0 2904.0 2001.0 ship 0
2842.0 1988.0 2878.0 1988.0 2878.0 2019.0 2842.0 2019.0 ship 0
2912.0 1960.0 2949.0 1960.0 2949.0 1990.0 2912.0 1990.0 ship 0
2922.0 1945.0 2960.0 1945.0 2960.0 1976.0 2922.0 1976.0 ship 0
2931.0 1931.0 2970.0 1931.0 2970.0 1959.0 2931.0 1959.0 ship 0
2939.0 1913.0 2979.0 1913.0 2979.0 1946.0 2939.0 1946.0 ship 0
2949.0 1899.0 2985.0 1899.0 2985.0 1926.0 2949.0 1926.0 ship 0
2960.0 1886.0 2996.0 1886.0 2996.0 1912.0 2960.0 1912.0 ship 0
2967.0 1869.0 3007.0 1869.0 3007.0 1902.0 2967.0 1902.0 ship 0
2984.0 1841.0 3022.0 1841.0 3022.0 1870.0 2984.0 1870.0 ship 0
2815.0 2013.0 2858.0 2013.0 2858.0 2045.0 2815.0 2045.0 ship 0
2832.0 2002.0 2868.0 2002.0 2868.0 2033.0 2832.0 2033.0 ship 0
2842.0 1707.0 2890.0 1707.0 2890.0 1768.0 2842.0 1768.0 ship 0
2694.0 1937.0 2744.0 1937.0 2744.0 1977.0 2694.0 1977.0 ship 0
2710.0 1920.0 2755.0 1920.0 2755.0 1957.0 2710.0 1957.0 ship 0
2048.0 1999.0 2105.0 1999.0 2105.0 2068.0 2048.0 2068.0 ship 0
2676.0 1634.0 2721.0 1634.0 2721.0 1671.0 2676.0 1671.0 ship 0
2687.0 1620.0 2734.0 1620.0 2734.0 1658.0 2687.0 1658.0 ship 0
2698.0 1604.0 2742.0 1604.0 2742.0 1642.0 2698.0 1642.0 ship 0
2701.0 1579.0 2765.0 1579.0 2765.0 1627.0 2701.0 1627.0 ship 0
2449.0 1739.0 2514.0 1739.0 2514.0 1791.0 2449.0 1791.0 ship 0
2462.0 1720.0 2511.0 1720.0 2511.0 1761.0 2462.0 1761.0 ship 0
2475.0 1706.0 2524.0 1706.0 2524.0 1745.0 2475.0 1745.0 ship 0
2484.0 1688.0 2533.0 1688.0 2533.0 1727.0 2484.0 1727.0 ship 0
2497.0 1671.0 2545.0 1671.0 2545.0 1710.0 2497.0 1710.0 ship 0
2508.0 1651.0 2560.0 1651.0 2560.0 1693.0 2508.0 1693.0 ship 0
1869.0 2021.0 1942.0 2021.0 1942.0 2078.0 1869.0 2078.0 ship 0
2659.0 1667.0 2700.0 1667.0 2700.0 1702.0 2659.0 1702.0 ship 0
1937.0 1996.0 1971.0 1996.0 1971.0 2023.0 1937.0 2023.0 ship 0
1949.0 1984.0 1982.0 1984.0 1982.0 2009.0 1949.0 2009.0 ship 0
1955.0 1966.0 1994.0 1966.0 1994.0 1996.0 1955.0 1996.0 ship 0
1965.0 1949.0 2003.0 1949.0 2003.0 1980.0 1965.0 1980.0 ship 0
1976.0 1935.0 2010.0 1935.0 2010.0 1961.0 1976.0 1961.0 ship 0
1881.0 2003.0 1917.0 2003.0 1917.0 2034.0 1881.0 2034.0 ship 0
1891.0 1991.0 1923.0 1991.0 1923.0 2017.0 1891.0 2017.0 ship 0
1896.0 1972.0 1934.0 1972.0 1934.0 2002.0 1896.0 2002.0 ship 0
1906.0 1958.0 1940.0 1958.0 1940.0 1985.0 1906.0 1985.0 ship 0
1918.0 1943.0 1949.0 1943.0 1949.0 1970.0 1918.0 1970.0 ship 0
2668.0 1651.0 2709.0 1651.0 2709.0 1687.0 2668.0 1687.0 ship 0
2645.0 1681.0 2688.0 1681.0 2688.0 1717.0 2645.0 1717.0 ship 0
2720.0 1901.0 2766.0 1901.0 2766.0 1938.0 2720.0 1938.0 ship 0
2699.0 1689.0 2754.0 1689.0 2754.0 1733.0 2699.0 1733.0 ship 0
2756.0 1844.0 2806.0 1844.0 2806.0 1886.0 2756.0 1886.0 ship 0
2778.0 1808.0 2829.0 1808.0 2829.0 1849.0 2778.0 1849.0 ship 0
2797.0 1794.0 2840.0 1794.0 2840.0 1829.0 2797.0 1829.0 ship 0
2814.0 1752.0 2865.0 1752.0 2865.0 1792.0 2814.0 1792.0 ship 0
2588.0 1854.0 2643.0 1854.0 2643.0 1898.0 2588.0 1898.0 ship 0
2613.0 1818.0 2665.0 1818.0 2665.0 1858.0 2613.0 1858.0 ship 0
2626.0 1799.0 2680.0 1799.0 2680.0 1842.0 2626.0 1842.0 ship 0
2665.0 1744.0 2716.0 1744.0 2716.0 1785.0 2665.0 1785.0 ship 0
2653.0 1764.0 2705.0 1764.0 2705.0 1806.0 2653.0 1806.0 ship 0
2689.0 1707.0 2744.0 1707.0 2744.0 1752.0 2689.0 1752.0 ship 0
2715.0 1673.0 2766.0 1673.0 2766.0 1714.0 2715.0 1714.0 ship 0
2636.0 1697.0 2680.0 1697.0 2680.0 1735.0 2636.0 1735.0 ship 0
2731.0 1656.0 2780.0 1656.0 2780.0 1697.0 2731.0 1697.0 ship 0
2738.0 1636.0 2789.0 1636.0 2789.0 1677.0 2738.0 1677.0 ship 0
2535.0 1831.0 2581.0 1831.0 2581.0 1871.0 2535.0 1871.0 ship 0
2552.0 1820.0 2594.0 1820.0 2594.0 1856.0 2552.0 1856.0 ship 0
2562.0 1804.0 2604.0 1804.0 2604.0 1841.0 2562.0 1841.0 ship 0
2580.0 1773.0 2626.0 1773.0 2626.0 1808.0 2580.0 1808.0 ship 0
2593.0 1757.0 2636.0 1757.0 2636.0 1793.0 2593.0 1793.0 ship 0
2606.0 1742.0 2646.0 1742.0 2646.0 1779.0 2606.0 1779.0 ship 0
2618.0 1730.0 2660.0 1730.0 2660.0 1765.0 2618.0 1765.0 ship 0
2625.0 1711.0 2666.0 1711.0 2666.0 1745.0 2625.0 1745.0 ship 0
3028.0 1940.0 3067.0 1940.0 3067.0 1972.0 3028.0 1972.0 ship 0
3008.0 1968.0 3051.0 1968.0 3051.0 2003.0 3008.0 2003.0 ship 0
1794.0 1996.0 1834.0 1996.0 1834.0 2028.0 1794.0 2028.0 ship 0
2974.0 2034.0 3008.0 2034.0 3008.0 2061.0 2974.0 2061.0 ship 0
2953.0 223.0 3005.0 223.0 3005.0 271.0 2953.0 271.0 ship 0
2936.0 199.0 2979.0 199.0 2979.0 241.0 2936.0 241.0 ship 0
3116.0 47.0 3147.0 47.0 3147.0 80.0 3116.0 80.0 ship 0
3105.0 58.0 3140.0 58.0 3140.0 95.0 3105.0 95.0 ship 0
3089.0 69.0 3125.0 69.0 3125.0 111.0 3089.0 111.0 ship 0
3075.0 87.0 3104.0 87.0 3104.0 120.0 3075.0 120.0 ship 0
3061.0 96.0 3091.0 96.0 3091.0 129.0 3061.0 129.0 ship 0
3046.0 108.0 3078.0 108.0 3078.0 144.0 3046.0 144.0 ship 0
3028.0 119.0 3067.0 119.0 3067.0 157.0 3028.0 157.0 ship 0
3015.0 132.0 3047.0 132.0 3047.0 168.0 3015.0 168.0 ship 0
2998.0 142.0 3036.0 142.0 3036.0 186.0 2998.0 186.0 ship 0
2985.0 155.0 3019.0 155.0 3019.0 193.0 2985.0 193.0 ship 0
3095.0 1.0 3133.0 1.0 3133.0 40.0 3095.0 40.0 ship 0
3076.0 9.0 3117.0 9.0 3117.0 49.0 3076.0 49.0 ship 0
3070.0 26.0 3106.0 26.0 3106.0 61.0 3070.0 61.0 ship 0
3059.0 40.0 3089.0 40.0 3089.0 70.0 3059.0 70.0 ship 0
3045.0 50.0 3077.0 50.0 3077.0 85.0 3045.0 85.0 ship 0
3031.0 60.0 3064.0 60.0 3064.0 97.0 3031.0 97.0 ship 0
3013.0 71.0 3048.0 71.0 3048.0 106.0 3013.0 106.0 ship 0
3000.0 82.0 3034.0 82.0 3034.0 118.0 3000.0 118.0 ship 0
2985.0 95.0 3016.0 95.0 3016.0 125.0 2985.0 125.0 ship 0
2971.0 103.0 3006.0 103.0 3006.0 142.0 2971.0 142.0 ship 0
2957.0 114.0 2991.0 114.0 2991.0 153.0 2957.0 153.0 ship 0
2923.0 181.0 2967.0 181.0 2967.0 226.0 2923.0 226.0 ship 0
2899.0 364.0 2943.0 364.0 2943.0 426.0 2899.0 426.0 ship 0
2804.0 154.0 2851.0 154.0 2851.0 209.0 2804.0 209.0 ship 0
2780.0 43.0 2822.0 43.0 2822.0 89.0 2780.0 89.0 ship 0
3389.0 2542.0 3420.0 2542.0 3420.0 2568.0 3389.0 2568.0 ship 0
3390.0 2530.0 3419.0 2530.0 3419.0 2554.0 3390.0 2554.0 ship 0
3392.0 2504.0 3425.0 2504.0 3425.0 2530.0 3392.0 2530.0 ship 0
3360.0 2452.0 3387.0 2452.0 3387.0 2473.0 3360.0 2473.0 ship 0
3387.0 2515.0 3422.0 2515.0 3422.0 2543.0 3387.0 2543.0 ship 0
1136.0 2222.0 1192.0 2222.0 1192.0 2276.0 1136.0 2276.0 swimming-pool 0
2850.0 1.0 2888.0 1.0 2888.0 43.0 2850.0 43.0 ship 0
2829.0 5.0 2870.0 5.0 2870.0 49.0 2829.0 49.0 ship 0
2814.0 23.0 2856.0 23.0 2856.0 69.0 2814.0 69.0 ship 0
2795.0 31.0 2839.0 31.0 2839.0 78.0 2795.0 78.0 ship 0
2760.0 57.0 2806.0 57.0 2806.0 106.0 2760.0 106.0 ship 0
2755.0 92.0 2794.0 92.0 2794.0 138.0 2755.0 138.0 ship 0
2928.0 2.0 2967.0 2.0 2967.0 42.0 2928.0 42.0 ship 0
2918.0 16.0 2950.0 16.0 2950.0 46.0 2918.0 46.0 ship 0
2898.0 22.0 2939.0 22.0 2939.0 65.0 2898.0 65.0 ship 0
2889.0 40.0 2918.0 40.0 2918.0 69.0 2889.0 69.0 ship 0
2877.0 51.0 2904.0 51.0 2904.0 80.0 2877.0 80.0 ship 0
2859.0 60.0 2891.0 60.0 2891.0 91.0 2859.0 91.0 ship 0
2847.0 73.0 2875.0 73.0 2875.0 102.0 2847.0 102.0 ship 0
2831.0 85.0 2866.0 85.0 2866.0 120.0 2831.0 120.0 ship 0
2817.0 93.0 2854.0 93.0 2854.0 131.0 2817.0 131.0 ship 0
2801.0 110.0 2845.0 110.0 2845.0 162.0 2801.0 162.0 ship 0
2939.0 122.0 2976.0 122.0 2976.0 166.0 2939.0 166.0 ship 0
3517.0 2335.0 3552.0 2335.0 3552.0 2364.0 3517.0 2364.0 ship 0
3513.0 2307.0 3546.0 2307.0 3546.0 2329.0 3513.0 2329.0 ship 0
3187.0 1912.0 3238.0 1912.0 3238.0 1976.0 3187.0 1976.0 ship 0
3333.0 2052.0 3366.0 2052.0 3366.0 2079.0 3333.0 2079.0 ship 0
3342.0 2036.0 3383.0 2036.0 3383.0 2070.0 3342.0 2070.0 ship 0
3320.0 1992.0 3386.0 1992.0 3386.0 2044.0 3320.0 2044.0 ship 0
3129.0 2114.0 3158.0 2114.0 3158.0 2137.0 3129.0 2137.0 ship 0
3159.0 2070.0 3196.0 2070.0 3196.0 2097.0 3159.0 2097.0 ship 0
3164.0 2056.0 3203.0 2056.0 3203.0 2084.0 3164.0 2084.0 ship 0
3178.0 2042.0 3213.0 2042.0 3213.0 2069.0 3178.0 2069.0 ship 0
3186.0 2024.0 3225.0 2024.0 3225.0 2056.0 3186.0 2056.0 ship 0
3207.0 1992.0 3247.0 1992.0 3247.0 2025.0 3207.0 2025.0 ship 0
3226.0 1948.0 3275.0 1948.0 3275.0 2004.0 3226.0 2004.0 ship 0
2969.0 2115.0 3011.0 2115.0 3011.0 2149.0 2969.0 2149.0 ship 0
3310.0 2080.0 3349.0 2080.0 3349.0 2112.0 3310.0 2112.0 ship 0
2979.0 2098.0 3025.0 2098.0 3025.0 2134.0 2979.0 2134.0 ship 0
2988.0 2072.0 3038.0 2072.0 3038.0 2117.0 2988.0 2117.0 ship 0
3016.0 2042.0 3060.0 2042.0 3060.0 2080.0 3016.0 2080.0 ship 0
3029.0 2023.0 3075.0 2023.0 3075.0 2058.0 3029.0 2058.0 ship 0
3040.0 2006.0 3083.0 2006.0 3083.0 2041.0 3040.0 2041.0 ship 0
3049.0 1987.0 3096.0 1987.0 3096.0 2024.0 3049.0 2024.0 ship 0
3061.0 1967.0 3108.0 1967.0 3108.0 2006.0 3061.0 2006.0 ship 0
3075.0 1952.0 3122.0 1952.0 3122.0 1987.0 3075.0 1987.0 ship 0
3087.0 1934.0 3132.0 1934.0 3132.0 1970.0 3087.0 1970.0 ship 0
3098.0 1918.0 3141.0 1918.0 3141.0 1953.0 3098.0 1953.0 ship 0
3322.0 2066.0 3355.0 2066.0 3355.0 2094.0 3322.0 2094.0 ship 0
3290.0 2109.0 3331.0 2109.0 3331.0 2141.0 3290.0 2141.0 ship 0
3483.0 2261.0 3519.0 2261.0 3519.0 2297.0 3483.0 2297.0 ship 0
3218.0 2129.0 3258.0 2129.0 3258.0 2163.0 3218.0 2163.0 ship 0
3430.0 2119.0 3465.0 2119.0 3465.0 2146.0 3430.0 2146.0 ship 0
3405.0 2139.0 3429.0 2139.0 3429.0 2169.0 3405.0 2169.0 ship 0
3285.0 2268.0 3326.0 2268.0 3326.0 2318.0 3285.0 2318.0 ship 0
3328.0 2197.0 3369.0 2197.0 3369.0 2248.0 3328.0 2248.0 ship 0
3389.0 2081.0 3422.0 2081.0 3422.0 2122.0 3389.0 2122.0 ship 0
3115.0 2129.0 3150.0 2129.0 3150.0 2159.0 3115.0 2159.0 ship 0
3284.0 2043.0 3321.0 2043.0 3321.0 2075.0 3284.0 2075.0 ship 0
3267.0 2054.0 3311.0 2054.0 3311.0 2091.0 3267.0 2091.0 ship 0
3256.0 2091.0 3288.0 2091.0 3288.0 2117.0 3256.0 2117.0 ship 0
3248.0 2104.0 3277.0 2104.0 3277.0 2128.0 3248.0 2128.0 ship 0
3204.0 2164.0 3240.0 2164.0 3240.0 2194.0 3204.0 2194.0 ship 0
3283.0 2126.0 3322.0 2126.0 3322.0 2156.0 3283.0 2156.0 ship 0
3195.0 2180.0 3228.0 2180.0 3228.0 2207.0 3195.0 2207.0 ship 0
3181.0 2191.0 3219.0 2191.0 3219.0 2222.0 3181.0 2222.0 ship 0
3173.0 2207.0 3210.0 2207.0 3210.0 2237.0 3173.0 2237.0 ship 0
3200.0 2242.0 3244.0 2242.0 3244.0 2278.0 3200.0 2278.0 ship 0
3209.0 2226.0 3256.0 2226.0 3256.0 2265.0 3209.0 2265.0 ship 0
3221.0 2212.0 3259.0 2212.0 3259.0 2244.0 3221.0 2244.0 ship 0
3241.0 2183.0 3288.0 2183.0 3288.0 2220.0 3241.0 2220.0 ship 0
3253.0 2167.0 3292.0 2167.0 3292.0 2198.0 3253.0 2198.0 ship 0
3264.0 2154.0 3295.0 2154.0 3295.0 2178.0 3264.0 2178.0 ship 0
3269.0 2138.0 3310.0 2138.0 3310.0 2171.0 3269.0 2171.0 ship 0
1782.0 2011.0 1822.0 2011.0 1822.0 2042.0 1782.0 2042.0 ship 0
1802.0 1982.0 1835.0 1982.0 1835.0 2008.0 1802.0 2008.0 ship 0
1697.0 1318.0 1745.0 1318.0 1745.0 1337.0 1697.0 1337.0 ship 0
2208.0 1586.0 2255.0 1586.0 2255.0 1622.0 2208.0 1622.0 ship 0
2120.0 1534.0 2164.0 1534.0 2164.0 1566.0 2120.0 1566.0 ship 0
2130.0 1515.0 2176.0 1515.0 2176.0 1550.0 2130.0 1550.0 ship 0
2144.0 1498.0 2187.0 1498.0 2187.0 1532.0 2144.0 1532.0 ship 0
2152.0 1477.0 2200.0 1477.0 2200.0 1514.0 2152.0 1514.0 ship 0
2160.0 1459.0 2208.0 1459.0 2208.0 1494.0 2160.0 1494.0 ship 0
2173.0 1440.0 2219.0 1440.0 2219.0 1476.0 2173.0 1476.0 ship 0
2184.0 1421.0 2233.0 1421.0 2233.0 1460.0 2184.0 1460.0 ship 0
2222.0 1360.0 2264.0 1360.0 2264.0 1394.0 2222.0 1394.0 ship 0
2233.0 1340.0 2277.0 1340.0 2277.0 1377.0 2233.0 1377.0 ship 0
2245.0 1320.0 2289.0 1320.0 2289.0 1355.0 2245.0 1355.0 ship 0
2255.0 1298.0 2299.0 1298.0 2299.0 1331.0 2255.0 1331.0 ship 0
1868.0 1840.0 1920.0 1840.0 1920.0 1879.0 1868.0 1879.0 ship 0
1885.0 1820.0 1934.0 1820.0 1934.0 1857.0 1885.0 1857.0 ship 0
1907.0 1771.0 1959.0 1771.0 1959.0 1811.0 1907.0 1811.0 ship 0
1932.0 1729.0 1982.0 1729.0 1982.0 1768.0 1932.0 1768.0 ship 0
1950.0 1708.0 1998.0 1708.0 1998.0 1746.0 1950.0 1746.0 ship 0
1960.0 1688.0 2009.0 1688.0 2009.0 1724.0 1960.0 1724.0 ship 0
1975.0 1665.0 2023.0 1665.0 2023.0 1703.0 1975.0 1703.0 ship 0
1987.0 1641.0 2034.0 1641.0 2034.0 1682.0 1987.0 1682.0 ship 0
2001.0 1620.0 2049.0 1620.0 2049.0 1655.0 2001.0 1655.0 ship 0
2011.0 1601.0 2060.0 1601.0 2060.0 1637.0 2011.0 1637.0 ship 0
2025.0 1577.0 2073.0 1577.0 2073.0 1617.0 2025.0 1617.0 ship 0
2038.0 1556.0 2088.0 1556.0 2088.0 1597.0 2038.0 1597.0 ship 0
2098.0 1573.0 2144.0 1573.0 2144.0 1608.0 2098.0 1608.0 ship 0
2086.0 1591.0 2130.0 1591.0 2130.0 1624.0 2086.0 1624.0 ship 0
2076.0 1609.0 2121.0 1609.0 2121.0 1645.0 2076.0 1645.0 ship 0
2357.0 1353.0 2457.0 1353.0 2457.0 1423.0 2357.0 1423.0 ship 0
2231.0 1544.0 2278.0 1544.0 2278.0 1585.0 2231.0 1585.0 ship 0
2239.0 1528.0 2288.0 1528.0 2288.0 1566.0 2239.0 1566.0 ship 0
2255.0 1513.0 2298.0 1513.0 2298.0 1546.0 2255.0 1546.0 ship 0
2265.0 1493.0 2308.0 1493.0 2308.0 1529.0 2265.0 1529.0 ship 0
2277.0 1474.0 2320.0 1474.0 2320.0 1510.0 2277.0 1510.0 ship 0
2287.0 1455.0 2329.0 1455.0 2329.0 1489.0 2287.0 1489.0 ship 0
2300.0 1434.0 2345.0 1434.0 2345.0 1471.0 2300.0 1471.0 ship 0
2312.0 1416.0 2355.0 1416.0 2355.0 1453.0 2312.0 1453.0 ship 0
2324.0 1397.0 2366.0 1397.0 2366.0 1432.0 2324.0 1432.0 ship 0
2333.0 1377.0 2378.0 1377.0 2378.0 1410.0 2333.0 1410.0 ship 0
1924.0 1873.0 1968.0 1873.0 1968.0 1908.0 1924.0 1908.0 ship 0
2064.0 1629.0 2109.0 1629.0 2109.0 1666.0 2064.0 1666.0 ship 0
1934.0 1851.0 1980.0 1851.0 1980.0 1888.0 1934.0 1888.0 ship 0
1944.0 1835.0 1990.0 1835.0 1990.0 1870.0 1944.0 1870.0 ship 0
1954.0 1816.0 1999.0 1816.0 1999.0 1852.0 1954.0 1852.0 ship 0
1965.0 1798.0 2010.0 1798.0 2010.0 1832.0 1965.0 1832.0 ship 0
1975.0 1780.0 2021.0 1780.0 2021.0 1811.0 1975.0 1811.0 ship 0
1998.0 1739.0 2043.0 1739.0 2043.0 1774.0 1998.0 1774.0 ship 0
2008.0 1721.0 2056.0 1721.0 2056.0 1756.0 2008.0 1756.0 ship 0
2018.0 1701.0 2064.0 1701.0 2064.0 1738.0 2018.0 1738.0 ship 0
2044.0 1666.0 2087.0 1666.0 2087.0 1700.0 2044.0 1700.0 ship 0
2052.0 1645.0 2096.0 1645.0 2096.0 1680.0 2052.0 1680.0 ship 0
2051.0 1534.0 2099.0 1534.0 2099.0 1574.0 2051.0 1574.0 ship 0
2064.0 1512.0 2113.0 1512.0 2113.0 1551.0 2064.0 1551.0 ship 0
2076.0 1486.0 2127.0 1486.0 2127.0 1526.0 2076.0 1526.0 ship 0
1848.0 1320.0 1866.0 1320.0 1866.0 1376.0 1848.0 1376.0 ship 0
1845.0 1511.0 1906.0 1511.0 1906.0 1557.0 1845.0 1557.0 ship 0
1924.0 1516.0 1974.0 1516.0 1974.0 1557.0 1924.0 1557.0 ship 0
1860.0 1479.0 1923.0 1479.0 1923.0 1532.0 1860.0 1532.0 ship 0
1938.0 1495.0 1987.0 1495.0 1987.0 1532.0 1938.0 1532.0 ship 0
1874.0 1454.0 1940.0 1454.0 1940.0 1506.0 1874.0 1506.0 ship 0
1976.0 1318.0 2001.0 1318.0 2001.0 1374.0 1976.0 1374.0 ship 0
1946.0 1321.0 1969.0 1321.0 1969.0 1376.0 1946.0 1376.0 ship 0
1922.0 1320.0 1943.0 1320.0 1943.0 1375.0 1922.0 1375.0 ship 0
1895.0 1320.0 1917.0 1320.0 1917.0 1376.0 1895.0 1376.0 ship 0
1871.0 1319.0 1891.0 1319.0 1891.0 1375.0 1871.0 1375.0 ship 0
1824.0 1317.0 1842.0 1317.0 1842.0 1374.0 1824.0 1374.0 ship 0
1900.0 1563.0 1947.0 1563.0 1947.0 1598.0 1900.0 1598.0 ship 0
1799.0 1319.0 1817.0 1319.0 1817.0 1377.0 1799.0 1377.0 ship 0
1691.0 1565.0 1715.0 1565.0 1715.0 1605.0 1691.0 1605.0 ship 0
1694.0 1524.0 1740.0 1524.0 1740.0 1553.0 1694.0 1553.0 ship 0
1695.0 1495.0 1746.0 1495.0 1746.0 1515.0 1695.0 1515.0 ship 0
1690.0 1471.0 1744.0 1471.0 1744.0 1489.0 1690.0 1489.0 ship 0
1695.0 1444.0 1751.0 1444.0 1751.0 1466.0 1695.0 1466.0 ship 0
1693.0 1420.0 1737.0 1420.0 1737.0 1440.0 1693.0 1440.0 ship 0
1692.0 1395.0 1744.0 1395.0 1744.0 1415.0 1692.0 1415.0 ship 0
1697.0 1368.0 1750.0 1368.0 1750.0 1388.0 1697.0 1388.0 ship 0
1694.0 1342.0 1748.0 1342.0 1748.0 1363.0 1694.0 1363.0 ship 0
1913.0 1541.0 1960.0 1541.0 1960.0 1578.0 1913.0 1578.0 ship 0
1825.0 1535.0 1892.0 1535.0 1892.0 1584.0 1825.0 1584.0 ship 0
2103.0 1438.0 2155.0 1438.0 2155.0 1477.0 2103.0 1477.0 ship 0
1809.0 1714.0 1856.0 1714.0 1856.0 1757.0 1809.0 1757.0 ship 0
2117.0 1413.0 2168.0 1413.0 2168.0 1454.0 2117.0 1454.0 ship 0
2117.0 1380.0 2183.0 1380.0 2183.0 1432.0 2117.0 1432.0 ship 0
2130.0 1356.0 2196.0 1356.0 2196.0 1407.0 2130.0 1407.0 ship 0
2143.0 1333.0 2211.0 1333.0 2211.0 1383.0 2143.0 1383.0 ship 0
2158.0 1306.0 2230.0 1306.0 2230.0 1360.0 2158.0 1360.0 ship 0
2188.0 1255.0 2264.0 1255.0 2264.0 1309.0 2188.0 1309.0 ship 0
2174.0 1284.0 2239.0 1284.0 2239.0 1331.0 2174.0 1331.0 ship 0
1770.0 1779.0 1819.0 1779.0 1819.0 1819.0 1770.0 1819.0 ship 0
1783.0 1760.0 1833.0 1760.0 1833.0 1798.0 1783.0 1798.0 ship 0
1796.0 1737.0 1845.0 1737.0 1845.0 1777.0 1796.0 1777.0 ship 0
1819.0 1694.0 1870.0 1694.0 1870.0 1736.0 1819.0 1736.0 ship 0
1815.0 1560.0 1875.0 1560.0 1875.0 1609.0 1815.0 1609.0 ship 0
1833.0 1671.0 1886.0 1671.0 1886.0 1715.0 1833.0 1715.0 ship 0
1845.0 1647.0 1901.0 1647.0 1901.0 1693.0 1845.0 1693.0 ship 0
1864.0 1631.0 1908.0 1631.0 1908.0 1669.0 1864.0 1669.0 ship 0
1872.0 1607.0 1924.0 1607.0 1924.0 1649.0 1872.0 1649.0 ship 0
1884.0 1584.0 1937.0 1584.0 1937.0 1624.0 1884.0 1624.0 ship 0
1715.0 1735.0 1775.0 1735.0 1775.0 1783.0 1715.0 1783.0 ship 0
1728.0 1707.0 1789.0 1707.0 1789.0 1758.0 1728.0 1758.0 ship 0
1757.0 1659.0 1819.0 1659.0 1819.0 1707.0 1757.0 1707.0 ship 0
1768.0 1635.0 1831.0 1635.0 1831.0 1682.0 1768.0 1682.0 ship 0
1786.0 1611.0 1851.0 1611.0 1851.0 1660.0 1786.0 1660.0 ship 0
2220.0 1566.0 2266.0 1566.0 2266.0 1604.0 2220.0 1604.0 ship 0
2200.0 1606.0 2244.0 1606.0 2244.0 1639.0 2200.0 1639.0 ship 0
1810.0 1964.0 1849.0 1964.0 1849.0 1995.0 1810.0 1995.0 ship 0
2188.0 1623.0 2234.0 1623.0 2234.0 1658.0 2188.0 1658.0 ship 0
1575.0 1974.0 1642.0 1974.0 1642.0 2025.0 1575.0 2025.0 ship 0
1591.0 1949.0 1653.0 1949.0 1653.0 1998.0 1591.0 1998.0 ship 0
1603.0 1928.0 1665.0 1928.0 1665.0 1976.0 1603.0 1976.0 ship 0
1612.0 1905.0 1675.0 1905.0 1675.0 1951.0 1612.0 1951.0 ship 0
1634.0 1880.0 1690.0 1880.0 1690.0 1926.0 1634.0 1926.0 ship 0
1649.0 1858.0 1704.0 1858.0 1704.0 1903.0 1649.0 1903.0 ship 0
1658.0 1831.0 1721.0 1831.0 1721.0 1878.0 1658.0 1878.0 ship 0
1681.0 1809.0 1731.0 1809.0 1731.0 1848.0 1681.0 1848.0 ship 0
1687.0 1780.0 1747.0 1780.0 1747.0 1829.0 1687.0 1829.0 ship 0
1707.0 1762.0 1760.0 1762.0 1760.0 1805.0 1707.0 1805.0 ship 0
2520.0 1636.0 2567.0 1636.0 2567.0 1676.0 2520.0 1676.0 ship 0
2532.0 1622.0 2581.0 1622.0 2581.0 1659.0 2532.0 1659.0 ship 0
2543.0 1604.0 2594.0 1604.0 2594.0 1644.0 2543.0 1644.0 ship 0
2562.0 1590.0 2597.0 1590.0 2597.0 1617.0 2562.0 1617.0 ship 0
2565.0 1570.0 2612.0 1570.0 2612.0 1609.0 2565.0 1609.0 ship 0
2576.0 1552.0 2627.0 1552.0 2627.0 1594.0 2576.0 1594.0 ship 0
2588.0 1533.0 2644.0 1533.0 2644.0 1573.0 2588.0 1573.0 ship 0
2375.0 1698.0 2451.0 1698.0 2451.0 1751.0 2375.0 1751.0 ship 0
2412.0 1693.0 2461.0 1693.0 2461.0 1732.0 2412.0 1732.0 ship 0
2422.0 1674.0 2473.0 1674.0 2473.0 1716.0 2422.0 1716.0 ship 0
2430.0 1656.0 2482.0 1656.0 2482.0 1697.0 2430.0 1697.0 ship 0
2445.0 1640.0 2494.0 1640.0 2494.0 1681.0 2445.0 1681.0 ship 0
2454.0 1623.0 2503.0 1623.0 2503.0 1662.0 2454.0 1662.0 ship 0
1759.0 1805.0 1790.0 1805.0 1790.0 1830.0 1759.0 1830.0 ship 0
1747.0 1823.0 1780.0 1823.0 1780.0 1849.0 1747.0 1849.0 ship 0
1744.0 1842.0 1775.0 1842.0 1775.0 1866.0 1744.0 1866.0 ship 0
1792.0 1913.0 1823.0 1913.0 1823.0 1939.0 1792.0 1939.0 ship 0
1821.0 1950.0 1857.0 1950.0 1857.0 1977.0 1821.0 1977.0 ship 0
1827.0 1933.0 1866.0 1933.0 1866.0 1964.0 1827.0 1964.0 ship 0
1837.0 1917.0 1874.0 1917.0 1874.0 1946.0 1837.0 1946.0 ship 0
1846.0 1903.0 1882.0 1903.0 1882.0 1931.0 1846.0 1931.0 ship 0
1859.0 1888.0 1893.0 1888.0 1893.0 1917.0 1859.0 1917.0 ship 0
1737.0 2006.0 1773.0 2006.0 1773.0 2033.0 1737.0 2033.0 ship 0
1746.0 1990.0 1781.0 1990.0 1781.0 2017.0 1746.0 2017.0 ship 0
1765.0 1959.0 1798.0 1959.0 1798.0 1984.0 1765.0 1984.0 ship 0
1773.0 1942.0 1806.0 1942.0 1806.0 1969.0 1773.0 1969.0 ship 0
1781.0 1928.0 1815.0 1928.0 1815.0 1956.0 1781.0 1956.0 ship 0
1799.0 1894.0 1834.0 1894.0 1834.0 1923.0 1799.0 1923.0 ship 0
1730.0 1855.0 1764.0 1855.0 1764.0 1881.0 1730.0 1881.0 ship 0
1825.0 1846.0 1863.0 1846.0 1863.0 1875.0 1825.0 1875.0 ship 0
1650.0 1994.0 1685.0 1994.0 1685.0 2022.0 1650.0 2022.0 ship 0
1659.0 1981.0 1692.0 1981.0 1692.0 2008.0 1659.0 2008.0 ship 0
1665.0 1963.0 1700.0 1963.0 1700.0 1991.0 1665.0 1991.0 ship 0
1675.0 1947.0 1708.0 1947.0 1708.0 1972.0 1675.0 1972.0 ship 0
1683.0 1933.0 1716.0 1933.0 1716.0 1960.0 1683.0 1960.0 ship 0
1694.0 1919.0 1726.0 1919.0 1726.0 1943.0 1694.0 1943.0 ship 0
1704.0 1902.0 1735.0 1902.0 1735.0 1928.0 1704.0 1928.0 ship 0
1715.0 1888.0 1746.0 1888.0 1746.0 1912.0 1715.0 1912.0 ship 0
1721.0 1870.0 1755.0 1870.0 1755.0 1896.0 1721.0 1896.0 ship 0
2464.0 1606.0 2515.0 1606.0 2515.0 1645.0 2464.0 1645.0 ship 0
2472.0 1583.0 2530.0 1583.0 2530.0 1634.0 2472.0 1634.0 ship 0
2484.0 1567.0 2543.0 1567.0 2543.0 1616.0 2484.0 1616.0 ship 0
2302.0 1534.0 2360.0 1534.0 2360.0 1582.0 2302.0 1582.0 ship 0
2187.0 1736.0 2224.0 1736.0 2224.0 1764.0 2187.0 1764.0 ship 0
2195.0 1721.0 2236.0 1721.0 2236.0 1751.0 2195.0 1751.0 ship 0
2206.0 1704.0 2242.0 1704.0 2242.0 1732.0 2206.0 1732.0 ship 0
2217.0 1690.0 2254.0 1690.0 2254.0 1719.0 2217.0 1719.0 ship 0
2229.0 1673.0 2270.0 1673.0 2270.0 1707.0 2229.0 1707.0 ship 0
2236.0 1652.0 2287.0 1652.0 2287.0 1692.0 2236.0 1692.0 ship 0
2246.0 1629.0 2305.0 1629.0 2305.0 1673.0 2246.0 1673.0 ship 0
2261.0 1606.0 2315.0 1606.0 2315.0 1646.0 2261.0 1646.0 ship 0
2275.0 1583.0 2334.0 1583.0 2334.0 1629.0 2275.0 1629.0 ship 0
2289.0 1561.0 2344.0 1561.0 2344.0 1603.0 2289.0 1603.0 ship 0
2315.0 1512.0 2375.0 1512.0 2375.0 1562.0 2315.0 1562.0 ship 0
2159.0 1784.0 2196.0 1784.0 2196.0 1811.0 2159.0 1811.0 ship 0
2330.0 1488.0 2391.0 1488.0 2391.0 1533.0 2330.0 1533.0 ship 0
2343.0 1465.0 2407.0 1465.0 2407.0 1511.0 2343.0 1511.0 ship 0
2367.0 1441.0 2419.0 1441.0 2419.0 1482.0 2367.0 1482.0 ship 0
2375.0 1412.0 2444.0 1412.0 2444.0 1462.0 2375.0 1462.0 ship 0
2112.0 1758.0 2157.0 1758.0 2157.0 1794.0 2112.0 1794.0 ship 0
2123.0 1735.0 2167.0 1735.0 2167.0 1770.0 2123.0 1770.0 ship 0
2132.0 1715.0 2179.0 1715.0 2179.0 1755.0 2132.0 1755.0 ship 0
2144.0 1696.0 2189.0 1696.0 2189.0 1735.0 2144.0 1735.0 ship 0
2156.0 1680.0 2200.0 1680.0 2200.0 1716.0 2156.0 1716.0 ship 0
2177.0 1642.0 2221.0 1642.0 2221.0 1677.0 2177.0 1677.0 ship 0
2178.0 1750.0 2215.0 1750.0 2215.0 1780.0 2178.0 1780.0 ship 0
2151.0 1799.0 2186.0 1799.0 2186.0 1826.0 2151.0 1826.0 ship 0
2500.0 1552.0 2555.0 1552.0 2555.0 1597.0 2500.0 1597.0 ship 0
2043.0 1867.0 2092.0 1867.0 2092.0 1903.0 2043.0 1903.0 ship 0
2509.0 1535.0 2561.0 1535.0 2561.0 1580.0 2509.0 1580.0 ship 0
2519.0 1519.0 2574.0 1519.0 2574.0 1564.0 2519.0 1564.0 ship 0
2532.0 1499.0 2587.0 1499.0 2587.0 1541.0 2532.0 1541.0 ship 0
2589.0 1500.0 2653.0 1500.0 2653.0 1551.0 2589.0 1551.0 ship 0
2538.0 1471.0 2594.0 1471.0 2594.0 1516.0 2538.0 1516.0 ship 0
2098.0 1774.0 2145.0 1774.0 2145.0 1808.0 2098.0 1808.0 ship 0
2088.0 1791.0 2133.0 1791.0 2133.0 1827.0 2088.0 1827.0 ship 0
2077.0 1810.0 2123.0 1810.0 2123.0 1848.0 2077.0 1848.0 ship 0
2068.0 1831.0 2112.0 1831.0 2112.0 1865.0 2068.0 1865.0 ship 0
2057.0 1849.0 2102.0 1849.0 2102.0 1886.0 2057.0 1886.0 ship 0
2029.0 1881.0 2079.0 1881.0 2079.0 1924.0 2029.0 1924.0 ship 0
2140.0 1814.0 2178.0 1814.0 2178.0 1844.0 2140.0 1844.0 ship 0
2017.0 1900.0 2065.0 1900.0 2065.0 1940.0 2017.0 1940.0 ship 0
2011.0 1925.0 2055.0 1925.0 2055.0 1958.0 2011.0 1958.0 ship 0
2059.0 1956.0 2095.0 1956.0 2095.0 1984.0 2059.0 1984.0 ship 0
2069.0 1941.0 2105.0 1941.0 2105.0 1967.0 2069.0 1967.0 ship 0
2078.0 1926.0 2118.0 1926.0 2118.0 1952.0 2078.0 1952.0 ship 0
2096.0 1893.0 2135.0 1893.0 2135.0 1922.0 2096.0 1922.0 ship 0
2105.0 1877.0 2142.0 1877.0 2142.0 1903.0 2105.0 1903.0 ship 0
2116.0 1861.0 2151.0 1861.0 2151.0 1888.0 2116.0 1888.0 ship 0
2125.0 1846.0 2159.0 1846.0 2159.0 1872.0 2125.0 1872.0 ship 0
2131.0 1830.0 2167.0 1830.0 2167.0 1856.0 2131.0 1856.0 ship 0
192.0 218.0 419.0 218.0 419.0 584.0 192.0 584.0 harbor 0
