453.0 266.0 529.0 266.0 529.0 350.0 453.0 350.0 harbor 0
2128.0 2219.0 2197.0 2219.0 2197.0 2284.0 2128.0 2284.0 harbor 0
183.0 2102.0 218.0 2102.0 218.0 2139.0 183.0 2139.0 harbor 0
180.0 2167.0 216.0 2167.0 216.0 2191.0 180.0 2191.0 harbor 0
191.0 2243.0 250.0 2243.0 250.0 2293.0 191.0 2293.0 harbor 0
389.0 2328.0 442.0 2328.0 442.0 2376.0 389.0 2376.0 harbor 0
2120.0 2415.0 2207.0 2415.0 2207.0 2464.0 2120.0 2464.0 harbor 0
1938.0 2311.0 1994.0 2311.0 1994.0 2379.0 1938.0 2379.0 harbor 0
2002.0 2276.0 2071.0 2276.0 2071.0 2349.0 2002.0 2349.0 harbor 0
2071.0 2249.0 2141.0 2249.0 2141.0 2318.0 2071.0 2318.0 harbor 0
440.0 2012.0 470.0 2012.0 470.0 2051.0 440.0 2051.0 swimming-pool 0
2212.0 2177.0 2272.0 2177.0 2272.0 2248.0 2212.0 2248.0 harbor 0
2287.0 2137.0 2346.0 2137.0 2346.0 2205.0 2287.0 2205.0 harbor 0
2423.0 2071.0 2486.0 2071.0 2486.0 2139.0 2423.0 2139.0 harbor 0
2482.0 2039.0 2551.0 2039.0 2551.0 2112.0 2482.0 2112.0 harbor 0
2567.0 2005.0 2628.0 2005.0 2628.0 2073.0 2567.0 2073.0 harbor 0
2700.0 2048.0 2778.0 2048.0 2778.0 2127.0 2700.0 2127.0 harbor 0
2641.0 1956.0 2701.0 1956.0 2701.0 2014.0 2641.0 2014.0 harbor 0
176.0 1983.0 220.0 1983.0 220.0 2016.0 176.0 2016.0 harbor 0
171.0 1888.0 207.0 1888.0 207.0 1930.0 171.0 1930.0 harbor 0
2858.0 1847.0 2925.0 1847.0 2925.0 1914.0 2858.0 1914.0 harbor 0
200.0 1049.0 234.0 1049.0 234.0 1090.0 200.0 1090.0 harbor 0
222.0 328.0 266.0 328.0 266.0 381.0 222.0 381.0 harbor 0
219.0 523.0 258.0 523.0 258.0 564.0 219.0 564.0 harbor 0
215.0 616.0 254.0 616.0 254.0 653.0 215.0 653.0 harbor 0
209.0 704.0 249.0 704.0 249.0 756.0 209.0 756.0 harbor 0
201.0 791.0 240.0 791.0 240.0 841.0 201.0 841.0 harbor 0
195.0 878.0 233.0 878.0 233.0 927.0 195.0 927.0 harbor 0
191.0 986.0 236.0 986.0 236.0 1027.0 191.0 1027.0 harbor 0
196.0 1124.0 234.0 1124.0 234.0 1163.0 196.0 1163.0 harbor 0
168.0 1790.0 210.0 1790.0 210.0 1847.0 168.0 1847.0 harbor 0
191.0 1227.0 235.0 1227.0 235.0 1260.0 191.0 1260.0 harbor 0
182.0 1320.0 228.0 1320.0 228.0 1341.0 182.0 1341.0 harbor 0
187.0 1395.0 225.0 1395.0 225.0 1422.0 187.0 1422.0 harbor 0
185.0 1464.0 221.0 1464.0 221.0 1492.0 185.0 1492.0 harbor 0
181.0 1555.0 217.0 1555.0 217.0 1596.0 181.0 1596.0 harbor 0
176.0 1632.0 211.0 1632.0 211.0 1679.0 176.0 1679.0 harbor 0
175.0 1712.0 211.0 1712.0 211.0 1759.0 175.0 1759.0 harbor 0
2715.0 1851.0 2773.0 1851.0 2773.0 1901.0 2715.0 1901.0 harbor 0
2754.0 1790.0 2812.0 1790.0 2812.0 1842.0 2754.0 1842.0 harbor 0
536.0 326.0 612.0 326.0 612.0 407.0 536.0 407.0 harbor 0
1161.0 717.0 1228.0 717.0 1228.0 790.0 1161.0 790.0 harbor 0
1703.0 964.0 1776.0 964.0 1776.0 1041.0 1703.0 1041.0 harbor 0
1616.0 938.0 1683.0 938.0 1683.0 1007.0 1616.0 1007.0 harbor 0
1538.0 900.0 1597.0 900.0 1597.0 968.0 1538.0 968.0 harbor 0
1475.0 872.0 1520.0 872.0 1520.0 935.0 1475.0 935.0 harbor 0
1386.0 831.0 1450.0 831.0 1450.0 902.0 1386.0 902.0 harbor 0
1314.0 799.0 1373.0 799.0 1373.0 865.0 1314.0 865.0 harbor 0
1222.0 751.0 1286.0 751.0 1286.0 820.0 1222.0 820.0 harbor 0
1067.0 668.0 1144.0 668.0 1144.0 754.0 1067.0 754.0 harbor 0
1868.0 1034.0 1930.0 1034.0 1930.0 1108.0 1868.0 1108.0 harbor 0
1004.0 629.0 1058.0 629.0 1058.0 695.0 1004.0 695.0 harbor 0
821.0 607.0 863.0 607.0 863.0 657.0 821.0 657.0 swimming-pool 0
926.0 580.0 989.0 580.0 989.0 650.0 926.0 650.0 harbor 0
828.0 526.0 909.0 526.0 909.0 608.0 828.0 608.0 harbor 0
769.0 483.0 837.0 483.0 837.0 559.0 769.0 559.0 harbor 0
704.0 443.0 774.0 443.0 774.0 523.0 704.0 523.0 harbor 0
635.0 395.0 719.0 395.0 719.0 484.0 635.0 484.0 harbor 0
1783.0 1000.0 1850.0 1000.0 1850.0 1072.0 1783.0 1072.0 harbor 0
1977.0 1078.0 2038.0 1078.0 2038.0 1146.0 1977.0 1146.0 harbor 0
2796.0 1717.0 2860.0 1717.0 2860.0 1783.0 2796.0 1783.0 harbor 0
2747.0 1256.0 2808.0 1256.0 2808.0 1325.0 2747.0 1325.0 harbor 0
2886.0 1659.0 2943.0 1659.0 2943.0 1725.0 2886.0 1725.0 harbor 0
3072.0 1713.0 3118.0 1713.0 3118.0 1762.0 3072.0 1762.0 harbor 0
2962.0 1619.0 3010.0 1619.0 3010.0 1659.0 2962.0 1659.0 harbor 0
3165.0 1670.0 3206.0 1670.0 3206.0 1718.0 3165.0 1718.0 harbor 0
3010.0 1540.0 3075.0 1540.0 3075.0 1602.0 3010.0 1602.0 harbor 0
2906.0 1282.0 2975.0 1282.0 2975.0 1359.0 2906.0 1359.0 harbor 0
2834.0 1268.0 2886.0 1268.0 2886.0 1332.0 2834.0 1332.0 harbor 0
2662.0 1265.0 2718.0 1265.0 2718.0 1320.0 2662.0 1320.0 harbor 0
2033.0 1094.0 2101.0 1094.0 2101.0 1172.0 2033.0 1172.0 harbor 0
2599.0 1255.0 2647.0 1255.0 2647.0 1319.0 2599.0 1319.0 harbor 0
2519.0 1251.0 2579.0 1251.0 2579.0 1316.0 2519.0 1316.0 harbor 0
2450.0 1235.0 2509.0 1235.0 2509.0 1306.0 2450.0 1306.0 harbor 0
2349.0 1207.0 2402.0 1207.0 2402.0 1269.0 2349.0 1269.0 harbor 0
2280.0 1184.0 2335.0 1184.0 2335.0 1249.0 2280.0 1249.0 harbor 0
2186.0 1147.0 2247.0 1147.0 2247.0 1226.0 2186.0 1226.0 harbor 0
2116.0 1129.0 2176.0 1129.0 2176.0 1201.0 2116.0 1201.0 harbor 0
95.0 96.0 158.0 96.0 158.0 167.0 95.0 167.0 harbor 0
