964.0 1462.0 996.0 1462.0 996.0 1504.0 964.0 1504.0 small-vehicle 1
226.0 662.0 279.0 662.0 279.0 761.0 226.0 761.0 ship 0
233.0 405.0 404.0 405.0 404.0 524.0 233.0 524.0 harbor 0
257.0 620.0 457.0 620.0 457.0 743.0 257.0 743.0 harbor 0
354.0 876.0 521.0 876.0 521.0 991.0 354.0 991.0 harbor 0
417.0 1083.0 585.0 1083.0 585.0 1194.0 417.0 1194.0 harbor 0
456.0 1269.0 648.0 1269.0 648.0 1392.0 456.0 1392.0 harbor 0
525.0 1462.0 734.0 1462.0 734.0 1630.0 525.0 1630.0 harbor 0
655.0 1757.0 768.0 1757.0 768.0 1860.0 655.0 1860.0 harbor 0
716.0 1871.0 844.0 1871.0 844.0 2005.0 716.0 2005.0 harbor 0
199.0 439.0 251.0 439.0 251.0 543.0 199.0 543.0 ship 0
258.0 488.0 291.0 488.0 291.0 543.0 258.0 543.0 ship 0
335.0 926.0 377.0 926.0 377.0 998.0 335.0 998.0 ship 0
703.0 488.0 719.0 488.0 719.0 524.0 703.0 524.0 small-vehicle 0
393.0 1130.0 444.0 1130.0 444.0 1221.0 393.0 1221.0 ship 0
746.0 1910.0 812.0 1910.0 812.0 1994.0 746.0 1994.0 ship 0
717.0 1943.0 768.0 1943.0 768.0 2010.0 717.0 2010.0 ship 0
891.0 1273.0 916.0 1273.0 916.0 1306.0 891.0 1306.0 small-vehicle 0
834.0 1574.0 858.0 1574.0 858.0 1609.0 834.0 1609.0 small-vehicle 0
979.0 1612.0 1003.0 1612.0 1003.0 1642.0 979.0 1642.0 small-vehicle 0
766.0 803.0 786.0 803.0 786.0 834.0 766.0 834.0 small-vehicle 0
758.0 377.0 793.0 377.0 793.0 392.0 758.0 392.0 small-vehicle 0
753.0 397.0 792.0 397.0 792.0 412.0 753.0 412.0 small-vehicle 0
752.0 334.0 788.0 334.0 788.0 360.0 752.0 360.0 small-vehicle 0
197.0 206.0 381.0 206.0 381.0 304.0 197.0 304.0 harbor 0
