4844.0 379.0 4936.0 379.0 4936.0 426.0 4844.0 426.0 ship 0
4984.0 350.0 5069.0 350.0 5069.0 395.0 4984.0 395.0 ship 0
2981.0 765.0 3045.0 765.0 3045.0 799.0 2981.0 799.0 ship 0
2985.0 688.0 3058.0 688.0 3058.0 711.0 2985.0 711.0 ship 0
2798.0 685.0 2889.0 685.0 2889.0 720.0 2798.0 720.0 ship 0
2798.0 639.0 2888.0 639.0 2888.0 676.0 2798.0 676.0 ship 0
2923.0 651.0 2995.0 651.0 2995.0 679.0 2923.0 679.0 ship 0
2781.0 524.0 2887.0 524.0 2887.0 556.0 2781.0 556.0 ship 0
2941.0 527.0 3042.0 527.0 3042.0 561.0 2941.0 561.0 ship 0
2943.0 454.0 3036.0 454.0 3036.0 487.0 2943.0 487.0 ship 0
2800.0 408.0 2871.0 408.0 2871.0 443.0 2800.0 443.0 ship 0
2938.0 407.0 3035.0 407.0 3035.0 443.0 2938.0 443.0 ship 0
2780.0 335.0 2898.0 335.0 2898.0 382.0 2780.0 382.0 ship 0
2938.0 338.0 3034.0 338.0 3034.0 377.0 2938.0 377.0 ship 0
2775.0 299.0 2839.0 299.0 2839.0 327.0 2775.0 327.0 ship 0
2936.0 298.0 3021.0 298.0 3021.0 327.0 2936.0 327.0 ship 0
2359.0 1034.0 2482.0 1034.0 2482.0 1075.0 2359.0 1075.0 ship 0
2366.0 984.0 2476.0 984.0 2476.0 1019.0 2366.0 1019.0 ship 0
2370.0 911.0 2470.0 911.0 2470.0 953.0 2370.0 953.0 ship 0
2205.0 859.0 2320.0 859.0 2320.0 903.0 2205.0 903.0 ship 0
2358.0 800.0 2491.0 800.0 2491.0 830.0 2358.0 830.0 ship 0
2197.0 797.0 2333.0 797.0 2333.0 843.0 2197.0 843.0 ship 0
2188.0 739.0 2328.0 739.0 2328.0 784.0 2188.0 784.0 ship 0
2188.0 680.0 2338.0 680.0 2338.0 725.0 2188.0 725.0 ship 0
2196.0 564.0 2344.0 564.0 2344.0 612.0 2196.0 612.0 ship 0
2203.0 447.0 2339.0 447.0 2339.0 489.0 2203.0 489.0 ship 0
2204.0 393.0 2339.0 393.0 2339.0 435.0 2204.0 435.0 ship 0
2949.0 802.0 3040.0 802.0 3040.0 842.0 2949.0 842.0 ship 0
2767.0 861.0 2899.0 861.0 2899.0 910.0 2767.0 910.0 ship 0
2757.0 921.0 2878.0 921.0 2878.0 959.0 2757.0 959.0 ship 0
3560.0 778.0 3615.0 778.0 3615.0 804.0 3560.0 804.0 ship 0
3490.0 530.0 3624.0 530.0 3624.0 573.0 3490.0 573.0 ship 0
3556.0 576.0 3616.0 576.0 3616.0 606.0 3556.0 606.0 ship 0
3487.0 578.0 3538.0 578.0 3538.0 602.0 3487.0 602.0 ship 0
3317.0 576.0 3460.0 576.0 3460.0 624.0 3317.0 624.0 ship 0
3547.0 664.0 3616.0 664.0 3616.0 690.0 3547.0 690.0 ship 0
3490.0 665.0 3543.0 665.0 3543.0 687.0 3490.0 687.0 ship 0
3330.0 691.0 3402.0 691.0 3402.0 721.0 3330.0 721.0 ship 0
3550.0 696.0 3618.0 696.0 3618.0 725.0 3550.0 725.0 ship 0
3325.0 777.0 3373.0 777.0 3373.0 801.0 3325.0 801.0 ship 0
3387.0 776.0 3454.0 776.0 3454.0 802.0 3387.0 802.0 ship 0
3487.0 777.0 3552.0 777.0 3552.0 803.0 3487.0 803.0 ship 0
3331.0 805.0 3467.0 805.0 3467.0 858.0 3331.0 858.0 ship 0
2979.0 888.0 3043.0 888.0 3043.0 912.0 2979.0 912.0 ship 0
3479.0 820.0 3497.0 820.0 3497.0 860.0 3479.0 860.0 ship 0
3498.0 810.0 3616.0 810.0 3616.0 852.0 3498.0 852.0 ship 0
3480.0 883.0 3602.0 883.0 3602.0 917.0 3480.0 917.0 ship 0
3504.0 927.0 3612.0 927.0 3612.0 975.0 3504.0 975.0 ship 0
3388.0 894.0 3448.0 894.0 3448.0 922.0 3388.0 922.0 ship 0
3321.0 892.0 3398.0 892.0 3398.0 920.0 3321.0 920.0 ship 0
3336.0 926.0 3448.0 926.0 3448.0 966.0 3336.0 966.0 ship 0
3325.0 1002.0 3435.0 1002.0 3435.0 1035.0 3325.0 1035.0 ship 0
3481.0 996.0 3603.0 996.0 3603.0 1036.0 3481.0 1036.0 ship 0
3360.0 1049.0 3532.0 1049.0 3532.0 1114.0 3360.0 1114.0 ship 0
2925.0 926.0 3058.0 926.0 3058.0 970.0 2925.0 970.0 ship 0
1447.0 277.0 1520.0 277.0 1520.0 304.0 1447.0 304.0 ship 0
1418.0 312.0 1537.0 312.0 1537.0 366.0 1418.0 366.0 ship 0
1446.0 424.0 1520.0 424.0 1520.0 452.0 1446.0 452.0 ship 0
638.0 268.0 687.0 268.0 687.0 289.0 638.0 289.0 ship 0
809.0 553.0 905.0 553.0 905.0 587.0 809.0 587.0 ship 0
742.0 551.0 802.0 551.0 802.0 576.0 742.0 576.0 ship 0
753.0 517.0 814.0 517.0 814.0 544.0 753.0 544.0 ship 0
837.0 431.0 904.0 431.0 904.0 457.0 837.0 457.0 ship 0
741.0 427.0 828.0 427.0 828.0 458.0 741.0 458.0 ship 0
838.0 397.0 902.0 397.0 902.0 421.0 838.0 421.0 ship 0
761.0 393.0 825.0 393.0 825.0 419.0 761.0 419.0 ship 0
840.0 308.0 915.0 308.0 915.0 332.0 840.0 332.0 ship 0
714.0 302.0 803.0 302.0 803.0 340.0 714.0 340.0 ship 0
610.0 304.0 696.0 304.0 696.0 331.0 610.0 331.0 ship 0
713.0 266.0 786.0 266.0 786.0 291.0 713.0 291.0 ship 0
319.0 414.0 389.0 414.0 389.0 685.0 319.0 685.0 ship 0
738.0 674.0 850.0 674.0 850.0 708.0 738.0 708.0 ship 0
234.0 309.0 281.0 309.0 281.0 648.0 234.0 648.0 ship 0
5212.0 3.0 5575.0 3.0 5575.0 856.0 5212.0 856.0 harbor 0
4775.0 27.0 5202.0 27.0 5202.0 962.0 4775.0 962.0 harbor 0
4332.0 157.0 4764.0 157.0 4764.0 1063.0 4332.0 1063.0 harbor 0
3863.0 230.0 4162.0 230.0 4162.0 1063.0 3863.0 1063.0 harbor 0
3316.0 223.0 3628.0 223.0 3628.0 1055.0 3316.0 1055.0 harbor 0
2763.0 209.0 3074.0 209.0 3074.0 1045.0 2763.0 1045.0 harbor 0
2113.0 134.0 2287.0 134.0 2287.0 279.0 2113.0 279.0 harbor 0
2192.0 279.0 2495.0 279.0 2495.0 1033.0 2192.0 1033.0 harbor 0
1427.0 201.0 1858.0 201.0 1858.0 1044.0 1427.0 1044.0 harbor 0
737.0 305.0 1103.0 305.0 1103.0 1052.0 737.0 1052.0 harbor 0
740.0 639.0 814.0 639.0 814.0 664.0 740.0 664.0 ship 0
749.0 737.0 904.0 737.0 904.0 789.0 749.0 789.0 ship 0
1548.0 424.0 1625.0 424.0 1625.0 451.0 1548.0 451.0 ship 0
1537.0 750.0 1618.0 750.0 1618.0 778.0 1537.0 778.0 ship 0
1444.0 462.0 1520.0 462.0 1520.0 489.0 1444.0 489.0 ship 0
1649.0 465.0 1728.0 465.0 1728.0 494.0 1649.0 494.0 ship 0
1766.0 570.0 1815.0 570.0 1815.0 602.0 1766.0 602.0 ship 0
1668.0 562.0 1750.0 562.0 1750.0 596.0 1668.0 596.0 ship 0
1449.0 567.0 1516.0 567.0 1516.0 596.0 1449.0 596.0 ship 0
1533.0 570.0 1616.0 570.0 1616.0 597.0 1533.0 597.0 ship 0
1430.0 602.0 1513.0 602.0 1513.0 638.0 1430.0 638.0 ship 0
1551.0 606.0 1613.0 606.0 1613.0 633.0 1551.0 633.0 ship 0
1651.0 605.0 1735.0 605.0 1735.0 641.0 1651.0 641.0 ship 0
1742.0 611.0 1829.0 611.0 1829.0 638.0 1742.0 638.0 ship 0
1430.0 710.0 1506.0 710.0 1506.0 739.0 1430.0 739.0 ship 0
1642.0 758.0 1819.0 758.0 1819.0 804.0 1642.0 804.0 ship 0
741.0 795.0 905.0 795.0 905.0 838.0 741.0 838.0 ship 0
1651.0 898.0 1820.0 898.0 1820.0 944.0 1651.0 944.0 ship 0
1436.0 1041.0 1595.0 1041.0 1595.0 1100.0 1436.0 1100.0 ship 0
942.0 426.0 1006.0 426.0 1006.0 462.0 942.0 462.0 ship 0
932.0 397.0 1008.0 397.0 1008.0 424.0 932.0 424.0 ship 0
1029.0 519.0 1100.0 519.0 1100.0 547.0 1029.0 547.0 ship 0
937.0 519.0 999.0 519.0 999.0 545.0 937.0 545.0 ship 0
1020.0 766.0 1073.0 766.0 1073.0 791.0 1020.0 791.0 ship 0
920.0 868.0 1086.0 868.0 1086.0 916.0 920.0 916.0 ship 0
740.0 1046.0 908.0 1046.0 908.0 1108.0 740.0 1108.0 ship 0
746.0 918.0 885.0 918.0 885.0 961.0 746.0 961.0 ship 0
770.0 868.0 901.0 868.0 901.0 910.0 770.0 910.0 ship 0
3318.0 525.0 3460.0 525.0 3460.0 569.0 3318.0 569.0 ship 0
3348.0 453.0 3443.0 453.0 3443.0 494.0 3348.0 494.0 ship 0
3495.0 411.0 3616.0 411.0 3616.0 451.0 3495.0 451.0 ship 0
5402.0 46.0 5425.0 46.0 5425.0 88.0 5402.0 88.0 ship 0
5266.0 242.0 5345.0 242.0 5345.0 277.0 5266.0 277.0 ship 0
5244.0 195.0 5322.0 195.0 5322.0 240.0 5244.0 240.0 ship 0
5370.0 206.0 5453.0 206.0 5453.0 259.0 5370.0 259.0 ship 0
5238.0 162.0 5323.0 162.0 5323.0 196.0 5238.0 196.0 ship 0
5353.0 173.0 5432.0 173.0 5432.0 214.0 5353.0 214.0 ship 0
5233.0 112.0 5326.0 112.0 5326.0 160.0 5233.0 160.0 ship 0
5338.0 126.0 5429.0 126.0 5429.0 182.0 5338.0 182.0 ship 0
5356.0 54.0 5402.0 54.0 5402.0 76.0 5356.0 76.0 ship 0
5487.0 26.0 5510.0 26.0 5510.0 69.0 5487.0 69.0 ship 0
5444.0 36.0 5467.0 36.0 5467.0 77.0 5444.0 77.0 ship 0
5421.0 40.0 5445.0 40.0 5445.0 82.0 5421.0 82.0 ship 0
4983.0 389.0 5081.0 389.0 5081.0 446.0 4983.0 446.0 ship 0
5377.0 294.0 5453.0 294.0 5453.0 337.0 5377.0 337.0 ship 0
4858.0 422.0 4930.0 422.0 4930.0 464.0 4858.0 464.0 ship 0
4873.0 477.0 4980.0 477.0 4980.0 529.0 4873.0 529.0 ship 0
4994.0 447.0 5105.0 447.0 5105.0 501.0 4994.0 501.0 ship 0
4890.0 518.0 4984.0 518.0 4984.0 569.0 4890.0 569.0 ship 0
5010.0 490.0 5111.0 490.0 5111.0 549.0 5010.0 549.0 ship 0
4891.0 583.0 5001.0 583.0 5001.0 635.0 4891.0 635.0 ship 0
5024.0 557.0 5115.0 557.0 5115.0 604.0 5024.0 604.0 ship 0
4909.0 630.0 5004.0 630.0 5004.0 676.0 4909.0 676.0 ship 0
5036.0 596.0 5138.0 596.0 5138.0 650.0 5036.0 650.0 ship 0
4908.0 687.0 5025.0 687.0 5025.0 740.0 4908.0 740.0 ship 0
5046.0 663.0 5137.0 663.0 5137.0 708.0 5046.0 708.0 ship 0
5372.0 252.0 5456.0 252.0 5456.0 291.0 5372.0 291.0 ship 0
5275.0 318.0 5352.0 318.0 5352.0 366.0 5275.0 366.0 ship 0
4947.0 786.0 5051.0 786.0 5051.0 840.0 4947.0 840.0 ship 0
5367.0 678.0 5440.0 678.0 5440.0 715.0 5367.0 715.0 ship 0
4953.0 285.0 5060.0 285.0 5060.0 338.0 4953.0 338.0 ship 0
4836.0 283.0 4911.0 283.0 4911.0 323.0 4836.0 323.0 ship 0
4939.0 253.0 5026.0 253.0 5026.0 299.0 4939.0 299.0 ship 0
4935.0 178.0 5047.0 178.0 5047.0 236.0 4935.0 236.0 ship 0
4797.0 210.0 4903.0 210.0 4903.0 267.0 4797.0 267.0 ship 0
5436.0 814.0 5591.0 814.0 5591.0 915.0 5436.0 915.0 ship 0
5486.0 773.0 5576.0 773.0 5576.0 820.0 5486.0 820.0 ship 0
5380.0 794.0 5472.0 794.0 5472.0 843.0 5380.0 843.0 ship 0
5387.0 752.0 5456.0 752.0 5456.0 800.0 5387.0 800.0 ship 0
5480.0 734.0 5558.0 734.0 5558.0 772.0 5480.0 772.0 ship 0
5375.0 710.0 5458.0 710.0 5458.0 764.0 5375.0 764.0 ship 0
5457.0 650.0 5550.0 650.0 5550.0 698.0 5457.0 698.0 ship 0
5396.0 376.0 5481.0 376.0 5481.0 418.0 5396.0 418.0 ship 0
5354.0 638.0 5437.0 638.0 5437.0 681.0 5354.0 681.0 ship 0
5459.0 616.0 5535.0 616.0 5535.0 654.0 5459.0 654.0 ship 0
5349.0 599.0 5416.0 599.0 5416.0 637.0 5349.0 637.0 ship 0
5344.0 568.0 5407.0 568.0 5407.0 599.0 5344.0 599.0 ship 0
5432.0 532.0 5524.0 532.0 5524.0 577.0 5432.0 577.0 ship 0
5317.0 515.0 5399.0 515.0 5399.0 559.0 5317.0 559.0 ship 0
5317.0 478.0 5400.0 478.0 5400.0 519.0 5317.0 519.0 ship 0
5428.0 457.0 5500.0 457.0 5500.0 499.0 5428.0 499.0 ship 0
5313.0 441.0 5387.0 441.0 5387.0 471.0 5313.0 471.0 ship 0
5410.0 410.0 5494.0 410.0 5494.0 452.0 5410.0 452.0 ship 0
5298.0 394.0 5383.0 394.0 5383.0 443.0 5298.0 443.0 ship 0
5058.0 700.0 5158.0 700.0 5158.0 750.0 5058.0 750.0 ship 0
5077.0 767.0 5158.0 767.0 5158.0 813.0 5077.0 813.0 ship 0
3499.0 349.0 3625.0 349.0 3625.0 389.0 3499.0 389.0 ship 0
3870.0 660.0 3944.0 660.0 3944.0 701.0 3870.0 701.0 ship 0
4374.0 280.0 4438.0 280.0 4438.0 322.0 4374.0 322.0 ship 0
3892.0 1058.0 4134.0 1058.0 4134.0 1114.0 3892.0 1114.0 ship 0
4051.0 1011.0 4143.0 1011.0 4143.0 1048.0 4051.0 1048.0 ship 0
3874.0 1000.0 4014.0 1000.0 4014.0 1044.0 3874.0 1044.0 ship 0
3874.0 881.0 4003.0 881.0 4003.0 930.0 3874.0 930.0 ship 0
4041.0 903.0 4112.0 903.0 4112.0 930.0 4041.0 930.0 ship 0
4038.0 821.0 4177.0 821.0 4177.0 866.0 4038.0 866.0 ship 0
3866.0 814.0 4002.0 814.0 4002.0 864.0 3866.0 864.0 ship 0
3883.0 784.0 3948.0 784.0 3948.0 812.0 3883.0 812.0 ship 0
4046.0 776.0 4147.0 776.0 4147.0 813.0 4046.0 813.0 ship 0
3896.0 704.0 3997.0 704.0 3997.0 733.0 3896.0 733.0 ship 0
4048.0 656.0 4167.0 656.0 4167.0 696.0 4048.0 696.0 ship 0
4515.0 353.0 4600.0 353.0 4600.0 396.0 4515.0 396.0 ship 0
3885.0 579.0 3950.0 579.0 3950.0 616.0 3885.0 616.0 ship 0
3956.0 587.0 4017.0 587.0 4017.0 610.0 3956.0 610.0 ship 0
4044.0 587.0 4144.0 587.0 4144.0 626.0 4044.0 626.0 ship 0
3910.0 543.0 4001.0 543.0 4001.0 582.0 3910.0 582.0 ship 0
4038.0 531.0 4152.0 531.0 4152.0 580.0 4038.0 580.0 ship 0
3924.0 470.0 4000.0 470.0 4000.0 496.0 3924.0 496.0 ship 0
3943.0 430.0 4012.0 430.0 4012.0 466.0 3943.0 466.0 ship 0
4034.0 421.0 4147.0 421.0 4147.0 464.0 4034.0 464.0 ship 0
4048.0 356.0 4132.0 356.0 4132.0 391.0 4048.0 391.0 ship 0
3927.0 317.0 3988.0 317.0 3988.0 346.0 3927.0 346.0 ship 0
3380.0 306.0 3444.0 306.0 3444.0 342.0 3380.0 342.0 ship 0
4364.0 325.0 4471.0 325.0 4471.0 361.0 4364.0 361.0 ship 0
4379.0 384.0 4474.0 384.0 4474.0 428.0 4379.0 428.0 ship 0
4964.0 832.0 5053.0 832.0 5053.0 881.0 4964.0 881.0 ship 0
4644.0 866.0 4725.0 866.0 4725.0 909.0 4644.0 909.0 ship 0
5081.0 803.0 5182.0 803.0 5182.0 860.0 5081.0 860.0 ship 0
4960.0 902.0 5065.0 902.0 5065.0 944.0 4960.0 944.0 ship 0
5090.0 869.0 5191.0 869.0 5191.0 920.0 5090.0 920.0 ship 0
5098.0 904.0 5217.0 904.0 5217.0 966.0 5098.0 966.0 ship 0
4967.0 937.0 5089.0 937.0 5089.0 1000.0 4967.0 1000.0 ship 0
4648.0 1011.0 4770.0 1011.0 4770.0 1069.0 4648.0 1069.0 ship 0
4528.0 1038.0 4647.0 1038.0 4647.0 1094.0 4528.0 1094.0 ship 0
4531.0 993.0 4628.0 993.0 4628.0 1042.0 4531.0 1042.0 ship 0
4650.0 959.0 4767.0 959.0 4767.0 1015.0 4650.0 1015.0 ship 0
4496.0 933.0 4629.0 933.0 4629.0 998.0 4496.0 998.0 ship 0
4505.0 894.0 4605.0 894.0 4605.0 944.0 4505.0 944.0 ship 0
4614.0 799.0 4727.0 799.0 4727.0 855.0 4614.0 855.0 ship 0
4512.0 384.0 4630.0 384.0 4630.0 448.0 4512.0 448.0 ship 0
4478.0 785.0 4581.0 785.0 4581.0 843.0 4478.0 843.0 ship 0
4607.0 754.0 4704.0 754.0 4704.0 812.0 4607.0 812.0 ship 0
4446.0 726.0 4576.0 726.0 4576.0 795.0 4446.0 795.0 ship 0
4452.0 680.0 4559.0 680.0 4559.0 737.0 4452.0 737.0 ship 0
4577.0 657.0 4679.0 657.0 4679.0 709.0 4577.0 709.0 ship 0
4432.0 623.0 4542.0 623.0 4542.0 678.0 4432.0 678.0 ship 0
4565.0 593.0 4661.0 593.0 4661.0 646.0 4565.0 646.0 ship 0
4551.0 548.0 4651.0 548.0 4651.0 603.0 4551.0 603.0 ship 0
4545.0 492.0 4643.0 492.0 4643.0 544.0 4545.0 544.0 ship 0
4538.0 448.0 4639.0 448.0 4639.0 499.0 4538.0 499.0 ship 0
4394.0 416.0 4491.0 416.0 4491.0 467.0 4394.0 467.0 ship 0
274.0 279.0 324.0 279.0 324.0 1088.0 274.0 1088.0 harbor 0
