1087.0 1060.0 1146.0 1060.0 1146.0 1153.0 1087.0 1153.0 harbor 0
1297.0 1028.0 1367.0 1028.0 1367.0 1146.0 1297.0 1146.0 harbor 0
336.0 319.0 536.0 319.0 536.0 594.0 336.0 594.0 harbor 0
482.0 539.0 696.0 539.0 696.0 674.0 482.0 674.0 harbor 0
511.0 617.0 744.0 617.0 744.0 734.0 511.0 734.0 harbor 0
521.0 698.0 783.0 698.0 783.0 832.0 521.0 832.0 harbor 0
544.0 869.0 746.0 869.0 746.0 925.0 544.0 925.0 harbor 0
491.0 976.0 674.0 976.0 674.0 1092.0 491.0 1092.0 harbor 0
49.0 2203.0 185.0 2203.0 185.0 2423.0 49.0 2423.0 harbor 0
294.0 2122.0 398.0 2122.0 398.0 2257.0 294.0 2257.0 harbor 0
518.0 2078.0 631.0 2078.0 631.0 2204.0 518.0 2204.0 harbor 0
929.0 1971.0 965.0 1971.0 965.0 2142.0 929.0 2142.0 harbor 0
1017.0 1979.0 1156.0 1979.0 1156.0 2182.0 1017.0 2182.0 harbor 0
1229.0 2175.0 1399.0 2175.0 1399.0 2286.0 1229.0 2286.0 harbor 0
2215.0 956.0 2284.0 956.0 2284.0 1034.0 2215.0 1034.0 harbor 0
2051.0 993.0 2156.0 993.0 2156.0 1133.0 2051.0 1133.0 harbor 0
1930.0 1070.0 1994.0 1070.0 1994.0 1202.0 1930.0 1202.0 harbor 0
1702.0 1119.0 1772.0 1119.0 1772.0 1198.0 1702.0 1198.0 harbor 0
1490.0 1110.0 1585.0 1110.0 1585.0 1213.0 1490.0 1213.0 harbor 0
224.0 365.0 273.0 365.0 273.0 513.0 224.0 513.0 harbor 0
