1121.0 133.0 1169.0 133.0 1169.0 154.0 1121.0 154.0 ship 0
470.0 410.0 515.0 410.0 515.0 429.0 470.0 429.0 ship 0
473.0 393.0 513.0 393.0 513.0 409.0 473.0 409.0 ship 0
475.0 372.0 514.0 372.0 514.0 389.0 475.0 389.0 ship 0
422.0 370.0 462.0 370.0 462.0 386.0 422.0 386.0 ship 0
304.0 369.0 349.0 369.0 349.0 389.0 304.0 389.0 ship 0
477.0 357.0 510.0 357.0 510.0 373.0 477.0 373.0 ship 0
306.0 352.0 339.0 352.0 339.0 369.0 306.0 369.0 ship 0
440.0 334.0 463.0 334.0 463.0 345.0 440.0 345.0 ship 0
310.0 331.0 348.0 331.0 348.0 347.0 310.0 347.0 ship 0
478.0 317.0 518.0 317.0 518.0 335.0 478.0 335.0 ship 0
422.0 312.0 464.0 312.0 464.0 329.0 422.0 329.0 ship 0
531.0 280.0 568.0 280.0 568.0 335.0 531.0 335.0 ship 0
478.0 299.0 521.0 299.0 521.0 317.0 478.0 317.0 ship 0
429.0 293.0 463.0 293.0 463.0 312.0 429.0 312.0 ship 0
480.0 281.0 521.0 281.0 521.0 295.0 480.0 295.0 ship 0
421.0 277.0 469.0 277.0 469.0 292.0 421.0 292.0 ship 0
481.0 263.0 519.0 263.0 519.0 277.0 481.0 277.0 ship 0
432.0 260.0 468.0 260.0 468.0 275.0 432.0 275.0 ship 0
312.0 269.0 354.0 269.0 354.0 289.0 312.0 289.0 ship 0
428.0 239.0 463.0 239.0 463.0 255.0 428.0 255.0 ship 0
313.0 251.0 362.0 251.0 362.0 272.0 313.0 272.0 ship 0
484.0 225.0 520.0 225.0 520.0 237.0 484.0 237.0 ship 0
432.0 220.0 472.0 220.0 472.0 237.0 432.0 237.0 ship 0
424.0 202.0 471.0 202.0 471.0 218.0 424.0 218.0 ship 0
495.0 188.0 522.0 188.0 522.0 201.0 495.0 201.0 ship 0
436.0 183.0 477.0 183.0 477.0 200.0 436.0 200.0 ship 0
496.0 172.0 518.0 172.0 518.0 184.0 496.0 184.0 ship 0
440.0 166.0 473.0 166.0 473.0 182.0 440.0 182.0 ship 0
316.0 211.0 358.0 211.0 358.0 230.0 316.0 230.0 ship 0
317.0 192.0 357.0 192.0 357.0 210.0 317.0 210.0 ship 0
422.0 391.0 452.0 391.0 452.0 406.0 422.0 406.0 ship 0
474.0 432.0 503.0 432.0 503.0 446.0 474.0 446.0 ship 0
1115.0 157.0 1186.0 157.0 1186.0 183.0 1115.0 183.0 ship 0
419.0 446.0 451.0 446.0 451.0 461.0 419.0 461.0 ship 0
691.0 1464.0 716.0 1464.0 716.0 1479.0 691.0 1479.0 ship 0
690.0 1486.0 725.0 1486.0 725.0 1505.0 690.0 1505.0 ship 0
660.0 1518.0 717.0 1518.0 717.0 1547.0 660.0 1547.0 ship 0
564.0 1807.0 591.0 1807.0 591.0 1857.0 564.0 1857.0 ship 0
559.0 1731.0 582.0 1731.0 582.0 1802.0 559.0 1802.0 ship 0
281.0 706.0 339.0 706.0 339.0 734.0 281.0 734.0 ship 0
284.0 683.0 350.0 683.0 350.0 708.0 284.0 708.0 ship 0
282.0 653.0 342.0 653.0 342.0 678.0 282.0 678.0 ship 0
500.0 631.0 553.0 631.0 553.0 679.0 500.0 679.0 ship 0
287.0 634.0 336.0 634.0 336.0 652.0 287.0 652.0 ship 0
288.0 607.0 330.0 607.0 330.0 626.0 288.0 626.0 ship 0
290.0 592.0 327.0 592.0 327.0 605.0 290.0 605.0 ship 0
415.0 602.0 461.0 602.0 461.0 626.0 415.0 626.0 ship 0
457.0 582.0 492.0 582.0 492.0 599.0 457.0 599.0 ship 0
412.0 582.0 443.0 582.0 443.0 595.0 412.0 595.0 ship 0
289.0 566.0 344.0 566.0 344.0 590.0 289.0 590.0 ship 0
459.0 560.0 502.0 560.0 502.0 579.0 459.0 579.0 ship 0
460.0 543.0 501.0 543.0 501.0 558.0 460.0 558.0 ship 0
406.0 538.0 447.0 538.0 447.0 557.0 406.0 557.0 ship 0
294.0 528.0 332.0 528.0 332.0 543.0 294.0 543.0 ship 0
461.0 525.0 497.0 525.0 497.0 541.0 461.0 541.0 ship 0
466.0 507.0 498.0 507.0 498.0 519.0 466.0 519.0 ship 0
465.0 487.0 506.0 487.0 506.0 503.0 465.0 503.0 ship 0
418.0 483.0 449.0 483.0 449.0 499.0 418.0 499.0 ship 0
466.0 468.0 511.0 468.0 511.0 483.0 466.0 483.0 ship 0
415.0 464.0 454.0 464.0 454.0 481.0 415.0 481.0 ship 0
468.0 450.0 507.0 450.0 507.0 465.0 468.0 465.0 ship 0
300.0 470.0 338.0 470.0 338.0 487.0 300.0 487.0 ship 0
301.0 448.0 340.0 448.0 340.0 465.0 301.0 465.0 ship 0
321.0 174.0 361.0 174.0 361.0 188.0 321.0 188.0 ship 0
158.0 1519.0 191.0 1519.0 191.0 1538.0 158.0 1538.0 ship 0
67.0 757.0 94.0 757.0 94.0 807.0 67.0 807.0 ship 0
104.0 795.0 156.0 795.0 156.0 813.0 104.0 813.0 ship 0
79.0 376.0 120.0 376.0 120.0 394.0 79.0 394.0 ship 0
248.0 367.0 292.0 367.0 292.0 386.0 248.0 386.0 ship 0
242.0 345.0 292.0 345.0 292.0 365.0 242.0 365.0 ship 0
257.0 321.0 297.0 321.0 297.0 337.0 257.0 337.0 ship 0
139.0 331.0 177.0 331.0 177.0 346.0 139.0 346.0 ship 0
75.0 324.0 125.0 324.0 125.0 345.0 75.0 345.0 ship 0
249.0 297.0 299.0 297.0 299.0 317.0 249.0 317.0 ship 0
141.0 290.0 178.0 290.0 178.0 305.0 141.0 305.0 ship 0
95.0 285.0 129.0 285.0 129.0 298.0 95.0 298.0 ship 0
258.0 273.0 302.0 273.0 302.0 289.0 258.0 289.0 ship 0
258.0 252.0 298.0 252.0 298.0 270.0 258.0 270.0 ship 0
97.0 250.0 132.0 250.0 132.0 264.0 97.0 264.0 ship 0
253.0 222.0 301.0 222.0 301.0 244.0 253.0 244.0 ship 0
145.0 228.0 182.0 228.0 182.0 248.0 145.0 248.0 ship 0
96.0 215.0 135.0 215.0 135.0 232.0 96.0 232.0 ship 0
102.0 200.0 136.0 200.0 136.0 215.0 102.0 215.0 ship 0
269.0 175.0 306.0 175.0 306.0 189.0 269.0 189.0 ship 0
147.0 192.0 186.0 192.0 186.0 207.0 147.0 207.0 ship 0
112.0 188.0 136.0 188.0 136.0 198.0 112.0 198.0 ship 0
61.0 92.0 106.0 92.0 106.0 135.0 61.0 135.0 ship 0
1097.0 1141.0 1283.0 1141.0 1283.0 1725.0 1097.0 1725.0 harbor 0
909.0 1106.0 1149.0 1106.0 1149.0 1669.0 909.0 1669.0 harbor 0
617.0 1041.0 927.0 1041.0 927.0 1644.0 617.0 1644.0 harbor 0
998.0 95.0 1197.0 95.0 1197.0 257.0 998.0 257.0 harbor 0
499.0 222.0 1139.0 222.0 1139.0 702.0 499.0 702.0 harbor 0
29.0 135.0 198.0 135.0 198.0 823.0 29.0 823.0 harbor 0
224.0 146.0 359.0 146.0 359.0 764.0 224.0 764.0 harbor 0
577.0 82.0 712.0 82.0 712.0 438.0 577.0 438.0 harbor 0
401.0 161.0 529.0 161.0 529.0 609.0 401.0 609.0 harbor 0
251.0 397.0 291.0 397.0 291.0 415.0 251.0 415.0 ship 0
68.0 395.0 120.0 395.0 120.0 412.0 68.0 412.0 ship 0
140.0 413.0 165.0 413.0 165.0 425.0 140.0 425.0 ship 0
118.0 601.0 171.0 601.0 171.0 620.0 118.0 620.0 ship 0
176.0 760.0 189.0 760.0 189.0 790.0 176.0 790.0 ship 0
106.0 766.0 158.0 766.0 158.0 787.0 106.0 787.0 ship 0
240.0 759.0 306.0 759.0 306.0 781.0 240.0 781.0 ship 0
107.0 742.0 157.0 742.0 157.0 763.0 107.0 763.0 ship 0
110.0 716.0 159.0 716.0 159.0 738.0 110.0 738.0 ship 0
228.0 735.0 270.0 735.0 270.0 751.0 228.0 751.0 ship 0
110.0 695.0 158.0 695.0 158.0 714.0 110.0 714.0 ship 0
223.0 687.0 273.0 687.0 273.0 706.0 223.0 706.0 ship 0
223.0 659.0 276.0 659.0 276.0 680.0 223.0 680.0 ship 0
113.0 668.0 170.0 668.0 170.0 690.0 113.0 690.0 ship 0
230.0 638.0 274.0 638.0 274.0 659.0 230.0 659.0 ship 0
50.0 639.0 105.0 639.0 105.0 658.0 50.0 658.0 ship 0
54.0 613.0 104.0 613.0 104.0 632.0 54.0 632.0 ship 0
228.0 582.0 279.0 582.0 279.0 604.0 228.0 604.0 ship 0
65.0 422.0 117.0 422.0 117.0 440.0 65.0 440.0 ship 0
59.0 568.0 109.0 568.0 109.0 589.0 59.0 589.0 ship 0
230.0 561.0 281.0 561.0 281.0 582.0 230.0 582.0 ship 0
57.0 544.0 110.0 544.0 110.0 566.0 57.0 566.0 ship 0
225.0 519.0 282.0 519.0 282.0 542.0 225.0 542.0 ship 0
124.0 502.0 174.0 502.0 174.0 524.0 124.0 524.0 ship 0
62.0 492.0 112.0 492.0 112.0 515.0 62.0 515.0 ship 0
126.0 476.0 178.0 476.0 178.0 496.0 126.0 496.0 ship 0
237.0 464.0 284.0 464.0 284.0 486.0 237.0 486.0 ship 0
64.0 472.0 113.0 472.0 113.0 491.0 64.0 491.0 ship 0
130.0 454.0 180.0 454.0 180.0 475.0 130.0 475.0 ship 0
229.0 440.0 287.0 440.0 287.0 464.0 229.0 464.0 ship 0
130.0 427.0 173.0 427.0 173.0 445.0 130.0 445.0 ship 0
243.0 418.0 288.0 418.0 288.0 440.0 243.0 440.0 ship 0
740.0 1498.0 785.0 1498.0 785.0 1522.0 740.0 1522.0 ship 0
753.0 1478.0 778.0 1478.0 778.0 1493.0 753.0 1493.0 ship 0
695.0 1447.0 733.0 1447.0 733.0 1468.0 695.0 1468.0 ship 0
1017.0 194.0 1100.0 194.0 1100.0 222.0 1017.0 222.0 ship 0
997.0 1350.0 1030.0 1350.0 1030.0 1365.0 997.0 1365.0 ship 0
1001.0 1328.0 1033.0 1328.0 1033.0 1344.0 1001.0 1344.0 ship 0
1052.0 1337.0 1092.0 1337.0 1092.0 1360.0 1052.0 1360.0 ship 0
1052.0 1319.0 1092.0 1319.0 1092.0 1341.0 1052.0 1341.0 ship 0
1000.0 1310.0 1037.0 1310.0 1037.0 1327.0 1000.0 1327.0 ship 0
1003.0 1287.0 1042.0 1287.0 1042.0 1306.0 1003.0 1306.0 ship 0
1063.0 1280.0 1103.0 1280.0 1103.0 1299.0 1063.0 1299.0 ship 0
1017.0 1272.0 1047.0 1272.0 1047.0 1290.0 1017.0 1290.0 ship 0
1008.0 1245.0 1052.0 1245.0 1052.0 1270.0 1008.0 1270.0 ship 0
1069.0 1256.0 1109.0 1256.0 1109.0 1278.0 1069.0 1278.0 ship 0
1072.0 1237.0 1111.0 1237.0 1111.0 1261.0 1072.0 1261.0 ship 0
1014.0 1227.0 1051.0 1227.0 1051.0 1249.0 1014.0 1249.0 ship 0
1021.0 1204.0 1055.0 1204.0 1055.0 1223.0 1021.0 1223.0 ship 0
1076.0 1215.0 1114.0 1215.0 1114.0 1236.0 1076.0 1236.0 ship 0
1019.0 1186.0 1063.0 1186.0 1063.0 1206.0 1019.0 1206.0 ship 0
1088.0 1174.0 1118.0 1174.0 1118.0 1189.0 1088.0 1189.0 ship 0
1090.0 1132.0 1132.0 1132.0 1132.0 1155.0 1090.0 1155.0 ship 0
1066.0 1097.0 1146.0 1097.0 1146.0 1132.0 1066.0 1132.0 ship 0
1030.0 1166.0 1064.0 1166.0 1064.0 1181.0 1030.0 1181.0 ship 0
1020.0 1115.0 1077.0 1115.0 1077.0 1145.0 1020.0 1145.0 ship 0
835.0 1075.0 917.0 1075.0 917.0 1114.0 835.0 1114.0 ship 0
847.0 1046.0 926.0 1046.0 926.0 1082.0 847.0 1082.0 ship 0
861.0 353.0 917.0 353.0 917.0 406.0 861.0 406.0 ship 1
951.0 308.0 994.0 308.0 994.0 345.0 951.0 345.0 ship 0
858.0 282.0 872.0 282.0 872.0 310.0 858.0 310.0 ship 0
861.0 256.0 918.0 256.0 918.0 279.0 861.0 279.0 ship 0
1009.0 257.0 1061.0 257.0 1061.0 301.0 1009.0 301.0 ship 0
864.0 228.0 920.0 228.0 920.0 247.0 864.0 247.0 ship 0
865.0 203.0 931.0 203.0 931.0 225.0 865.0 225.0 ship 0
992.0 1362.0 1028.0 1362.0 1028.0 1387.0 992.0 1387.0 ship 0
1047.0 1379.0 1077.0 1379.0 1077.0 1393.0 1047.0 1393.0 ship 0
987.0 1382.0 1023.0 1382.0 1023.0 1406.0 987.0 1406.0 ship 0
1012.0 1544.0 1044.0 1544.0 1044.0 1562.0 1012.0 1562.0 ship 0
1122.0 194.0 1192.0 194.0 1192.0 219.0 1122.0 219.0 ship 0
1240.0 1138.0 1270.0 1138.0 1270.0 1155.0 1240.0 1155.0 ship 1
1220.0 1158.0 1258.0 1158.0 1258.0 1181.0 1220.0 1181.0 ship 0
1210.0 1233.0 1238.0 1233.0 1238.0 1249.0 1210.0 1249.0 ship 0
1191.0 1329.0 1223.0 1329.0 1223.0 1348.0 1191.0 1348.0 ship 0
1190.0 1369.0 1213.0 1369.0 1213.0 1384.0 1190.0 1384.0 ship 0
1169.0 1451.0 1198.0 1451.0 1198.0 1470.0 1169.0 1470.0 ship 0
1165.0 1471.0 1191.0 1471.0 1191.0 1486.0 1165.0 1486.0 ship 0
1138.0 1582.0 1169.0 1582.0 1169.0 1599.0 1138.0 1599.0 ship 0
1145.0 1603.0 1168.0 1603.0 1168.0 1618.0 1145.0 1618.0 ship 0
1131.0 1615.0 1156.0 1615.0 1156.0 1634.0 1131.0 1634.0 ship 0
1017.0 1583.0 1042.0 1583.0 1042.0 1598.0 1017.0 1598.0 ship 0
1015.0 1561.0 1040.0 1561.0 1040.0 1576.0 1015.0 1576.0 ship 0
958.0 1534.0 983.0 1534.0 983.0 1550.0 958.0 1550.0 ship 0
1042.0 1398.0 1075.0 1398.0 1075.0 1412.0 1042.0 1412.0 ship 0
1021.0 1525.0 1047.0 1525.0 1047.0 1539.0 1021.0 1539.0 ship 0
964.0 1512.0 992.0 1512.0 992.0 1528.0 964.0 1528.0 ship 0
966.0 1495.0 1001.0 1495.0 1001.0 1514.0 966.0 1514.0 ship 0
970.0 1477.0 1000.0 1477.0 1000.0 1492.0 970.0 1492.0 ship 0
1020.0 1486.0 1059.0 1486.0 1059.0 1507.0 1020.0 1507.0 ship 0
973.0 1462.0 1004.0 1462.0 1004.0 1477.0 973.0 1477.0 ship 0
1025.0 1469.0 1058.0 1469.0 1058.0 1488.0 1025.0 1488.0 ship 0
1036.0 1451.0 1063.0 1451.0 1063.0 1467.0 1036.0 1467.0 ship 0
980.0 1439.0 1014.0 1439.0 1014.0 1458.0 980.0 1458.0 ship 0
1034.0 1433.0 1066.0 1433.0 1066.0 1453.0 1034.0 1453.0 ship 0
985.0 1421.0 1015.0 1421.0 1015.0 1439.0 985.0 1439.0 ship 0
1037.0 1412.0 1076.0 1412.0 1076.0 1434.0 1037.0 1434.0 ship 0
982.0 1402.0 1019.0 1402.0 1019.0 1419.0 982.0 1419.0 ship 0
1034.0 221.0 1098.0 221.0 1098.0 247.0 1034.0 247.0 ship 1
867.0 174.0 925.0 174.0 925.0 196.0 867.0 196.0 ship 0
749.0 1459.0 798.0 1459.0 798.0 1481.0 749.0 1481.0 ship 0
1039.0 146.0 1106.0 146.0 1106.0 170.0 1039.0 170.0 ship 1
645.0 415.0 696.0 415.0 696.0 437.0 645.0 437.0 ship 0
590.0 411.0 633.0 411.0 633.0 431.0 590.0 431.0 ship 0
551.0 591.0 609.0 591.0 609.0 639.0 551.0 639.0 ship 0
739.0 1051.0 827.0 1051.0 827.0 1090.0 739.0 1090.0 ship 0
826.0 1130.0 876.0 1130.0 876.0 1156.0 826.0 1156.0 ship 0
742.0 1140.0 807.0 1140.0 807.0 1172.0 742.0 1172.0 ship 0
822.0 1158.0 878.0 1158.0 878.0 1189.0 822.0 1189.0 ship 0
737.0 1163.0 800.0 1163.0 800.0 1197.0 737.0 1197.0 ship 1
814.0 1182.0 868.0 1182.0 868.0 1212.0 814.0 1212.0 ship 0
739.0 1192.0 787.0 1192.0 787.0 1218.0 739.0 1218.0 ship 0
731.0 1215.0 791.0 1215.0 791.0 1242.0 731.0 1242.0 ship 0
802.0 1229.0 856.0 1229.0 856.0 1257.0 802.0 1257.0 ship 0
797.0 1253.0 855.0 1253.0 855.0 1284.0 797.0 1284.0 ship 0
726.0 1238.0 785.0 1238.0 785.0 1268.0 726.0 1268.0 ship 0
792.0 1276.0 843.0 1276.0 843.0 1306.0 792.0 1306.0 ship 0
722.0 1287.0 771.0 1287.0 771.0 1312.0 722.0 1312.0 ship 0
785.0 1300.0 833.0 1300.0 833.0 1325.0 785.0 1325.0 ship 0
719.0 1307.0 767.0 1307.0 767.0 1328.0 719.0 1328.0 ship 0
782.0 1320.0 827.0 1320.0 827.0 1346.0 782.0 1346.0 ship 0
719.0 1328.0 762.0 1328.0 762.0 1350.0 719.0 1350.0 ship 0
709.0 1344.0 754.0 1344.0 754.0 1368.0 709.0 1368.0 ship 0
772.0 1359.0 818.0 1359.0 818.0 1384.0 772.0 1384.0 ship 0
709.0 1369.0 750.0 1369.0 750.0 1387.0 709.0 1387.0 ship 0
768.0 1378.0 817.0 1378.0 817.0 1405.0 768.0 1405.0 ship 0
763.0 1400.0 807.0 1400.0 807.0 1421.0 763.0 1421.0 ship 0
701.0 1384.0 745.0 1384.0 745.0 1407.0 701.0 1407.0 ship 0
697.0 1406.0 743.0 1406.0 743.0 1425.0 697.0 1425.0 ship 0
695.0 1423.0 739.0 1423.0 739.0 1448.0 695.0 1448.0 ship 0
755.0 1436.0 807.0 1436.0 807.0 1463.0 755.0 1463.0 ship 0
648.0 395.0 697.0 395.0 697.0 415.0 648.0 415.0 ship 0
587.0 393.0 637.0 393.0 637.0 412.0 587.0 412.0 ship 0
648.0 365.0 695.0 365.0 695.0 387.0 648.0 387.0 ship 0
798.0 202.0 852.0 202.0 852.0 220.0 798.0 220.0 ship 0
1054.0 125.0 1102.0 125.0 1102.0 145.0 1054.0 145.0 ship 0
879.0 122.0 919.0 122.0 919.0 137.0 879.0 137.0 ship 0
898.0 107.0 924.0 107.0 924.0 117.0 898.0 117.0 ship 0
815.0 116.0 861.0 116.0 861.0 136.0 815.0 136.0 ship 0
670.0 102.0 722.0 102.0 722.0 120.0 670.0 120.0 ship 0
810.0 148.0 856.0 148.0 856.0 168.0 810.0 168.0 ship 0
798.0 168.0 859.0 168.0 859.0 191.0 798.0 191.0 ship 0
667.0 128.0 709.0 128.0 709.0 142.0 667.0 142.0 ship 0
666.0 146.0 713.0 146.0 713.0 167.0 666.0 167.0 ship 0
609.0 166.0 651.0 166.0 651.0 183.0 609.0 183.0 ship 0
663.0 169.0 711.0 169.0 711.0 188.0 663.0 188.0 ship 0
601.0 186.0 649.0 186.0 649.0 209.0 601.0 209.0 ship 0
663.0 190.0 715.0 190.0 715.0 212.0 663.0 212.0 ship 0
591.0 205.0 647.0 205.0 647.0 229.0 591.0 229.0 ship 0
584.0 361.0 637.0 361.0 637.0 383.0 584.0 383.0 ship 0
661.0 212.0 712.0 212.0 712.0 231.0 661.0 231.0 ship 0
589.0 230.0 647.0 230.0 647.0 253.0 589.0 253.0 ship 0
659.0 233.0 714.0 233.0 714.0 255.0 659.0 255.0 ship 0
591.0 252.0 647.0 252.0 647.0 272.0 591.0 272.0 ship 0
799.0 282.0 852.0 282.0 852.0 302.0 799.0 302.0 ship 0
657.0 260.0 710.0 260.0 710.0 275.0 657.0 275.0 ship 0
599.0 274.0 644.0 274.0 644.0 293.0 599.0 293.0 ship 0
653.0 300.0 705.0 300.0 705.0 320.0 653.0 320.0 ship 0
593.0 318.0 641.0 318.0 641.0 334.0 593.0 334.0 ship 0
652.0 321.0 703.0 321.0 703.0 342.0 652.0 342.0 ship 0
585.0 340.0 637.0 340.0 637.0 360.0 585.0 360.0 ship 0
782.0 422.0 831.0 422.0 831.0 466.0 782.0 466.0 ship 0
649.0 344.0 700.0 344.0 700.0 365.0 649.0 365.0 ship 0
796.0 82.0 932.0 82.0 932.0 318.0 796.0 318.0 harbor 0
