2899.0 429.0 2930.0 429.0 2930.0 491.0 2899.0 491.0 ship 0
2600.0 401.0 2660.0 401.0 2660.0 465.0 2600.0 465.0 harbor 0
1390.0 529.0 1435.0 529.0 1435.0 606.0 1390.0 606.0 harbor 0
1529.0 545.0 1588.0 545.0 1588.0 620.0 1529.0 620.0 harbor 0
1695.0 552.0 1743.0 552.0 1743.0 626.0 1695.0 626.0 harbor 0
1831.0 556.0 1876.0 556.0 1876.0 636.0 1831.0 636.0 harbor 0
1949.0 564.0 2038.0 564.0 2038.0 628.0 1949.0 628.0 harbor 0
2127.0 578.0 2188.0 578.0 2188.0 624.0 2127.0 624.0 harbor 0
2280.0 585.0 2323.0 585.0 2323.0 631.0 2280.0 631.0 harbor 0
2392.0 595.0 2458.0 595.0 2458.0 653.0 2392.0 653.0 harbor 0
2578.0 610.0 2645.0 610.0 2645.0 670.0 2578.0 670.0 harbor 0
2725.0 619.0 2792.0 619.0 2792.0 678.0 2725.0 678.0 harbor 0
2866.0 633.0 2946.0 633.0 2946.0 690.0 2866.0 690.0 harbor 0
2925.0 426.0 2979.0 426.0 2979.0 476.0 2925.0 476.0 harbor 0
2733.0 414.0 2811.0 414.0 2811.0 478.0 2733.0 478.0 harbor 0
2448.0 399.0 2503.0 399.0 2503.0 456.0 2448.0 456.0 harbor 0
1113.0 519.0 1157.0 519.0 1157.0 590.0 1113.0 590.0 harbor 0
2305.0 387.0 2363.0 387.0 2363.0 459.0 2305.0 459.0 harbor 0
2166.0 374.0 2229.0 374.0 2229.0 436.0 2166.0 436.0 harbor 0
1993.0 356.0 2051.0 356.0 2051.0 417.0 1993.0 417.0 harbor 0
1859.0 341.0 1918.0 341.0 1918.0 407.0 1859.0 407.0 harbor 0
1573.0 349.0 1687.0 349.0 1687.0 377.0 1573.0 377.0 harbor 0
1455.0 315.0 1514.0 315.0 1514.0 380.0 1455.0 380.0 harbor 0
1245.0 329.0 1327.0 329.0 1327.0 390.0 1245.0 390.0 harbor 0
1006.0 305.0 1128.0 305.0 1128.0 377.0 1006.0 377.0 harbor 0
927.0 303.0 941.0 303.0 941.0 338.0 927.0 338.0 harbor 0
824.0 294.0 879.0 294.0 879.0 332.0 824.0 332.0 harbor 0
666.0 280.0 744.0 280.0 744.0 320.0 666.0 320.0 harbor 0
524.0 267.0 581.0 267.0 581.0 313.0 524.0 313.0 harbor 0
420.0 237.0 456.0 237.0 456.0 313.0 420.0 313.0 harbor 0
1247.0 526.0 1290.0 526.0 1290.0 602.0 1247.0 602.0 harbor 0
927.0 501.0 993.0 501.0 993.0 560.0 927.0 560.0 harbor 0
2834.0 616.0 2866.0 616.0 2866.0 678.0 2834.0 678.0 ship 0
911.0 478.0 967.0 478.0 967.0 500.0 911.0 500.0 ship 0
2749.0 426.0 2771.0 426.0 2771.0 474.0 2749.0 474.0 ship 0
2424.0 395.0 2457.0 395.0 2457.0 461.0 2424.0 461.0 ship 0
2139.0 388.0 2171.0 388.0 2171.0 447.0 2139.0 447.0 ship 0
2220.0 384.0 2254.0 384.0 2254.0 456.0 2220.0 456.0 ship 0
2363.0 400.0 2391.0 400.0 2391.0 462.0 2363.0 462.0 ship 0
2543.0 668.0 2565.0 668.0 2565.0 714.0 2543.0 714.0 ship 0
2456.0 591.0 2484.0 591.0 2484.0 654.0 2456.0 654.0 ship 0
2254.0 578.0 2280.0 578.0 2280.0 637.0 2254.0 637.0 ship 0
2190.0 574.0 2217.0 574.0 2217.0 629.0 2190.0 629.0 ship 0
2035.0 564.0 2064.0 564.0 2064.0 623.0 2035.0 623.0 ship 0
1971.0 375.0 1993.0 375.0 1993.0 425.0 1971.0 425.0 ship 0
1915.0 360.0 1945.0 360.0 1945.0 424.0 1915.0 424.0 ship 0
1157.0 518.0 1186.0 518.0 1186.0 574.0 1157.0 574.0 ship 0
862.0 484.0 893.0 484.0 893.0 545.0 862.0 545.0 ship 0
795.0 492.0 860.0 492.0 860.0 543.0 795.0 543.0 harbor 0
738.0 293.0 771.0 293.0 771.0 352.0 738.0 352.0 ship 0
778.0 471.0 802.0 471.0 802.0 525.0 778.0 525.0 ship 0
720.0 470.0 754.0 470.0 754.0 546.0 720.0 546.0 ship 0
579.0 274.0 614.0 274.0 614.0 342.0 579.0 342.0 ship 0
456.0 240.0 486.0 240.0 486.0 315.0 456.0 315.0 ship 0
419.0 454.0 447.0 454.0 447.0 512.0 419.0 512.0 ship 0
332.0 443.0 397.0 443.0 397.0 469.0 332.0 469.0 ship 0
112.0 425.0 144.0 425.0 144.0 482.0 112.0 482.0 ship 0
284.0 246.0 313.0 246.0 313.0 304.0 284.0 304.0 ship 0
79.0 425.0 116.0 425.0 116.0 510.0 79.0 510.0 harbor 0
374.0 466.0 423.0 466.0 423.0 525.0 374.0 525.0 harbor 0
460.0 457.0 597.0 457.0 597.0 519.0 460.0 519.0 harbor 0
659.0 476.0 723.0 476.0 723.0 528.0 659.0 528.0 harbor 0
256.0 210.0 286.0 210.0 286.0 306.0 256.0 306.0 harbor 0
