2947.0 3.0 2999.0 3.0 2999.0 119.0 2947.0 119.0 harbor 0
2724.0 134.0 2778.0 134.0 2778.0 455.0 2724.0 455.0 harbor 0
2639.0 146.0 2685.0 146.0 2685.0 463.0 2639.0 463.0 harbor 0
2576.0 149.0 2610.0 149.0 2610.0 300.0 2576.0 300.0 harbor 0
2394.0 183.0 2431.0 183.0 2431.0 347.0 2394.0 347.0 harbor 0
2258.0 200.0 2289.0 200.0 2289.0 361.0 2258.0 361.0 harbor 0
2169.0 205.0 2195.0 205.0 2195.0 361.0 2169.0 361.0 harbor 0
2071.0 163.0 2099.0 163.0 2099.0 379.0 2071.0 379.0 harbor 0
1681.0 185.0 1727.0 185.0 1727.0 435.0 1681.0 435.0 harbor 0
1161.0 177.0 1186.0 177.0 1186.0 439.0 1161.0 439.0 harbor 0
959.0 185.0 995.0 185.0 995.0 553.0 959.0 553.0 harbor 0
829.0 197.0 861.0 197.0 861.0 435.0 829.0 435.0 harbor 0
828.0 72.0 850.0 72.0 850.0 108.0 828.0 108.0 swimming-pool 0
718.0 203.0 757.0 203.0 757.0 545.0 718.0 545.0 harbor 0
204.0 255.0 252.0 255.0 252.0 511.0 204.0 511.0 harbor 0
