1518.0 165.0 1583.0 165.0 1583.0 272.0 1518.0 272.0 harbor 0
1612.0 128.0 1701.0 128.0 1701.0 253.0 1612.0 253.0 harbor 0
70.0 902.0 209.0 902.0 209.0 1238.0 70.0 1238.0 harbor 0
129.0 883.0 188.0 883.0 188.0 1006.0 129.0 1006.0 harbor 0
195.0 851.0 279.0 851.0 279.0 1030.0 195.0 1030.0 harbor 0
52.0 813.0 84.0 813.0 84.0 865.0 52.0 865.0 swimming-pool 0
432.0 826.0 464.0 826.0 464.0 891.0 432.0 891.0 harbor 0
517.0 790.0 539.0 790.0 539.0 838.0 517.0 838.0 harbor 0
636.0 733.0 734.0 733.0 734.0 967.0 636.0 967.0 harbor 0
679.0 727.0 759.0 727.0 759.0 912.0 679.0 912.0 harbor 0
732.0 704.0 794.0 704.0 794.0 812.0 732.0 812.0 harbor 0
786.0 686.0 909.0 686.0 909.0 928.0 786.0 928.0 harbor 0
891.0 647.0 1060.0 647.0 1060.0 897.0 891.0 897.0 harbor 0
955.0 627.0 1097.0 627.0 1097.0 864.0 955.0 864.0 harbor 0
1004.0 589.0 1039.0 589.0 1039.0 636.0 1004.0 636.0 harbor 0
1066.0 510.0 1107.0 510.0 1107.0 562.0 1066.0 562.0 harbor 0
1170.0 510.0 1350.0 510.0 1350.0 801.0 1170.0 801.0 harbor 0
1183.0 414.0 1243.0 414.0 1243.0 508.0 1183.0 508.0 harbor 0
1242.0 416.0 1298.0 416.0 1298.0 493.0 1242.0 493.0 harbor 0
1315.0 395.0 1484.0 395.0 1484.0 676.0 1315.0 676.0 harbor 0
1426.0 310.0 1692.0 310.0 1692.0 709.0 1426.0 709.0 harbor 0
1790.0 29.0 1838.0 29.0 1838.0 149.0 1790.0 149.0 harbor 0
1677.0 71.0 1753.0 71.0 1753.0 211.0 1677.0 211.0 harbor 0
7.0 1196.0 55.0 1196.0 55.0 1239.0 7.0 1239.0 harbor 0
