758.0 19.0 789.0 19.0 789.0 60.0 758.0 60.0 small-vehicle 0
812.0 146.0 842.0 146.0 842.0 189.0 812.0 189.0 small-vehicle 0
612.0 347.0 756.0 347.0 756.0 543.0 612.0 543.0 tennis-court 0
508.0 98.0 652.0 98.0 652.0 295.0 508.0 295.0 tennis-court 0
407.0 139.0 552.0 139.0 552.0 335.0 407.0 335.0 tennis-court 0
283.0 191.0 428.0 191.0 428.0 388.0 283.0 388.0 tennis-court 0
182.0 231.0 329.0 231.0 329.0 428.0 182.0 428.0 tennis-court 0
268.0 782.0 302.0 782.0 302.0 803.0 268.0 803.0 small-vehicle 0
511.0 756.0 549.0 756.0 549.0 776.0 511.0 776.0 small-vehicle 0
502.0 603.0 526.0 603.0 526.0 638.0 502.0 638.0 small-vehicle 0
702.0 745.0 739.0 745.0 739.0 766.0 702.0 766.0 small-vehicle 0
94.0 799.0 133.0 799.0 133.0 820.0 94.0 820.0 small-vehicle 0
188.0 786.0 229.0 786.0 229.0 808.0 188.0 808.0 small-vehicle 0
411.0 622.0 438.0 622.0 438.0 665.0 411.0 665.0 small-vehicle 0
392.0 537.0 415.0 537.0 415.0 578.0 392.0 578.0 small-vehicle 0
325.0 553.0 348.0 553.0 348.0 592.0 325.0 592.0 small-vehicle 0
851.0 241.0 893.0 241.0 893.0 303.0 851.0 303.0 large-vehicle 0
509.0 390.0 655.0 390.0 655.0 586.0 509.0 586.0 tennis-court 0
