870.0 594.0 912.0 594.0 912.0 621.0 870.0 621.0 small-vehicle 0
2122.0 206.0 2253.0 206.0 2253.0 408.0 2122.0 408.0 tennis-court 0
225.0 526.0 339.0 526.0 339.0 721.0 225.0 721.0 tennis-court 0
443.0 491.0 558.0 491.0 558.0 687.0 443.0 687.0 tennis-court 0
557.0 475.0 670.0 475.0 670.0 671.0 557.0 671.0 tennis-court 0
273.0 824.0 388.0 824.0 388.0 1021.0 273.0 1021.0 tennis-court 0
485.0 772.0 598.0 772.0 598.0 969.0 485.0 969.0 tennis-court 0
597.0 755.0 711.0 755.0 711.0 954.0 597.0 954.0 tennis-court 0
1357.0 646.0 1522.0 646.0 1522.0 852.0 1357.0 852.0 tennis-court 0
1457.0 593.0 1623.0 593.0 1623.0 799.0 1457.0 799.0 tennis-court 0
1223.0 396.0 1388.0 396.0 1388.0 602.0 1223.0 602.0 tennis-court 0
1323.0 344.0 1486.0 344.0 1486.0 548.0 1323.0 548.0 tennis-court 0
2306.0 453.0 2436.0 453.0 2436.0 655.0 2306.0 655.0 tennis-court 0
2189.0 480.0 2321.0 480.0 2321.0 683.0 2189.0 683.0 tennis-court 0
2238.0 176.0 2367.0 176.0 2367.0 379.0 2238.0 379.0 tennis-court 0
851.0 517.0 891.0 517.0 891.0 546.0 851.0 546.0 small-vehicle 0
960.0 583.0 1010.0 583.0 1010.0 614.0 960.0 614.0 small-vehicle 0
988.0 522.0 1030.0 522.0 1030.0 548.0 988.0 548.0 small-vehicle 0
947.0 536.0 985.0 536.0 985.0 559.0 947.0 559.0 small-vehicle 0
1022.0 614.0 1067.0 614.0 1067.0 640.0 1022.0 640.0 small-vehicle 0
975.0 630.0 1012.0 630.0 1012.0 653.0 975.0 653.0 small-vehicle 0
1023.0 637.0 1064.0 637.0 1064.0 662.0 1023.0 662.0 small-vehicle 0
902.0 691.0 942.0 691.0 942.0 719.0 902.0 719.0 small-vehicle 0
1169.0 793.0 1208.0 793.0 1208.0 821.0 1169.0 821.0 small-vehicle 0
1156.0 757.0 1195.0 757.0 1195.0 784.0 1156.0 784.0 small-vehicle 0
840.0 476.0 879.0 476.0 879.0 507.0 840.0 507.0 small-vehicle 0
826.0 460.0 867.0 460.0 867.0 490.0 826.0 490.0 small-vehicle 0
822.0 435.0 859.0 435.0 859.0 464.0 822.0 464.0 small-vehicle 0
958.0 448.0 1006.0 448.0 1006.0 475.0 958.0 475.0 small-vehicle 0
953.0 560.0 995.0 560.0 995.0 582.0 953.0 582.0 small-vehicle 0
113.0 541.0 228.0 541.0 228.0 738.0 113.0 738.0 tennis-court 0
