968.0 4067.0 1145.0 4067.0 1145.0 4248.0 968.0 4248.0 harbor 0
1000.0 3937.0 1204.0 3937.0 1204.0 4157.0 1000.0 4157.0 harbor 0
4488.0 462.0 4744.0 462.0 4744.0 814.0 4488.0 814.0 harbor 1
4369.0 482.0 4406.0 482.0 4406.0 520.0 4369.0 520.0 harbor 0
3813.0 481.0 3930.0 481.0 3930.0 604.0 3813.0 604.0 harbor 0
3523.0 727.0 3690.0 727.0 3690.0 900.0 3523.0 900.0 harbor 0
3332.0 873.0 3522.0 873.0 3522.0 1076.0 3332.0 1076.0 harbor 0
3204.0 1053.0 3340.0 1053.0 3340.0 1203.0 3204.0 1203.0 harbor 0
3116.0 1124.0 3259.0 1124.0 3259.0 1280.0 3116.0 1280.0 harbor 0
3037.0 1203.0 3537.0 1203.0 3537.0 1770.0 3037.0 1770.0 harbor 0
2865.0 1366.0 3415.0 1366.0 3415.0 1980.0 2865.0 1980.0 harbor 0
2737.0 1528.0 3315.0 1528.0 3315.0 2162.0 2737.0 2162.0 harbor 0
2635.0 1615.0 3221.0 1615.0 3221.0 2280.0 2635.0 2280.0 harbor 0
2540.0 1672.0 2863.0 1672.0 2863.0 2037.0 2540.0 2037.0 harbor 0
2489.0 1787.0 2687.0 1787.0 2687.0 1998.0 2489.0 1998.0 harbor 0
2430.0 1880.0 2574.0 1880.0 2574.0 2045.0 2430.0 2045.0 harbor 0
2280.0 2038.0 2453.0 2038.0 2453.0 2228.0 2280.0 2228.0 harbor 0
1996.0 2331.0 2183.0 2331.0 2183.0 2489.0 1996.0 2489.0 harbor 0
1892.0 2473.0 2081.0 2473.0 2081.0 2675.0 1892.0 2675.0 harbor 0
1864.0 2649.0 1988.0 2649.0 1988.0 2770.0 1864.0 2770.0 harbor 0
1787.0 2728.0 2132.0 2728.0 2132.0 3111.0 1787.0 3111.0 harbor 0
1582.0 3094.0 1784.0 3094.0 1784.0 3315.0 1582.0 3315.0 harbor 0
1498.0 3185.0 1673.0 3185.0 1673.0 3380.0 1498.0 3380.0 harbor 0
1440.0 3271.0 1614.0 3271.0 1614.0 3471.0 1440.0 3471.0 harbor 0
1361.0 3355.0 1507.0 3355.0 1507.0 3511.0 1361.0 3511.0 harbor 0
1281.0 3452.0 1433.0 3452.0 1433.0 3622.0 1281.0 3622.0 harbor 0
1220.0 3565.0 1379.0 3565.0 1379.0 3745.0 1220.0 3745.0 harbor 0
1119.0 3691.0 1312.0 3691.0 1312.0 3883.0 1119.0 3883.0 harbor 0
1068.0 3800.0 1267.0 3800.0 1267.0 4014.0 1068.0 4014.0 harbor 0
4486.0 628.0 4558.0 628.0 4558.0 720.0 4486.0 720.0 harbor 0
