205.0 2111.0 228.0 2111.0 228.0 2155.0 205.0 2155.0 small-vehicle 0
1021.0 1059.0 1119.0 1059.0 1119.0 1142.0 1021.0 1142.0 plane 0
225.0 1191.0 322.0 1191.0 322.0 1255.0 225.0 1255.0 plane 0
364.0 1192.0 455.0 1192.0 455.0 1266.0 364.0 1266.0 plane 0
500.0 1171.0 589.0 1171.0 589.0 1240.0 500.0 1240.0 plane 0
630.0 1139.0 719.0 1139.0 719.0 1211.0 630.0 1211.0 plane 0
759.0 1128.0 854.0 1128.0 854.0 1195.0 759.0 1195.0 plane 0
898.0 1097.0 976.0 1097.0 976.0 1161.0 898.0 1161.0 plane 0
1160.0 1051.0 1252.0 1051.0 1252.0 1121.0 1160.0 1121.0 plane 0
406.0 1454.0 498.0 1454.0 498.0 1526.0 406.0 1526.0 plane 0
1284.0 1031.0 1382.0 1031.0 1382.0 1103.0 1284.0 1103.0 plane 0
849.0 840.0 944.0 840.0 944.0 906.0 849.0 906.0 plane 0
712.0 857.0 809.0 857.0 809.0 926.0 712.0 926.0 plane 0
579.0 873.0 679.0 873.0 679.0 945.0 579.0 945.0 plane 0
453.0 902.0 539.0 902.0 539.0 965.0 453.0 965.0 plane 0
318.0 923.0 411.0 923.0 411.0 992.0 318.0 992.0 plane 0
280.0 1482.0 366.0 1482.0 366.0 1553.0 280.0 1553.0 plane 0
540.0 1431.0 630.0 1431.0 630.0 1506.0 540.0 1506.0 plane 0
233.0 2032.0 276.0 2032.0 276.0 2058.0 233.0 2058.0 small-vehicle 0
950.0 273.0 1150.0 273.0 1150.0 456.0 950.0 456.0 plane 0
233.0 2013.0 274.0 2013.0 274.0 2036.0 233.0 2036.0 small-vehicle 0
183.0 1709.0 225.0 1709.0 225.0 1756.0 183.0 1756.0 small-vehicle 0
196.0 415.0 232.0 415.0 232.0 488.0 196.0 488.0 large-vehicle 0
262.0 410.0 292.0 410.0 292.0 471.0 262.0 471.0 large-vehicle 0
308.0 235.0 385.0 235.0 385.0 271.0 308.0 271.0 large-vehicle 0
1439.0 194.0 1655.0 194.0 1655.0 383.0 1439.0 383.0 plane 0
532.0 1722.0 678.0 1722.0 678.0 1859.0 532.0 1859.0 plane 0
671.0 1401.0 764.0 1401.0 764.0 1474.0 671.0 1474.0 plane 0
672.0 1703.0 811.0 1703.0 811.0 1838.0 672.0 1838.0 plane 0
825.0 1679.0 964.0 1679.0 964.0 1816.0 825.0 1816.0 plane 0
1023.0 1617.0 1196.0 1617.0 1196.0 1792.0 1023.0 1792.0 plane 0
1076.0 1341.0 1159.0 1341.0 1159.0 1405.0 1076.0 1405.0 plane 0
936.0 1364.0 1027.0 1364.0 1027.0 1430.0 936.0 1430.0 plane 0
807.0 1389.0 890.0 1389.0 890.0 1456.0 807.0 1456.0 plane 0
403.0 636.0 498.0 636.0 498.0 706.0 403.0 706.0 plane 0
