2836.0 2576.0 2897.0 2576.0 2897.0 2608.0 2836.0 2608.0 swimming-pool 0
2988.0 2625.0 3031.0 2625.0 3031.0 2653.0 2988.0 2653.0 swimming-pool 0
1973.0 1304.0 2049.0 1304.0 2049.0 1439.0 1973.0 1439.0 harbor 0
2092.0 1424.0 2128.0 1424.0 2128.0 1480.0 2092.0 1480.0 harbor 0
2181.0 1436.0 2238.0 1436.0 2238.0 1517.0 2181.0 1517.0 harbor 0
2260.0 1462.0 2309.0 1462.0 2309.0 1534.0 2260.0 1534.0 harbor 0
2339.0 1492.0 2385.0 1492.0 2385.0 1547.0 2339.0 1547.0 harbor 0
2403.0 1512.0 2458.0 1512.0 2458.0 1567.0 2403.0 1567.0 harbor 0
2492.0 1541.0 2548.0 1541.0 2548.0 1599.0 2492.0 1599.0 harbor 0
2671.0 1558.0 2715.0 1558.0 2715.0 1620.0 2671.0 1620.0 harbor 0
2741.0 1581.0 2796.0 1581.0 2796.0 1664.0 2741.0 1664.0 harbor 0
2816.0 1667.0 2869.0 1667.0 2869.0 1711.0 2816.0 1711.0 harbor 0
2996.0 1732.0 3093.0 1732.0 3093.0 1823.0 2996.0 1823.0 harbor 0
3079.0 1845.0 3212.0 1845.0 3212.0 1926.0 3079.0 1926.0 harbor 0
3008.0 1924.0 3046.0 1924.0 3046.0 1973.0 3008.0 1973.0 swimming-pool 0
3190.0 2421.0 3268.0 2421.0 3268.0 2489.0 3190.0 2489.0 harbor 0
3045.0 2623.0 3161.0 2623.0 3161.0 2755.0 3045.0 2755.0 harbor 0
2749.0 2630.0 2827.0 2630.0 2827.0 2730.0 2749.0 2730.0 harbor 0
2648.0 2624.0 2700.0 2624.0 2700.0 2689.0 2648.0 2689.0 harbor 0
2570.0 2600.0 2622.0 2600.0 2622.0 2653.0 2570.0 2653.0 harbor 0
2478.0 2572.0 2530.0 2572.0 2530.0 2610.0 2478.0 2610.0 harbor 0
2406.0 2517.0 2478.0 2517.0 2478.0 2587.0 2406.0 2587.0 harbor 0
2336.0 2482.0 2365.0 2482.0 2365.0 2517.0 2336.0 2517.0 harbor 0
1598.0 1339.0 1652.0 1339.0 1652.0 1374.0 1598.0 1374.0 swimming-pool 0
1684.0 1334.0 1729.0 1334.0 1729.0 1366.0 1684.0 1366.0 swimming-pool 0
1888.0 1440.0 1916.0 1440.0 1916.0 1477.0 1888.0 1477.0 swimming-pool 0
1105.0 884.0 1146.0 884.0 1146.0 938.0 1105.0 938.0 harbor 0
591.0 288.0 657.0 288.0 657.0 336.0 591.0 336.0 harbor 0
660.0 413.0 744.0 413.0 744.0 483.0 660.0 483.0 harbor 0
693.0 484.0 798.0 484.0 798.0 559.0 693.0 559.0 harbor 0
737.0 576.0 840.0 576.0 840.0 639.0 737.0 639.0 harbor 0
763.0 634.0 888.0 634.0 888.0 716.0 763.0 716.0 harbor 0
817.0 731.0 944.0 731.0 944.0 821.0 817.0 821.0 harbor 0
930.0 802.0 1016.0 802.0 1016.0 893.0 930.0 893.0 harbor 0
958.0 859.0 1027.0 859.0 1027.0 956.0 958.0 956.0 harbor 0
1053.0 861.0 1088.0 861.0 1088.0 901.0 1053.0 901.0 harbor 0
1177.0 1037.0 1218.0 1037.0 1218.0 1097.0 1177.0 1097.0 harbor 0
1973.0 1464.0 2011.0 1464.0 2011.0 1492.0 1973.0 1492.0 swimming-pool 0
1240.0 1056.0 1299.0 1056.0 1299.0 1134.0 1240.0 1134.0 harbor 0
1326.0 1107.0 1395.0 1107.0 1395.0 1174.0 1326.0 1174.0 harbor 0
1402.0 1136.0 1448.0 1136.0 1448.0 1205.0 1402.0 1205.0 harbor 0
1453.0 1183.0 1503.0 1183.0 1503.0 1237.0 1453.0 1237.0 harbor 0
1552.0 1212.0 1612.0 1212.0 1612.0 1285.0 1552.0 1285.0 harbor 0
1662.0 1229.0 1698.0 1229.0 1698.0 1292.0 1662.0 1292.0 harbor 0
1715.0 1226.0 1775.0 1226.0 1775.0 1314.0 1715.0 1314.0 harbor 0
1798.0 1260.0 1845.0 1260.0 1845.0 1325.0 1798.0 1325.0 harbor 0
1894.0 1279.0 1971.0 1279.0 1971.0 1385.0 1894.0 1385.0 harbor 0
2270.0 2453.0 2332.0 2453.0 2332.0 2517.0 2270.0 2517.0 harbor 0
2198.0 2466.0 2251.0 2466.0 2251.0 2502.0 2198.0 2502.0 harbor 0
2100.0 2416.0 2166.0 2416.0 2166.0 2482.0 2100.0 2482.0 harbor 0
1701.0 1848.0 1744.0 1848.0 1744.0 1879.0 1701.0 1879.0 swimming-pool 0
766.0 2195.0 806.0 2195.0 806.0 2224.0 766.0 2224.0 swimming-pool 0
1035.0 1959.0 1074.0 1959.0 1074.0 2003.0 1035.0 2003.0 swimming-pool 0
1109.0 1536.0 1136.0 1536.0 1136.0 1572.0 1109.0 1572.0 swimming-pool 0
951.0 1461.0 989.0 1461.0 989.0 1489.0 951.0 1489.0 swimming-pool 0
1380.0 1212.0 1425.0 1212.0 1425.0 1254.0 1380.0 1254.0 swimming-pool 0
1519.0 1281.0 1568.0 1281.0 1568.0 1331.0 1519.0 1331.0 swimming-pool 0
1463.0 1753.0 1508.0 1753.0 1508.0 1788.0 1463.0 1788.0 swimming-pool 0
1814.0 1749.0 1850.0 1749.0 1850.0 1800.0 1814.0 1800.0 swimming-pool 0
1883.0 1765.0 1914.0 1765.0 1914.0 1809.0 1883.0 1809.0 swimming-pool 0
1787.0 1854.0 1821.0 1854.0 1821.0 1891.0 1787.0 1891.0 swimming-pool 0
799.0 1408.0 847.0 1408.0 847.0 1459.0 799.0 1459.0 swimming-pool 0
1920.0 1942.0 1963.0 1942.0 1963.0 1970.0 1920.0 1970.0 swimming-pool 0
2186.0 2009.0 2214.0 2009.0 2214.0 2047.0 2186.0 2047.0 swimming-pool 0
2526.0 2017.0 2565.0 2017.0 2565.0 2048.0 2526.0 2048.0 swimming-pool 0
2636.0 2067.0 2679.0 2067.0 2679.0 2112.0 2636.0 2112.0 swimming-pool 0
2347.0 2055.0 2375.0 2055.0 2375.0 2096.0 2347.0 2096.0 swimming-pool 0
3034.0 2125.0 3081.0 2125.0 3081.0 2148.0 3034.0 2148.0 swimming-pool 0
2620.0 2186.0 2664.0 2186.0 2664.0 2218.0 2620.0 2218.0 swimming-pool 0
3087.0 2286.0 3115.0 2286.0 3115.0 2326.0 3087.0 2326.0 swimming-pool 0
2598.0 2486.0 2632.0 2486.0 2632.0 2530.0 2598.0 2530.0 swimming-pool 0
210.0 1943.0 261.0 1943.0 261.0 1994.0 210.0 1994.0 swimming-pool 0
296.0 1536.0 327.0 1536.0 327.0 1575.0 296.0 1575.0 swimming-pool 0
2041.0 2365.0 2090.0 2365.0 2090.0 2410.0 2041.0 2410.0 harbor 0
1101.0 2041.0 1164.0 2041.0 1164.0 2108.0 1101.0 2108.0 harbor 0
1975.0 2329.0 2001.0 2329.0 2001.0 2357.0 1975.0 2357.0 harbor 0
1872.0 2299.0 1947.0 2299.0 1947.0 2357.0 1872.0 2357.0 harbor 0
1856.0 2275.0 1880.0 2275.0 1880.0 2304.0 1856.0 2304.0 harbor 0
1643.0 2214.0 1693.0 2214.0 1693.0 2265.0 1643.0 2265.0 harbor 0
1589.0 2209.0 1628.0 2209.0 1628.0 2245.0 1589.0 2245.0 harbor 0
1561.0 2194.0 1591.0 2194.0 1591.0 2217.0 1561.0 2217.0 harbor 0
1480.0 2147.0 1523.0 2147.0 1523.0 2208.0 1480.0 2208.0 harbor 0
1405.0 2143.0 1463.0 2143.0 1463.0 2191.0 1405.0 2191.0 harbor 0
1332.0 2119.0 1381.0 2119.0 1381.0 2157.0 1332.0 2157.0 harbor 0
1048.0 2166.0 1114.0 2166.0 1114.0 2227.0 1048.0 2227.0 harbor 0
207.0 1418.0 263.0 1418.0 263.0 1496.0 207.0 1496.0 swimming-pool 0
975.0 2221.0 1032.0 2221.0 1032.0 2273.0 975.0 2273.0 harbor 0
1026.0 2192.0 1068.0 2192.0 1068.0 2247.0 1026.0 2247.0 harbor 0
966.0 2285.0 1018.0 2285.0 1018.0 2323.0 966.0 2323.0 harbor 0
796.0 2346.0 1083.0 2346.0 1083.0 2456.0 796.0 2456.0 harbor 0
676.0 616.0 725.0 616.0 725.0 655.0 676.0 655.0 swimming-pool 0
302.0 725.0 338.0 725.0 338.0 772.0 302.0 772.0 swimming-pool 0
724.0 832.0 760.0 832.0 760.0 877.0 724.0 877.0 swimming-pool 0
325.0 999.0 369.0 999.0 369.0 1039.0 325.0 1039.0 swimming-pool 0
411.0 1137.0 442.0 1137.0 442.0 1175.0 411.0 1175.0 swimming-pool 0
566.0 231.0 628.0 231.0 628.0 281.0 566.0 281.0 harbor 0
