1273.0 136.0 1312.0 136.0 1312.0 168.0 1273.0 168.0 small-vehicle 1
506.0 271.0 584.0 271.0 584.0 362.0 506.0 362.0 plane 0
1416.0 1402.0 1521.0 1402.0 1521.0 1504.0 1416.0 1504.0 plane 0
1580.0 1528.0 1683.0 1528.0 1683.0 1618.0 1580.0 1618.0 plane 0
1385.0 125.0 1423.0 125.0 1423.0 154.0 1385.0 154.0 small-vehicle 0
1236.0 59.0 1278.0 59.0 1278.0 93.0 1236.0 93.0 small-vehicle 0
1222.0 36.0 1263.0 36.0 1263.0 68.0 1222.0 68.0 small-vehicle 0
1267.0 118.0 1301.0 118.0 1301.0 146.0 1267.0 146.0 small-vehicle 0
1285.0 156.0 1319.0 156.0 1319.0 185.0 1285.0 185.0 small-vehicle 0
1466.0 312.0 1510.0 312.0 1510.0 347.0 1466.0 347.0 small-vehicle 0
1430.0 478.0 1470.0 478.0 1470.0 510.0 1430.0 510.0 small-vehicle 0
1399.0 412.0 1436.0 412.0 1436.0 444.0 1399.0 444.0 small-vehicle 0
1523.0 427.0 1561.0 427.0 1561.0 459.0 1523.0 459.0 small-vehicle 0
1530.0 446.0 1569.0 446.0 1569.0 477.0 1530.0 477.0 small-vehicle 0
1541.0 466.0 1581.0 466.0 1581.0 499.0 1541.0 499.0 small-vehicle 0
1552.0 489.0 1591.0 489.0 1591.0 520.0 1552.0 520.0 small-vehicle 0
1415.0 617.0 1449.0 617.0 1449.0 649.0 1415.0 649.0 small-vehicle 0
1576.0 718.0 1613.0 718.0 1613.0 746.0 1576.0 746.0 small-vehicle 0
1601.0 773.0 1646.0 773.0 1646.0 806.0 1601.0 806.0 small-vehicle 0
1027.0 546.0 1106.0 546.0 1106.0 616.0 1027.0 616.0 plane 0
536.0 357.0 624.0 357.0 624.0 455.0 536.0 455.0 plane 0
1289.0 176.0 1324.0 176.0 1324.0 207.0 1289.0 207.0 small-vehicle 1
578.0 439.0 676.0 439.0 676.0 547.0 578.0 547.0 plane 0
219.0 300.0 298.0 300.0 298.0 394.0 219.0 394.0 plane 0
336.0 560.0 434.0 560.0 434.0 664.0 336.0 664.0 plane 0
415.0 747.0 504.0 747.0 504.0 842.0 415.0 842.0 plane 0
629.0 1188.0 709.0 1188.0 709.0 1278.0 629.0 1278.0 plane 0
664.0 1271.0 751.0 1271.0 751.0 1371.0 664.0 1371.0 plane 0
881.0 1726.0 953.0 1726.0 953.0 1803.0 881.0 1803.0 plane 0
915.0 1810.0 990.0 1810.0 990.0 1895.0 915.0 1895.0 plane 0
965.0 1906.0 1027.0 1906.0 1027.0 1973.0 965.0 1973.0 plane 0
992.0 1984.0 1077.0 1984.0 1077.0 2078.0 992.0 2078.0 plane 0
1303.0 2030.0 1403.0 2030.0 1403.0 2144.0 1303.0 2144.0 plane 0
1024.0 1419.0 1111.0 1419.0 1111.0 1517.0 1024.0 1517.0 plane 0
985.0 1332.0 1071.0 1332.0 1071.0 1428.0 985.0 1428.0 plane 0
903.0 1154.0 988.0 1154.0 988.0 1252.0 903.0 1252.0 plane 0
793.0 892.0 868.0 892.0 868.0 978.0 793.0 978.0 plane 0
742.0 802.0 829.0 802.0 829.0 894.0 742.0 894.0 plane 0
708.0 716.0 787.0 716.0 787.0 800.0 708.0 800.0 plane 0
652.0 611.0 762.0 611.0 762.0 733.0 652.0 733.0 plane 0
1413.0 804.0 1445.0 804.0 1445.0 843.0 1413.0 843.0 small-vehicle 0
1382.0 826.0 1414.0 826.0 1414.0 870.0 1382.0 870.0 small-vehicle 0
1360.0 836.0 1390.0 836.0 1390.0 874.0 1360.0 874.0 small-vehicle 0
1314.0 946.0 1346.0 946.0 1346.0 988.0 1314.0 988.0 small-vehicle 0
1660.0 1005.0 1691.0 1005.0 1691.0 1047.0 1660.0 1047.0 small-vehicle 0
1642.0 1018.0 1670.0 1018.0 1670.0 1057.0 1642.0 1057.0 small-vehicle 0
1356.0 1533.0 1398.0 1533.0 1398.0 1591.0 1356.0 1591.0 large-vehicle 0
1719.0 841.0 1749.0 841.0 1749.0 883.0 1719.0 883.0 small-vehicle 0
1442.0 909.0 1475.0 909.0 1475.0 951.0 1442.0 951.0 small-vehicle 0
1606.0 791.0 1646.0 791.0 1646.0 825.0 1606.0 825.0 small-vehicle 0
1592.0 754.0 1629.0 754.0 1629.0 785.0 1592.0 785.0 small-vehicle 0
1584.0 735.0 1623.0 735.0 1623.0 764.0 1584.0 764.0 small-vehicle 0
1440.0 499.0 1476.0 499.0 1476.0 528.0 1440.0 528.0 small-vehicle 0
1444.0 522.0 1480.0 522.0 1480.0 551.0 1444.0 551.0 small-vehicle 0
1406.0 428.0 1447.0 428.0 1447.0 463.0 1406.0 463.0 small-vehicle 0
1388.0 390.0 1435.0 390.0 1435.0 424.0 1388.0 424.0 small-vehicle 0
1380.0 369.0 1422.0 369.0 1422.0 401.0 1380.0 401.0 small-vehicle 0
1373.0 354.0 1406.0 354.0 1406.0 383.0 1373.0 383.0 small-vehicle 0
1509.0 411.0 1548.0 411.0 1548.0 444.0 1509.0 444.0 small-vehicle 0
1298.0 193.0 1336.0 193.0 1336.0 224.0 1298.0 224.0 small-vehicle 1
1376.0 105.0 1414.0 105.0 1414.0 133.0 1376.0 133.0 small-vehicle 1
1697.0 988.0 1727.0 988.0 1727.0 1024.0 1697.0 1024.0 small-vehicle 0
1682.0 997.0 1711.0 997.0 1711.0 1036.0 1682.0 1036.0 small-vehicle 0
1687.0 869.0 1718.0 869.0 1718.0 907.0 1687.0 907.0 small-vehicle 0
1543.0 868.0 1572.0 868.0 1572.0 906.0 1543.0 906.0 small-vehicle 0
1383.0 935.0 1411.0 935.0 1411.0 974.0 1383.0 974.0 small-vehicle 0
1404.0 932.0 1436.0 932.0 1436.0 971.0 1404.0 971.0 small-vehicle 0
1425.0 922.0 1455.0 922.0 1455.0 961.0 1425.0 961.0 small-vehicle 0
1461.0 899.0 1493.0 899.0 1493.0 940.0 1461.0 940.0 small-vehicle 0
1483.0 889.0 1512.0 889.0 1512.0 929.0 1483.0 929.0 small-vehicle 0
1502.0 884.0 1533.0 884.0 1533.0 922.0 1502.0 922.0 small-vehicle 0
1521.0 874.0 1552.0 874.0 1552.0 913.0 1521.0 913.0 small-vehicle 0
1561.0 854.0 1591.0 854.0 1591.0 892.0 1561.0 892.0 small-vehicle 0
1741.0 837.0 1775.0 837.0 1775.0 876.0 1741.0 876.0 small-vehicle 0
1584.0 851.0 1610.0 851.0 1610.0 885.0 1584.0 885.0 small-vehicle 0
1595.0 909.0 1622.0 909.0 1622.0 947.0 1595.0 947.0 small-vehicle 0
1612.0 900.0 1645.0 900.0 1645.0 946.0 1612.0 946.0 small-vehicle 0
1634.0 895.0 1663.0 895.0 1663.0 934.0 1634.0 934.0 small-vehicle 0
1651.0 885.0 1678.0 885.0 1678.0 921.0 1651.0 921.0 small-vehicle 0
1668.0 878.0 1698.0 878.0 1698.0 916.0 1668.0 916.0 small-vehicle 0
1705.0 856.0 1732.0 856.0 1732.0 892.0 1705.0 892.0 small-vehicle 0
142.0 201.0 265.0 201.0 265.0 336.0 142.0 336.0 plane 0
