3574.0 688.0 3896.0 688.0 3896.0 982.0 3574.0 982.0 plane 0
3506.0 874.0 3768.0 874.0 3768.0 1142.0 3506.0 1142.0 plane 0
172.0 1524.0 520.0 1524.0 520.0 1880.0 172.0 1880.0 plane 0
1360.0 2556.0 1666.0 2556.0 1666.0 2780.0 1360.0 2780.0 plane 0
1804.0 2576.0 2012.0 2576.0 2012.0 2754.0 1804.0 2754.0 plane 0
2066.0 2584.0 2276.0 2584.0 2276.0 2754.0 2066.0 2754.0 plane 0
1344.0 1286.0 1534.0 1286.0 1534.0 1476.0 1344.0 1476.0 plane 0
1042.0 1156.0 1224.0 1156.0 1224.0 1346.0 1042.0 1346.0 plane 0
876.0 1082.0 1064.0 1082.0 1064.0 1278.0 876.0 1278.0 plane 0
722.0 1014.0 900.0 1014.0 900.0 1204.0 722.0 1204.0 plane 0
566.0 950.0 746.0 950.0 746.0 1142.0 566.0 1142.0 plane 0
3926.0 3916.0 4106.0 3916.0 4106.0 4072.0 3926.0 4072.0 plane 0
3748.0 1446.0 4020.0 1446.0 4020.0 1666.0 3748.0 1666.0 plane 0
4032.0 1470.0 4336.0 1470.0 4336.0 1774.0 4032.0 1774.0 plane 0
4328.0 1562.0 4610.0 1562.0 4610.0 1778.0 4328.0 1778.0 plane 0
4880.0 1598.0 5090.0 1598.0 5090.0 1778.0 4880.0 1778.0 plane 0
5140.0 1102.0 5470.0 1102.0 5470.0 1440.0 5140.0 1440.0 plane 0
4962.0 1056.0 5280.0 1056.0 5280.0 1366.0 4962.0 1366.0 plane 0
4670.0 776.0 5116.0 776.0 5116.0 1196.0 4670.0 1196.0 plane 0
4962.0 860.0 5338.0 860.0 5338.0 1228.0 4962.0 1228.0 plane 0
5022.0 872.0 5196.0 872.0 5196.0 1020.0 5022.0 1020.0 plane 1
490.0 1562.0 758.0 1562.0 758.0 1924.0 490.0 1924.0 plane 0
