2150.0 390.0 2321.0 390.0 2321.0 570.0 2150.0 570.0 plane 0
2049.0 469.0 2229.0 469.0 2229.0 657.0 2049.0 657.0 plane 0
1972.0 577.0 2133.0 577.0 2133.0 743.0 1972.0 743.0 plane 0
1600.0 594.0 1975.0 594.0 1975.0 1012.0 1600.0 1012.0 plane 0
1345.0 942.0 1609.0 942.0 1609.0 1329.0 1345.0 1329.0 plane 0
1134.0 1077.0 1434.0 1077.0 1434.0 1462.0 1134.0 1462.0 plane 0
651.0 1313.0 1177.0 1313.0 1177.0 1803.0 651.0 1803.0 plane 0
160.0 1781.0 634.0 1781.0 634.0 2228.0 160.0 2228.0 plane 0
456.0 2593.0 1004.0 2593.0 1004.0 3144.0 456.0 3144.0 plane 0
735.0 2987.0 1374.0 2987.0 1374.0 3631.0 735.0 3631.0 plane 0
