1298.0 3521.0 1316.0 3521.0 1316.0 3538.0 1298.0 3538.0 plane 1
1329.0 1685.0 1372.0 1685.0 1372.0 1730.0 1329.0 1730.0 plane 0
995.0 2252.0 1028.0 2252.0 1028.0 2285.0 995.0 2285.0 plane 0
1015.0 2212.0 1050.0 2212.0 1050.0 2245.0 1015.0 2245.0 plane 0
1162.0 2274.0 1203.0 2274.0 1203.0 2318.0 1162.0 2318.0 plane 0
1007.0 2406.0 1047.0 2406.0 1047.0 2444.0 1007.0 2444.0 plane 0
998.0 2435.0 1032.0 2435.0 1032.0 2468.0 998.0 2468.0 plane 0
979.0 2459.0 1016.0 2459.0 1016.0 2493.0 979.0 2493.0 plane 0
963.0 2480.0 1004.0 2480.0 1004.0 2520.0 963.0 2520.0 plane 0
949.0 2507.0 989.0 2507.0 989.0 2546.0 949.0 2546.0 plane 0
922.0 2559.0 962.0 2559.0 962.0 2598.0 922.0 2598.0 plane 0
909.0 2584.0 949.0 2584.0 949.0 2621.0 909.0 2621.0 plane 0
895.0 2622.0 935.0 2622.0 935.0 2660.0 895.0 2660.0 plane 0
1078.0 2105.0 1137.0 2105.0 1137.0 2167.0 1078.0 2167.0 plane 0
1047.0 2092.0 1089.0 2092.0 1089.0 2135.0 1047.0 2135.0 plane 0
969.0 2051.0 1013.0 2051.0 1013.0 2094.0 969.0 2094.0 plane 0
1204.0 2058.0 1245.0 2058.0 1245.0 2101.0 1204.0 2101.0 plane 0
1103.0 1999.0 1148.0 1999.0 1148.0 2048.0 1103.0 2048.0 plane 0
1025.0 1957.0 1068.0 1957.0 1068.0 2000.0 1025.0 2000.0 plane 0
1197.0 1884.0 1268.0 1884.0 1268.0 1959.0 1197.0 1959.0 plane 0
1145.0 1855.0 1215.0 1855.0 1215.0 1928.0 1145.0 1928.0 plane 0
1090.0 1824.0 1162.0 1824.0 1162.0 1897.0 1090.0 1897.0 plane 0
1247.0 1797.0 1317.0 1797.0 1317.0 1872.0 1247.0 1872.0 plane 0
1193.0 1764.0 1266.0 1764.0 1266.0 1843.0 1193.0 1843.0 plane 0
1148.0 1740.0 1207.0 1740.0 1207.0 1803.0 1148.0 1803.0 plane 0
883.0 2191.0 921.0 2191.0 921.0 2230.0 883.0 2230.0 plane 0
968.0 2236.0 1000.0 2236.0 1000.0 2270.0 968.0 2270.0 plane 0
897.0 2308.0 944.0 2308.0 944.0 2351.0 897.0 2351.0 plane 0
663.0 3032.0 704.0 3032.0 704.0 3071.0 663.0 3071.0 plane 0
327.0 3060.0 379.0 3060.0 379.0 3110.0 327.0 3110.0 plane 0
352.0 3078.0 412.0 3078.0 412.0 3137.0 352.0 3137.0 plane 0
400.0 3168.0 474.0 3168.0 474.0 3243.0 400.0 3243.0 plane 0
526.0 3223.0 604.0 3223.0 604.0 3299.0 526.0 3299.0 plane 0
614.0 3192.0 632.0 3192.0 632.0 3211.0 614.0 3211.0 plane 1
560.0 3164.0 637.0 3164.0 637.0 3238.0 560.0 3238.0 plane 0
594.0 3104.0 671.0 3104.0 671.0 3177.0 594.0 3177.0 plane 0
597.0 3153.0 638.0 3153.0 638.0 3192.0 597.0 3192.0 plane 0
622.0 3088.0 668.0 3088.0 668.0 3129.0 622.0 3129.0 plane 0
644.0 3057.0 702.0 3057.0 702.0 3114.0 644.0 3114.0 plane 0
668.0 3012.0 702.0 3012.0 702.0 3046.0 668.0 3046.0 plane 0
794.0 2489.0 836.0 2489.0 836.0 2530.0 794.0 2530.0 plane 0
681.0 2998.0 735.0 2998.0 735.0 3050.0 681.0 3050.0 plane 0
706.0 2946.0 742.0 2946.0 742.0 2978.0 706.0 2978.0 plane 0
696.0 2962.0 755.0 2962.0 755.0 3015.0 696.0 3015.0 plane 0
716.0 2923.0 776.0 2923.0 776.0 2979.0 716.0 2979.0 plane 0
740.0 2872.0 804.0 2872.0 804.0 2930.0 740.0 2930.0 plane 0
864.0 3639.0 903.0 3639.0 903.0 3677.0 864.0 3677.0 plane 0
640.0 2766.0 682.0 2766.0 682.0 2809.0 640.0 2809.0 plane 0
674.0 2700.0 718.0 2700.0 718.0 2743.0 674.0 2743.0 plane 0
693.0 2667.0 739.0 2667.0 739.0 2710.0 693.0 2710.0 plane 0
776.0 2523.0 819.0 2523.0 819.0 2566.0 776.0 2566.0 plane 0
1401.0 1837.0 1446.0 1837.0 1446.0 1884.0 1401.0 1884.0 plane 0
1274.0 1658.0 1318.0 1658.0 1318.0 1705.0 1274.0 1705.0 plane 0
1285.0 3516.0 1306.0 3516.0 1306.0 3534.0 1285.0 3534.0 plane 1
1220.0 1630.0 1262.0 1630.0 1262.0 1672.0 1220.0 1672.0 plane 0
1969.0 384.0 2042.0 384.0 2042.0 460.0 1969.0 460.0 plane 0
1995.0 337.0 2067.0 337.0 2067.0 405.0 1995.0 405.0 plane 0
2269.0 1280.0 2309.0 1280.0 2309.0 1327.0 2269.0 1327.0 plane 0
2498.0 1159.0 2541.0 1159.0 2541.0 1198.0 2498.0 1198.0 plane 0
2517.0 1269.0 2543.0 1269.0 2543.0 1300.0 2517.0 1300.0 plane 0
2404.0 1462.0 2443.0 1462.0 2443.0 1502.0 2404.0 1502.0 plane 0
2368.0 1488.0 2424.0 1488.0 2424.0 1540.0 2368.0 1540.0 plane 0
2731.0 1221.0 2753.0 1221.0 2753.0 1248.0 2731.0 1248.0 plane 0
2656.0 1332.0 2690.0 1332.0 2690.0 1364.0 2656.0 1364.0 plane 0
1666.0 2801.0 1703.0 2801.0 1703.0 2837.0 1666.0 2837.0 plane 0
1651.0 2824.0 1686.0 2824.0 1686.0 2861.0 1651.0 2861.0 plane 0
1619.0 2878.0 1662.0 2878.0 1662.0 2917.0 1619.0 2917.0 plane 0
1623.0 2910.0 1645.0 2910.0 1645.0 2932.0 1623.0 2932.0 plane 0
1594.0 2916.0 1639.0 2916.0 1639.0 2959.0 1594.0 2959.0 plane 0
1839.0 2530.0 1858.0 2530.0 1858.0 2547.0 1839.0 2547.0 plane 1
1376.0 3265.0 1392.0 3265.0 1392.0 3281.0 1376.0 3281.0 plane 1
1340.0 3333.0 1361.0 3333.0 1361.0 3354.0 1340.0 3354.0 plane 0
1330.0 3349.0 1353.0 3349.0 1353.0 3371.0 1330.0 3371.0 plane 0
1297.0 3421.0 1315.0 3421.0 1315.0 3441.0 1297.0 3441.0 plane 0
1283.0 3437.0 1305.0 3437.0 1305.0 3462.0 1283.0 3462.0 plane 0
1259.0 3472.0 1287.0 3472.0 1287.0 3504.0 1259.0 3504.0 plane 0
1261.0 3499.0 1277.0 3499.0 1277.0 3514.0 1261.0 3514.0 plane 1
1270.0 3509.0 1290.0 3509.0 1290.0 3526.0 1270.0 3526.0 plane 1
1990.0 374.0 2029.0 374.0 2029.0 409.0 1990.0 409.0 plane 0
1939.0 444.0 2007.0 444.0 2007.0 510.0 1939.0 510.0 plane 0
2074.0 637.0 2114.0 637.0 2114.0 674.0 2074.0 674.0 plane 0
1863.0 748.0 1905.0 748.0 1905.0 789.0 1863.0 789.0 plane 0
1327.0 1565.0 1369.0 1565.0 1369.0 1610.0 1327.0 1610.0 plane 0
1444.0 1478.0 1488.0 1478.0 1488.0 1527.0 1444.0 1527.0 plane 0
1390.0 1453.0 1432.0 1453.0 1432.0 1495.0 1390.0 1495.0 plane 0
1336.0 1419.0 1379.0 1419.0 1379.0 1465.0 1336.0 1465.0 plane 0
1563.0 1009.0 1603.0 1009.0 1603.0 1049.0 1563.0 1049.0 plane 0
1441.0 1360.0 1480.0 1360.0 1480.0 1402.0 1441.0 1402.0 plane 0
1683.0 1061.0 1733.0 1061.0 1733.0 1109.0 1683.0 1109.0 plane 0
1730.0 988.0 1773.0 988.0 1773.0 1028.0 1730.0 1028.0 plane 0
1733.0 679.0 1795.0 679.0 1795.0 738.0 1733.0 738.0 plane 0
1805.0 714.0 1847.0 714.0 1847.0 759.0 1805.0 759.0 plane 0
1794.0 868.0 1838.0 868.0 1838.0 910.0 1794.0 910.0 plane 0
2261.0 1697.0 2303.0 1697.0 2303.0 1742.0 2261.0 1742.0 plane 0
1817.0 829.0 1861.0 829.0 1861.0 872.0 1817.0 872.0 plane 0
1667.0 874.0 1684.0 874.0 1684.0 893.0 1667.0 893.0 plane 1
1679.0 855.0 1698.0 855.0 1698.0 876.0 1679.0 876.0 plane 1
1705.0 803.0 1727.0 803.0 1727.0 825.0 1705.0 825.0 plane 0
1720.0 773.0 1753.0 773.0 1753.0 806.0 1720.0 806.0 plane 0
1736.0 750.0 1754.0 750.0 1754.0 770.0 1736.0 770.0 plane 0
2161.0 1873.0 2199.0 1873.0 2199.0 1914.0 2161.0 1914.0 plane 0
2178.0 1836.0 2220.0 1836.0 2220.0 1880.0 2178.0 1880.0 plane 0
2201.0 1803.0 2240.0 1803.0 2240.0 1846.0 2201.0 1846.0 plane 0
2220.0 1767.0 2261.0 1767.0 2261.0 1811.0 2220.0 1811.0 plane 0
400.0 3070.0 428.0 3070.0 428.0 3102.0 400.0 3102.0 plane 0
