196.0 682.0 211.0 682.0 211.0 728.0 196.0 728.0 large-vehicle 0
332.0 431.0 343.0 431.0 343.0 460.0 332.0 460.0 large-vehicle 1
302.0 428.0 314.0 428.0 314.0 461.0 302.0 461.0 large-vehicle 1
287.0 428.0 300.0 428.0 300.0 461.0 287.0 461.0 large-vehicle 1
273.0 432.0 284.0 432.0 284.0 461.0 273.0 461.0 large-vehicle 1
131.0 235.0 165.0 235.0 165.0 247.0 131.0 247.0 large-vehicle 0
127.0 249.0 164.0 249.0 164.0 259.0 127.0 259.0 large-vehicle 0
131.0 262.0 164.0 262.0 164.0 273.0 131.0 273.0 large-vehicle 0
130.0 277.0 162.0 277.0 162.0 288.0 130.0 288.0 large-vehicle 0
129.0 290.0 161.0 290.0 161.0 301.0 129.0 301.0 large-vehicle 0
136.0 371.0 181.0 371.0 181.0 382.0 136.0 382.0 large-vehicle 0
137.0 384.0 181.0 384.0 181.0 396.0 137.0 396.0 large-vehicle 0
244.0 155.0 254.0 155.0 254.0 194.0 244.0 194.0 large-vehicle 0
262.0 157.0 274.0 157.0 274.0 196.0 262.0 196.0 large-vehicle 0
180.0 153.0 193.0 153.0 193.0 198.0 180.0 198.0 large-vehicle 0
131.0 167.0 146.0 167.0 146.0 209.0 131.0 209.0 large-vehicle 0
152.0 162.0 166.0 162.0 166.0 202.0 152.0 202.0 large-vehicle 0
193.0 158.0 208.0 158.0 208.0 198.0 193.0 198.0 large-vehicle 0
228.0 155.0 242.0 155.0 242.0 196.0 228.0 196.0 large-vehicle 0
275.0 156.0 285.0 156.0 285.0 198.0 275.0 198.0 large-vehicle 0
286.0 151.0 299.0 151.0 299.0 195.0 286.0 195.0 large-vehicle 1
308.0 150.0 327.0 150.0 327.0 192.0 308.0 192.0 large-vehicle 0
298.0 155.0 315.0 155.0 315.0 197.0 298.0 197.0 large-vehicle 0
323.0 150.0 340.0 150.0 340.0 192.0 323.0 192.0 large-vehicle 0
338.0 148.0 355.0 148.0 355.0 190.0 338.0 190.0 large-vehicle 0
397.0 147.0 410.0 147.0 410.0 187.0 397.0 187.0 large-vehicle 0
410.0 144.0 424.0 144.0 424.0 187.0 410.0 187.0 large-vehicle 0
316.0 431.0 328.0 431.0 328.0 460.0 316.0 460.0 large-vehicle 1
346.0 431.0 359.0 431.0 359.0 460.0 346.0 460.0 large-vehicle 1
369.0 314.0 383.0 314.0 383.0 354.0 369.0 354.0 large-vehicle 0
360.0 425.0 373.0 425.0 373.0 459.0 360.0 459.0 large-vehicle 1
353.0 145.0 365.0 145.0 365.0 189.0 353.0 189.0 large-vehicle 1
367.0 143.0 377.0 143.0 377.0 185.0 367.0 185.0 large-vehicle 1
379.0 145.0 391.0 145.0 391.0 188.0 379.0 188.0 large-vehicle 1
437.0 149.0 446.0 149.0 446.0 184.0 437.0 184.0 large-vehicle 1
448.0 140.0 458.0 140.0 458.0 183.0 448.0 183.0 large-vehicle 1
462.0 150.0 475.0 150.0 475.0 185.0 462.0 185.0 large-vehicle 1
477.0 148.0 496.0 148.0 496.0 183.0 477.0 183.0 large-vehicle 1
487.0 142.0 512.0 142.0 512.0 186.0 487.0 186.0 large-vehicle 1
495.0 190.0 540.0 190.0 540.0 202.0 495.0 202.0 large-vehicle 1
495.0 214.0 541.0 214.0 541.0 224.0 495.0 224.0 large-vehicle 1
498.0 264.0 544.0 264.0 544.0 274.0 498.0 274.0 large-vehicle 1
499.0 278.0 544.0 278.0 544.0 288.0 499.0 288.0 large-vehicle 1
301.0 240.0 313.0 240.0 313.0 283.0 301.0 283.0 large-vehicle 1
355.0 246.0 367.0 246.0 367.0 286.0 355.0 286.0 large-vehicle 1
381.0 244.0 392.0 244.0 392.0 287.0 381.0 287.0 large-vehicle 1
394.0 242.0 405.0 242.0 405.0 286.0 394.0 286.0 large-vehicle 1
410.0 244.0 421.0 244.0 421.0 287.0 410.0 287.0 large-vehicle 1
427.0 238.0 439.0 238.0 439.0 282.0 427.0 282.0 large-vehicle 1
497.0 304.0 541.0 304.0 541.0 317.0 497.0 317.0 large-vehicle 1
498.0 319.0 543.0 319.0 543.0 331.0 498.0 331.0 large-vehicle 1
416.0 309.0 426.0 309.0 426.0 353.0 416.0 353.0 large-vehicle 1
397.0 310.0 408.0 310.0 408.0 350.0 397.0 350.0 large-vehicle 1
383.0 309.0 394.0 309.0 394.0 353.0 383.0 353.0 large-vehicle 1
420.0 425.0 430.0 425.0 430.0 461.0 420.0 461.0 large-vehicle 1
391.0 422.0 402.0 422.0 402.0 458.0 391.0 458.0 large-vehicle 1
422.0 144.0 436.0 144.0 436.0 185.0 422.0 185.0 large-vehicle 0
351.0 314.0 366.0 314.0 366.0 354.0 351.0 354.0 large-vehicle 0
212.0 686.0 226.0 686.0 226.0 732.0 212.0 732.0 large-vehicle 0
501.0 583.0 546.0 583.0 546.0 596.0 501.0 596.0 large-vehicle 0
500.0 610.0 545.0 610.0 545.0 625.0 500.0 625.0 large-vehicle 0
504.0 627.0 547.0 627.0 547.0 640.0 504.0 640.0 large-vehicle 0
503.0 644.0 546.0 644.0 546.0 656.0 503.0 656.0 large-vehicle 0
398.0 578.0 412.0 578.0 412.0 622.0 398.0 622.0 large-vehicle 0
411.0 578.0 426.0 578.0 426.0 622.0 411.0 622.0 large-vehicle 0
442.0 575.0 457.0 575.0 457.0 618.0 442.0 618.0 large-vehicle 0
484.0 674.0 500.0 674.0 500.0 720.0 484.0 720.0 large-vehicle 0
472.0 671.0 485.0 671.0 485.0 717.0 472.0 717.0 large-vehicle 0
460.0 676.0 473.0 676.0 473.0 722.0 460.0 722.0 large-vehicle 0
446.0 669.0 462.0 669.0 462.0 715.0 446.0 715.0 large-vehicle 0
434.0 673.0 447.0 673.0 447.0 720.0 434.0 720.0 large-vehicle 0
422.0 667.0 436.0 667.0 436.0 715.0 422.0 715.0 large-vehicle 0
405.0 665.0 421.0 665.0 421.0 711.0 405.0 711.0 large-vehicle 0
390.0 667.0 407.0 667.0 407.0 711.0 390.0 711.0 large-vehicle 0
373.0 672.0 392.0 672.0 392.0 718.0 373.0 718.0 large-vehicle 0
360.0 678.0 377.0 678.0 377.0 724.0 360.0 724.0 large-vehicle 0
341.0 673.0 357.0 673.0 357.0 719.0 341.0 719.0 large-vehicle 0
328.0 669.0 342.0 669.0 342.0 714.0 328.0 714.0 large-vehicle 0
314.0 670.0 327.0 670.0 327.0 716.0 314.0 716.0 large-vehicle 0
301.0 670.0 313.0 670.0 313.0 715.0 301.0 715.0 large-vehicle 0
288.0 671.0 300.0 671.0 300.0 716.0 288.0 716.0 large-vehicle 0
271.0 671.0 288.0 671.0 288.0 716.0 271.0 716.0 large-vehicle 0
258.0 673.0 273.0 673.0 273.0 718.0 258.0 718.0 large-vehicle 0
244.0 674.0 260.0 674.0 260.0 720.0 244.0 720.0 large-vehicle 0
227.0 681.0 242.0 681.0 242.0 726.0 227.0 726.0 large-vehicle 0
501.0 598.0 547.0 598.0 547.0 610.0 501.0 610.0 large-vehicle 0
502.0 569.0 546.0 569.0 546.0 580.0 502.0 580.0 large-vehicle 0
337.0 313.0 351.0 313.0 351.0 353.0 337.0 353.0 large-vehicle 0
498.0 554.0 542.0 554.0 542.0 567.0 498.0 567.0 large-vehicle 0
322.0 313.0 336.0 313.0 336.0 352.0 322.0 352.0 large-vehicle 0
308.0 314.0 322.0 314.0 322.0 354.0 308.0 354.0 large-vehicle 0
293.0 315.0 307.0 315.0 307.0 356.0 293.0 356.0 large-vehicle 0
279.0 315.0 292.0 315.0 292.0 354.0 279.0 354.0 large-vehicle 0
262.0 316.0 277.0 316.0 277.0 355.0 262.0 355.0 large-vehicle 0
247.0 316.0 262.0 316.0 262.0 357.0 247.0 357.0 large-vehicle 0
232.0 320.0 247.0 320.0 247.0 360.0 232.0 360.0 large-vehicle 0
217.0 321.0 231.0 321.0 231.0 361.0 217.0 361.0 large-vehicle 0
403.0 423.0 419.0 423.0 419.0 465.0 403.0 465.0 large-vehicle 0
498.0 347.0 544.0 347.0 544.0 360.0 498.0 360.0 large-vehicle 0
501.0 362.0 545.0 362.0 545.0 375.0 501.0 375.0 large-vehicle 0
498.0 667.0 537.0 667.0 537.0 704.0 498.0 704.0 large-vehicle 0
438.0 515.0 453.0 515.0 453.0 556.0 438.0 556.0 large-vehicle 0
423.0 514.0 436.0 514.0 436.0 553.0 423.0 553.0 large-vehicle 0
497.0 377.0 541.0 377.0 541.0 392.0 497.0 392.0 large-vehicle 0
501.0 392.0 545.0 392.0 545.0 404.0 501.0 404.0 large-vehicle 0
498.0 406.0 543.0 406.0 543.0 422.0 498.0 422.0 large-vehicle 0
500.0 422.0 545.0 422.0 545.0 436.0 500.0 436.0 large-vehicle 0
502.0 448.0 544.0 448.0 544.0 461.0 502.0 461.0 large-vehicle 0
503.0 465.0 544.0 465.0 544.0 477.0 503.0 477.0 large-vehicle 0
500.0 481.0 544.0 481.0 544.0 493.0 500.0 493.0 large-vehicle 0
503.0 495.0 547.0 495.0 547.0 507.0 503.0 507.0 large-vehicle 0
503.0 511.0 547.0 511.0 547.0 524.0 503.0 524.0 large-vehicle 0
505.0 528.0 550.0 528.0 550.0 539.0 505.0 539.0 large-vehicle 0
498.0 541.0 543.0 541.0 543.0 554.0 498.0 554.0 large-vehicle 0
212.0 149.0 224.0 149.0 224.0 192.0 212.0 192.0 large-vehicle 1
