2018.0 565.0 2060.0 565.0 2060.0 611.0 2018.0 611.0 bridge 0
1482.0 2512.0 1506.0 2512.0 1506.0 2575.0 1482.0 2575.0 ship 0
1630.0 3462.0 1678.0 3462.0 1678.0 3524.0 1630.0 3524.0 ship 0
1586.0 3386.0 1634.0 3386.0 1634.0 3451.0 1586.0 3451.0 ship 0
1550.0 3326.0 1602.0 3326.0 1602.0 3391.0 1550.0 3391.0 ship 0
1521.0 2928.0 1542.0 2928.0 1542.0 2998.0 1521.0 2998.0 ship 0
1494.0 2670.0 1520.0 2670.0 1520.0 2732.0 1494.0 2732.0 ship 0
1533.0 3040.0 1555.0 3040.0 1555.0 3125.0 1533.0 3125.0 ship 0
1429.0 161.0 1501.0 161.0 1501.0 217.0 1429.0 217.0 ship 0
2064.0 711.0 2081.0 711.0 2081.0 727.0 2064.0 727.0 bridge 1
1081.0 1.0 1174.0 1.0 1174.0 71.0 1081.0 71.0 ship 0
1172.0 272.0 1204.0 272.0 1204.0 311.0 1172.0 311.0 ship 0
1407.0 1583.0 1420.0 1583.0 1420.0 1638.0 1407.0 1638.0 ship 0
1391.0 1584.0 1410.0 1584.0 1410.0 1639.0 1391.0 1639.0 ship 0
869.0 1520.0 887.0 1520.0 887.0 1583.0 869.0 1583.0 ship 0
196.0 712.0 241.0 712.0 241.0 801.0 196.0 801.0 ship 0
1654.0 3540.0 1872.0 3540.0 1872.0 3883.0 1654.0 3883.0 ship 0
1881.0 3907.0 1954.0 3907.0 1954.0 4000.0 1881.0 4000.0 ship 0
3291.0 1931.0 3316.0 1931.0 3316.0 1950.0 3291.0 1950.0 bridge 0
3575.0 1679.0 3629.0 1679.0 3629.0 1728.0 3575.0 1728.0 bridge 0
156.0 1393.0 187.0 1393.0 187.0 1471.0 156.0 1471.0 ship 0
1351.0 2332.0 1384.0 2332.0 1384.0 2382.0 1351.0 2382.0 ship 0
1441.0 2002.0 1502.0 2002.0 1502.0 2018.0 1441.0 2018.0 ship 0
1438.0 1991.0 1491.0 1991.0 1491.0 2007.0 1438.0 2007.0 ship 0
1437.0 2018.0 1487.0 2018.0 1487.0 2030.0 1437.0 2030.0 ship 0
1011.0 2666.0 1059.0 2666.0 1059.0 2741.0 1011.0 2741.0 ship 0
267.0 2921.0 356.0 2921.0 356.0 3143.0 267.0 3143.0 ship 0
6.0 2880.0 35.0 2880.0 35.0 2971.0 6.0 2971.0 ship 0
434.0 3049.0 456.0 3049.0 456.0 3114.0 434.0 3114.0 ship 0
871.0 3071.0 908.0 3071.0 908.0 3189.0 871.0 3189.0 ship 0
3844.0 32.0 3905.0 32.0 3905.0 134.0 3844.0 134.0 bridge 0
3886.0 586.0 3908.0 586.0 3908.0 618.0 3886.0 618.0 bridge 0
3493.0 865.0 3508.0 865.0 3508.0 883.0 3493.0 883.0 bridge 1
162.0 367.0 210.0 367.0 210.0 454.0 162.0 454.0 ship 0
