2723.0 3003.0 2827.0 3003.0 2827.0 3047.0 2723.0 3047.0 bridge 0
2479.0 3496.0 2499.0 3496.0 2499.0 3515.0 2479.0 3515.0 storage-tank 0
1786.0 3668.0 1836.0 3668.0 1836.0 3690.0 1786.0 3690.0 ship 0
132.0 110.0 163.0 110.0 163.0 142.0 132.0 142.0 bridge 0
544.0 1244.0 606.0 1244.0 606.0 1318.0 544.0 1318.0 bridge 0
950.0 3365.0 1197.0 3365.0 1197.0 3999.0 950.0 3999.0 bridge 0
720.0 1215.0 749.0 1215.0 749.0 1263.0 720.0 1263.0 bridge 0
701.0 1225.0 724.0 1225.0 724.0 1261.0 701.0 1261.0 bridge 0
2639.0 3088.0 2696.0 3088.0 2696.0 3130.0 2639.0 3130.0 bridge 0
2947.0 2930.0 3017.0 2930.0 3017.0 2966.0 2947.0 2966.0 bridge 0
2829.0 2968.0 2914.0 2968.0 2914.0 2991.0 2829.0 2991.0 bridge 0
775.0 129.0 853.0 129.0 853.0 251.0 775.0 251.0 ground-track-field 0
838.0 126.0 993.0 126.0 993.0 353.0 838.0 353.0 ground-track-field 0
1599.0 3627.0 1632.0 3627.0 1632.0 3649.0 1599.0 3649.0 ship 0
2500.0 3489.0 2519.0 3489.0 2519.0 3510.0 2500.0 3510.0 storage-tank 0
155.0 110.0 188.0 110.0 188.0 133.0 155.0 133.0 bridge 0
2521.0 3483.0 2539.0 3483.0 2539.0 3504.0 2521.0 3504.0 storage-tank 0
2546.0 3500.0 2566.0 3500.0 2566.0 3519.0 2546.0 3519.0 storage-tank 0
2526.0 3503.0 2548.0 3503.0 2548.0 3523.0 2526.0 3523.0 storage-tank 0
2540.0 3479.0 2560.0 3479.0 2560.0 3498.0 2540.0 3498.0 storage-tank 0
2535.0 3458.0 2554.0 3458.0 2554.0 3477.0 2535.0 3477.0 storage-tank 0
2556.0 3452.0 2579.0 3452.0 2579.0 3471.0 2556.0 3471.0 storage-tank 0
2563.0 3473.0 2584.0 3473.0 2584.0 3491.0 2563.0 3491.0 storage-tank 0
2630.0 3474.0 2652.0 3474.0 2652.0 3493.0 2630.0 3493.0 storage-tank 0
2632.0 3452.0 2652.0 3452.0 2652.0 3472.0 2632.0 3472.0 storage-tank 0
2630.0 3428.0 2654.0 3428.0 2654.0 3450.0 2630.0 3450.0 storage-tank 0
2610.0 3314.0 2626.0 3314.0 2626.0 3333.0 2610.0 3333.0 storage-tank 0
3594.0 1286.0 3619.0 1286.0 3619.0 1328.0 3594.0 1328.0 basketball-court 0
783.0 3192.0 847.0 3192.0 847.0 3237.0 783.0 3237.0 ship 0
