3647.0 712.0 3698.0 712.0 3698.0 915.0 3647.0 915.0 bridge 0
3723.0 3107.0 3780.0 3107.0 3780.0 3699.0 3723.0 3699.0 bridge 0
3660.0 1076.0 3703.0 1076.0 3703.0 1223.0 3660.0 1223.0 bridge 0
2887.0 2225.0 2905.0 2225.0 2905.0 2265.0 2887.0 2265.0 bridge 0
2025.0 1767.0 2054.0 1767.0 2054.0 1794.0 2025.0 1794.0 bridge 0
1802.0 2266.0 1825.0 2266.0 1825.0 2283.0 1802.0 2283.0 bridge 0
1020.0 1311.0 1045.0 1311.0 1045.0 1337.0 1020.0 1337.0 bridge 0
881.0 2930.0 923.0 2930.0 923.0 2947.0 881.0 2947.0 ship 0
871.0 2938.0 925.0 2938.0 925.0 2959.0 871.0 2959.0 ship 0
987.0 2963.0 1026.0 2963.0 1026.0 2983.0 987.0 2983.0 ship 0
968.0 2965.0 1041.0 2965.0 1041.0 3004.0 968.0 3004.0 ship 0
961.0 3003.0 1005.0 3003.0 1005.0 3030.0 961.0 3030.0 ship 0
692.0 3460.0 717.0 3460.0 717.0 3486.0 692.0 3486.0 bridge 0
212.0 2371.0 380.0 2371.0 380.0 2745.0 212.0 2745.0 bridge 0
