1853.0 24.0 1867.0 24.0 1867.0 44.0 1853.0 44.0 bridge 0
1762.0 64.0 1775.0 64.0 1775.0 82.0 1762.0 82.0 bridge 0
1281.0 3848.0 1358.0 3848.0 1358.0 3890.0 1281.0 3890.0 ship 1
3211.0 3522.0 3291.0 3522.0 3291.0 3570.0 3211.0 3570.0 ship 0
2349.0 3848.0 2456.0 3848.0 2456.0 3908.0 2349.0 3908.0 ship 0
3729.0 862.0 3803.0 862.0 3803.0 970.0 3729.0 970.0 ship 0
4643.0 704.0 4702.0 704.0 4702.0 837.0 4643.0 837.0 ship 0
3947.0 3384.0 4038.0 3384.0 4038.0 3434.0 3947.0 3434.0 ship 0
4293.0 3317.0 4390.0 3317.0 4390.0 3369.0 4293.0 3369.0 ship 0
4739.0 1614.0 4863.0 1614.0 4863.0 1727.0 4739.0 1727.0 ship 0
2073.0 1223.0 2090.0 1223.0 2090.0 1251.0 2073.0 1251.0 bridge 0
1842.0 1398.0 1862.0 1398.0 1862.0 1438.0 1842.0 1438.0 bridge 0
1957.0 1446.0 1974.0 1446.0 1974.0 1475.0 1957.0 1475.0 bridge 0
1780.0 1761.0 1876.0 1761.0 1876.0 1822.0 1780.0 1822.0 bridge 0
1797.0 3202.0 1894.0 3202.0 1894.0 3269.0 1797.0 3269.0 ship 0
2220.0 1591.0 2254.0 1591.0 2254.0 1620.0 2220.0 1620.0 roundabout 0
2380.0 3496.0 2470.0 3496.0 2470.0 3543.0 2380.0 3543.0 ship 0
3954.0 404.0 3985.0 404.0 3985.0 478.0 3954.0 478.0 ship 0
4443.0 1757.0 4582.0 1757.0 4582.0 1823.0 4443.0 1823.0 ship 0
4341.0 1401.0 4458.0 1401.0 4458.0 1480.0 4341.0 1480.0 ship 0
883.0 125.0 1143.0 125.0 1143.0 359.0 883.0 359.0 ground-track-field 0
149.0 192.0 163.0 192.0 163.0 208.0 149.0 208.0 bridge 1
224.0 365.0 242.0 365.0 242.0 378.0 224.0 378.0 bridge 1
301.0 356.0 342.0 356.0 342.0 393.0 301.0 393.0 basketball-court 0
333.0 298.0 376.0 298.0 376.0 333.0 333.0 333.0 basketball-court 0
314.0 338.0 356.0 338.0 356.0 375.0 314.0 375.0 basketball-court 0
311.0 435.0 389.0 435.0 389.0 521.0 311.0 521.0 bridge 0
261.0 3085.0 326.0 3085.0 326.0 3123.0 261.0 3123.0 bridge 0
267.0 3106.0 336.0 3106.0 336.0 3143.0 267.0 3143.0 bridge 0
2166.0 3809.0 2265.0 3809.0 2265.0 3894.0 2166.0 3894.0 ship 0
