370.0 1509.0 415.0 1509.0 415.0 1554.0 370.0 1554.0 bridge 0
865.0 1254.0 966.0 1254.0 966.0 1307.0 865.0 1307.0 bridge 0
1477.0 737.0 1531.0 737.0 1531.0 782.0 1477.0 782.0 bridge 0
97.0 2790.0 136.0 2790.0 136.0 2843.0 97.0 2843.0 harbor 0
799.0 1857.0 956.0 1857.0 956.0 1974.0 799.0 1974.0 harbor 0
417.0 1599.0 528.0 1599.0 528.0 1706.0 417.0 1706.0 harbor 0
3198.0 3793.0 3303.0 3793.0 3303.0 3866.0 3198.0 3866.0 ship 0
1363.0 1005.0 1480.0 1005.0 1480.0 1140.0 1363.0 1140.0 ground-track-field 0
1374.0 988.0 1417.0 988.0 1417.0 1026.0 1374.0 1026.0 basketball-court 0
1363.0 1007.0 1407.0 1007.0 1407.0 1043.0 1363.0 1043.0 basketball-court 0
1352.0 1026.0 1394.0 1026.0 1394.0 1062.0 1352.0 1062.0 basketball-court 0
85.0 86.0 113.0 86.0 113.0 127.0 85.0 127.0 basketball-court 0
100.0 37.0 128.0 37.0 128.0 78.0 100.0 78.0 basketball-court 0
2089.0 3936.0 2161.0 3936.0 2161.0 3962.0 2089.0 3962.0 ship 0
1120.0 3898.0 1234.0 3898.0 1234.0 3933.0 1120.0 3933.0 ship 0
398.0 1631.0 441.0 1631.0 441.0 1678.0 398.0 1678.0 ship 0
