1516.0 1691.0 1528.0 1691.0 1528.0 1711.0 1516.0 1711.0 bridge 1
955.0 3748.0 1054.0 3748.0 1054.0 3775.0 955.0 3775.0 ship 0
247.0 3656.0 326.0 3656.0 326.0 3689.0 247.0 3689.0 ship 0
381.0 3521.0 406.0 3521.0 406.0 3581.0 381.0 3581.0 ship 0
624.0 3550.0 742.0 3550.0 742.0 3589.0 624.0 3589.0 ship 0
1282.0 3481.0 1400.0 3481.0 1400.0 3513.0 1282.0 3513.0 ship 0
1311.0 3461.0 1381.0 3461.0 1381.0 3487.0 1311.0 3487.0 ship 0
1355.0 168.0 1388.0 168.0 1388.0 181.0 1355.0 181.0 ship 0
925.0 1787.0 947.0 1787.0 947.0 1833.0 925.0 1833.0 bridge 0
985.0 2108.0 1000.0 2108.0 1000.0 2131.0 985.0 2131.0 bridge 0
1891.0 2933.0 1995.0 2933.0 1995.0 3042.0 1891.0 3042.0 ship 0
2999.0 3095.0 3029.0 3095.0 3029.0 3120.0 2999.0 3120.0 bridge 0
1671.0 3235.0 1753.0 3235.0 1753.0 3284.0 1671.0 3284.0 ship 0
2801.0 3347.0 2828.0 3347.0 2828.0 3373.0 2801.0 3373.0 bridge 0
3834.0 404.0 4001.0 404.0 4001.0 526.0 3834.0 526.0 bridge 0
225.0 1113.0 248.0 1113.0 248.0 1163.0 225.0 1163.0 bridge 0
1395.0 581.0 1410.0 581.0 1410.0 635.0 1395.0 635.0 bridge 0
2384.0 55.0 2403.0 55.0 2403.0 109.0 2384.0 109.0 bridge 0
2381.0 20.0 2397.0 20.0 2397.0 48.0 2381.0 48.0 bridge 0
2418.0 282.0 2431.0 282.0 2431.0 296.0 2418.0 296.0 bridge 1
240.0 3723.0 331.0 3723.0 331.0 3752.0 240.0 3752.0 ship 0
