2209.0 643.0 2229.0 643.0 2229.0 654.0 2209.0 654.0 ship 0
1804.0 2960.0 1842.0 2960.0 1842.0 3032.0 1804.0 3032.0 ship 0
1885.0 539.0 1903.0 539.0 1903.0 580.0 1885.0 580.0 ship 0
940.0 3569.0 948.0 3569.0 948.0 3582.0 940.0 3582.0 ship 1
2719.0 419.0 2792.0 419.0 2792.0 507.0 2719.0 507.0 bridge 0
3190.0 1507.0 3226.0 1507.0 3226.0 1564.0 3190.0 1564.0 bridge 0
2978.0 1589.0 3048.0 1589.0 3048.0 1704.0 2978.0 1704.0 bridge 0
3420.0 2894.0 3495.0 2894.0 3495.0 2985.0 3420.0 2985.0 bridge 0
3819.0 3307.0 3842.0 3307.0 3842.0 3349.0 3819.0 3349.0 bridge 0
3597.0 3323.0 3675.0 3323.0 3675.0 3424.0 3597.0 3424.0 bridge 0
