4977.0 3377.0 5034.0 3377.0 5034.0 3390.0 4977.0 3390.0 bridge 0
667.0 1778.0 687.0 1778.0 687.0 1801.0 667.0 1801.0 harbor 0
1348.0 52.0 1417.0 52.0 1417.0 90.0 1348.0 90.0 harbor 0
1345.0 15.0 1410.0 15.0 1410.0 69.0 1345.0 69.0 harbor 0
1002.0 465.0 1148.0 465.0 1148.0 520.0 1002.0 520.0 harbor 0
1133.0 1937.0 1156.0 1937.0 1156.0 1960.0 1133.0 1960.0 harbor 0
1140.0 1968.0 1163.0 1968.0 1163.0 1992.0 1140.0 1992.0 harbor 0
761.0 1828.0 777.0 1828.0 777.0 1876.0 761.0 1876.0 harbor 0
589.0 1734.0 612.0 1734.0 612.0 1760.0 589.0 1760.0 harbor 0
1945.0 809.0 2031.0 809.0 2031.0 881.0 1945.0 881.0 harbor 0
539.0 1702.0 561.0 1702.0 561.0 1725.0 539.0 1725.0 harbor 0
491.0 1680.0 509.0 1680.0 509.0 1702.0 491.0 1702.0 harbor 0
426.0 1675.0 444.0 1675.0 444.0 1693.0 426.0 1693.0 harbor 0
361.0 1669.0 378.0 1669.0 378.0 1690.0 361.0 1690.0 harbor 0
290.0 1688.0 306.0 1688.0 306.0 1708.0 290.0 1708.0 harbor 0
219.0 1699.0 235.0 1699.0 235.0 1719.0 219.0 1719.0 harbor 0
1876.0 624.0 1989.0 624.0 1989.0 724.0 1876.0 724.0 bridge 0
1926.0 759.0 1990.0 759.0 1990.0 812.0 1926.0 812.0 harbor 0
4558.0 3696.0 4621.0 3696.0 4621.0 3779.0 4558.0 3779.0 bridge 0
3872.0 1958.0 3930.0 1958.0 3930.0 1983.0 3872.0 1983.0 bridge 0
4393.0 3661.0 4460.0 3661.0 4460.0 3699.0 4393.0 3699.0 bridge 0
4325.0 3430.0 4381.0 3430.0 4381.0 3448.0 4325.0 3448.0 bridge 0
4450.0 3125.0 4504.0 3125.0 4504.0 3209.0 4450.0 3209.0 bridge 0
4079.0 1797.0 4170.0 1797.0 4170.0 1892.0 4079.0 1892.0 harbor 0
3882.0 1723.0 3968.0 1723.0 3968.0 1802.0 3882.0 1802.0 harbor 0
3856.0 1836.0 3936.0 1836.0 3936.0 1880.0 3856.0 1880.0 harbor 0
3863.0 2105.0 3908.0 2105.0 3908.0 2125.0 3863.0 2125.0 bridge 0
2929.0 2218.0 2971.0 2218.0 2971.0 2264.0 2929.0 2264.0 harbor 0
3868.0 2514.0 3909.0 2514.0 3909.0 2549.0 3868.0 2549.0 bridge 0
3831.0 2710.0 3979.0 2710.0 3979.0 2917.0 3831.0 2917.0 harbor 0
4160.0 3247.0 4196.0 3247.0 4196.0 3289.0 4160.0 3289.0 bridge 0
3433.0 2405.0 3470.0 2405.0 3470.0 2419.0 3433.0 2419.0 bridge 0
2773.0 1026.0 2812.0 1026.0 2812.0 1066.0 2773.0 1066.0 harbor 0
2507.0 867.0 2668.0 867.0 2668.0 1044.0 2507.0 1044.0 bridge 0
78.0 1721.0 95.0 1721.0 95.0 1741.0 78.0 1741.0 harbor 0
