4743.0 131.0 4806.0 131.0 4806.0 197.0 4743.0 197.0 bridge 0
4873.0 2147.0 4899.0 2147.0 4899.0 2176.0 4873.0 2176.0 bridge 0
525.0 457.0 561.0 457.0 561.0 496.0 525.0 496.0 bridge 0
16.0 1199.0 58.0 1199.0 58.0 1230.0 16.0 1230.0 bridge 0
360.0 1624.0 390.0 1624.0 390.0 1657.0 360.0 1657.0 bridge 0
674.0 1852.0 718.0 1852.0 718.0 1887.0 674.0 1887.0 bridge 0
1173.0 3923.0 1238.0 3923.0 1238.0 3985.0 1173.0 3985.0 bridge 0
1179.0 2084.0 1196.0 2084.0 1196.0 2112.0 1179.0 2112.0 bridge 0
1355.0 1499.0 1382.0 1499.0 1382.0 1526.0 1355.0 1526.0 bridge 0
1407.0 1019.0 1429.0 1019.0 1429.0 1044.0 1407.0 1044.0 bridge 0
986.0 143.0 1021.0 143.0 1021.0 180.0 986.0 180.0 bridge 0
2164.0 1775.0 2201.0 1775.0 2201.0 1811.0 2164.0 1811.0 bridge 0
2161.0 1575.0 2188.0 1575.0 2188.0 1600.0 2161.0 1600.0 bridge 0
2181.0 1603.0 2208.0 1603.0 2208.0 1629.0 2181.0 1629.0 ship 0
2920.0 3839.0 2939.0 3839.0 2939.0 3856.0 2920.0 3856.0 bridge 0
2760.0 3628.0 2783.0 3628.0 2783.0 3647.0 2760.0 3647.0 bridge 0
2675.0 3447.0 2701.0 3447.0 2701.0 3475.0 2675.0 3475.0 bridge 0
3464.0 3746.0 3496.0 3746.0 3496.0 3781.0 3464.0 3781.0 bridge 0
3441.0 3781.0 3455.0 3781.0 3455.0 3799.0 3441.0 3799.0 bridge 0
3225.0 2581.0 3278.0 2581.0 3278.0 2632.0 3225.0 2632.0 bridge 0
3407.0 2060.0 3435.0 2060.0 3435.0 2094.0 3407.0 2094.0 bridge 0
3621.0 1101.0 3692.0 1101.0 3692.0 1160.0 3621.0 1160.0 bridge 0
3515.0 1024.0 3537.0 1024.0 3537.0 1044.0 3515.0 1044.0 bridge 0
3186.0 775.0 3212.0 775.0 3212.0 799.0 3186.0 799.0 bridge 0
4073.0 476.0 4143.0 476.0 4143.0 529.0 4073.0 529.0 bridge 0
4378.0 547.0 4413.0 547.0 4413.0 586.0 4378.0 586.0 bridge 0
3910.0 1358.0 3937.0 1358.0 3937.0 1385.0 3910.0 1385.0 bridge 0
4019.0 1270.0 4046.0 1270.0 4046.0 1297.0 4019.0 1297.0 bridge 0
4247.0 3484.0 4288.0 3484.0 4288.0 3528.0 4247.0 3528.0 bridge 0
216.0 37.0 254.0 37.0 254.0 89.0 216.0 89.0 bridge 0
