4985.0 1499.0 5027.0 1499.0 5027.0 1536.0 4985.0 1536.0 bridge 0
267.0 1113.0 312.0 1113.0 312.0 1134.0 267.0 1134.0 bridge 0
828.0 2522.0 911.0 2522.0 911.0 2591.0 828.0 2591.0 soccer-ball-field 1
788.0 2508.0 943.0 2508.0 943.0 2608.0 788.0 2608.0 ground-track-field 0
212.0 1399.0 242.0 1399.0 242.0 1426.0 212.0 1426.0 storage-tank 0
5121.0 3267.0 5140.0 3267.0 5140.0 3288.0 5121.0 3288.0 bridge 0
1477.0 2528.0 1507.0 2528.0 1507.0 2571.0 1477.0 2571.0 bridge 0
1532.0 2804.0 1556.0 2804.0 1556.0 2825.0 1532.0 2825.0 bridge 0
1542.0 2849.0 1562.0 2849.0 1562.0 2862.0 1542.0 2862.0 bridge 0
1621.0 3143.0 1654.0 3143.0 1654.0 3164.0 1621.0 3164.0 bridge 0
1657.0 3338.0 1684.0 3338.0 1684.0 3351.0 1657.0 3351.0 bridge 0
1656.0 3464.0 1686.0 3464.0 1686.0 3501.0 1656.0 3501.0 bridge 0
1720.0 3771.0 1743.0 3771.0 1743.0 3796.0 1720.0 3796.0 bridge 0
4363.0 350.0 4392.0 350.0 4392.0 377.0 4363.0 377.0 bridge 0
2050.0 524.0 2079.0 524.0 2079.0 557.0 2050.0 557.0 bridge 0
2575.0 425.0 2609.0 425.0 2609.0 450.0 2575.0 450.0 bridge 0
2829.0 2264.0 2867.0 2264.0 2867.0 2309.0 2829.0 2309.0 bridge 0
2419.0 2341.0 2465.0 2341.0 2465.0 2392.0 2419.0 2392.0 bridge 0
921.0 2461.0 941.0 2461.0 941.0 2492.0 921.0 2492.0 bridge 0
727.0 2512.0 750.0 2512.0 750.0 2547.0 727.0 2547.0 bridge 0
2.0 2690.0 29.0 2690.0 29.0 2729.0 2.0 2729.0 bridge 0
565.0 2554.0 598.0 2554.0 598.0 2598.0 565.0 2598.0 bridge 0
899.0 994.0 929.0 994.0 929.0 1017.0 899.0 1017.0 bridge 0
315.0 1103.0 344.0 1103.0 344.0 1132.0 315.0 1132.0 bridge 0
418.0 2103.0 439.0 2103.0 439.0 2132.0 418.0 2132.0 bridge 0
550.0 3090.0 570.0 3090.0 570.0 3104.0 550.0 3104.0 bridge 0
752.0 3638.0 776.0 3638.0 776.0 3671.0 752.0 3671.0 bridge 0
1613.0 2670.0 1645.0 2670.0 1645.0 2704.0 1613.0 2704.0 storage-tank 0
410.0 1644.0 436.0 1644.0 436.0 1662.0 410.0 1662.0 bridge 0
4769.0 1811.0 4831.0 1811.0 4831.0 1840.0 4769.0 1840.0 bridge 0
493.0 2542.0 509.0 2542.0 509.0 2555.0 493.0 2555.0 bridge 1
4927.0 2690.0 4944.0 2690.0 4944.0 2712.0 4927.0 2712.0 bridge 0
4850.0 2721.0 4867.0 2721.0 4867.0 2743.0 4850.0 2743.0 bridge 0
4554.0 2812.0 4587.0 2812.0 4587.0 2823.0 4554.0 2823.0 bridge 0
4884.0 3877.0 4895.0 3877.0 4895.0 3889.0 4884.0 3889.0 bridge 1
3370.0 3720.0 3379.0 3720.0 3379.0 3733.0 3370.0 3733.0 bridge 1
2234.0 3329.0 2253.0 3329.0 2253.0 3365.0 2234.0 3365.0 bridge 0
2003.0 2425.0 2024.0 2425.0 2024.0 2469.0 2003.0 2469.0 bridge 0
1411.0 552.0 1443.0 552.0 1443.0 593.0 1411.0 593.0 bridge 0
1315.0 571.0 1329.0 571.0 1329.0 588.0 1315.0 588.0 bridge 0
1133.0 529.0 1158.0 529.0 1158.0 558.0 1133.0 558.0 bridge 0
1511.0 632.0 1559.0 632.0 1559.0 657.0 1511.0 657.0 bridge 0
1021.0 809.0 1041.0 809.0 1041.0 824.0 1021.0 824.0 bridge 0
1002.0 747.0 1033.0 747.0 1033.0 794.0 1002.0 794.0 bridge 0
1008.0 1538.0 1039.0 1538.0 1039.0 1555.0 1008.0 1555.0 bridge 0
1271.0 1651.0 1290.0 1651.0 1290.0 1681.0 1271.0 1681.0 bridge 0
1556.0 1747.0 1583.0 1747.0 1583.0 1759.0 1556.0 1759.0 bridge 0
1374.0 2014.0 1396.0 2014.0 1396.0 2044.0 1374.0 2044.0 bridge 0
1627.0 2279.0 1642.0 2279.0 1642.0 2312.0 1627.0 2312.0 bridge 0
1194.0 2381.0 1212.0 2381.0 1212.0 2414.0 1194.0 2414.0 bridge 0
1584.0 3006.0 1619.0 3006.0 1619.0 3025.0 1584.0 3025.0 bridge 0
624.0 3746.0 636.0 3746.0 636.0 3760.0 624.0 3760.0 bridge 1
232.0 3828.0 243.0 3828.0 243.0 3841.0 232.0 3841.0 bridge 1
106.0 3854.0 121.0 3854.0 121.0 3869.0 106.0 3869.0 bridge 1
35.0 3434.0 57.0 3434.0 57.0 3446.0 35.0 3446.0 bridge 0
109.0 2665.0 127.0 2665.0 127.0 2697.0 109.0 2697.0 bridge 0
462.0 2860.0 505.0 2860.0 505.0 2918.0 462.0 2918.0 bridge 0
