2905.0 1141.0 2956.0 1141.0 2956.0 1176.0 2905.0 1176.0 bridge 0
4252.0 343.0 4266.0 343.0 4266.0 363.0 4252.0 363.0 bridge 0
4404.0 2594.0 4464.0 2594.0 4464.0 2609.0 4404.0 2609.0 ship 0
4550.0 2641.0 4591.0 2641.0 4591.0 2655.0 4550.0 2655.0 ship 0
4309.0 2632.0 4367.0 2632.0 4367.0 2647.0 4309.0 2647.0 ship 0
4112.0 2794.0 4146.0 2794.0 4146.0 2827.0 4112.0 2827.0 ship 0
4049.0 2816.0 4094.0 2816.0 4094.0 2864.0 4049.0 2864.0 ship 0
3927.0 2805.0 3975.0 2805.0 3975.0 2857.0 3927.0 2857.0 ship 0
691.0 200.0 706.0 200.0 706.0 218.0 691.0 218.0 bridge 0
4469.0 336.0 4480.0 336.0 4480.0 354.0 4469.0 354.0 bridge 0
4305.0 1475.0 4345.0 1475.0 4345.0 1519.0 4305.0 1519.0 bridge 0
4796.0 2618.0 4851.0 2618.0 4851.0 2644.0 4796.0 2644.0 ship 0
4076.0 339.0 4090.0 339.0 4090.0 359.0 4076.0 359.0 bridge 0
4389.0 1798.0 4406.0 1798.0 4406.0 1824.0 4389.0 1824.0 bridge 0
3928.0 2153.0 3947.0 2153.0 3947.0 2167.0 3928.0 2167.0 bridge 0
4333.0 2023.0 4347.0 2023.0 4347.0 2058.0 4333.0 2058.0 bridge 0
5034.0 2085.0 5058.0 2085.0 5058.0 2101.0 5034.0 2101.0 bridge 0
4932.0 2262.0 4955.0 2262.0 4955.0 2284.0 4932.0 2284.0 bridge 0
5109.0 1859.0 5133.0 1859.0 5133.0 1873.0 5109.0 1873.0 bridge 0
581.0 1301.0 604.0 1301.0 604.0 1339.0 581.0 1339.0 bridge 0
4703.0 2633.0 4752.0 2633.0 4752.0 2655.0 4703.0 2655.0 ship 0
4561.0 2572.0 4631.0 2572.0 4631.0 2607.0 4561.0 2607.0 ship 0
142.0 3808.0 162.0 3808.0 162.0 3824.0 142.0 3824.0 bridge 0
1574.0 3501.0 1595.0 3501.0 1595.0 3517.0 1574.0 3517.0 bridge 0
100.0 561.0 115.0 561.0 115.0 584.0 100.0 584.0 bridge 0
875.0 764.0 925.0 764.0 925.0 808.0 875.0 808.0 bridge 0
987.0 864.0 1008.0 864.0 1008.0 902.0 987.0 902.0 bridge 0
1017.0 1763.0 1037.0 1763.0 1037.0 1777.0 1017.0 1777.0 bridge 0
1155.0 2115.0 1174.0 2115.0 1174.0 2128.0 1155.0 2128.0 bridge 0
1303.0 3537.0 1322.0 3537.0 1322.0 3558.0 1303.0 3558.0 bridge 0
1174.0 3656.0 1188.0 3656.0 1188.0 3675.0 1174.0 3675.0 bridge 0
1484.0 3203.0 1502.0 3203.0 1502.0 3217.0 1484.0 3217.0 bridge 0
998.0 3807.0 1016.0 3807.0 1016.0 3828.0 998.0 3828.0 bridge 0
4660.0 2515.0 4728.0 2515.0 4728.0 2548.0 4660.0 2548.0 ship 0
1742.0 1369.0 1758.0 1369.0 1758.0 1394.0 1742.0 1394.0 bridge 0
1899.0 1442.0 1918.0 1442.0 1918.0 1471.0 1899.0 1471.0 bridge 0
1921.0 1456.0 1936.0 1456.0 1936.0 1484.0 1921.0 1484.0 bridge 0
3783.0 2185.0 3821.0 2185.0 3821.0 2205.0 3783.0 2205.0 bridge 0
3785.0 3169.0 3832.0 3169.0 3832.0 3229.0 3785.0 3229.0 ship 0
3480.0 3514.0 3528.0 3514.0 3528.0 3573.0 3480.0 3573.0 ship 0
3249.0 3802.0 3298.0 3802.0 3298.0 3860.0 3249.0 3860.0 ship 0
3871.0 2978.0 3919.0 2978.0 3919.0 3038.0 3871.0 3038.0 ship 0
854.0 671.0 882.0 671.0 882.0 683.0 854.0 683.0 bridge 0
1336.0 2750.0 1358.0 2750.0 1358.0 2770.0 1336.0 2770.0 bridge 0
2947.0 1128.0 3002.0 1128.0 3002.0 1159.0 2947.0 1159.0 bridge 0
1694.0 2408.0 1710.0 2408.0 1710.0 2424.0 1694.0 2424.0 bridge 0
2237.0 3092.0 2252.0 3092.0 2252.0 3112.0 2237.0 3112.0 bridge 0
2372.0 1983.0 2414.0 1983.0 2414.0 2032.0 2372.0 2032.0 bridge 0
2394.0 2009.0 2431.0 2009.0 2431.0 2057.0 2394.0 2057.0 bridge 0
3345.0 363.0 3389.0 363.0 3389.0 386.0 3345.0 386.0 bridge 0
3380.0 365.0 3419.0 365.0 3419.0 389.0 3380.0 389.0 bridge 0
3407.0 2966.0 3425.0 2966.0 3425.0 2982.0 3407.0 2982.0 roundabout 0
1359.0 2804.0 1378.0 2804.0 1378.0 2833.0 1359.0 2833.0 bridge 0
1368.0 2832.0 1387.0 2832.0 1387.0 2870.0 1368.0 2870.0 bridge 0
1050.0 1860.0 1075.0 1860.0 1075.0 1884.0 1050.0 1884.0 bridge 0
1792.0 3266.0 1820.0 3266.0 1820.0 3295.0 1792.0 3295.0 bridge 0
1413.0 1165.0 1482.0 1165.0 1482.0 1203.0 1413.0 1203.0 bridge 0
971.0 594.0 991.0 594.0 991.0 610.0 971.0 610.0 bridge 0
2311.0 310.0 2334.0 310.0 2334.0 329.0 2311.0 329.0 bridge 0
2249.0 309.0 2301.0 309.0 2301.0 324.0 2249.0 324.0 bridge 0
2608.0 1259.0 2620.0 1259.0 2620.0 1276.0 2608.0 1276.0 bridge 1
2686.0 2909.0 2699.0 2909.0 2699.0 2924.0 2686.0 2924.0 bridge 1
3012.0 3298.0 3038.0 3298.0 3038.0 3320.0 3012.0 3320.0 bridge 0
2944.0 2016.0 2960.0 2016.0 2960.0 2033.0 2944.0 2033.0 bridge 0
2384.0 3032.0 2399.0 3032.0 2399.0 3052.0 2384.0 3052.0 bridge 0
1749.0 3282.0 1778.0 3282.0 1778.0 3310.0 1749.0 3310.0 bridge 0
3396.0 1882.0 3407.0 1882.0 3407.0 1909.0 3396.0 1909.0 bridge 0
4413.0 3258.0 4439.0 3258.0 4439.0 3273.0 4413.0 3273.0 bridge 0
3576.0 1831.0 3590.0 1831.0 3590.0 1851.0 3576.0 1851.0 bridge 0
3392.0 992.0 3401.0 992.0 3401.0 1009.0 3392.0 1009.0 bridge 0
3426.0 372.0 3439.0 372.0 3439.0 392.0 3426.0 392.0 bridge 0
3697.0 384.0 3706.0 384.0 3706.0 404.0 3697.0 404.0 bridge 0
3830.0 524.0 3851.0 524.0 3851.0 560.0 3830.0 560.0 bridge 0
4470.0 2757.0 4487.0 2757.0 4487.0 2768.0 4470.0 2768.0 bridge 0
4767.0 3725.0 4787.0 3725.0 4787.0 3737.0 4767.0 3737.0 bridge 0
4524.0 2940.0 4546.0 2940.0 4546.0 2960.0 4524.0 2960.0 bridge 0
5144.0 1587.0 5182.0 1587.0 5182.0 1623.0 5144.0 1623.0 bridge 0
1518.0 320.0 1534.0 320.0 1534.0 343.0 1518.0 343.0 bridge 0
5175.0 1196.0 5198.0 1196.0 5198.0 1210.0 5175.0 1210.0 bridge 0
5168.0 1301.0 5193.0 1301.0 5193.0 1318.0 5168.0 1318.0 bridge 0
5095.0 2176.0 5115.0 2176.0 5115.0 2192.0 5095.0 2192.0 bridge 0
5103.0 764.0 5124.0 764.0 5124.0 781.0 5103.0 781.0 bridge 0
4274.0 1691.0 4290.0 1691.0 4290.0 1714.0 4274.0 1714.0 bridge 0
4484.0 3428.0 4504.0 3428.0 4504.0 3441.0 4484.0 3441.0 bridge 0
1742.0 3838.0 1762.0 3838.0 1762.0 3853.0 1742.0 3853.0 bridge 0
1265.0 2535.0 1283.0 2535.0 1283.0 2545.0 1265.0 2545.0 bridge 0
209.0 475.0 232.0 475.0 232.0 506.0 209.0 506.0 bridge 0
