5154.0 1688.0 5167.0 1688.0 5167.0 1701.0 5154.0 1701.0 bridge 1
2058.0 976.0 2098.0 976.0 2098.0 1014.0 2058.0 1014.0 ship 0
1432.0 1417.0 1480.0 1417.0 1480.0 1454.0 1432.0 1454.0 ship 0
1435.0 1428.0 1482.0 1428.0 1482.0 1464.0 1435.0 1464.0 ship 0
1504.0 2067.0 1554.0 2067.0 1554.0 2108.0 1504.0 2108.0 bridge 0
1219.0 3502.0 1232.0 3502.0 1232.0 3520.0 1219.0 3520.0 bridge 0
464.0 2420.0 485.0 2420.0 485.0 2435.0 464.0 2435.0 bridge 0
974.0 1171.0 1001.0 1171.0 1001.0 1195.0 974.0 1195.0 bridge 0
687.0 68.0 704.0 68.0 704.0 84.0 687.0 84.0 bridge 1
1895.0 141.0 1917.0 141.0 1917.0 157.0 1895.0 157.0 bridge 0
2041.0 397.0 2067.0 397.0 2067.0 420.0 2041.0 420.0 bridge 0
2273.0 985.0 2303.0 985.0 2303.0 1015.0 2273.0 1015.0 ship 0
2476.0 713.0 2582.0 713.0 2582.0 805.0 2476.0 805.0 ship 0
2391.0 746.0 2440.0 746.0 2440.0 796.0 2391.0 796.0 ship 0
2062.0 886.0 2121.0 886.0 2121.0 940.0 2062.0 940.0 ship 0
2733.0 2732.0 2789.0 2732.0 2789.0 2748.0 2733.0 2748.0 bridge 0
2053.0 874.0 2111.0 874.0 2111.0 929.0 2053.0 929.0 ship 0
2692.0 361.0 2730.0 361.0 2730.0 423.0 2692.0 423.0 ship 0
2225.0 3837.0 2251.0 3837.0 2251.0 3857.0 2225.0 3857.0 bridge 0
1498.0 3910.0 1514.0 3910.0 1514.0 3929.0 1498.0 3929.0 bridge 0
1144.0 1191.0 1184.0 1191.0 1184.0 1229.0 1144.0 1229.0 ship 0
1112.0 1224.0 1153.0 1224.0 1153.0 1261.0 1112.0 1261.0 ship 0
1102.0 1299.0 1157.0 1299.0 1157.0 1358.0 1102.0 1358.0 ship 0
1149.0 1336.0 1184.0 1336.0 1184.0 1373.0 1149.0 1373.0 ship 0
1177.0 1369.0 1213.0 1369.0 1213.0 1409.0 1177.0 1409.0 ship 0
1082.0 1247.0 1111.0 1247.0 1111.0 1292.0 1082.0 1292.0 ship 0
1090.0 1252.0 1116.0 1252.0 1116.0 1295.0 1090.0 1295.0 ship 0
4055.0 2496.0 4081.0 2496.0 4081.0 2522.0 4055.0 2522.0 bridge 0
1422.0 1410.0 1473.0 1410.0 1473.0 1448.0 1422.0 1448.0 ship 0
1410.0 1401.0 1464.0 1401.0 1464.0 1445.0 1410.0 1445.0 ship 0
1404.0 1312.0 1795.0 1312.0 1795.0 1687.0 1404.0 1687.0 bridge 0
1791.0 1372.0 1848.0 1372.0 1848.0 1433.0 1791.0 1433.0 ship 0
1.0 3031.0 30.0 3031.0 30.0 3059.0 1.0 3059.0 ship 1
209.0 3081.0 270.0 3081.0 270.0 3121.0 209.0 3121.0 ship 0
337.0 3050.0 401.0 3050.0 401.0 3094.0 337.0 3094.0 ship 0
279.0 3008.0 332.0 3008.0 332.0 3051.0 279.0 3051.0 ship 0
446.0 2969.0 504.0 2969.0 504.0 3009.0 446.0 3009.0 ship 0
646.0 2767.0 698.0 2767.0 698.0 2828.0 646.0 2828.0 ship 0
592.0 2895.0 639.0 2895.0 639.0 2939.0 592.0 2939.0 ship 0
670.0 2845.0 715.0 2845.0 715.0 2899.0 670.0 2899.0 ship 0
757.0 2766.0 799.0 2766.0 799.0 2820.0 757.0 2820.0 ship 0
550.0 2629.0 577.0 2629.0 577.0 2656.0 550.0 2656.0 bridge 0
980.0 2416.0 1023.0 2416.0 1023.0 2469.0 980.0 2469.0 ship 0
498.0 213.0 545.0 213.0 545.0 258.0 498.0 258.0 bridge 0
471.0 259.0 489.0 259.0 489.0 278.0 471.0 278.0 bridge 0
236.0 425.0 258.0 425.0 258.0 435.0 236.0 435.0 ship 1
38.0 1395.0 55.0 1395.0 55.0 1410.0 38.0 1410.0 bridge 0
153.0 1677.0 171.0 1677.0 171.0 1691.0 153.0 1691.0 bridge 0
352.0 2145.0 371.0 2145.0 371.0 2157.0 352.0 2157.0 bridge 0
1139.0 2205.0 1178.0 2205.0 1178.0 2254.0 1139.0 2254.0 ship 0
1376.0 1939.0 1414.0 1939.0 1414.0 1994.0 1376.0 1994.0 ship 0
1308.0 1979.0 1355.0 1979.0 1355.0 2051.0 1308.0 2051.0 ship 0
1212.0 2078.0 1251.0 2078.0 1251.0 2129.0 1212.0 2129.0 ship 0
1310.0 1744.0 1347.0 1744.0 1347.0 1788.0 1310.0 1788.0 ship 0
1221.0 1684.0 1275.0 1684.0 1275.0 1747.0 1221.0 1747.0 ship 0
1182.0 1848.0 1221.0 1848.0 1221.0 1910.0 1182.0 1910.0 ship 0
1170.0 1845.0 1209.0 1845.0 1209.0 1906.0 1170.0 1906.0 ship 0
4447.0 44.0 4466.0 44.0 4466.0 63.0 4447.0 63.0 bridge 0
4171.0 139.0 4183.0 139.0 4183.0 155.0 4171.0 155.0 bridge 1
4860.0 11.0 4878.0 11.0 4878.0 23.0 4860.0 23.0 bridge 0
2788.0 29.0 2891.0 29.0 2891.0 150.0 2788.0 150.0 ship 0
2834.0 90.0 2878.0 90.0 2878.0 138.0 2834.0 138.0 ship 0
2517.0 2773.0 2527.0 2773.0 2527.0 2785.0 2517.0 2785.0 bridge 1
2313.0 2807.0 2324.0 2807.0 2324.0 2820.0 2313.0 2820.0 bridge 1
2077.0 2848.0 2086.0 2848.0 2086.0 2863.0 2077.0 2863.0 bridge 1
1714.0 2910.0 1724.0 2910.0 1724.0 2927.0 1714.0 2927.0 bridge 0
3517.0 3522.0 3539.0 3522.0 3539.0 3539.0 3517.0 3539.0 bridge 0
3143.0 2660.0 3165.0 2660.0 3165.0 2673.0 3143.0 2673.0 bridge 0
2905.0 2706.0 2913.0 2706.0 2913.0 2718.0 2905.0 2718.0 bridge 1
3521.0 2597.0 3543.0 2597.0 3543.0 2612.0 3521.0 2612.0 bridge 0
4418.0 2431.0 4444.0 2431.0 4444.0 2457.0 4418.0 2457.0 bridge 0
4407.0 2439.0 4427.0 2439.0 4427.0 2458.0 4407.0 2458.0 bridge 0
4473.0 2431.0 4483.0 2431.0 4483.0 2446.0 4473.0 2446.0 bridge 1
5069.0 2629.0 5146.0 2629.0 5146.0 2696.0 5069.0 2696.0 bridge 0
4615.0 518.0 4632.0 518.0 4632.0 535.0 4615.0 535.0 bridge 0
4946.0 1019.0 4962.0 1019.0 4962.0 1038.0 4946.0 1038.0 bridge 0
4887.0 1764.0 4900.0 1764.0 4900.0 1779.0 4887.0 1779.0 bridge 1
4508.0 3285.0 4532.0 3285.0 4532.0 3311.0 4508.0 3311.0 bridge 0
4779.0 3190.0 4804.0 3190.0 4804.0 3213.0 4779.0 3213.0 bridge 0
4963.0 3122.0 4996.0 3122.0 4996.0 3153.0 4963.0 3153.0 bridge 0
5077.0 3088.0 5103.0 3088.0 5103.0 3114.0 5077.0 3114.0 bridge 0
4566.0 3634.0 4587.0 3634.0 4587.0 3660.0 4566.0 3660.0 bridge 0
4629.0 3899.0 4650.0 3899.0 4650.0 3927.0 4629.0 3927.0 bridge 0
4999.0 449.0 5016.0 449.0 5016.0 462.0 4999.0 462.0 bridge 0
4969.0 409.0 4979.0 409.0 4979.0 423.0 4969.0 423.0 bridge 1
1993.0 1900.0 2057.0 1900.0 2057.0 1920.0 1993.0 1920.0 bridge 0
2824.0 79.0 2871.0 79.0 2871.0 134.0 2824.0 134.0 ship 0
2589.0 880.0 2623.0 880.0 2623.0 910.0 2589.0 910.0 ship 0
3339.0 427.0 3353.0 427.0 3353.0 443.0 3339.0 443.0 bridge 1
2592.0 866.0 2626.0 866.0 2626.0 896.0 2592.0 896.0 ship 0
3740.0 985.0 3774.0 985.0 3774.0 1017.0 3740.0 1017.0 bridge 0
3825.0 883.0 3859.0 883.0 3859.0 924.0 3825.0 924.0 bridge 0
3604.0 865.0 3644.0 865.0 3644.0 908.0 3604.0 908.0 ship 0
3559.0 813.0 3610.0 813.0 3610.0 865.0 3559.0 865.0 ship 0
3499.0 749.0 3542.0 749.0 3542.0 793.0 3499.0 793.0 ship 0
3506.0 742.0 3553.0 742.0 3553.0 788.0 3506.0 788.0 ship 0
3480.0 696.0 3523.0 696.0 3523.0 741.0 3480.0 741.0 ship 0
3471.0 702.0 3514.0 702.0 3514.0 748.0 3471.0 748.0 ship 0
3462.0 709.0 3504.0 709.0 3504.0 753.0 3462.0 753.0 ship 0
3315.0 563.0 3363.0 563.0 3363.0 602.0 3315.0 602.0 ship 0
3307.0 570.0 3358.0 570.0 3358.0 611.0 3307.0 611.0 ship 0
3304.0 581.0 3351.0 581.0 3351.0 619.0 3304.0 619.0 ship 0
3419.0 613.0 3470.0 613.0 3470.0 659.0 3419.0 659.0 ship 0
3405.0 617.0 3462.0 617.0 3462.0 670.0 3405.0 670.0 ship 0
3404.0 632.0 3448.0 632.0 3448.0 672.0 3404.0 672.0 ship 0
3392.0 637.0 3444.0 637.0 3444.0 684.0 3392.0 684.0 ship 0
3355.0 612.0 3381.0 612.0 3381.0 630.0 3355.0 630.0 ship 0
3352.0 617.0 3379.0 617.0 3379.0 637.0 3352.0 637.0 ship 0
3162.0 3599.0 3217.0 3599.0 3217.0 3623.0 3162.0 3623.0 bridge 0
3033.0 3634.0 3057.0 3634.0 3057.0 3658.0 3033.0 3658.0 bridge 0
2934.0 3661.0 2945.0 3661.0 2945.0 3678.0 2934.0 3678.0 bridge 0
2885.0 1746.0 2896.0 1746.0 2896.0 1761.0 2885.0 1761.0 bridge 1
3258.0 1679.0 3266.0 1679.0 3266.0 1692.0 3258.0 1692.0 bridge 1
2536.0 328.0 2881.0 328.0 2881.0 705.0 2536.0 705.0 bridge 0
2515.0 357.0 2857.0 357.0 2857.0 726.0 2515.0 726.0 bridge 0
841.0 3783.0 867.0 3783.0 867.0 3797.0 841.0 3797.0 bridge 0
