1780.0 2285.0 1823.0 2285.0 1823.0 2330.0 1780.0 2330.0 bridge 0
1329.0 3961.0 1364.0 3961.0 1364.0 3990.0 1329.0 3990.0 bridge 0
1774.0 3006.0 1801.0 3006.0 1801.0 3049.0 1774.0 3049.0 bridge 0
1820.0 2985.0 1867.0 2985.0 1867.0 3026.0 1820.0 3026.0 bridge 0
1877.0 2975.0 1899.0 2975.0 1899.0 3004.0 1877.0 3004.0 bridge 0
1905.0 2961.0 1940.0 2961.0 1940.0 2995.0 1905.0 2995.0 bridge 0
1562.0 3081.0 1604.0 3081.0 1604.0 3106.0 1562.0 3106.0 bridge 0
1571.0 3074.0 1596.0 3074.0 1596.0 3119.0 1571.0 3119.0 bridge 0
1020.0 3900.0 1040.0 3900.0 1040.0 3910.0 1020.0 3910.0 bridge 0
2077.0 2080.0 2100.0 2080.0 2100.0 2107.0 2077.0 2107.0 bridge 0
1997.0 3380.0 2015.0 3380.0 2015.0 3412.0 1997.0 3412.0 bridge 0
2225.0 3405.0 2248.0 3405.0 2248.0 3424.0 2225.0 3424.0 bridge 0
2127.0 3531.0 2144.0 3531.0 2144.0 3552.0 2127.0 3552.0 bridge 0
2040.0 3606.0 2058.0 3606.0 2058.0 3624.0 2040.0 3624.0 bridge 1
2317.0 2822.0 2339.0 2822.0 2339.0 2850.0 2317.0 2850.0 bridge 0
2277.0 1943.0 2301.0 1943.0 2301.0 1971.0 2277.0 1971.0 bridge 0
1719.0 2335.0 1747.0 2335.0 1747.0 2365.0 1719.0 2365.0 bridge 0
1485.0 2462.0 1503.0 2462.0 1503.0 2483.0 1485.0 2483.0 bridge 0
1048.0 1229.0 1069.0 1229.0 1069.0 1254.0 1048.0 1254.0 bridge 0
1025.0 1016.0 1046.0 1016.0 1046.0 1042.0 1025.0 1042.0 bridge 0
789.0 3933.0 805.0 3933.0 805.0 3942.0 789.0 3942.0 bridge 0
1126.0 3239.0 1142.0 3239.0 1142.0 3266.0 1126.0 3266.0 bridge 0
1089.0 3244.0 1124.0 3244.0 1124.0 3275.0 1089.0 3275.0 bridge 0
920.0 3309.0 932.0 3309.0 932.0 3337.0 920.0 3337.0 bridge 0
866.0 3697.0 886.0 3697.0 886.0 3712.0 866.0 3712.0 bridge 0
770.0 3723.0 789.0 3723.0 789.0 3739.0 770.0 3739.0 bridge 0
413.0 3474.0 446.0 3474.0 446.0 3507.0 413.0 3507.0 bridge 0
683.0 2516.0 700.0 2516.0 700.0 2544.0 683.0 2544.0 bridge 0
224.0 2473.0 258.0 2473.0 258.0 2504.0 224.0 2504.0 bridge 0
362.0 2517.0 395.0 2517.0 395.0 2531.0 362.0 2531.0 bridge 0
333.0 1469.0 345.0 1469.0 345.0 1493.0 333.0 1493.0 bridge 0
515.0 1471.0 528.0 1471.0 528.0 1487.0 515.0 1487.0 bridge 0
640.0 1083.0 653.0 1083.0 653.0 1107.0 640.0 1107.0 bridge 0
2306.0 1948.0 2344.0 1948.0 2344.0 1977.0 2306.0 1977.0 bridge 0
1925.0 2208.0 1939.0 2208.0 1939.0 2224.0 1925.0 2224.0 bridge 0
1900.0 626.0 1946.0 626.0 1946.0 651.0 1900.0 651.0 bridge 0
3716.0 987.0 3741.0 987.0 3741.0 1007.0 3716.0 1007.0 bridge 0
3890.0 3364.0 3906.0 3364.0 3906.0 3385.0 3890.0 3385.0 bridge 0
3588.0 2056.0 3631.0 2056.0 3631.0 2116.0 3588.0 2116.0 bridge 0
3817.0 1866.0 3834.0 1866.0 3834.0 1894.0 3817.0 1894.0 bridge 0
3601.0 1487.0 3623.0 1487.0 3623.0 1510.0 3601.0 1510.0 bridge 0
3464.0 1587.0 3489.0 1587.0 3489.0 1604.0 3464.0 1604.0 bridge 0
3868.0 1456.0 3901.0 1456.0 3901.0 1480.0 3868.0 1480.0 bridge 0
3371.0 656.0 3389.0 656.0 3389.0 682.0 3371.0 682.0 bridge 0
2206.0 3794.0 2226.0 3794.0 2226.0 3816.0 2206.0 3816.0 bridge 0
2948.0 825.0 2971.0 825.0 2971.0 850.0 2948.0 850.0 bridge 0
1777.0 644.0 1798.0 644.0 1798.0 664.0 1777.0 664.0 bridge 0
1789.0 1223.0 1808.0 1223.0 1808.0 1238.0 1789.0 1238.0 bridge 0
1448.0 739.0 1475.0 739.0 1475.0 776.0 1448.0 776.0 bridge 0
1286.0 1050.0 1312.0 1050.0 1312.0 1079.0 1286.0 1079.0 bridge 0
552.0 1278.0 581.0 1278.0 581.0 1304.0 552.0 1304.0 bridge 0
2476.0 1848.0 2500.0 1848.0 2500.0 1879.0 2476.0 1879.0 bridge 0
2573.0 1888.0 2593.0 1888.0 2593.0 1917.0 2573.0 1917.0 bridge 0
2680.0 2262.0 2725.0 2262.0 2725.0 2325.0 2680.0 2325.0 bridge 0
2707.0 2607.0 2729.0 2607.0 2729.0 2632.0 2707.0 2632.0 bridge 0
2888.0 2478.0 2900.0 2478.0 2900.0 2511.0 2888.0 2511.0 bridge 0
3122.0 3026.0 3142.0 3026.0 3142.0 3041.0 3122.0 3041.0 bridge 0
3317.0 2748.0 3348.0 2748.0 3348.0 2773.0 3317.0 2773.0 bridge 0
3428.0 2625.0 3456.0 2625.0 3456.0 2653.0 3428.0 2653.0 bridge 0
3172.0 2549.0 3203.0 2549.0 3203.0 2578.0 3172.0 2578.0 bridge 0
3279.0 3954.0 3305.0 3954.0 3305.0 3970.0 3279.0 3970.0 bridge 0
3198.0 3559.0 3223.0 3559.0 3223.0 3579.0 3198.0 3579.0 bridge 0
2855.0 3326.0 2871.0 3326.0 2871.0 3342.0 2855.0 3342.0 bridge 0
2786.0 3370.0 2800.0 3370.0 2800.0 3391.0 2786.0 3391.0 bridge 0
2636.0 3588.0 2657.0 3588.0 2657.0 3609.0 2636.0 3609.0 bridge 0
2467.0 3684.0 2485.0 3684.0 2485.0 3705.0 2467.0 3705.0 bridge 0
2354.0 3739.0 2373.0 3739.0 2373.0 3763.0 2354.0 3763.0 bridge 0
2117.0 3839.0 2131.0 3839.0 2131.0 3856.0 2117.0 3856.0 bridge 0
745.0 720.0 768.0 720.0 768.0 743.0 745.0 743.0 bridge 0
