3553.0 101.0 3569.0 101.0 3569.0 119.0 3553.0 119.0 bridge 0
3618.0 523.0 3634.0 523.0 3634.0 549.0 3618.0 549.0 bridge 0
1523.0 1748.0 1554.0 1748.0 1554.0 1779.0 1523.0 1779.0 bridge 0
1513.0 1808.0 1534.0 1808.0 1534.0 1828.0 1513.0 1828.0 bridge 0
1330.0 2166.0 1354.0 2166.0 1354.0 2193.0 1330.0 2193.0 bridge 0
1311.0 2174.0 1338.0 2174.0 1338.0 2203.0 1311.0 2203.0 bridge 0
1544.0 2984.0 1592.0 2984.0 1592.0 3025.0 1544.0 3025.0 bridge 0
1500.0 2991.0 1515.0 2991.0 1515.0 3027.0 1500.0 3027.0 bridge 0
1513.0 3727.0 1525.0 3727.0 1525.0 3760.0 1513.0 3760.0 bridge 0
1275.0 3675.0 1284.0 3675.0 1284.0 3700.0 1275.0 3700.0 bridge 0
665.0 3115.0 687.0 3115.0 687.0 3141.0 665.0 3141.0 bridge 0
939.0 3076.0 946.0 3076.0 946.0 3100.0 939.0 3100.0 bridge 0
292.0 3663.0 316.0 3663.0 316.0 3680.0 292.0 3680.0 bridge 0
326.0 3735.0 367.0 3735.0 367.0 3786.0 326.0 3786.0 bridge 0
145.0 2563.0 169.0 2563.0 169.0 2576.0 145.0 2576.0 bridge 0
328.0 2453.0 347.0 2453.0 347.0 2481.0 328.0 2481.0 bridge 0
2196.0 3846.0 2230.0 3846.0 2230.0 3874.0 2196.0 3874.0 bridge 0
1935.0 3346.0 1971.0 3346.0 1971.0 3391.0 1935.0 3391.0 bridge 0
1956.0 2752.0 1988.0 2752.0 1988.0 2797.0 1956.0 2797.0 bridge 0
2076.0 1374.0 2089.0 1374.0 2089.0 1408.0 2076.0 1408.0 bridge 0
1681.0 3786.0 1691.0 3786.0 1691.0 3805.0 1681.0 3805.0 bridge 0
2160.0 1387.0 2182.0 1387.0 2182.0 1419.0 2160.0 1419.0 bridge 0
2083.0 1309.0 2112.0 1309.0 2112.0 1334.0 2083.0 1334.0 bridge 0
1635.0 633.0 1659.0 633.0 1659.0 656.0 1635.0 656.0 bridge 0
1069.0 1299.0 1112.0 1299.0 1112.0 1338.0 1069.0 1338.0 bridge 0
1298.0 54.0 1359.0 54.0 1359.0 76.0 1298.0 76.0 bridge 0
2000.0 57.0 2065.0 57.0 2065.0 79.0 2000.0 79.0 bridge 0
2918.0 80.0 2956.0 80.0 2956.0 101.0 2918.0 101.0 bridge 0
1491.0 198.0 1517.0 198.0 1517.0 209.0 1491.0 209.0 bridge 0
1490.0 242.0 1513.0 242.0 1513.0 261.0 1490.0 261.0 bridge 0
1018.0 1318.0 1046.0 1318.0 1046.0 1349.0 1018.0 1349.0 bridge 0
1035.0 1312.0 1064.0 1312.0 1064.0 1342.0 1035.0 1342.0 bridge 0
1050.0 1311.0 1089.0 1311.0 1089.0 1345.0 1050.0 1345.0 bridge 0
1114.0 1296.0 1126.0 1296.0 1126.0 1326.0 1114.0 1326.0 bridge 0
1621.0 612.0 1647.0 612.0 1647.0 633.0 1621.0 633.0 bridge 0
1179.0 972.0 1200.0 972.0 1200.0 990.0 1179.0 990.0 bridge 0
1117.0 1607.0 1141.0 1607.0 1141.0 1632.0 1117.0 1632.0 bridge 0
1135.0 1601.0 1159.0 1601.0 1159.0 1626.0 1135.0 1626.0 bridge 0
1154.0 1598.0 1167.0 1598.0 1167.0 1619.0 1154.0 1619.0 bridge 0
1334.0 1560.0 1360.0 1560.0 1360.0 1586.0 1334.0 1586.0 bridge 0
1641.0 1241.0 1671.0 1241.0 1671.0 1271.0 1641.0 1271.0 bridge 0
1985.0 1179.0 2026.0 1179.0 2026.0 1193.0 1985.0 1193.0 bridge 0
1820.0 918.0 1850.0 918.0 1850.0 941.0 1820.0 941.0 bridge 0
2483.0 546.0 2496.0 546.0 2496.0 572.0 2483.0 572.0 bridge 0
2510.0 551.0 2560.0 551.0 2560.0 573.0 2510.0 573.0 bridge 0
2521.0 1073.0 2583.0 1073.0 2583.0 1135.0 2521.0 1135.0 bridge 0
2673.0 3173.0 2704.0 3173.0 2704.0 3205.0 2673.0 3205.0 bridge 0
2896.0 3000.0 2916.0 3000.0 2916.0 3019.0 2896.0 3019.0 bridge 1
3161.0 3711.0 3181.0 3711.0 3181.0 3730.0 3161.0 3730.0 bridge 0
3387.0 3543.0 3402.0 3543.0 3402.0 3558.0 3387.0 3558.0 bridge 1
3045.0 3795.0 3077.0 3795.0 3077.0 3831.0 3045.0 3831.0 bridge 0
3059.0 3740.0 3133.0 3740.0 3133.0 3796.0 3059.0 3796.0 bridge 0
3626.0 3773.0 3640.0 3773.0 3640.0 3791.0 3626.0 3791.0 bridge 0
3874.0 3815.0 3907.0 3815.0 3907.0 3841.0 3874.0 3841.0 bridge 0
3676.0 1582.0 3707.0 1582.0 3707.0 1608.0 3676.0 1608.0 bridge 0
2693.0 3159.0 2725.0 3159.0 2725.0 3191.0 2693.0 3191.0 bridge 0
3353.0 3340.0 3368.0 3340.0 3368.0 3349.0 3353.0 3349.0 bridge 1
2268.0 3967.0 2365.0 3967.0 2365.0 3999.0 2268.0 3999.0 bridge 0
3164.0 1786.0 3304.0 1786.0 3304.0 1936.0 3164.0 1936.0 ground-track-field 0
818.0 734.0 849.0 734.0 849.0 770.0 818.0 770.0 bridge 0
843.0 745.0 874.0 745.0 874.0 782.0 843.0 782.0 bridge 0
1761.0 3805.0 1819.0 3805.0 1819.0 3843.0 1761.0 3843.0 bridge 0
2431.0 3136.0 2502.0 3136.0 2502.0 3175.0 2431.0 3175.0 bridge 0
3389.0 560.0 3436.0 560.0 3436.0 587.0 3389.0 587.0 bridge 0
3413.0 534.0 3463.0 534.0 3463.0 560.0 3413.0 560.0 bridge 0
3293.0 3492.0 3310.0 3492.0 3310.0 3510.0 3293.0 3510.0 bridge 1
3742.0 2144.0 3765.0 2144.0 3765.0 2161.0 3742.0 2161.0 bridge 0
2625.0 988.0 2652.0 988.0 2652.0 1015.0 2625.0 1015.0 bridge 0
3289.0 1471.0 3320.0 1471.0 3320.0 1507.0 3289.0 1507.0 bridge 0
2416.0 1454.0 2438.0 1454.0 2438.0 1483.0 2416.0 1483.0 bridge 0
2368.0 1438.0 2379.0 1438.0 2379.0 1459.0 2368.0 1459.0 bridge 0
2479.0 1487.0 2495.0 1487.0 2495.0 1517.0 2479.0 1517.0 bridge 0
2880.0 1844.0 2911.0 1844.0 2911.0 1872.0 2880.0 1872.0 bridge 0
2891.0 1859.0 2918.0 1859.0 2918.0 1881.0 2891.0 1881.0 bridge 0
2892.0 1683.0 2913.0 1683.0 2913.0 1717.0 2892.0 1717.0 bridge 0
2872.0 1693.0 2895.0 1693.0 2895.0 1726.0 2872.0 1726.0 bridge 0
2862.0 1697.0 2886.0 1697.0 2886.0 1734.0 2862.0 1734.0 bridge 0
3673.0 1343.0 3687.0 1343.0 3687.0 1377.0 3673.0 1377.0 bridge 0
3691.0 3332.0 3706.0 3332.0 3706.0 3347.0 3691.0 3347.0 bridge 1
3595.0 1479.0 3621.0 1479.0 3621.0 1501.0 3595.0 1501.0 bridge 0
3190.0 2321.0 3240.0 2321.0 3240.0 2376.0 3190.0 2376.0 bridge 0
3286.0 2680.0 3299.0 2680.0 3299.0 2709.0 3286.0 2709.0 bridge 0
3448.0 2489.0 3463.0 2489.0 3463.0 2504.0 3448.0 2504.0 bridge 1
3509.0 2465.0 3530.0 2465.0 3530.0 2482.0 3509.0 2482.0 bridge 0
3657.0 2407.0 3678.0 2407.0 3678.0 2425.0 3657.0 2425.0 bridge 0
3499.0 2989.0 3532.0 2989.0 3532.0 3012.0 3499.0 3012.0 bridge 0
3378.0 3039.0 3397.0 3039.0 3397.0 3051.0 3378.0 3051.0 bridge 0
244.0 51.0 267.0 51.0 267.0 70.0 244.0 70.0 bridge 0
