4677.0 5031.0 5008.0 5031.0 5008.0 5346.0 4677.0 5346.0 plane 0
3876.0 1639.0 4139.0 1639.0 4139.0 1907.0 3876.0 1907.0 plane 0
2380.0 4697.0 2652.0 4697.0 2652.0 4984.0 2380.0 4984.0 plane 0
3187.0 4112.0 3503.0 4112.0 3503.0 4426.0 3187.0 4426.0 plane 0
3462.0 3896.0 3718.0 3896.0 3718.0 4172.0 3462.0 4172.0 plane 0
3843.0 3773.0 4030.0 3773.0 4030.0 3964.0 3843.0 3964.0 plane 0
3896.0 3248.0 4279.0 3248.0 4279.0 3612.0 3896.0 3612.0 plane 0
3933.0 3057.0 4227.0 3057.0 4227.0 3344.0 3933.0 3344.0 plane 0
3988.0 1909.0 4156.0 1909.0 4156.0 2067.0 3988.0 2067.0 plane 0
3791.0 1332.0 4113.0 1332.0 4113.0 1636.0 3791.0 1636.0 plane 0
3622.0 2888.0 3801.0 2888.0 3801.0 3070.0 3622.0 3070.0 plane 0
3780.0 1103.0 3860.0 1103.0 3860.0 1186.0 3780.0 1186.0 plane 0
4552.0 3776.0 4789.0 3776.0 4789.0 4011.0 4552.0 4011.0 plane 0
4417.0 4007.0 4730.0 4007.0 4730.0 4318.0 4417.0 4318.0 plane 0
3902.0 3570.0 4180.0 3570.0 4180.0 3858.0 3902.0 3858.0 plane 0
3716.0 3914.0 3902.0 3914.0 3902.0 4116.0 3716.0 4116.0 plane 0
4237.0 4564.0 4412.0 4564.0 4412.0 4737.0 4237.0 4737.0 plane 0
3760.0 2825.0 4095.0 2825.0 4095.0 3155.0 3760.0 3155.0 plane 0
1052.0 4417.0 1364.0 4417.0 1364.0 4747.0 1052.0 4747.0 plane 0
