3451.0 5901.0 3491.0 5901.0 3491.0 5919.0 3451.0 5919.0 small-vehicle 0
2147.0 2080.0 2245.0 2080.0 2245.0 2219.0 2147.0 2219.0 plane 0
2654.0 3190.0 2683.0 3190.0 2683.0 3270.0 2654.0 3270.0 helicopter 0
2634.0 3194.0 2657.0 3194.0 2657.0 3270.0 2634.0 3270.0 helicopter 0
2554.0 3188.0 2584.0 3188.0 2584.0 3264.0 2554.0 3264.0 helicopter 0
2711.0 2986.0 2737.0 2986.0 2737.0 3066.0 2711.0 3066.0 helicopter 0
1311.0 2042.0 1409.0 2042.0 1409.0 2179.0 1311.0 2179.0 plane 0
1436.0 2048.0 1530.0 2048.0 1530.0 2182.0 1436.0 2182.0 plane 0
1665.0 2057.0 1771.0 2057.0 1771.0 2197.0 1665.0 2197.0 plane 0
1788.0 2062.0 1888.0 2062.0 1888.0 2200.0 1788.0 2200.0 plane 0
2022.0 2070.0 2131.0 2070.0 2131.0 2212.0 2022.0 2212.0 plane 0
2262.0 2084.0 2365.0 2084.0 2365.0 2224.0 2262.0 2224.0 plane 0
2326.0 1776.0 2426.0 1776.0 2426.0 1916.0 2326.0 1916.0 plane 0
2382.0 2090.0 2478.0 2090.0 2478.0 2223.0 2382.0 2223.0 plane 0
2506.0 2095.0 2599.0 2095.0 2599.0 2230.0 2506.0 2230.0 plane 0
2616.0 2096.0 2728.0 2096.0 2728.0 2241.0 2616.0 2241.0 plane 0
2733.0 2100.0 2838.0 2100.0 2838.0 2241.0 2733.0 2241.0 plane 0
2979.0 2113.0 3075.0 2113.0 3075.0 2249.0 2979.0 2249.0 plane 0
2984.0 1769.0 3080.0 1769.0 3080.0 1907.0 2984.0 1907.0 plane 0
2801.0 1797.0 2898.0 1797.0 2898.0 1929.0 2801.0 1929.0 plane 0
2758.0 1759.0 2833.0 1759.0 2833.0 1896.0 2758.0 1896.0 plane 0
2629.0 1752.0 2725.0 1752.0 2725.0 1891.0 2629.0 1891.0 plane 0
2678.0 3196.0 2705.0 3196.0 2705.0 3275.0 2678.0 3275.0 helicopter 0
2704.0 3192.0 2734.0 3192.0 2734.0 3278.0 2704.0 3278.0 helicopter 0
2720.0 3195.0 2756.0 3195.0 2756.0 3280.0 2720.0 3280.0 helicopter 0
2830.0 3272.0 2879.0 3272.0 2879.0 3412.0 2830.0 3412.0 helicopter 0
4157.0 617.0 4227.0 617.0 4227.0 723.0 4157.0 723.0 plane 0
4110.0 654.0 4184.0 654.0 4184.0 764.0 4110.0 764.0 plane 0
4067.0 613.0 4140.0 613.0 4140.0 722.0 4067.0 722.0 plane 0
4024.0 662.0 4096.0 662.0 4096.0 762.0 4024.0 762.0 plane 0
3978.0 611.0 4054.0 611.0 4054.0 720.0 3978.0 720.0 plane 0
3893.0 611.0 3963.0 611.0 3963.0 711.0 3893.0 711.0 plane 0
3805.0 612.0 3872.0 612.0 3872.0 716.0 3805.0 716.0 plane 0
4870.0 394.0 4943.0 394.0 4943.0 497.0 4870.0 497.0 plane 0
4780.0 390.0 4853.0 390.0 4853.0 496.0 4780.0 496.0 plane 0
4688.0 389.0 4767.0 389.0 4767.0 498.0 4688.0 498.0 plane 0
4603.0 390.0 4675.0 390.0 4675.0 496.0 4603.0 496.0 plane 0
4516.0 390.0 4590.0 390.0 4590.0 499.0 4516.0 499.0 plane 0
4425.0 385.0 4500.0 385.0 4500.0 493.0 4425.0 493.0 plane 0
4339.0 388.0 4407.0 388.0 4407.0 495.0 4339.0 495.0 plane 0
4248.0 385.0 4323.0 385.0 4323.0 497.0 4248.0 497.0 plane 0
4162.0 382.0 4230.0 382.0 4230.0 494.0 4162.0 494.0 plane 0
4073.0 377.0 4143.0 377.0 4143.0 492.0 4073.0 492.0 plane 0
3981.0 375.0 4053.0 375.0 4053.0 496.0 3981.0 496.0 plane 0
3891.0 372.0 3962.0 372.0 3962.0 486.0 3891.0 486.0 plane 0
2441.0 1776.0 2544.0 1776.0 2544.0 1922.0 2441.0 1922.0 plane 0
2272.0 1740.0 2366.0 1740.0 2366.0 1877.0 2272.0 1877.0 plane 0
3406.0 6086.0 3424.0 6086.0 3424.0 6124.0 3406.0 6124.0 small-vehicle 0
1052.0 1266.0 1092.0 1266.0 1092.0 1374.0 1052.0 1374.0 helicopter 0
1317.0 1186.0 1356.0 1186.0 1356.0 1298.0 1317.0 1298.0 helicopter 0
1284.0 1280.0 1326.0 1280.0 1326.0 1381.0 1284.0 1381.0 helicopter 0
1260.0 1186.0 1301.0 1186.0 1301.0 1293.0 1260.0 1293.0 helicopter 0
1227.0 1276.0 1270.0 1276.0 1270.0 1381.0 1227.0 1381.0 helicopter 0
1201.0 1186.0 1243.0 1186.0 1243.0 1291.0 1201.0 1291.0 helicopter 0
1168.0 1277.0 1209.0 1277.0 1209.0 1377.0 1168.0 1377.0 helicopter 0
1144.0 1182.0 1186.0 1182.0 1186.0 1288.0 1144.0 1288.0 helicopter 0
1111.0 1270.0 1154.0 1270.0 1154.0 1376.0 1111.0 1376.0 helicopter 0
1085.0 1179.0 1130.0 1179.0 1130.0 1287.0 1085.0 1287.0 helicopter 0
904.0 819.0 930.0 819.0 930.0 910.0 904.0 910.0 helicopter 0
2147.0 1733.0 2250.0 1733.0 2250.0 1874.0 2147.0 1874.0 plane 0
928.0 822.0 953.0 822.0 953.0 912.0 928.0 912.0 helicopter 0
954.0 824.0 980.0 824.0 980.0 911.0 954.0 911.0 helicopter 0
979.0 824.0 1004.0 824.0 1004.0 911.0 979.0 911.0 helicopter 0
1003.0 827.0 1027.0 827.0 1027.0 913.0 1003.0 913.0 helicopter 0
1028.0 828.0 1052.0 828.0 1052.0 915.0 1028.0 915.0 helicopter 0
1052.0 829.0 1078.0 829.0 1078.0 915.0 1052.0 915.0 helicopter 0
1074.0 836.0 1104.0 836.0 1104.0 918.0 1074.0 918.0 helicopter 0
1100.0 836.0 1126.0 836.0 1126.0 915.0 1100.0 915.0 helicopter 0
1124.0 838.0 1153.0 838.0 1153.0 917.0 1124.0 917.0 helicopter 0
1343.0 1281.0 1385.0 1281.0 1385.0 1384.0 1343.0 1384.0 helicopter 0
1372.0 1188.0 1416.0 1188.0 1416.0 1300.0 1372.0 1300.0 helicopter 0
1400.0 1284.0 1440.0 1284.0 1440.0 1386.0 1400.0 1386.0 helicopter 0
1428.0 1193.0 1477.0 1193.0 1477.0 1303.0 1428.0 1303.0 helicopter 0
2093.0 1759.0 2191.0 1759.0 2191.0 1904.0 2093.0 1904.0 plane 0
1611.0 1742.0 1714.0 1742.0 1714.0 1886.0 1611.0 1886.0 plane 0
1495.0 1737.0 1592.0 1737.0 1592.0 1880.0 1495.0 1880.0 plane 0
1207.0 1698.0 1301.0 1698.0 1301.0 1834.0 1207.0 1834.0 plane 0
3128.0 1292.0 3192.0 1292.0 3192.0 1457.0 3128.0 1457.0 helicopter 0
3042.0 1290.0 3100.0 1290.0 3100.0 1459.0 3042.0 1459.0 helicopter 0
2863.0 1286.0 2924.0 1286.0 2924.0 1448.0 2863.0 1448.0 helicopter 0
2780.0 1277.0 2831.0 1277.0 2831.0 1446.0 2780.0 1446.0 helicopter 0
2595.0 1280.0 2663.0 1280.0 2663.0 1441.0 2595.0 1441.0 helicopter 0
2507.0 1274.0 2573.0 1274.0 2573.0 1442.0 2507.0 1442.0 helicopter 0
2416.0 1274.0 2480.0 1274.0 2480.0 1441.0 2416.0 1441.0 helicopter 0
2230.0 1264.0 2286.0 1264.0 2286.0 1427.0 2230.0 1427.0 helicopter 0
1704.0 1297.0 1746.0 1297.0 1746.0 1403.0 1704.0 1403.0 helicopter 0
1646.0 1294.0 1682.0 1294.0 1682.0 1401.0 1646.0 1401.0 helicopter 0
1581.0 1292.0 1618.0 1292.0 1618.0 1396.0 1581.0 1396.0 helicopter 0
1553.0 1200.0 1591.0 1200.0 1591.0 1302.0 1553.0 1302.0 helicopter 0
1520.0 1290.0 1561.0 1290.0 1561.0 1394.0 1520.0 1394.0 helicopter 0
1493.0 1196.0 1532.0 1196.0 1532.0 1300.0 1493.0 1300.0 helicopter 0
1461.0 1288.0 1495.0 1288.0 1495.0 1390.0 1461.0 1390.0 helicopter 0
4201.0 656.0 4274.0 656.0 4274.0 761.0 4201.0 761.0 plane 0
4245.0 616.0 4317.0 616.0 4317.0 722.0 4245.0 722.0 plane 0
4289.0 657.0 4362.0 657.0 4362.0 762.0 4289.0 762.0 plane 0
3329.0 2084.0 3358.0 2084.0 3358.0 2184.0 3329.0 2184.0 helicopter 0
3402.0 1843.0 3438.0 1843.0 3438.0 1946.0 3402.0 1946.0 helicopter 0
3364.0 1864.0 3407.0 1864.0 3407.0 1970.0 3364.0 1970.0 helicopter 0
3340.0 1841.0 3383.0 1841.0 3383.0 1946.0 3340.0 1946.0 helicopter 0
3309.0 1865.0 3344.0 1865.0 3344.0 1967.0 3309.0 1967.0 helicopter 0
3281.0 1840.0 3322.0 1840.0 3322.0 1941.0 3281.0 1941.0 helicopter 0
3252.0 1857.0 3293.0 1857.0 3293.0 1961.0 3252.0 1961.0 helicopter 0
3237.0 2096.0 3278.0 2096.0 3278.0 2196.0 3237.0 2196.0 helicopter 0
3271.0 2075.0 3308.0 2075.0 3308.0 2184.0 3271.0 2184.0 helicopter 0
3300.0 2102.0 3330.0 2102.0 3330.0 2205.0 3300.0 2205.0 helicopter 0
3354.0 2105.0 3391.0 2105.0 3391.0 2206.0 3354.0 2206.0 helicopter 0
4334.0 618.0 4405.0 618.0 4405.0 720.0 4334.0 720.0 plane 0
3409.0 2101.0 3454.0 2101.0 3454.0 2211.0 3409.0 2211.0 helicopter 0
3502.0 2091.0 3532.0 2091.0 3532.0 2196.0 3502.0 2196.0 helicopter 0
3528.0 2117.0 3564.0 2117.0 3564.0 2217.0 3528.0 2217.0 helicopter 0
3565.0 2095.0 3599.0 2095.0 3599.0 2199.0 3565.0 2199.0 helicopter 0
3545.0 2334.0 3587.0 2334.0 3587.0 2438.0 3545.0 2438.0 helicopter 0
3493.0 2332.0 3526.0 2332.0 3526.0 2435.0 3493.0 2435.0 helicopter 0
3436.0 2330.0 3469.0 2330.0 3469.0 2428.0 3436.0 2428.0 helicopter 0
3320.0 2318.0 3351.0 2318.0 3351.0 2418.0 3320.0 2418.0 helicopter 0
3206.0 2315.0 3240.0 2315.0 3240.0 2418.0 3206.0 2418.0 helicopter 0
3425.0 1868.0 3462.0 1868.0 3462.0 1973.0 3425.0 1973.0 helicopter 0
3456.0 1846.0 3496.0 1846.0 3496.0 1953.0 3456.0 1953.0 helicopter 0
3484.0 1871.0 3523.0 1871.0 3523.0 1972.0 3484.0 1972.0 helicopter 0
3517.0 1851.0 3552.0 1851.0 3552.0 1954.0 3517.0 1954.0 helicopter 0
5377.0 1154.0 5444.0 1154.0 5444.0 1254.0 5377.0 1254.0 plane 0
5513.0 919.0 5584.0 919.0 5584.0 1026.0 5513.0 1026.0 plane 0
5424.0 916.0 5497.0 916.0 5497.0 1025.0 5424.0 1025.0 plane 0
5341.0 914.0 5414.0 914.0 5414.0 1025.0 5341.0 1025.0 plane 0
5164.0 911.0 5235.0 911.0 5235.0 1025.0 5164.0 1025.0 plane 0
4989.0 913.0 5059.0 913.0 5059.0 1022.0 4989.0 1022.0 plane 0
4726.0 912.0 4797.0 912.0 4797.0 1025.0 4726.0 1025.0 plane 0
4643.0 913.0 4716.0 913.0 4716.0 1024.0 4643.0 1024.0 plane 0
4557.0 911.0 4630.0 911.0 4630.0 1015.0 4557.0 1015.0 plane 0
4467.0 910.0 4548.0 910.0 4548.0 1023.0 4467.0 1023.0 plane 0
4381.0 914.0 4457.0 914.0 4457.0 1020.0 4381.0 1020.0 plane 0
4206.0 914.0 4279.0 914.0 4279.0 1018.0 4206.0 1018.0 plane 0
4121.0 908.0 4192.0 908.0 4192.0 1015.0 4121.0 1015.0 plane 0
4030.0 909.0 4104.0 909.0 4104.0 1012.0 4030.0 1012.0 plane 0
3943.0 908.0 4010.0 908.0 4010.0 1016.0 3943.0 1016.0 plane 0
3852.0 908.0 3919.0 908.0 3919.0 1012.0 3852.0 1012.0 plane 0
3765.0 907.0 3833.0 907.0 3833.0 1014.0 3765.0 1014.0 plane 0
3571.0 1854.0 3614.0 1854.0 3614.0 1960.0 3571.0 1960.0 helicopter 0
3538.0 1876.0 3575.0 1876.0 3575.0 1980.0 3538.0 1980.0 helicopter 0
3148.0 2306.0 3183.0 2306.0 3183.0 2410.0 3148.0 2410.0 helicopter 0
3104.0 2646.0 3141.0 2646.0 3141.0 2746.0 3104.0 2746.0 helicopter 0
3134.0 2626.0 3167.0 2626.0 3167.0 2732.0 3134.0 2732.0 helicopter 0
3448.0 3325.0 3495.0 3325.0 3495.0 3462.0 3448.0 3462.0 helicopter 0
3419.0 3655.0 3467.0 3655.0 3467.0 3796.0 3419.0 3796.0 helicopter 0
3375.0 3614.0 3434.0 3614.0 3434.0 3755.0 3375.0 3755.0 helicopter 0
3328.0 3612.0 3390.0 3612.0 3390.0 3753.0 3328.0 3753.0 helicopter 0
3241.0 3602.0 3316.0 3602.0 3316.0 3745.0 3241.0 3745.0 helicopter 0
3193.0 3600.0 3249.0 3600.0 3249.0 3738.0 3193.0 3738.0 helicopter 0
5264.0 693.0 5336.0 693.0 5336.0 797.0 5264.0 797.0 plane 0
5171.0 688.0 5251.0 688.0 5251.0 798.0 5171.0 798.0 plane 0
5085.0 690.0 5156.0 690.0 5156.0 795.0 5085.0 795.0 plane 0
5001.0 688.0 5073.0 688.0 5073.0 795.0 5001.0 795.0 plane 0
4913.0 668.0 4982.0 668.0 4982.0 773.0 4913.0 773.0 plane 0
4868.0 620.0 4939.0 620.0 4939.0 728.0 4868.0 728.0 plane 0
4781.0 620.0 4849.0 620.0 4849.0 726.0 4781.0 726.0 plane 0
4691.0 622.0 4759.0 622.0 4759.0 726.0 4691.0 726.0 plane 0
4601.0 622.0 4672.0 622.0 4672.0 720.0 4601.0 720.0 plane 0
4559.0 660.0 4628.0 660.0 4628.0 767.0 4559.0 767.0 plane 0
4512.0 618.0 4588.0 618.0 4588.0 728.0 4512.0 728.0 plane 0
4468.0 654.0 4540.0 654.0 4540.0 768.0 4468.0 768.0 plane 0
4423.0 615.0 4495.0 615.0 4495.0 730.0 4423.0 730.0 plane 0
4377.0 652.0 4450.0 652.0 4450.0 764.0 4377.0 764.0 plane 0
3465.0 3621.0 3524.0 3621.0 3524.0 3765.0 3465.0 3765.0 helicopter 0
3419.0 3285.0 3460.0 3285.0 3460.0 3422.0 3419.0 3422.0 helicopter 0
3164.0 2654.0 3201.0 2654.0 3201.0 2748.0 3164.0 2748.0 helicopter 0
3363.0 3320.0 3410.0 3320.0 3410.0 3454.0 3363.0 3454.0 helicopter 0
3191.0 2631.0 3230.0 2631.0 3230.0 2732.0 3191.0 2732.0 helicopter 0
3219.0 2653.0 3260.0 2653.0 3260.0 2754.0 3219.0 2754.0 helicopter 0
3248.0 2634.0 3288.0 2634.0 3288.0 2737.0 3248.0 2737.0 helicopter 0
3309.0 2639.0 3342.0 2639.0 3342.0 2738.0 3309.0 2738.0 helicopter 0
3387.0 2652.0 3433.0 2652.0 3433.0 2765.0 3387.0 2765.0 helicopter 0
3451.0 2660.0 3492.0 2660.0 3492.0 2770.0 3451.0 2770.0 helicopter 0
3507.0 2670.0 3548.0 2670.0 3548.0 2770.0 3507.0 2770.0 helicopter 0
3538.0 2654.0 3575.0 2654.0 3575.0 2758.0 3538.0 2758.0 helicopter 0
3566.0 2717.0 3595.0 2717.0 3595.0 2798.0 3566.0 2798.0 helicopter 0
3443.0 2922.0 3495.0 2922.0 3495.0 3057.0 3443.0 3057.0 helicopter 0
3395.0 2952.0 3441.0 2952.0 3441.0 3091.0 3395.0 3091.0 helicopter 0
3271.0 2908.0 3324.0 2908.0 3324.0 3051.0 3271.0 3051.0 helicopter 0
3218.0 2940.0 3264.0 2940.0 3264.0 3082.0 3218.0 3082.0 helicopter 0
3134.0 2939.0 3174.0 2939.0 3174.0 3074.0 3134.0 3074.0 helicopter 0
2954.0 2930.0 2998.0 2930.0 2998.0 3062.0 2954.0 3062.0 helicopter 0
3099.0 3296.0 3140.0 3296.0 3140.0 3430.0 3099.0 3430.0 helicopter 0
3187.0 3305.0 3232.0 3305.0 3232.0 3437.0 3187.0 3437.0 helicopter 0
3271.0 3310.0 3317.0 3310.0 3317.0 3445.0 3271.0 3445.0 helicopter 0
3319.0 3270.0 3374.0 3270.0 3374.0 3416.0 3319.0 3416.0 helicopter 0
1146.0 839.0 1176.0 839.0 1176.0 919.0 1146.0 919.0 helicopter 0
1172.0 835.0 1200.0 835.0 1200.0 919.0 1172.0 919.0 helicopter 0
1196.0 834.0 1224.0 834.0 1224.0 920.0 1196.0 920.0 helicopter 0
3466.0 913.0 3498.0 913.0 3498.0 989.0 3466.0 989.0 helicopter 0
3248.0 906.0 3276.0 906.0 3276.0 984.0 3248.0 984.0 helicopter 0
3274.0 906.0 3299.0 906.0 3299.0 983.0 3274.0 983.0 helicopter 0
3298.0 907.0 3323.0 907.0 3323.0 986.0 3298.0 986.0 helicopter 0
3323.0 909.0 3348.0 909.0 3348.0 988.0 3323.0 988.0 helicopter 0
3346.0 908.0 3373.0 908.0 3373.0 989.0 3346.0 989.0 helicopter 0
3368.0 908.0 3398.0 908.0 3398.0 990.0 3368.0 990.0 helicopter 0
3395.0 909.0 3422.0 909.0 3422.0 990.0 3395.0 990.0 helicopter 0
3416.0 908.0 3446.0 908.0 3446.0 989.0 3416.0 989.0 helicopter 0
3444.0 911.0 3472.0 911.0 3472.0 988.0 3444.0 988.0 helicopter 0
3167.0 806.0 3192.0 806.0 3192.0 886.0 3167.0 886.0 helicopter 0
2904.0 894.0 2932.0 894.0 2932.0 975.0 2904.0 975.0 helicopter 0
3190.0 806.0 3216.0 806.0 3216.0 888.0 3190.0 888.0 helicopter 0
3214.0 808.0 3242.0 808.0 3242.0 890.0 3214.0 890.0 helicopter 0
3238.0 808.0 3264.0 808.0 3264.0 889.0 3238.0 889.0 helicopter 0
3263.0 809.0 3288.0 809.0 3288.0 889.0 3263.0 889.0 helicopter 0
3286.0 811.0 3314.0 811.0 3314.0 892.0 3286.0 892.0 helicopter 0
3313.0 813.0 3339.0 813.0 3339.0 892.0 3313.0 892.0 helicopter 0
3338.0 812.0 3365.0 812.0 3365.0 892.0 3338.0 892.0 helicopter 0
3361.0 814.0 3388.0 814.0 3388.0 893.0 3361.0 893.0 helicopter 0
3384.0 813.0 3414.0 813.0 3414.0 892.0 3384.0 892.0 helicopter 0
3224.0 904.0 3252.0 904.0 3252.0 984.0 3224.0 984.0 helicopter 0
3198.0 902.0 3226.0 902.0 3226.0 983.0 3198.0 983.0 helicopter 0
3174.0 900.0 3201.0 900.0 3201.0 982.0 3174.0 982.0 helicopter 0
3142.0 804.0 3167.0 804.0 3167.0 886.0 3142.0 886.0 helicopter 0
2871.0 795.0 2899.0 795.0 2899.0 880.0 2871.0 880.0 helicopter 0
2898.0 799.0 2926.0 799.0 2926.0 880.0 2898.0 880.0 helicopter 0
2922.0 801.0 2949.0 801.0 2949.0 878.0 2922.0 878.0 helicopter 0
2947.0 800.0 2973.0 800.0 2973.0 882.0 2947.0 882.0 helicopter 0
2955.0 897.0 2983.0 897.0 2983.0 976.0 2955.0 976.0 helicopter 0
2980.0 898.0 3006.0 898.0 3006.0 975.0 2980.0 975.0 helicopter 0
3006.0 898.0 3031.0 898.0 3031.0 976.0 3006.0 976.0 helicopter 0
3031.0 896.0 3055.0 896.0 3055.0 978.0 3031.0 978.0 helicopter 0
3055.0 896.0 3078.0 896.0 3078.0 978.0 3055.0 978.0 helicopter 0
3077.0 899.0 3103.0 899.0 3103.0 978.0 3077.0 978.0 helicopter 0
3102.0 899.0 3127.0 899.0 3127.0 979.0 3102.0 979.0 helicopter 0
3125.0 901.0 3151.0 901.0 3151.0 980.0 3125.0 980.0 helicopter 0
3150.0 902.0 3176.0 902.0 3176.0 981.0 3150.0 981.0 helicopter 0
2992.0 804.0 3021.0 804.0 3021.0 884.0 2992.0 884.0 helicopter 0
3018.0 804.0 3046.0 804.0 3046.0 884.0 3018.0 884.0 helicopter 0
3044.0 803.0 3069.0 803.0 3069.0 883.0 3044.0 883.0 helicopter 0
3066.0 803.0 3096.0 803.0 3096.0 885.0 3066.0 885.0 helicopter 0
3090.0 806.0 3120.0 806.0 3120.0 887.0 3090.0 887.0 helicopter 0
3120.0 805.0 3143.0 805.0 3143.0 887.0 3120.0 887.0 helicopter 0
3406.0 813.0 3438.0 813.0 3438.0 894.0 3406.0 894.0 helicopter 0
3431.0 814.0 3460.0 814.0 3460.0 896.0 3431.0 896.0 helicopter 0
3458.0 816.0 3485.0 816.0 3485.0 896.0 3458.0 896.0 helicopter 0
2502.0 508.0 2585.0 508.0 2585.0 612.0 2502.0 612.0 plane 0
2414.0 509.0 2490.0 509.0 2490.0 613.0 2414.0 613.0 plane 0
2377.0 407.0 2450.0 407.0 2450.0 513.0 2377.0 513.0 plane 0
2329.0 504.0 2403.0 504.0 2403.0 610.0 2329.0 610.0 plane 0
2290.0 401.0 2362.0 401.0 2362.0 506.0 2290.0 506.0 plane 0
2240.0 501.0 2316.0 501.0 2316.0 607.0 2240.0 607.0 plane 0
2200.0 403.0 2270.0 403.0 2270.0 510.0 2200.0 510.0 plane 0
2150.0 500.0 2222.0 500.0 2222.0 602.0 2150.0 602.0 plane 0
2113.0 396.0 2187.0 396.0 2187.0 510.0 2113.0 510.0 plane 0
2019.0 395.0 2094.0 395.0 2094.0 501.0 2019.0 501.0 plane 0
1928.0 390.0 2008.0 390.0 2008.0 504.0 1928.0 504.0 plane 0
1974.0 497.0 2045.0 497.0 2045.0 604.0 1974.0 604.0 plane 0
1884.0 491.0 1957.0 491.0 1957.0 599.0 1884.0 599.0 plane 0
1845.0 386.0 1917.0 386.0 1917.0 496.0 1845.0 496.0 plane 0
1795.0 491.0 1865.0 491.0 1865.0 600.0 1795.0 600.0 plane 0
1752.0 383.0 1828.0 383.0 1828.0 496.0 1752.0 496.0 plane 0
1706.0 485.0 1778.0 485.0 1778.0 594.0 1706.0 594.0 plane 0
1665.0 384.0 1739.0 384.0 1739.0 493.0 1665.0 493.0 plane 0
1616.0 483.0 1691.0 483.0 1691.0 596.0 1616.0 596.0 plane 0
1531.0 484.0 1599.0 484.0 1599.0 593.0 1531.0 593.0 plane 0
2466.0 410.0 2538.0 410.0 2538.0 515.0 2466.0 515.0 plane 0
2557.0 414.0 2626.0 414.0 2626.0 521.0 2557.0 521.0 plane 0
3493.0 914.0 3524.0 914.0 3524.0 990.0 3493.0 990.0 helicopter 0
2595.0 517.0 2664.0 517.0 2664.0 618.0 2595.0 618.0 plane 0
3482.0 819.0 3509.0 819.0 3509.0 898.0 3482.0 898.0 helicopter 0
3444.0 436.0 3515.0 436.0 3515.0 537.0 3444.0 537.0 plane 0
3484.0 537.0 3557.0 537.0 3557.0 645.0 3484.0 645.0 plane 0
3396.0 537.0 3466.0 537.0 3466.0 642.0 3396.0 642.0 plane 0
3354.0 435.0 3426.0 435.0 3426.0 546.0 3354.0 546.0 plane 0
3308.0 536.0 3377.0 536.0 3377.0 640.0 3308.0 640.0 plane 0
3267.0 431.0 3339.0 431.0 3339.0 542.0 3267.0 542.0 plane 0
3216.0 532.0 3296.0 532.0 3296.0 643.0 3216.0 643.0 plane 0
3126.0 525.0 3206.0 525.0 3206.0 634.0 3126.0 634.0 plane 0
3031.0 527.0 3106.0 527.0 3106.0 636.0 3031.0 636.0 plane 0
2998.0 424.0 3074.0 424.0 3074.0 539.0 2998.0 539.0 plane 0
2950.0 523.0 3020.0 523.0 3020.0 630.0 2950.0 630.0 plane 0
2907.0 421.0 2985.0 421.0 2985.0 533.0 2907.0 533.0 plane 0
2862.0 522.0 2935.0 522.0 2935.0 632.0 2862.0 632.0 plane 0
2819.0 417.0 2897.0 417.0 2897.0 529.0 2819.0 529.0 plane 0
2772.0 521.0 2842.0 521.0 2842.0 622.0 2772.0 622.0 plane 0
2730.0 417.0 2805.0 417.0 2805.0 525.0 2730.0 525.0 plane 0
2685.0 518.0 2755.0 518.0 2755.0 622.0 2685.0 622.0 plane 0
2642.0 413.0 2718.0 413.0 2718.0 525.0 2642.0 525.0 plane 0
2931.0 894.0 2957.0 894.0 2957.0 975.0 2931.0 975.0 helicopter 0
2849.0 797.0 2874.0 797.0 2874.0 879.0 2849.0 879.0 helicopter 0
1220.0 844.0 1248.0 844.0 1248.0 922.0 1220.0 922.0 helicopter 0
2098.0 868.0 2131.0 868.0 2131.0 951.0 2098.0 951.0 helicopter 0
1881.0 860.0 1907.0 860.0 1907.0 944.0 1881.0 944.0 helicopter 0
1905.0 861.0 1934.0 861.0 1934.0 944.0 1905.0 944.0 helicopter 0
1931.0 860.0 1958.0 860.0 1958.0 943.0 1931.0 943.0 helicopter 0
1955.0 862.0 1981.0 862.0 1981.0 943.0 1955.0 943.0 helicopter 0
1978.0 862.0 2005.0 862.0 2005.0 943.0 1978.0 943.0 helicopter 0
2003.0 864.0 2032.0 864.0 2032.0 946.0 2003.0 946.0 helicopter 0
2028.0 866.0 2057.0 866.0 2057.0 946.0 2028.0 946.0 helicopter 0
2048.0 867.0 2083.0 867.0 2083.0 950.0 2048.0 950.0 helicopter 0
2078.0 868.0 2103.0 868.0 2103.0 948.0 2078.0 948.0 helicopter 0
2126.0 868.0 2154.0 868.0 2154.0 950.0 2126.0 950.0 helicopter 0
2824.0 799.0 2852.0 799.0 2852.0 877.0 2824.0 877.0 helicopter 0
2149.0 870.0 2179.0 870.0 2179.0 952.0 2149.0 952.0 helicopter 0
2172.0 873.0 2206.0 873.0 2206.0 953.0 2172.0 953.0 helicopter 0
2197.0 868.0 2233.0 868.0 2233.0 952.0 2197.0 952.0 helicopter 0
2223.0 872.0 2260.0 872.0 2260.0 953.0 2223.0 953.0 helicopter 0
2248.0 872.0 2281.0 872.0 2281.0 956.0 2248.0 956.0 helicopter 0
2271.0 873.0 2302.0 873.0 2302.0 954.0 2271.0 954.0 helicopter 0
2296.0 875.0 2323.0 875.0 2323.0 955.0 2296.0 955.0 helicopter 0
2322.0 874.0 2349.0 874.0 2349.0 956.0 2322.0 956.0 helicopter 0
2347.0 876.0 2375.0 876.0 2375.0 956.0 2347.0 956.0 helicopter 0
1856.0 859.0 1883.0 859.0 1883.0 945.0 1856.0 945.0 helicopter 0
1834.0 860.0 1858.0 860.0 1858.0 940.0 1834.0 940.0 helicopter 0
1808.0 858.0 1835.0 858.0 1835.0 937.0 1808.0 937.0 helicopter 0
1783.0 857.0 1809.0 857.0 1809.0 938.0 1783.0 938.0 helicopter 0
1246.0 839.0 1273.0 839.0 1273.0 921.0 1246.0 921.0 helicopter 0
1271.0 842.0 1299.0 842.0 1299.0 922.0 1271.0 922.0 helicopter 0
1294.0 843.0 1324.0 843.0 1324.0 924.0 1294.0 924.0 helicopter 0
1321.0 844.0 1346.0 844.0 1346.0 924.0 1321.0 924.0 helicopter 0
1345.0 844.0 1371.0 844.0 1371.0 924.0 1345.0 924.0 helicopter 0
1368.0 844.0 1397.0 844.0 1397.0 925.0 1368.0 925.0 helicopter 0
1394.0 848.0 1421.0 848.0 1421.0 927.0 1394.0 927.0 helicopter 0
1418.0 846.0 1445.0 846.0 1445.0 926.0 1418.0 926.0 helicopter 0
1446.0 847.0 1471.0 847.0 1471.0 926.0 1446.0 926.0 helicopter 0
1464.0 847.0 1499.0 847.0 1499.0 928.0 1464.0 928.0 helicopter 0
1490.0 846.0 1518.0 846.0 1518.0 930.0 1490.0 930.0 helicopter 0
1564.0 852.0 1592.0 852.0 1592.0 930.0 1564.0 930.0 helicopter 0
1587.0 854.0 1616.0 854.0 1616.0 930.0 1587.0 930.0 helicopter 0
1613.0 856.0 1641.0 856.0 1641.0 932.0 1613.0 932.0 helicopter 0
1635.0 854.0 1666.0 854.0 1666.0 936.0 1635.0 936.0 helicopter 0
1662.0 854.0 1690.0 854.0 1690.0 931.0 1662.0 931.0 helicopter 0
1687.0 855.0 1714.0 855.0 1714.0 933.0 1687.0 933.0 helicopter 0
1713.0 858.0 1736.0 858.0 1736.0 934.0 1713.0 934.0 helicopter 0
1761.0 857.0 1784.0 857.0 1784.0 939.0 1761.0 939.0 helicopter 0
2372.0 878.0 2398.0 878.0 2398.0 957.0 2372.0 957.0 helicopter 0
2396.0 879.0 2422.0 879.0 2422.0 960.0 2396.0 960.0 helicopter 0
2418.0 879.0 2448.0 879.0 2448.0 960.0 2418.0 960.0 helicopter 0
2582.0 792.0 2607.0 792.0 2607.0 869.0 2582.0 869.0 helicopter 0
2632.0 794.0 2656.0 794.0 2656.0 869.0 2632.0 869.0 helicopter 0
2653.0 789.0 2679.0 789.0 2679.0 874.0 2653.0 874.0 helicopter 0
2676.0 793.0 2706.0 793.0 2706.0 873.0 2676.0 873.0 helicopter 0
2703.0 794.0 2729.0 794.0 2729.0 873.0 2703.0 873.0 helicopter 0
2727.0 794.0 2754.0 794.0 2754.0 874.0 2727.0 874.0 helicopter 0
2752.0 794.0 2779.0 794.0 2779.0 875.0 2752.0 875.0 helicopter 0
2776.0 795.0 2805.0 795.0 2805.0 875.0 2776.0 875.0 helicopter 0
2590.0 884.0 2618.0 884.0 2618.0 966.0 2590.0 966.0 helicopter 0
2613.0 888.0 2643.0 888.0 2643.0 966.0 2613.0 966.0 helicopter 0
2638.0 888.0 2667.0 888.0 2667.0 967.0 2638.0 967.0 helicopter 0
2663.0 888.0 2690.0 888.0 2690.0 966.0 2663.0 966.0 helicopter 0
2686.0 890.0 2713.0 890.0 2713.0 967.0 2686.0 967.0 helicopter 0
2712.0 891.0 2736.0 891.0 2736.0 967.0 2712.0 967.0 helicopter 0
2736.0 893.0 2762.0 893.0 2762.0 967.0 2736.0 967.0 helicopter 0
2761.0 892.0 2786.0 892.0 2786.0 969.0 2761.0 969.0 helicopter 0
2785.0 890.0 2809.0 890.0 2809.0 970.0 2785.0 970.0 helicopter 0
2809.0 890.0 2837.0 890.0 2837.0 971.0 2809.0 971.0 helicopter 0
2834.0 891.0 2861.0 891.0 2861.0 971.0 2834.0 971.0 helicopter 0
2856.0 893.0 2887.0 893.0 2887.0 973.0 2856.0 973.0 helicopter 0
2606.0 792.0 2632.0 792.0 2632.0 872.0 2606.0 872.0 helicopter 0
2556.0 790.0 2583.0 790.0 2583.0 869.0 2556.0 869.0 helicopter 0
2444.0 878.0 2471.0 878.0 2471.0 960.0 2444.0 960.0 helicopter 0
2528.0 787.0 2560.0 787.0 2560.0 867.0 2528.0 867.0 helicopter 0
2467.0 878.0 2496.0 878.0 2496.0 962.0 2467.0 962.0 helicopter 0
2492.0 879.0 2520.0 879.0 2520.0 963.0 2492.0 963.0 helicopter 0
2519.0 882.0 2544.0 882.0 2544.0 963.0 2519.0 963.0 helicopter 0
2542.0 884.0 2567.0 884.0 2567.0 963.0 2542.0 963.0 helicopter 0
2135.0 774.0 2170.0 774.0 2170.0 856.0 2135.0 856.0 helicopter 0
2166.0 775.0 2194.0 775.0 2194.0 859.0 2166.0 859.0 helicopter 0
2192.0 774.0 2217.0 774.0 2217.0 857.0 2192.0 857.0 helicopter 0
2215.0 780.0 2242.0 780.0 2242.0 862.0 2215.0 862.0 helicopter 0
2264.0 783.0 2291.0 783.0 2291.0 861.0 2264.0 861.0 helicopter 0
2289.0 780.0 2317.0 780.0 2317.0 862.0 2289.0 862.0 helicopter 0
2312.0 782.0 2340.0 782.0 2340.0 862.0 2312.0 862.0 helicopter 0
2334.0 783.0 2363.0 783.0 2363.0 865.0 2334.0 865.0 helicopter 0
2362.0 785.0 2388.0 785.0 2388.0 864.0 2362.0 864.0 helicopter 0
2387.0 785.0 2414.0 785.0 2414.0 864.0 2387.0 864.0 helicopter 0
2412.0 787.0 2438.0 787.0 2438.0 862.0 2412.0 862.0 helicopter 0
2434.0 789.0 2463.0 789.0 2463.0 864.0 2434.0 864.0 helicopter 0
2462.0 786.0 2488.0 786.0 2488.0 866.0 2462.0 866.0 helicopter 0
2487.0 789.0 2512.0 789.0 2512.0 866.0 2487.0 866.0 helicopter 0
2508.0 787.0 2533.0 787.0 2533.0 866.0 2508.0 866.0 helicopter 0
5239.0 1151.0 5316.0 1151.0 5316.0 1254.0 5239.0 1254.0 plane 0
5195.0 1238.0 5266.0 1238.0 5266.0 1347.0 5195.0 1347.0 plane 0
5108.0 1230.0 5180.0 1230.0 5180.0 1340.0 5108.0 1340.0 plane 0
4455.0 5884.0 4472.0 5884.0 4472.0 5921.0 4455.0 5921.0 small-vehicle 0
4302.0 5642.0 4319.0 5642.0 4319.0 5675.0 4302.0 5675.0 small-vehicle 0
4324.0 5634.0 4344.0 5634.0 4344.0 5680.0 4324.0 5680.0 small-vehicle 0
4376.0 5636.0 4395.0 5636.0 4395.0 5679.0 4376.0 5679.0 small-vehicle 0
4280.0 5871.0 4297.0 5871.0 4297.0 5903.0 4280.0 5903.0 small-vehicle 0
4301.0 5874.0 4316.0 5874.0 4316.0 5905.0 4301.0 5905.0 small-vehicle 0
4362.0 5881.0 4377.0 5881.0 4377.0 5917.0 4362.0 5917.0 small-vehicle 0
4399.0 5879.0 4414.0 5879.0 4414.0 5917.0 4399.0 5917.0 small-vehicle 0
4418.0 5883.0 4431.0 5883.0 4431.0 5920.0 4418.0 5920.0 small-vehicle 0
4436.0 5885.0 4453.0 5885.0 4453.0 5919.0 4436.0 5919.0 small-vehicle 0
4476.0 5887.0 4493.0 5887.0 4493.0 5917.0 4476.0 5917.0 small-vehicle 0
4028.0 5853.0 4042.0 5853.0 4042.0 5889.0 4028.0 5889.0 small-vehicle 0
4497.0 5886.0 4513.0 5886.0 4513.0 5924.0 4497.0 5924.0 small-vehicle 0
4516.0 5890.0 4531.0 5890.0 4531.0 5921.0 4516.0 5921.0 small-vehicle 0
4538.0 5891.0 4552.0 5891.0 4552.0 5927.0 4538.0 5927.0 small-vehicle 0
4559.0 5893.0 4575.0 5893.0 4575.0 5928.0 4559.0 5928.0 small-vehicle 0
4450.0 5743.0 4465.0 5743.0 4465.0 5778.0 4450.0 5778.0 small-vehicle 0
4446.0 5787.0 4464.0 5787.0 4464.0 5830.0 4446.0 5830.0 small-vehicle 0
4506.0 5785.0 4523.0 5785.0 4523.0 5825.0 4506.0 5825.0 small-vehicle 0
4484.0 5785.0 4501.0 5785.0 4501.0 5818.0 4484.0 5818.0 small-vehicle 0
4487.0 5750.0 4505.0 5750.0 4505.0 5783.0 4487.0 5783.0 small-vehicle 0
4281.0 5637.0 4300.0 5637.0 4300.0 5679.0 4281.0 5679.0 small-vehicle 0
4260.0 5636.0 4277.0 5636.0 4277.0 5668.0 4260.0 5668.0 small-vehicle 0
4236.0 5627.0 4252.0 5627.0 4252.0 5669.0 4236.0 5669.0 small-vehicle 0
4350.0 5774.0 4366.0 5774.0 4366.0 5811.0 4350.0 5811.0 small-vehicle 0
4072.0 5865.0 4086.0 5865.0 4086.0 5898.0 4072.0 5898.0 small-vehicle 0
4091.0 5859.0 4112.0 5859.0 4112.0 5899.0 4091.0 5899.0 small-vehicle 0
4079.0 5710.0 4097.0 5710.0 4097.0 5749.0 4079.0 5749.0 small-vehicle 0
4078.0 5759.0 4092.0 5759.0 4092.0 5795.0 4078.0 5795.0 small-vehicle 0
4018.0 5615.0 4036.0 5615.0 4036.0 5662.0 4018.0 5662.0 small-vehicle 0
4042.0 5622.0 4055.0 5622.0 4055.0 5659.0 4042.0 5659.0 small-vehicle 0
4064.0 5620.0 4081.0 5620.0 4081.0 5668.0 4064.0 5668.0 small-vehicle 0
4086.0 5614.0 4101.0 5614.0 4101.0 5657.0 4086.0 5657.0 small-vehicle 0
4108.0 5624.0 4124.0 5624.0 4124.0 5660.0 4108.0 5660.0 small-vehicle 0
4113.0 5582.0 4131.0 5582.0 4131.0 5620.0 4113.0 5620.0 small-vehicle 0
4102.0 5759.0 4118.0 5759.0 4118.0 5796.0 4102.0 5796.0 small-vehicle 0
4169.0 5839.0 4200.0 5839.0 4200.0 5875.0 4169.0 5875.0 small-vehicle 0
4242.0 5869.0 4257.0 5869.0 4257.0 5901.0 4242.0 5901.0 small-vehicle 0
4261.0 5869.0 4275.0 5869.0 4275.0 5903.0 4261.0 5903.0 small-vehicle 0
4224.0 5766.0 4243.0 5766.0 4243.0 5804.0 4224.0 5804.0 small-vehicle 0
4249.0 5768.0 4265.0 5768.0 4265.0 5803.0 4249.0 5803.0 small-vehicle 0
4272.0 5772.0 4289.0 5772.0 4289.0 5806.0 4272.0 5806.0 small-vehicle 0
4351.0 5590.0 4369.0 5590.0 4369.0 5629.0 4351.0 5629.0 small-vehicle 0
4310.0 5775.0 4328.0 5775.0 4328.0 5807.0 4310.0 5807.0 small-vehicle 0
4526.0 5787.0 4542.0 5787.0 4542.0 5824.0 4526.0 5824.0 small-vehicle 0
4419.0 5602.0 4434.0 5602.0 4434.0 5636.0 4419.0 5636.0 small-vehicle 0
4439.0 5596.0 4457.0 5596.0 4457.0 5639.0 4439.0 5639.0 small-vehicle 0
4825.0 5810.0 4844.0 5810.0 4844.0 5847.0 4825.0 5847.0 small-vehicle 0
4835.0 5758.0 4854.0 5758.0 4854.0 5797.0 4835.0 5797.0 small-vehicle 0
4841.0 5800.0 4866.0 5800.0 4866.0 5844.0 4841.0 5844.0 small-vehicle 0
4858.0 5755.0 4882.0 5755.0 4882.0 5792.0 4858.0 5792.0 small-vehicle 0
4885.0 5785.0 4910.0 5785.0 4910.0 5823.0 4885.0 5823.0 small-vehicle 0
4595.0 5893.0 4612.0 5893.0 4612.0 5927.0 4595.0 5927.0 small-vehicle 0
4618.0 5898.0 4633.0 5898.0 4633.0 5929.0 4618.0 5929.0 small-vehicle 0
4659.0 5896.0 4673.0 5896.0 4673.0 5930.0 4659.0 5930.0 small-vehicle 0
4676.0 5899.0 4692.0 5899.0 4692.0 5932.0 4676.0 5932.0 small-vehicle 0
4715.0 5906.0 4731.0 5906.0 4731.0 5935.0 4715.0 5935.0 small-vehicle 0
4958.0 5858.0 4988.0 5858.0 4988.0 5897.0 4958.0 5897.0 small-vehicle 0
5377.0 6177.0 5414.0 6177.0 5414.0 6213.0 5377.0 6213.0 small-vehicle 0
5363.0 6164.0 5395.0 6164.0 5395.0 6194.0 5363.0 6194.0 small-vehicle 0
5348.0 6145.0 5381.0 6145.0 5381.0 6176.0 5348.0 6176.0 small-vehicle 0
5330.0 6125.0 5368.0 6125.0 5368.0 6158.0 5330.0 6158.0 small-vehicle 0
5324.0 6113.0 5352.0 6113.0 5352.0 6138.0 5324.0 6138.0 small-vehicle 0
5303.0 6091.0 5346.0 6091.0 5346.0 6129.0 5303.0 6129.0 small-vehicle 0
5288.0 6073.0 5321.0 6073.0 5321.0 6106.0 5288.0 6106.0 small-vehicle 0
5258.0 6038.0 5300.0 6038.0 5300.0 6083.0 5258.0 6083.0 small-vehicle 0
5243.0 6025.0 5281.0 6025.0 5281.0 6062.0 5243.0 6062.0 small-vehicle 0
4810.0 5769.0 4830.0 5769.0 4830.0 5804.0 4810.0 5804.0 small-vehicle 0
4752.0 5616.0 4765.0 5616.0 4765.0 5650.0 4752.0 5650.0 small-vehicle 0
4460.0 5599.0 4481.0 5599.0 4481.0 5636.0 4460.0 5636.0 small-vehicle 0
4780.0 5810.0 4795.0 5810.0 4795.0 5848.0 4780.0 5848.0 small-vehicle 0
4545.0 5785.0 4560.0 5785.0 4560.0 5823.0 4545.0 5823.0 small-vehicle 0
4567.0 5789.0 4583.0 5789.0 4583.0 5822.0 4567.0 5822.0 small-vehicle 0
4570.0 5743.0 4588.0 5743.0 4588.0 5784.0 4570.0 5784.0 small-vehicle 0
4600.0 5796.0 4618.0 5796.0 4618.0 5829.0 4600.0 5829.0 small-vehicle 0
4622.0 5797.0 4639.0 5797.0 4639.0 5827.0 4622.0 5827.0 small-vehicle 0
4662.0 5799.0 4679.0 5799.0 4679.0 5836.0 4662.0 5836.0 small-vehicle 0
4682.0 5799.0 4700.0 5799.0 4700.0 5833.0 4682.0 5833.0 small-vehicle 0
4685.0 5759.0 4702.0 5759.0 4702.0 5792.0 4685.0 5792.0 small-vehicle 0
4703.0 5803.0 4718.0 5803.0 4718.0 5837.0 4703.0 5837.0 small-vehicle 0
4574.0 5651.0 4590.0 5651.0 4590.0 5689.0 4574.0 5689.0 small-vehicle 0
4551.0 5610.0 4571.0 5610.0 4571.0 5642.0 4551.0 5642.0 small-vehicle 0
4610.0 5652.0 4628.0 5652.0 4628.0 5688.0 4610.0 5688.0 small-vehicle 0
4638.0 5613.0 4653.0 5613.0 4653.0 5648.0 4638.0 5648.0 small-vehicle 0
4660.0 5652.0 4679.0 5652.0 4679.0 5695.0 4660.0 5695.0 small-vehicle 0
4705.0 5665.0 4722.0 5665.0 4722.0 5701.0 4705.0 5701.0 small-vehicle 0
4686.0 5616.0 4703.0 5616.0 4703.0 5654.0 4686.0 5654.0 small-vehicle 0
4744.0 5803.0 4760.0 5803.0 4760.0 5837.0 4744.0 5837.0 small-vehicle 0
4747.0 5763.0 4763.0 5763.0 4763.0 5798.0 4747.0 5798.0 small-vehicle 0
4784.0 5765.0 4800.0 5765.0 4800.0 5799.0 4784.0 5799.0 small-vehicle 0
4048.0 5860.0 4064.0 5860.0 4064.0 5892.0 4048.0 5892.0 small-vehicle 0
4007.0 5859.0 4024.0 5859.0 4024.0 5894.0 4007.0 5894.0 small-vehicle 0
5203.0 5980.0 5238.0 5980.0 5238.0 6015.0 5203.0 6015.0 small-vehicle 0
2746.0 6082.0 2774.0 6082.0 2774.0 6118.0 2746.0 6118.0 small-vehicle 0
2940.0 5998.0 2964.0 5998.0 2964.0 6037.0 2940.0 6037.0 small-vehicle 0
2918.0 6006.0 2939.0 6006.0 2939.0 6039.0 2918.0 6039.0 small-vehicle 0
2900.0 6110.0 2928.0 6110.0 2928.0 6148.0 2900.0 6148.0 small-vehicle 0
2881.0 6119.0 2907.0 6119.0 2907.0 6157.0 2881.0 6157.0 small-vehicle 0
2860.0 6129.0 2885.0 6129.0 2885.0 6168.0 2860.0 6168.0 small-vehicle 0
2840.0 6034.0 2869.0 6034.0 2869.0 6074.0 2840.0 6074.0 small-vehicle 0
2792.0 6055.0 2821.0 6055.0 2821.0 6091.0 2792.0 6091.0 small-vehicle 0
2819.0 6154.0 2849.0 6154.0 2849.0 6189.0 2819.0 6189.0 small-vehicle 0
2764.0 6066.0 2797.0 6066.0 2797.0 6107.0 2764.0 6107.0 small-vehicle 0
2781.0 6179.0 2810.0 6179.0 2810.0 6217.0 2781.0 6217.0 small-vehicle 0
3985.0 5852.0 4001.0 5852.0 4001.0 5890.0 3985.0 5890.0 small-vehicle 0
2739.0 6205.0 2769.0 6205.0 2769.0 6240.0 2739.0 6240.0 small-vehicle 0
2729.0 6099.0 2756.0 6099.0 2756.0 6130.0 2729.0 6130.0 small-vehicle 0
2710.0 6227.0 2740.0 6227.0 2740.0 6262.0 2710.0 6262.0 small-vehicle 0
2675.0 6124.0 2716.0 6124.0 2716.0 6167.0 2675.0 6167.0 small-vehicle 0
2644.0 6291.0 2674.0 6291.0 2674.0 6322.0 2644.0 6322.0 small-vehicle 0
2622.0 6301.0 2656.0 6301.0 2656.0 6338.0 2622.0 6338.0 small-vehicle 0
2588.0 6332.0 2620.0 6332.0 2620.0 6369.0 2588.0 6369.0 small-vehicle 0
2573.0 6346.0 2604.0 6346.0 2604.0 6381.0 2573.0 6381.0 small-vehicle 0
2563.0 6233.0 2594.0 6233.0 2594.0 6265.0 2563.0 6265.0 small-vehicle 0
2947.0 6093.0 2970.0 6093.0 2970.0 6131.0 2947.0 6131.0 small-vehicle 0
2961.0 5992.0 2983.0 5992.0 2983.0 6026.0 2961.0 6026.0 small-vehicle 0
2991.0 6081.0 3014.0 6081.0 3014.0 6119.0 2991.0 6119.0 small-vehicle 0
3009.0 5985.0 3030.0 5985.0 3030.0 6018.0 3009.0 6018.0 small-vehicle 0
3366.0 6086.0 3381.0 6086.0 3381.0 6122.0 3366.0 6122.0 small-vehicle 0
3394.0 5991.0 3408.0 5991.0 3408.0 6020.0 3394.0 6020.0 small-vehicle 0
3372.0 5989.0 3388.0 5989.0 3388.0 6022.0 3372.0 6022.0 small-vehicle 0
3342.0 6090.0 3359.0 6090.0 3359.0 6125.0 3342.0 6125.0 small-vehicle 0
3346.0 5989.0 3362.0 5989.0 3362.0 6024.0 3346.0 6024.0 small-vehicle 0
3277.0 5982.0 3297.0 5982.0 3297.0 6018.0 3277.0 6018.0 small-vehicle 0
3257.0 5982.0 3274.0 5982.0 3274.0 6016.0 3257.0 6016.0 small-vehicle 0
3235.0 5980.0 3252.0 5980.0 3252.0 6014.0 3235.0 6014.0 small-vehicle 0
3146.0 5977.0 3162.0 5977.0 3162.0 6011.0 3146.0 6011.0 small-vehicle 0
3124.0 5973.0 3140.0 5973.0 3140.0 6009.0 3124.0 6009.0 small-vehicle 0
3099.0 5970.0 3120.0 5970.0 3120.0 6016.0 3099.0 6016.0 small-vehicle 0
3110.0 6070.0 3126.0 6070.0 3126.0 6107.0 3110.0 6107.0 small-vehicle 0
3085.0 6071.0 3103.0 6071.0 3103.0 6109.0 3085.0 6109.0 small-vehicle 0
3065.0 6077.0 3080.0 6077.0 3080.0 6113.0 3065.0 6113.0 small-vehicle 0
3080.0 5978.0 3093.0 5978.0 3093.0 6011.0 3080.0 6011.0 small-vehicle 0
3057.0 5977.0 3073.0 5977.0 3073.0 6013.0 3057.0 6013.0 small-vehicle 0
3039.0 6074.0 3058.0 6074.0 3058.0 6116.0 3039.0 6116.0 small-vehicle 0
3032.0 5977.0 3051.0 5977.0 3051.0 6020.0 3032.0 6020.0 small-vehicle 0
3016.0 6078.0 3040.0 6078.0 3040.0 6121.0 3016.0 6121.0 small-vehicle 0
2255.0 6299.0 2289.0 6299.0 2289.0 6341.0 2255.0 6341.0 small-vehicle 0
2187.0 6334.0 2222.0 6334.0 2222.0 6373.0 2187.0 6373.0 small-vehicle 0
2168.0 6350.0 2206.0 6350.0 2206.0 6390.0 2168.0 6390.0 small-vehicle 0
3685.0 5546.0 3707.0 5546.0 3707.0 5584.0 3685.0 5584.0 small-vehicle 0
3818.0 5553.0 3842.0 5553.0 3842.0 5592.0 3818.0 5592.0 small-vehicle 0
3859.0 5606.0 3879.0 5606.0 3879.0 5643.0 3859.0 5643.0 small-vehicle 0
3886.0 5610.0 3902.0 5610.0 3902.0 5646.0 3886.0 5646.0 small-vehicle 0
3949.0 5617.0 3967.0 5617.0 3967.0 5654.0 3949.0 5654.0 small-vehicle 0
3835.0 5699.0 3852.0 5699.0 3852.0 5730.0 3835.0 5730.0 small-vehicle 0
3860.0 5701.0 3874.0 5701.0 3874.0 5732.0 3860.0 5732.0 small-vehicle 0
3945.0 5706.0 3960.0 5706.0 3960.0 5742.0 3945.0 5742.0 small-vehicle 0
3970.0 5712.0 3987.0 5712.0 3987.0 5747.0 3970.0 5747.0 small-vehicle 0
3963.0 5753.0 3981.0 5753.0 3981.0 5786.0 3963.0 5786.0 small-vehicle 0
3941.0 5754.0 3957.0 5754.0 3957.0 5788.0 3941.0 5788.0 small-vehicle 0
4011.0 5758.0 4027.0 5758.0 4027.0 5798.0 4011.0 5798.0 small-vehicle 0
3901.0 5742.0 3922.0 5742.0 3922.0 5786.0 3901.0 5786.0 small-vehicle 0
3854.0 5745.0 3871.0 5745.0 3871.0 5785.0 3854.0 5785.0 small-vehicle 0
3807.0 5739.0 3829.0 5739.0 3829.0 5781.0 3807.0 5781.0 small-vehicle 0
3845.0 5838.0 3862.0 5838.0 3862.0 5883.0 3845.0 5883.0 small-vehicle 0
3867.0 5847.0 3886.0 5847.0 3886.0 5885.0 3867.0 5885.0 small-vehicle 0
3893.0 5842.0 3910.0 5842.0 3910.0 5884.0 3893.0 5884.0 small-vehicle 0
3933.0 5845.0 3950.0 5845.0 3950.0 5884.0 3933.0 5884.0 small-vehicle 0
3958.0 5848.0 3977.0 5848.0 3977.0 5887.0 3958.0 5887.0 small-vehicle 0
3772.0 5600.0 3790.0 5600.0 3790.0 5636.0 3772.0 5636.0 small-vehicle 0
3645.0 5549.0 3658.0 5549.0 3658.0 5580.0 3645.0 5580.0 small-vehicle 0
2635.0 5961.0 2709.0 5961.0 2709.0 6022.0 2635.0 6022.0 large-vehicle 0
3713.0 5595.0 3729.0 5595.0 3729.0 5632.0 3713.0 5632.0 small-vehicle 0
2368.0 6015.0 2412.0 6015.0 2412.0 6061.0 2368.0 6061.0 small-vehicle 0
3660.0 6106.0 3676.0 6106.0 3676.0 6139.0 3660.0 6139.0 small-vehicle 0
3571.0 6098.0 3588.0 6098.0 3588.0 6132.0 3571.0 6132.0 small-vehicle 0
3549.0 6100.0 3565.0 6100.0 3565.0 6132.0 3549.0 6132.0 small-vehicle 0
3523.0 6094.0 3540.0 6094.0 3540.0 6131.0 3523.0 6131.0 small-vehicle 0
3561.0 6001.0 3576.0 6001.0 3576.0 6037.0 3561.0 6037.0 small-vehicle 0
3583.0 6004.0 3603.0 6004.0 3603.0 6043.0 3583.0 6043.0 small-vehicle 0
3633.0 6006.0 3649.0 6006.0 3649.0 6043.0 3633.0 6043.0 small-vehicle 0
3677.0 6012.0 3693.0 6012.0 3693.0 6046.0 3677.0 6046.0 small-vehicle 0
3698.0 6015.0 3715.0 6015.0 3715.0 6049.0 3698.0 6049.0 small-vehicle 0
3560.0 5823.0 3577.0 5823.0 3577.0 5859.0 3560.0 5859.0 small-vehicle 0
3583.0 5829.0 3598.0 5829.0 3598.0 5867.0 3583.0 5867.0 small-vehicle 0
3541.0 5725.0 3559.0 5725.0 3559.0 5761.0 3541.0 5761.0 small-vehicle 0
3588.0 5679.0 3604.0 5679.0 3604.0 5716.0 3588.0 5716.0 small-vehicle 0
3615.0 5681.0 3629.0 5681.0 3629.0 5717.0 3615.0 5717.0 small-vehicle 0
3700.0 5733.0 3718.0 5733.0 3718.0 5776.0 3700.0 5776.0 small-vehicle 0
3654.0 5729.0 3674.0 5729.0 3674.0 5777.0 3654.0 5777.0 small-vehicle 0
3551.0 5533.0 3573.0 5533.0 3573.0 5572.0 3551.0 5572.0 small-vehicle 0
3601.0 5537.0 3620.0 5537.0 3620.0 5582.0 3601.0 5582.0 small-vehicle 0
5217.0 5993.0 5251.0 5993.0 5251.0 6028.0 5217.0 6028.0 small-vehicle 0
5175.0 6097.0 5211.0 6097.0 5211.0 6130.0 5175.0 6130.0 small-vehicle 0
5060.0 1142.0 5135.0 1142.0 5135.0 1246.0 5060.0 1246.0 plane 0
818.0 4766.0 864.0 4766.0 864.0 4788.0 818.0 4788.0 small-vehicle 0
722.0 1589.0 748.0 1589.0 748.0 1637.0 722.0 1637.0 small-vehicle 0
816.0 1739.0 841.0 1739.0 841.0 1772.0 816.0 1772.0 small-vehicle 0
834.0 4359.0 880.0 4359.0 880.0 4403.0 834.0 4403.0 small-vehicle 0
915.0 4545.0 952.0 4545.0 952.0 4579.0 915.0 4579.0 small-vehicle 0
896.0 4523.0 934.0 4523.0 934.0 4557.0 896.0 4557.0 small-vehicle 0
874.0 4503.0 908.0 4503.0 908.0 4536.0 874.0 4536.0 small-vehicle 0
900.0 4462.0 942.0 4462.0 942.0 4500.0 900.0 4500.0 small-vehicle 0
871.0 4823.0 905.0 4823.0 905.0 4844.0 871.0 4844.0 small-vehicle 0
840.0 4783.0 880.0 4783.0 880.0 4804.0 840.0 4804.0 small-vehicle 0
667.0 4814.0 702.0 4814.0 702.0 4851.0 667.0 4851.0 small-vehicle 0
1468.0 4358.0 1497.0 4358.0 1497.0 4392.0 1468.0 4392.0 small-vehicle 0
630.0 4842.0 670.0 4842.0 670.0 4884.0 630.0 4884.0 small-vehicle 0
315.0 4904.0 343.0 4904.0 343.0 4942.0 315.0 4942.0 small-vehicle 0
330.0 4891.0 372.0 4891.0 372.0 4932.0 330.0 4932.0 small-vehicle 0
345.0 4875.0 379.0 4875.0 379.0 4911.0 345.0 4911.0 small-vehicle 0
376.0 4846.0 410.0 4846.0 410.0 4881.0 376.0 4881.0 small-vehicle 0
388.0 4830.0 424.0 4830.0 424.0 4869.0 388.0 4869.0 small-vehicle 0
372.0 4779.0 406.0 4779.0 406.0 4818.0 372.0 4818.0 small-vehicle 0
392.0 4707.0 427.0 4707.0 427.0 4747.0 392.0 4747.0 small-vehicle 0
406.0 4688.0 442.0 4688.0 442.0 4729.0 406.0 4729.0 small-vehicle 0
895.0 1456.0 935.0 1456.0 935.0 1515.0 895.0 1515.0 large-vehicle 0
779.0 1334.0 809.0 1334.0 809.0 1379.0 779.0 1379.0 small-vehicle 0
1540.0 2793.0 1582.0 2793.0 1582.0 2833.0 1540.0 2833.0 small-vehicle 0
1618.0 3966.0 1660.0 3966.0 1660.0 4005.0 1618.0 4005.0 small-vehicle 0
1498.0 4332.0 1530.0 4332.0 1530.0 4368.0 1498.0 4368.0 small-vehicle 0
1514.0 4317.0 1546.0 4317.0 1546.0 4355.0 1514.0 4355.0 small-vehicle 0
1528.0 4304.0 1561.0 4304.0 1561.0 4340.0 1528.0 4340.0 small-vehicle 0
1565.0 4272.0 1595.0 4272.0 1595.0 4308.0 1565.0 4308.0 small-vehicle 0
1584.0 4264.0 1614.0 4264.0 1614.0 4296.0 1584.0 4296.0 small-vehicle 0
1594.0 4248.0 1628.0 4248.0 1628.0 4283.0 1594.0 4283.0 small-vehicle 0
1608.0 4230.0 1644.0 4230.0 1644.0 4269.0 1608.0 4269.0 small-vehicle 0
1640.0 4203.0 1670.0 4203.0 1670.0 4241.0 1640.0 4241.0 small-vehicle 0
1655.0 4192.0 1689.0 4192.0 1689.0 4229.0 1655.0 4229.0 small-vehicle 0
1673.0 4182.0 1707.0 4182.0 1707.0 4220.0 1673.0 4220.0 small-vehicle 0
1431.0 4196.0 1465.0 4196.0 1465.0 4231.0 1431.0 4231.0 small-vehicle 0
1475.0 4205.0 1518.0 4205.0 1518.0 4251.0 1475.0 4251.0 small-vehicle 0
1511.0 4180.0 1545.0 4180.0 1545.0 4217.0 1511.0 4217.0 small-vehicle 0
1484.0 4145.0 1517.0 4145.0 1517.0 4183.0 1484.0 4183.0 small-vehicle 0
1504.0 4130.0 1537.0 4130.0 1537.0 4169.0 1504.0 4169.0 small-vehicle 0
1532.0 4168.0 1566.0 4168.0 1566.0 4206.0 1532.0 4206.0 small-vehicle 0
1564.0 4133.0 1598.0 4133.0 1598.0 4171.0 1564.0 4171.0 small-vehicle 0
1618.0 4091.0 1652.0 4091.0 1652.0 4127.0 1618.0 4127.0 small-vehicle 0
1691.0 4039.0 1731.0 4039.0 1731.0 4074.0 1691.0 4074.0 small-vehicle 0
335.0 4328.0 374.0 4328.0 374.0 4355.0 335.0 4355.0 small-vehicle 0
349.0 4314.0 387.0 4314.0 387.0 4342.0 349.0 4342.0 small-vehicle 0
365.0 4301.0 401.0 4301.0 401.0 4325.0 365.0 4325.0 small-vehicle 0
3997.0 1138.0 4071.0 1138.0 4071.0 1248.0 3997.0 1248.0 plane 0
4082.0 1138.0 4158.0 1138.0 4158.0 1250.0 4082.0 1250.0 plane 0
4127.0 1224.0 4206.0 1224.0 4206.0 1338.0 4127.0 1338.0 plane 0
4172.0 1140.0 4250.0 1140.0 4250.0 1243.0 4172.0 1243.0 plane 0
4211.0 1217.0 4282.0 1217.0 4282.0 1339.0 4211.0 1339.0 plane 0
4300.0 1230.0 4371.0 1230.0 4371.0 1341.0 4300.0 1341.0 plane 0
4392.0 1230.0 4465.0 1230.0 4465.0 1341.0 4392.0 1341.0 plane 0
4482.0 1223.0 4549.0 1223.0 4549.0 1341.0 4482.0 1341.0 plane 0
4441.0 1134.0 4514.0 1134.0 4514.0 1244.0 4441.0 1244.0 plane 0
4528.0 1136.0 4606.0 1136.0 4606.0 1244.0 4528.0 1244.0 plane 0
4570.0 1231.0 4643.0 1231.0 4643.0 1342.0 4570.0 1342.0 plane 0
4622.0 1140.0 4692.0 1140.0 4692.0 1244.0 4622.0 1244.0 plane 0
4659.0 1229.0 4736.0 1229.0 4736.0 1343.0 4659.0 1343.0 plane 0
4710.0 1141.0 4778.0 1141.0 4778.0 1247.0 4710.0 1247.0 plane 0
4745.0 1239.0 4822.0 1239.0 4822.0 1344.0 4745.0 1344.0 plane 0
4795.0 1138.0 4868.0 1138.0 4868.0 1251.0 4795.0 1251.0 plane 0
4886.0 1142.0 4956.0 1142.0 4956.0 1252.0 4886.0 1252.0 plane 0
4925.0 1238.0 4996.0 1238.0 4996.0 1343.0 4925.0 1343.0 plane 0
4973.0 1144.0 5046.0 1144.0 5046.0 1248.0 4973.0 1248.0 plane 0
5019.0 1228.0 5088.0 1228.0 5088.0 1341.0 5019.0 1341.0 plane 0
4036.0 1223.0 4116.0 1223.0 4116.0 1339.0 4036.0 1339.0 plane 0
3906.0 1138.0 3982.0 1138.0 3982.0 1240.0 3906.0 1240.0 plane 0
386.0 4290.0 419.0 4290.0 419.0 4311.0 386.0 4311.0 small-vehicle 0
3858.0 1223.0 3935.0 1223.0 3935.0 1336.0 3858.0 1336.0 plane 0
292.0 4318.0 328.0 4318.0 328.0 4340.0 292.0 4340.0 small-vehicle 0
305.0 4300.0 347.0 4300.0 347.0 4326.0 305.0 4326.0 small-vehicle 0
326.0 4286.0 359.0 4286.0 359.0 4309.0 326.0 4309.0 small-vehicle 0
350.0 4274.0 379.0 4274.0 379.0 4299.0 350.0 4299.0 small-vehicle 0
362.0 4259.0 403.0 4259.0 403.0 4283.0 362.0 4283.0 small-vehicle 0
379.0 4237.0 418.0 4237.0 418.0 4264.0 379.0 4264.0 small-vehicle 0
398.0 4385.0 427.0 4385.0 427.0 4427.0 398.0 4427.0 small-vehicle 0
470.0 4330.0 491.0 4330.0 491.0 4367.0 470.0 4367.0 small-vehicle 0
499.0 4229.0 528.0 4229.0 528.0 4270.0 499.0 4270.0 small-vehicle 0
463.0 4194.0 499.0 4194.0 499.0 4232.0 463.0 4232.0 small-vehicle 0
430.0 4172.0 468.0 4172.0 468.0 4205.0 430.0 4205.0 small-vehicle 0
362.0 4152.0 380.0 4152.0 380.0 4188.0 362.0 4188.0 small-vehicle 0
359.0 3926.0 380.0 3926.0 380.0 3963.0 359.0 3963.0 small-vehicle 0
559.0 3837.0 596.0 3837.0 596.0 3857.0 559.0 3857.0 small-vehicle 0
555.0 3794.0 592.0 3794.0 592.0 3813.0 555.0 3813.0 small-vehicle 0
370.0 2714.0 407.0 2714.0 407.0 2749.0 370.0 2749.0 small-vehicle 0
3729.0 1129.0 3808.0 1129.0 3808.0 1243.0 3729.0 1243.0 plane 0
3768.0 1223.0 3842.0 1223.0 3842.0 1336.0 3768.0 1336.0 plane 0
3814.0 1133.0 3896.0 1133.0 3896.0 1248.0 3814.0 1248.0 plane 0
1483.0 4347.0 1514.0 4347.0 1514.0 4381.0 1483.0 4381.0 small-vehicle 0
1448.0 4370.0 1482.0 4370.0 1482.0 4408.0 1448.0 4408.0 small-vehicle 0
5210.0 6141.0 5249.0 6141.0 5249.0 6174.0 5210.0 6174.0 small-vehicle 0
2504.0 4795.0 2546.0 4795.0 2546.0 4832.0 2504.0 4832.0 small-vehicle 0
2625.0 4872.0 2663.0 4872.0 2663.0 4906.0 2625.0 4906.0 small-vehicle 0
2613.0 4855.0 2645.0 4855.0 2645.0 4887.0 2613.0 4887.0 small-vehicle 0
2600.0 4835.0 2636.0 4835.0 2636.0 4868.0 2600.0 4868.0 small-vehicle 0
2571.0 4860.0 2601.0 4860.0 2601.0 4890.0 2571.0 4890.0 small-vehicle 0
2554.0 4847.0 2587.0 4847.0 2587.0 4877.0 2554.0 4877.0 small-vehicle 0
2533.0 4830.0 2571.0 4830.0 2571.0 4866.0 2533.0 4866.0 small-vehicle 0
2567.0 4802.0 2604.0 4802.0 2604.0 4839.0 2567.0 4839.0 small-vehicle 0
2554.0 4783.0 2593.0 4783.0 2593.0 4820.0 2554.0 4820.0 small-vehicle 0
2518.0 4812.0 2555.0 4812.0 2555.0 4848.0 2518.0 4848.0 small-vehicle 0
2640.0 4727.0 2682.0 4727.0 2682.0 4764.0 2640.0 4764.0 small-vehicle 0
1351.0 4316.0 1384.0 4316.0 1384.0 4352.0 1351.0 4352.0 small-vehicle 0
2624.0 4715.0 2664.0 4715.0 2664.0 4749.0 2624.0 4749.0 small-vehicle 0
2601.0 4680.0 2634.0 4680.0 2634.0 4709.0 2601.0 4709.0 small-vehicle 0
2612.0 4695.0 2648.0 4695.0 2648.0 4728.0 2612.0 4728.0 small-vehicle 0
2524.0 4755.0 2554.0 4755.0 2554.0 4785.0 2524.0 4785.0 small-vehicle 0
2492.0 4776.0 2527.0 4776.0 2527.0 4817.0 2492.0 4817.0 small-vehicle 0
2479.0 4762.0 2513.0 4762.0 2513.0 4799.0 2479.0 4799.0 small-vehicle 0
2508.0 4739.0 2543.0 4739.0 2543.0 4772.0 2508.0 4772.0 small-vehicle 0
2498.0 4717.0 2534.0 4717.0 2534.0 4750.0 2498.0 4750.0 small-vehicle 0
2464.0 4744.0 2501.0 4744.0 2501.0 4778.0 2464.0 4778.0 small-vehicle 0
2643.0 4886.0 2678.0 4886.0 2678.0 4920.0 2643.0 4920.0 small-vehicle 0
2700.0 4793.0 2737.0 4793.0 2737.0 4830.0 2700.0 4830.0 small-vehicle 0
2715.0 4810.0 2757.0 4810.0 2757.0 4846.0 2715.0 4846.0 small-vehicle 0
2422.0 4860.0 2457.0 4860.0 2457.0 4891.0 2422.0 4891.0 small-vehicle 0
5246.0 6175.0 5283.0 6175.0 5283.0 6207.0 5246.0 6207.0 small-vehicle 0
5258.0 6188.0 5297.0 6188.0 5297.0 6223.0 5258.0 6223.0 small-vehicle 0
5275.0 6206.0 5314.0 6206.0 5314.0 6240.0 5275.0 6240.0 small-vehicle 0
5289.0 6225.0 5327.0 6225.0 5327.0 6258.0 5289.0 6258.0 small-vehicle 0
5304.0 6239.0 5344.0 6239.0 5344.0 6276.0 5304.0 6276.0 small-vehicle 0
2778.0 4896.0 2826.0 4896.0 2826.0 4937.0 2778.0 4937.0 small-vehicle 0
2773.0 4876.0 2813.0 4876.0 2813.0 4917.0 2773.0 4917.0 small-vehicle 0
2743.0 4838.0 2782.0 4838.0 2782.0 4883.0 2743.0 4883.0 small-vehicle 0
2602.0 4914.0 2645.0 4914.0 2645.0 4953.0 2602.0 4953.0 small-vehicle 0
2590.0 4899.0 2631.0 4899.0 2631.0 4934.0 2590.0 4934.0 small-vehicle 0
2552.0 5053.0 2594.0 5053.0 2594.0 5094.0 2552.0 5094.0 small-vehicle 0
2480.0 5121.0 2514.0 5121.0 2514.0 5154.0 2480.0 5154.0 small-vehicle 0
2534.0 4996.0 2571.0 4996.0 2571.0 5032.0 2534.0 5032.0 small-vehicle 0
2520.0 4978.0 2557.0 4978.0 2557.0 5010.0 2520.0 5010.0 small-vehicle 0
2509.0 4957.0 2546.0 4957.0 2546.0 4991.0 2509.0 4991.0 small-vehicle 0
2480.0 4924.0 2520.0 4924.0 2520.0 4962.0 2480.0 4962.0 small-vehicle 0
2466.0 4906.0 2505.0 4906.0 2505.0 4943.0 2466.0 4943.0 small-vehicle 0
2453.0 4892.0 2489.0 4892.0 2489.0 4923.0 2453.0 4923.0 small-vehicle 0
2435.0 4874.0 2474.0 4874.0 2474.0 4909.0 2435.0 4909.0 small-vehicle 0
2449.0 4734.0 2485.0 4734.0 2485.0 4766.0 2449.0 4766.0 small-vehicle 0
2480.0 4699.0 2523.0 4699.0 2523.0 4737.0 2480.0 4737.0 small-vehicle 0
2467.0 4687.0 2497.0 4687.0 2497.0 4714.0 2467.0 4714.0 small-vehicle 0
2360.0 4625.0 2399.0 4625.0 2399.0 4663.0 2360.0 4663.0 small-vehicle 0
2334.0 4596.0 2368.0 4596.0 2368.0 4631.0 2334.0 4631.0 small-vehicle 0
2320.0 4581.0 2356.0 4581.0 2356.0 4614.0 2320.0 4614.0 small-vehicle 0
2305.0 4563.0 2344.0 4563.0 2344.0 4595.0 2305.0 4595.0 small-vehicle 0
2289.0 4546.0 2328.0 4546.0 2328.0 4581.0 2289.0 4581.0 small-vehicle 0
2272.0 4530.0 2308.0 4530.0 2308.0 4562.0 2272.0 4562.0 small-vehicle 0
2254.0 4517.0 2291.0 4517.0 2291.0 4551.0 2254.0 4551.0 small-vehicle 0
2192.0 4592.0 2222.0 4592.0 2222.0 4623.0 2192.0 4623.0 small-vehicle 0
2230.0 4458.0 2263.0 4458.0 2263.0 4487.0 2230.0 4487.0 small-vehicle 0
2425.0 4480.0 2460.0 4480.0 2460.0 4509.0 2425.0 4509.0 small-vehicle 0
2478.0 4441.0 2510.0 4441.0 2510.0 4472.0 2478.0 4472.0 small-vehicle 0
2380.0 4428.0 2414.0 4428.0 2414.0 4458.0 2380.0 4458.0 small-vehicle 0
2370.0 4412.0 2401.0 4412.0 2401.0 4440.0 2370.0 4440.0 small-vehicle 0
2341.0 4374.0 2376.0 4374.0 2376.0 4405.0 2341.0 4405.0 small-vehicle 0
2321.0 4360.0 2356.0 4360.0 2356.0 4391.0 2321.0 4391.0 small-vehicle 0
2178.0 4339.0 2214.0 4339.0 2214.0 4372.0 2178.0 4372.0 small-vehicle 0
2286.0 4166.0 2308.0 4166.0 2308.0 4202.0 2286.0 4202.0 small-vehicle 0
1444.0 4234.0 1477.0 4234.0 1477.0 4270.0 1444.0 4270.0 small-vehicle 0
1433.0 4260.0 1466.0 4260.0 1466.0 4295.0 1433.0 4295.0 small-vehicle 0
1398.0 4280.0 1432.0 4280.0 1432.0 4323.0 1398.0 4323.0 small-vehicle 0
2346.0 4612.0 2391.0 4612.0 2391.0 4647.0 2346.0 4647.0 small-vehicle 0
2291.0 4490.0 2320.0 4490.0 2320.0 4520.0 2291.0 4520.0 small-vehicle 0
2417.0 4696.0 2456.0 4696.0 2456.0 4734.0 2417.0 4734.0 small-vehicle 0
2303.0 4501.0 2338.0 4501.0 2338.0 4535.0 2303.0 4535.0 small-vehicle 0
2452.0 4665.0 2488.0 4665.0 2488.0 4700.0 2452.0 4700.0 small-vehicle 0
2590.0 4663.0 2618.0 4663.0 2618.0 4690.0 2590.0 4690.0 small-vehicle 0
2568.0 4645.0 2602.0 4645.0 2602.0 4680.0 2568.0 4680.0 small-vehicle 0
2555.0 4626.0 2595.0 4626.0 2595.0 4662.0 2555.0 4662.0 small-vehicle 0
2543.0 4607.0 2578.0 4607.0 2578.0 4642.0 2543.0 4642.0 small-vehicle 0
2528.0 4589.0 2566.0 4589.0 2566.0 4624.0 2528.0 4624.0 small-vehicle 0
2518.0 4572.0 2552.0 4572.0 2552.0 4607.0 2518.0 4607.0 small-vehicle 0
2501.0 4561.0 2534.0 4561.0 2534.0 4591.0 2501.0 4591.0 small-vehicle 0
2490.0 4539.0 2521.0 4539.0 2521.0 4574.0 2490.0 4574.0 small-vehicle 0
2469.0 4524.0 2505.0 4524.0 2505.0 4559.0 2469.0 4559.0 small-vehicle 0
2453.0 4507.0 2492.0 4507.0 2492.0 4542.0 2453.0 4542.0 small-vehicle 0
2348.0 4764.0 2381.0 4764.0 2381.0 4800.0 2348.0 4800.0 small-vehicle 0
2424.0 4637.0 2458.0 4637.0 2458.0 4669.0 2424.0 4669.0 small-vehicle 0
2411.0 4614.0 2445.0 4614.0 2445.0 4652.0 2411.0 4652.0 small-vehicle 0
2396.0 4600.0 2427.0 4600.0 2427.0 4634.0 2396.0 4634.0 small-vehicle 0
2379.0 4587.0 2412.0 4587.0 2412.0 4620.0 2379.0 4620.0 small-vehicle 0
2351.0 4552.0 2385.0 4552.0 2385.0 4584.0 2351.0 4584.0 small-vehicle 0
2338.0 4535.0 2371.0 4535.0 2371.0 4568.0 2338.0 4568.0 small-vehicle 0
2323.0 4513.0 2363.0 4513.0 2363.0 4553.0 2323.0 4553.0 small-vehicle 0
1576.0 384.0 1653.0 384.0 1653.0 495.0 1576.0 495.0 plane 0
