4595.0 5170.0 5025.0 5170.0 5025.0 5534.0 4595.0 5534.0 plane 0
2996.0 2527.0 3078.0 2527.0 3078.0 2617.0 2996.0 2617.0 plane 0
2983.0 3045.0 3059.0 3045.0 3059.0 3132.0 2983.0 3132.0 plane 0
2928.0 2992.0 3005.0 2992.0 3005.0 3081.0 2928.0 3081.0 plane 0
2985.0 2943.0 3061.0 2943.0 3061.0 3028.0 2985.0 3028.0 plane 0
2930.0 2892.0 3006.0 2892.0 3006.0 2976.0 2930.0 2976.0 plane 0
2933.0 2789.0 3010.0 2789.0 3010.0 2874.0 2933.0 2874.0 plane 0
2993.0 2743.0 3070.0 2743.0 3070.0 2826.0 2993.0 2826.0 plane 0
2937.0 2687.0 3013.0 2687.0 3013.0 2776.0 2937.0 2776.0 plane 0
2999.0 2642.0 3074.0 2642.0 3074.0 2726.0 2999.0 2726.0 plane 0
2937.0 2579.0 3021.0 2579.0 3021.0 2669.0 2937.0 2669.0 plane 0
3185.0 2536.0 3260.0 2536.0 3260.0 2621.0 3185.0 2621.0 plane 0
2983.0 3148.0 3060.0 3148.0 3060.0 3232.0 2983.0 3232.0 plane 0
3131.0 2584.0 3208.0 2584.0 3208.0 2670.0 3131.0 2670.0 plane 0
3452.0 2543.0 3534.0 2543.0 3534.0 2632.0 3452.0 2632.0 plane 0
3391.0 2601.0 3466.0 2601.0 3466.0 2683.0 3391.0 2683.0 plane 0
3444.0 2660.0 3531.0 2660.0 3531.0 2751.0 3444.0 2751.0 plane 0
3181.0 2642.0 3257.0 2642.0 3257.0 2724.0 3181.0 2724.0 plane 0
3126.0 2685.0 3205.0 2685.0 3205.0 2772.0 3126.0 2772.0 plane 0
3390.0 2716.0 3468.0 2716.0 3468.0 2804.0 3390.0 2804.0 plane 0
3383.0 2836.0 3461.0 2836.0 3461.0 2922.0 3383.0 2922.0 plane 0
3180.0 2739.0 3258.0 2739.0 3258.0 2828.0 3180.0 2828.0 plane 0
2928.0 3093.0 3004.0 3093.0 3004.0 3180.0 2928.0 3180.0 plane 0
2925.0 3195.0 3002.0 3195.0 3002.0 3281.0 2925.0 3281.0 plane 0
2572.0 2836.0 2720.0 2836.0 2720.0 2936.0 2572.0 2936.0 plane 0
2898.0 3871.0 2977.0 3871.0 2977.0 3959.0 2898.0 3959.0 plane 0
2543.0 3307.0 2692.0 3307.0 2692.0 3386.0 2543.0 3386.0 plane 0
2644.0 3357.0 2789.0 3357.0 2789.0 3456.0 2644.0 3456.0 plane 0
2638.0 3587.0 2776.0 3587.0 2776.0 3686.0 2638.0 3686.0 plane 0
2624.0 3699.0 2770.0 3699.0 2770.0 3801.0 2624.0 3801.0 plane 0
2618.0 3816.0 2760.0 3816.0 2760.0 3918.0 2618.0 3918.0 plane 0
2511.0 3870.0 2652.0 3870.0 2652.0 3970.0 2511.0 3970.0 plane 0
2946.0 4065.0 3026.0 4065.0 3026.0 4149.0 2946.0 4149.0 plane 0
2898.0 4002.0 2971.0 4002.0 2971.0 4085.0 2898.0 4085.0 plane 0
2951.0 3936.0 3030.0 3936.0 3030.0 4021.0 2951.0 4021.0 plane 0
2956.0 3826.0 3032.0 3826.0 3032.0 3910.0 2956.0 3910.0 plane 0
2974.0 3249.0 3054.0 3249.0 3054.0 3331.0 2974.0 3331.0 plane 0
2903.0 3766.0 2977.0 3766.0 2977.0 3850.0 2903.0 3850.0 plane 0
2963.0 3711.0 3036.0 3711.0 3036.0 3793.0 2963.0 3793.0 plane 0
2902.0 3637.0 2987.0 3637.0 2987.0 3732.0 2902.0 3732.0 plane 0
2962.0 3589.0 3040.0 3589.0 3040.0 3676.0 2962.0 3676.0 plane 0
2908.0 3523.0 2987.0 3523.0 2987.0 3613.0 2908.0 3613.0 plane 0
2967.0 3471.0 3045.0 3471.0 3045.0 3554.0 2967.0 3554.0 plane 0
2915.0 3406.0 2992.0 3406.0 2992.0 3490.0 2915.0 3490.0 plane 0
2970.0 3355.0 3048.0 3355.0 3048.0 3440.0 2970.0 3440.0 plane 0
2916.0 3295.0 2996.0 3295.0 2996.0 3381.0 2916.0 3381.0 plane 0
3121.0 2783.0 3198.0 2783.0 3198.0 2877.0 3121.0 2877.0 plane 0
3180.0 2844.0 3260.0 2844.0 3260.0 2933.0 3180.0 2933.0 plane 0
3118.0 2892.0 3196.0 2892.0 3196.0 2980.0 3118.0 2980.0 plane 0
3815.0 921.0 3969.0 921.0 3969.0 1017.0 3815.0 1017.0 plane 0
3149.0 1191.0 3300.0 1191.0 3300.0 1290.0 3149.0 1290.0 plane 0
3142.0 1311.0 3298.0 1311.0 3298.0 1416.0 3142.0 1416.0 plane 0
3141.0 1438.0 3299.0 1438.0 3299.0 1542.0 3141.0 1542.0 plane 0
3171.0 578.0 3319.0 578.0 3319.0 674.0 3171.0 674.0 plane 0
3397.0 589.0 3546.0 589.0 3546.0 684.0 3397.0 684.0 plane 0
3170.0 824.0 3315.0 824.0 3315.0 924.0 3170.0 924.0 plane 0
3360.0 1579.0 3508.0 1579.0 3508.0 1675.0 3360.0 1675.0 plane 0
3551.0 1518.0 3696.0 1518.0 3696.0 1616.0 3551.0 1616.0 plane 0
3905.0 855.0 4065.0 855.0 4065.0 963.0 3905.0 963.0 plane 0
3795.0 1419.0 3947.0 1419.0 3947.0 1523.0 3795.0 1523.0 plane 0
3178.0 2945.0 3256.0 2945.0 3256.0 3034.0 3178.0 3034.0 plane 0
3891.0 1480.0 4043.0 1480.0 4043.0 1582.0 3891.0 1582.0 plane 0
3781.0 1527.0 3936.0 1527.0 3936.0 1634.0 3781.0 1634.0 plane 0
3902.0 1602.0 4044.0 1602.0 4044.0 1699.0 3902.0 1699.0 plane 0
3773.0 1971.0 3919.0 1971.0 3919.0 2069.0 3773.0 2069.0 plane 0
3917.0 2027.0 4063.0 2027.0 4063.0 2125.0 3917.0 2125.0 plane 0
3769.0 2085.0 3919.0 2085.0 3919.0 2184.0 3769.0 2184.0 plane 0
3919.0 2153.0 4071.0 2153.0 4071.0 2248.0 3919.0 2248.0 plane 0
3766.0 2213.0 3919.0 2213.0 3919.0 2314.0 3766.0 2314.0 plane 0
3924.0 2272.0 4072.0 2272.0 4072.0 2369.0 3924.0 2369.0 plane 0
3143.0 4076.0 3218.0 4076.0 3218.0 4161.0 3143.0 4161.0 plane 0
3083.0 4005.0 3163.0 4005.0 3163.0 4094.0 3083.0 4094.0 plane 0
3145.0 3953.0 3219.0 3953.0 3219.0 4039.0 3145.0 4039.0 plane 0
3082.0 3888.0 3158.0 3888.0 3158.0 3974.0 3082.0 3974.0 plane 0
3115.0 2988.0 3198.0 2988.0 3198.0 3082.0 3115.0 3082.0 plane 0
3380.0 2955.0 3458.0 2955.0 3458.0 3042.0 3380.0 3042.0 plane 0
3435.0 3016.0 3510.0 3016.0 3510.0 3101.0 3435.0 3101.0 plane 0
3379.0 3070.0 3454.0 3070.0 3454.0 3156.0 3379.0 3156.0 plane 0
3172.0 3051.0 3250.0 3051.0 3250.0 3134.0 3172.0 3134.0 plane 0
3112.0 3102.0 3193.0 3102.0 3193.0 3193.0 3112.0 3193.0 plane 0
3175.0 3155.0 3250.0 3155.0 3250.0 3238.0 3175.0 3238.0 plane 0
3107.0 3197.0 3191.0 3197.0 3191.0 3291.0 3107.0 3291.0 plane 0
3163.0 3251.0 3242.0 3251.0 3242.0 3339.0 3163.0 3339.0 plane 0
3103.0 3298.0 3182.0 3298.0 3182.0 3387.0 3103.0 3387.0 plane 0
3164.0 3357.0 3243.0 3357.0 3243.0 3445.0 3164.0 3445.0 plane 0
3103.0 3413.0 3179.0 3413.0 3179.0 3500.0 3103.0 3500.0 plane 0
3155.0 3473.0 3237.0 3473.0 3237.0 3562.0 3155.0 3562.0 plane 0
3099.0 3526.0 3180.0 3526.0 3180.0 3619.0 3099.0 3619.0 plane 0
3155.0 3594.0 3230.0 3594.0 3230.0 3683.0 3155.0 3683.0 plane 0
3097.0 3651.0 3174.0 3651.0 3174.0 3740.0 3097.0 3740.0 plane 0
3155.0 3716.0 3232.0 3716.0 3232.0 3801.0 3155.0 3801.0 plane 0
3083.0 3767.0 3165.0 3767.0 3165.0 3856.0 3083.0 3856.0 plane 0
3150.0 3833.0 3226.0 3833.0 3226.0 3917.0 3150.0 3917.0 plane 0
2673.0 2898.0 2818.0 2898.0 2818.0 2999.0 2673.0 2999.0 plane 0
2582.0 2724.0 2726.0 2724.0 2726.0 2821.0 2582.0 2821.0 plane 0
5291.0 5402.0 5770.0 5402.0 5770.0 5779.0 5291.0 5779.0 plane 0
1193.0 3573.0 1354.0 3573.0 1354.0 3674.0 1193.0 3674.0 plane 0
2226.0 1526.0 2317.0 1526.0 2317.0 1595.0 2226.0 1595.0 plane 0
2280.0 1471.0 2370.0 1471.0 2370.0 1544.0 2280.0 1544.0 plane 0
2329.0 1524.0 2419.0 1524.0 2419.0 1594.0 2329.0 1594.0 plane 0
2382.0 1467.0 2473.0 1467.0 2473.0 1534.0 2382.0 1534.0 plane 0
2436.0 1516.0 2528.0 1516.0 2528.0 1594.0 2436.0 1594.0 plane 0
1117.0 2703.0 1270.0 2703.0 1270.0 2810.0 1117.0 2810.0 plane 0
1226.0 2993.0 1388.0 2993.0 1388.0 3102.0 1226.0 3102.0 plane 0
1228.0 3113.0 1386.0 3113.0 1386.0 3215.0 1228.0 3215.0 plane 0
1066.0 3507.0 1216.0 3507.0 1216.0 3602.0 1066.0 3602.0 plane 0
1059.0 3623.0 1217.0 3623.0 1217.0 3727.0 1059.0 3727.0 plane 0
2126.0 1529.0 2213.0 1529.0 2213.0 1597.0 2126.0 1597.0 plane 0
1190.0 3689.0 1346.0 3689.0 1346.0 3787.0 1190.0 3787.0 plane 0
1048.0 3731.0 1212.0 3731.0 1212.0 3835.0 1048.0 3835.0 plane 0
1178.0 3798.0 1341.0 3798.0 1341.0 3906.0 1178.0 3906.0 plane 0
1043.0 3850.0 1208.0 3850.0 1208.0 3957.0 1043.0 3957.0 plane 0
1173.0 3920.0 1331.0 3920.0 1331.0 4020.0 1173.0 4020.0 plane 0
1032.0 3966.0 1199.0 3966.0 1199.0 4074.0 1032.0 4074.0 plane 0
1620.0 3941.0 1778.0 3941.0 1778.0 4050.0 1620.0 4050.0 plane 0
1626.0 3837.0 1783.0 3837.0 1783.0 3931.0 1626.0 3931.0 plane 0
1635.0 3710.0 1787.0 3710.0 1787.0 3818.0 1635.0 3818.0 plane 0
2173.0 1472.0 2262.0 1472.0 2262.0 1542.0 2173.0 1542.0 plane 0
2072.0 1476.0 2161.0 1476.0 2161.0 1543.0 2072.0 1543.0 plane 0
2584.0 2610.0 2729.0 2610.0 2729.0 2710.0 2584.0 2710.0 plane 0
1394.0 1541.0 1485.0 1541.0 1485.0 1617.0 1394.0 1617.0 plane 0
1261.0 430.0 1584.0 430.0 1584.0 754.0 1261.0 754.0 plane 0
1901.0 441.0 2214.0 441.0 2214.0 740.0 1901.0 740.0 plane 0
1950.0 1186.0 2180.0 1186.0 2180.0 1430.0 1950.0 1430.0 plane 0
2248.0 1184.0 2544.0 1184.0 2544.0 1374.0 2248.0 1374.0 plane 0
1111.0 1499.0 1200.0 1499.0 1200.0 1573.0 1111.0 1573.0 plane 0
1225.0 1494.0 1312.0 1494.0 1312.0 1567.0 1225.0 1567.0 plane 0
1175.0 1548.0 1263.0 1548.0 1263.0 1623.0 1175.0 1623.0 plane 0
1288.0 1543.0 1374.0 1543.0 1374.0 1624.0 1288.0 1624.0 plane 0
1332.0 1488.0 1421.0 1488.0 1421.0 1564.0 1332.0 1564.0 plane 0
1447.0 1484.0 1534.0 1484.0 1534.0 1561.0 1447.0 1561.0 plane 0
2023.0 1535.0 2111.0 1535.0 2111.0 1602.0 2023.0 1602.0 plane 0
1506.0 1544.0 1595.0 1544.0 1595.0 1619.0 1506.0 1619.0 plane 0
1555.0 1480.0 1645.0 1480.0 1645.0 1555.0 1555.0 1555.0 plane 0
1614.0 1541.0 1699.0 1541.0 1699.0 1613.0 1614.0 1613.0 plane 0
1717.0 1534.0 1804.0 1534.0 1804.0 1609.0 1717.0 1609.0 plane 0
1764.0 1484.0 1852.0 1484.0 1852.0 1553.0 1764.0 1553.0 plane 0
1818.0 1537.0 1905.0 1537.0 1905.0 1607.0 1818.0 1607.0 plane 0
1866.0 1480.0 1956.0 1480.0 1956.0 1551.0 1866.0 1551.0 plane 0
1923.0 1531.0 2010.0 1531.0 2010.0 1602.0 1923.0 1602.0 plane 0
1971.0 1478.0 2059.0 1478.0 2059.0 1549.0 1971.0 1549.0 plane 0
1642.0 3594.0 1804.0 3594.0 1804.0 3709.0 1642.0 3709.0 plane 0
1517.0 3525.0 1684.0 3525.0 1684.0 3641.0 1517.0 3641.0 plane 0
1651.0 3485.0 1809.0 3485.0 1809.0 3591.0 1651.0 3591.0 plane 0
2363.0 3346.0 2506.0 3346.0 2506.0 3447.0 2363.0 3447.0 plane 0
1942.0 3849.0 2087.0 3849.0 2087.0 3948.0 1942.0 3948.0 plane 0
1932.0 3961.0 2077.0 3961.0 2077.0 4060.0 1932.0 4060.0 plane 0
2324.0 3918.0 2475.0 3918.0 2475.0 4021.0 2324.0 4021.0 plane 0
2337.0 3807.0 2483.0 3807.0 2483.0 3901.0 2337.0 3901.0 plane 0
2242.0 3744.0 2379.0 3744.0 2379.0 3846.0 2242.0 3846.0 plane 0
2247.0 3628.0 2386.0 3628.0 2386.0 3728.0 2247.0 3728.0 plane 0
2348.0 3570.0 2495.0 3570.0 2495.0 3684.0 2348.0 3684.0 plane 0
2247.0 3511.0 2395.0 3511.0 2395.0 3618.0 2247.0 3618.0 plane 0
2254.0 3395.0 2401.0 3395.0 2401.0 3501.0 2254.0 3501.0 plane 0
2261.0 3283.0 2409.0 3283.0 2409.0 3385.0 2261.0 3385.0 plane 0
1525.0 3418.0 1689.0 3418.0 1689.0 3533.0 1525.0 3533.0 plane 0
2271.0 3172.0 2409.0 3172.0 2409.0 3267.0 2271.0 3267.0 plane 0
2274.0 3052.0 2421.0 3052.0 2421.0 3160.0 2274.0 3160.0 plane 0
2390.0 2999.0 2533.0 2999.0 2533.0 3104.0 2390.0 3104.0 plane 0
2402.0 2899.0 2538.0 2899.0 2538.0 2986.0 2402.0 2986.0 plane 0
2399.0 2777.0 2544.0 2777.0 2544.0 2875.0 2399.0 2875.0 plane 0
2296.0 2710.0 2443.0 2710.0 2443.0 2815.0 2296.0 2815.0 plane 0
2412.0 2658.0 2553.0 2658.0 2553.0 2756.0 2412.0 2756.0 plane 0
2307.0 2594.0 2455.0 2594.0 2455.0 2702.0 2307.0 2702.0 plane 0
2317.0 2481.0 2454.0 2481.0 2454.0 2581.0 2317.0 2581.0 plane 0
1948.0 3732.0 2096.0 3732.0 2096.0 3836.0 1948.0 3836.0 plane 0
2059.0 3563.0 2214.0 3563.0 2214.0 3669.0 2059.0 3669.0 plane 0
2074.0 3455.0 2224.0 3455.0 2224.0 3565.0 2074.0 3565.0 plane 0
1960.0 3387.0 2118.0 3387.0 2118.0 3493.0 1960.0 3493.0 plane 0
1535.0 3304.0 1689.0 3304.0 1689.0 3413.0 1535.0 3413.0 plane 0
1538.0 3188.0 1704.0 3188.0 1704.0 3302.0 1538.0 3302.0 plane 0
1553.0 3085.0 1709.0 3085.0 1709.0 3182.0 1553.0 3182.0 plane 0
1561.0 2963.0 1716.0 2963.0 1716.0 3061.0 1561.0 3061.0 plane 0
1690.0 2915.0 1840.0 2915.0 1840.0 3013.0 1690.0 3013.0 plane 0
1566.0 2845.0 1727.0 2845.0 1727.0 2956.0 1566.0 2956.0 plane 0
1695.0 2676.0 1851.0 2676.0 1851.0 2786.0 1695.0 2786.0 plane 0
1583.0 2490.0 1747.0 2490.0 1747.0 2607.0 1583.0 2607.0 plane 0
1715.0 2452.0 1867.0 2452.0 1867.0 2560.0 1715.0 2560.0 plane 0
2035.0 2469.0 2179.0 2469.0 2179.0 2564.0 2035.0 2564.0 plane 0
2132.0 2530.0 2276.0 2530.0 2276.0 2638.0 2132.0 2638.0 plane 0
2020.0 2583.0 2170.0 2583.0 2170.0 2701.0 2020.0 2701.0 plane 0
2125.0 2643.0 2272.0 2643.0 2272.0 2748.0 2125.0 2748.0 plane 0
2016.0 2695.0 2163.0 2695.0 2163.0 2812.0 2016.0 2812.0 plane 0
2120.0 2760.0 2262.0 2760.0 2262.0 2863.0 2120.0 2863.0 plane 0
2010.0 2813.0 2154.0 2813.0 2154.0 2905.0 2010.0 2905.0 plane 0
2107.0 2878.0 2263.0 2878.0 2263.0 2980.0 2107.0 2980.0 plane 0
1983.0 3043.0 2137.0 3043.0 2137.0 3153.0 1983.0 3153.0 plane 0
2100.0 3104.0 2243.0 3104.0 2243.0 3198.0 2100.0 3198.0 plane 0
3141.0 1580.0 3288.0 1580.0 3288.0 1651.0 3141.0 1651.0 plane 0
2860.0 2265.0 2967.0 2265.0 2967.0 2327.0 2860.0 2327.0 plane 0
2890.0 2219.0 3000.0 2219.0 3000.0 2278.0 2890.0 2278.0 plane 0
4186.0 3841.0 4297.0 3841.0 4297.0 3907.0 4186.0 3907.0 plane 0
6144.0 2467.0 6278.0 2467.0 6278.0 2545.0 6144.0 2545.0 plane 0
3891.0 3394.0 4010.0 3394.0 4010.0 3536.0 3891.0 3536.0 plane 0
3887.0 3550.0 4002.0 3550.0 4002.0 3690.0 3887.0 3690.0 plane 0
3884.0 3700.0 3998.0 3700.0 3998.0 3846.0 3884.0 3846.0 plane 0
3872.0 3857.0 3995.0 3857.0 3995.0 4002.0 3872.0 4002.0 plane 0
3872.0 4011.0 3988.0 4011.0 3988.0 4158.0 3872.0 4158.0 plane 0
4186.0 4024.0 4292.0 4024.0 4292.0 4078.0 4186.0 4078.0 plane 0
4124.0 3970.0 4235.0 3970.0 4235.0 4035.0 4124.0 4035.0 plane 0
4186.0 3933.0 4297.0 3933.0 4297.0 3989.0 4186.0 3989.0 plane 0
4187.0 3746.0 4301.0 3746.0 4301.0 3813.0 4187.0 3813.0 plane 0
6147.0 2119.0 6284.0 2119.0 6284.0 2194.0 6147.0 2194.0 plane 0
4190.0 3655.0 4305.0 3655.0 4305.0 3720.0 4190.0 3720.0 plane 0
4195.0 3470.0 4306.0 3470.0 4306.0 3541.0 4195.0 3541.0 plane 0
4200.0 3384.0 4310.0 3384.0 4310.0 3445.0 4200.0 3445.0 plane 0
4206.0 3296.0 4314.0 3296.0 4314.0 3354.0 4206.0 3354.0 plane 0
4207.0 3205.0 4316.0 3205.0 4316.0 3264.0 4207.0 3264.0 plane 0
4216.0 3115.0 4318.0 3115.0 4318.0 3173.0 4216.0 3173.0 plane 0
4217.0 3022.0 4322.0 3022.0 4322.0 3084.0 4217.0 3084.0 plane 0
4214.0 2934.0 4326.0 2934.0 4326.0 2993.0 4214.0 2993.0 plane 0
4218.0 2841.0 4327.0 2841.0 4327.0 2902.0 4218.0 2902.0 plane 0
6143.0 2352.0 6280.0 2352.0 6280.0 2430.0 6143.0 2430.0 plane 0
6158.0 1772.0 6296.0 1772.0 6296.0 1854.0 6158.0 1854.0 plane 0
2863.0 2169.0 2973.0 2169.0 2973.0 2228.0 2863.0 2228.0 plane 0
5820.0 1772.0 5954.0 1772.0 5954.0 1845.0 5820.0 1845.0 plane 0
5190.0 3237.0 5531.0 3237.0 5531.0 3595.0 5190.0 3595.0 plane 0
5208.0 2909.0 5540.0 2909.0 5540.0 3241.0 5208.0 3241.0 plane 0
5991.0 552.0 6141.0 552.0 6141.0 649.0 5991.0 649.0 plane 0
5992.0 670.0 6143.0 670.0 6143.0 770.0 5992.0 770.0 plane 0
5994.0 791.0 6144.0 791.0 6144.0 880.0 5994.0 880.0 plane 0
5980.0 1132.0 6123.0 1132.0 6123.0 1206.0 5980.0 1206.0 plane 0
5682.0 1482.0 5820.0 1482.0 5820.0 1555.0 5682.0 1555.0 plane 0
5673.0 1590.0 5816.0 1590.0 5816.0 1680.0 5673.0 1680.0 plane 0
5679.0 1714.0 5812.0 1714.0 5812.0 1786.0 5679.0 1786.0 plane 0
5673.0 1826.0 5812.0 1826.0 5812.0 1901.0 5673.0 1901.0 plane 0
6165.0 1545.0 6299.0 1545.0 6299.0 1622.0 6165.0 1622.0 plane 0
5677.0 1947.0 5807.0 1947.0 5807.0 2014.0 5677.0 2014.0 plane 0
5964.0 1948.0 6102.0 1948.0 6102.0 2020.0 5964.0 2020.0 plane 0
5666.0 2057.0 5806.0 2057.0 5806.0 2132.0 5666.0 2132.0 plane 0
5825.0 2236.0 5958.0 2236.0 5958.0 2310.0 5825.0 2310.0 plane 0
5665.0 2286.0 5799.0 2286.0 5799.0 2365.0 5665.0 2365.0 plane 0
5823.0 2350.0 5945.0 2350.0 5945.0 2422.0 5823.0 2422.0 plane 0
5961.0 2049.0 6108.0 2049.0 6108.0 2146.0 5961.0 2146.0 plane 0
5954.0 2408.0 6085.0 2408.0 6085.0 2487.0 5954.0 2487.0 plane 0
6171.0 1322.0 6302.0 1322.0 6302.0 1392.0 6171.0 1392.0 plane 0
4220.0 2752.0 4336.0 2752.0 4336.0 2816.0 4220.0 2816.0 plane 0
4062.0 2212.0 4205.0 2212.0 4205.0 2304.0 4062.0 2304.0 plane 0
4611.0 4094.0 4774.0 4094.0 4774.0 4253.0 4611.0 4253.0 plane 0
5189.0 4003.0 5526.0 4003.0 5526.0 4205.0 5189.0 4205.0 plane 0
5960.0 2175.0 6098.0 2175.0 6098.0 2256.0 5960.0 2256.0 plane 0
6142.0 2234.0 6297.0 2234.0 6297.0 2316.0 6142.0 2316.0 plane 0
5665.0 2164.0 5806.0 2164.0 5806.0 2256.0 5665.0 2256.0 plane 0
5950.0 2294.0 6107.0 2294.0 6107.0 2381.0 5950.0 2381.0 plane 0
5981.0 2516.0 6302.0 2516.0 6302.0 2971.0 5981.0 2971.0 plane 0
5625.0 3248.0 6009.0 3248.0 6009.0 3705.0 5625.0 3705.0 plane 0
4578.0 4702.0 5038.0 4702.0 5038.0 5079.0 4578.0 5079.0 plane 0
5124.0 4696.0 5558.0 4696.0 5558.0 5032.0 5124.0 5032.0 plane 0
5587.0 2650.0 5947.0 2650.0 5947.0 3198.0 5587.0 3198.0 plane 0
5904.0 3476.0 6232.0 3476.0 6232.0 3929.0 5904.0 3929.0 plane 0
4506.0 4176.0 4657.0 4176.0 4657.0 4329.0 4506.0 4329.0 plane 0
5616.0 3762.0 5961.0 3762.0 5961.0 4148.0 5616.0 4148.0 plane 0
5622.0 4147.0 5990.0 4147.0 5990.0 4600.0 5622.0 4600.0 plane 0
5960.0 3904.0 6303.0 3904.0 6303.0 4383.0 5960.0 4383.0 plane 0
5974.0 4379.0 6326.0 4379.0 6326.0 4850.0 5974.0 4850.0 plane 0
5634.0 5154.0 6036.0 5154.0 6036.0 5511.0 5634.0 5511.0 plane 0
5135.0 5164.0 5545.0 5164.0 5545.0 5489.0 5135.0 5489.0 plane 0
4881.0 5566.0 5323.0 5566.0 5323.0 5904.0 4881.0 5904.0 plane 0
5347.0 5736.0 5790.0 5736.0 5790.0 6058.0 5347.0 6058.0 plane 0
5646.0 5476.0 6062.0 5476.0 6062.0 5855.0 5646.0 5855.0 plane 0
5823.0 2006.0 5952.0 2006.0 5952.0 2080.0 5823.0 2080.0 plane 0
6145.0 2006.0 6293.0 2006.0 6293.0 2082.0 6145.0 2082.0 plane 0
5809.0 1887.0 5952.0 1887.0 5952.0 1963.0 5809.0 1963.0 plane 0
6143.0 1891.0 6295.0 1891.0 6295.0 1983.0 6143.0 1983.0 plane 0
4503.0 4355.0 4655.0 4355.0 4655.0 4512.0 4503.0 4512.0 plane 0
4606.0 4446.0 4755.0 4446.0 4755.0 4596.0 4606.0 4596.0 plane 0
4494.0 4567.0 4649.0 4567.0 4649.0 4660.0 4494.0 4660.0 plane 0
3646.0 4255.0 4290.0 4255.0 4290.0 4804.0 3646.0 4804.0 plane 0
3153.0 4488.0 3818.0 4488.0 3818.0 5074.0 3153.0 5074.0 plane 0
3630.0 4793.0 4276.0 4793.0 4276.0 5356.0 3630.0 5356.0 plane 0
3546.0 5242.0 4300.0 5242.0 4300.0 5929.0 3546.0 5929.0 plane 0
2692.0 4752.0 3347.0 4752.0 3347.0 5316.0 2692.0 5316.0 plane 0
3156.0 5054.0 3796.0 5054.0 3796.0 5605.0 3156.0 5605.0 plane 0
2672.0 5288.0 3328.0 5288.0 3328.0 5845.0 2672.0 5845.0 plane 0
6188.0 635.0 6324.0 635.0 6324.0 706.0 6188.0 706.0 plane 0
6183.0 750.0 6327.0 750.0 6327.0 818.0 6183.0 818.0 plane 0
6179.0 866.0 6324.0 866.0 6324.0 947.0 6179.0 947.0 plane 0
6173.0 977.0 6309.0 977.0 6309.0 1052.0 6173.0 1052.0 plane 0
6175.0 1096.0 6311.0 1096.0 6311.0 1168.0 6175.0 1168.0 plane 0
6172.0 1204.0 6331.0 1204.0 6331.0 1282.0 6172.0 1282.0 plane 0
6156.0 1430.0 6308.0 1430.0 6308.0 1507.0 6156.0 1507.0 plane 0
5816.0 1653.0 5944.0 1653.0 5944.0 1736.0 5816.0 1736.0 plane 0
6157.0 1668.0 6302.0 1668.0 6302.0 1753.0 6157.0 1753.0 plane 0
5170.0 3581.0 5527.0 3581.0 5527.0 3927.0 5170.0 3927.0 plane 0
4919.0 3729.0 5297.0 3729.0 5297.0 4094.0 4919.0 4094.0 plane 0
4738.0 3383.0 5126.0 3383.0 5126.0 3744.0 4738.0 3744.0 plane 0
2923.0 1282.0 3034.0 1282.0 3034.0 1339.0 2923.0 1339.0 plane 0
2915.0 1470.0 3026.0 1470.0 3026.0 1529.0 2915.0 1529.0 plane 0
2891.0 1419.0 3004.0 1419.0 3004.0 1478.0 2891.0 1478.0 plane 0
2918.0 1372.0 3031.0 1372.0 3031.0 1432.0 2918.0 1432.0 plane 0
2895.0 1327.0 3004.0 1327.0 3004.0 1382.0 2895.0 1382.0 plane 0
2646.0 1427.0 2756.0 1427.0 2756.0 1481.0 2646.0 1481.0 plane 0
2674.0 1374.0 2790.0 1374.0 2790.0 1433.0 2674.0 1433.0 plane 0
2652.0 1330.0 2761.0 1330.0 2761.0 1389.0 2652.0 1389.0 plane 0
2678.0 1283.0 2782.0 1283.0 2782.0 1343.0 2678.0 1343.0 plane 0
2659.0 1230.0 2763.0 1230.0 2763.0 1292.0 2659.0 1292.0 plane 0
2906.0 1234.0 3013.0 1234.0 3013.0 1295.0 2906.0 1295.0 plane 0
2666.0 946.0 2780.0 946.0 2780.0 1011.0 2666.0 1011.0 plane 0
2927.0 1189.0 3037.0 1189.0 3037.0 1248.0 2927.0 1248.0 plane 0
2913.0 1140.0 3018.0 1140.0 3018.0 1198.0 2913.0 1198.0 plane 0
2687.0 1189.0 2798.0 1189.0 2798.0 1251.0 2687.0 1251.0 plane 0
2659.0 1135.0 2767.0 1135.0 2767.0 1198.0 2659.0 1198.0 plane 0
2686.0 1094.0 2800.0 1094.0 2800.0 1151.0 2686.0 1151.0 plane 0
2663.0 1040.0 2771.0 1040.0 2771.0 1102.0 2663.0 1102.0 plane 0
2932.0 1091.0 3041.0 1091.0 3041.0 1150.0 2932.0 1150.0 plane 0
2902.0 1042.0 3015.0 1042.0 3015.0 1108.0 2902.0 1108.0 plane 0
2931.0 994.0 3043.0 994.0 3043.0 1052.0 2931.0 1052.0 plane 0
2666.0 1475.0 2774.0 1475.0 2774.0 1532.0 2666.0 1532.0 plane 0
2644.0 1511.0 2743.0 1511.0 2743.0 1576.0 2644.0 1576.0 plane 0
2668.0 1566.0 2769.0 1566.0 2769.0 1623.0 2668.0 1623.0 plane 0
2912.0 1561.0 3023.0 1561.0 3023.0 1621.0 2912.0 1621.0 plane 0
2889.0 2118.0 3004.0 2118.0 3004.0 2183.0 2889.0 2183.0 plane 0
2867.0 2080.0 2978.0 2080.0 2978.0 2136.0 2867.0 2136.0 plane 0
2621.0 2084.0 2735.0 2084.0 2735.0 2142.0 2621.0 2142.0 plane 0
2650.0 2043.0 2762.0 2043.0 2762.0 2099.0 2650.0 2099.0 plane 0
2631.0 1991.0 2738.0 1991.0 2738.0 2049.0 2631.0 2049.0 plane 0
2655.0 1943.0 2763.0 1943.0 2763.0 2000.0 2655.0 2000.0 plane 0
2873.0 1985.0 2979.0 1985.0 2979.0 2045.0 2873.0 2045.0 plane 0
2900.0 1937.0 3000.0 1937.0 3000.0 1998.0 2900.0 1998.0 plane 0
2635.0 1890.0 2744.0 1890.0 2744.0 1953.0 2635.0 1953.0 plane 0
2661.0 1851.0 2761.0 1851.0 2761.0 1907.0 2661.0 1907.0 plane 0
2876.0 1894.0 2979.0 1894.0 2979.0 1948.0 2876.0 1948.0 plane 0
2904.0 1841.0 3012.0 1841.0 3012.0 1903.0 2904.0 1903.0 plane 0
2876.0 1802.0 2986.0 1802.0 2986.0 1857.0 2876.0 1857.0 plane 0
2663.0 1755.0 2773.0 1755.0 2773.0 1812.0 2663.0 1812.0 plane 0
2906.0 1752.0 3017.0 1752.0 3017.0 1810.0 2906.0 1810.0 plane 0
2881.0 1706.0 2988.0 1706.0 2988.0 1761.0 2881.0 1761.0 plane 0
2666.0 1661.0 2767.0 1661.0 2767.0 1723.0 2666.0 1723.0 plane 0
2644.0 1608.0 2753.0 1608.0 2753.0 1671.0 2644.0 1671.0 plane 0
2886.0 1611.0 2994.0 1611.0 2994.0 1667.0 2886.0 1667.0 plane 0
2694.0 999.0 2808.0 999.0 2808.0 1058.0 2694.0 1058.0 plane 0
2906.0 944.0 3019.0 944.0 3019.0 1004.0 2906.0 1004.0 plane 0
4776.0 3059.0 5126.0 3059.0 5126.0 3400.0 4776.0 3400.0 plane 0
4183.0 2275.0 4329.0 2275.0 4329.0 2374.0 4183.0 2374.0 plane 0
4156.0 1487.0 4307.0 1487.0 4307.0 1595.0 4156.0 1595.0 plane 0
4045.0 1546.0 4192.0 1546.0 4192.0 1646.0 4045.0 1646.0 plane 0
4151.0 1616.0 4295.0 1616.0 4295.0 1713.0 4151.0 1713.0 plane 0
4039.0 1670.0 4192.0 1670.0 4192.0 1776.0 4039.0 1776.0 plane 0
4060.0 1885.0 4176.0 1885.0 4176.0 1961.0 4060.0 1961.0 plane 0
4046.0 1967.0 4196.0 1967.0 4196.0 2066.0 4046.0 2066.0 plane 0
4178.0 2022.0 4328.0 2022.0 4328.0 2131.0 4178.0 2131.0 plane 0
4056.0 2093.0 4190.0 2093.0 4190.0 2190.0 4056.0 2190.0 plane 0
4187.0 2151.0 4329.0 2151.0 4329.0 2248.0 4187.0 2248.0 plane 0
5247.0 546.0 5596.0 546.0 5596.0 898.0 5247.0 898.0 plane 0
2694.0 903.0 2810.0 903.0 2810.0 969.0 2694.0 969.0 plane 0
5250.0 899.0 5584.0 899.0 5584.0 1228.0 5250.0 1228.0 plane 0
5237.0 1231.0 5566.0 1231.0 5566.0 1556.0 5237.0 1556.0 plane 0
5228.0 1566.0 5562.0 1566.0 5562.0 1892.0 5228.0 1892.0 plane 0
5227.0 1908.0 5542.0 1908.0 5542.0 2227.0 5227.0 2227.0 plane 0
5222.0 2241.0 5548.0 2241.0 5548.0 2568.0 5222.0 2568.0 plane 0
5206.0 2577.0 5545.0 2577.0 5545.0 2905.0 5206.0 2905.0 plane 0
4814.0 1730.0 5140.0 1730.0 5140.0 2044.0 4814.0 2044.0 plane 0
4807.0 2068.0 5152.0 2068.0 5152.0 2386.0 4807.0 2386.0 plane 0
4839.0 2409.0 5193.0 2409.0 5193.0 2728.0 4839.0 2728.0 plane 0
4053.0 1427.0 4192.0 1427.0 4192.0 1529.0 4053.0 1529.0 plane 0
4158.0 1366.0 4303.0 1366.0 4303.0 1466.0 4158.0 1466.0 plane 0
4038.0 1305.0 4187.0 1305.0 4187.0 1402.0 4038.0 1402.0 plane 0
4151.0 1236.0 4307.0 1236.0 4307.0 1340.0 4151.0 1340.0 plane 0
2936.0 897.0 3035.0 897.0 3035.0 957.0 2936.0 957.0 plane 0
2910.0 853.0 3022.0 853.0 3022.0 912.0 2910.0 912.0 plane 0
2940.0 811.0 3038.0 811.0 3038.0 865.0 2940.0 865.0 plane 0
2671.0 858.0 2781.0 858.0 2781.0 915.0 2671.0 915.0 plane 0
2698.0 811.0 2812.0 811.0 2812.0 871.0 2698.0 871.0 plane 0
2672.0 762.0 2783.0 762.0 2783.0 820.0 2672.0 820.0 plane 0
2912.0 761.0 3023.0 761.0 3023.0 820.0 2912.0 820.0 plane 0
2701.0 714.0 2814.0 714.0 2814.0 775.0 2701.0 775.0 plane 0
2946.0 710.0 3053.0 710.0 3053.0 771.0 2946.0 771.0 plane 0
2916.0 670.0 3026.0 670.0 3026.0 724.0 2916.0 724.0 plane 0
2674.0 663.0 2788.0 663.0 2788.0 728.0 2674.0 728.0 plane 0
2704.0 620.0 2818.0 620.0 2818.0 681.0 2704.0 681.0 plane 0
2678.0 571.0 2789.0 571.0 2789.0 634.0 2678.0 634.0 plane 0
2707.0 527.0 2818.0 527.0 2818.0 583.0 2707.0 583.0 plane 0
2946.0 620.0 3057.0 620.0 3057.0 677.0 2946.0 677.0 plane 0
2934.0 564.0 3055.0 564.0 3055.0 628.0 2934.0 628.0 plane 0
2949.0 522.0 3060.0 522.0 3060.0 583.0 2949.0 583.0 plane 0
4166.0 873.0 4314.0 873.0 4314.0 968.0 4166.0 968.0 plane 0
4155.0 1122.0 4303.0 1122.0 4303.0 1217.0 4155.0 1217.0 plane 0
1238.0 1128.0 1555.0 1128.0 1555.0 1453.0 1238.0 1453.0 plane 0
