5426.0 3811.0 6044.0 3811.0 6044.0 4410.0 5426.0 4410.0 plane 0
2366.0 2759.0 3171.0 2759.0 3171.0 3567.0 2366.0 3567.0 plane 0
1050.0 1302.0 1740.0 1302.0 1740.0 1948.0 1050.0 1948.0 plane 0
6449.0 4468.0 6813.0 4468.0 6813.0 4833.0 6449.0 4833.0 plane 0
6497.0 973.0 6593.0 973.0 6593.0 1102.0 6497.0 1102.0 large-vehicle 0
6474.0 962.0 6569.0 962.0 6569.0 1091.0 6474.0 1091.0 large-vehicle 0
6450.0 953.0 6551.0 953.0 6551.0 1085.0 6450.0 1085.0 large-vehicle 0
5774.0 405.0 5866.0 405.0 5866.0 533.0 5774.0 533.0 large-vehicle 0
3388.0 1134.0 3480.0 1134.0 3480.0 1263.0 3388.0 1263.0 large-vehicle 0
3008.0 2401.0 3519.0 2401.0 3519.0 2902.0 3008.0 2902.0 plane 0
2497.0 2140.0 3014.0 2140.0 3014.0 2638.0 2497.0 2638.0 plane 0
2767.0 1592.0 2842.0 1592.0 2842.0 1691.0 2767.0 1691.0 plane 0
2693.0 759.0 2786.0 759.0 2786.0 895.0 2693.0 895.0 large-vehicle 0
1740.0 1384.0 1887.0 1384.0 1887.0 1529.0 1740.0 1529.0 roundabout 0
285.0 3734.0 661.0 3734.0 661.0 4112.0 285.0 4112.0 plane 0
450.0 962.0 832.0 962.0 832.0 1335.0 450.0 1335.0 plane 0
