2514.0 2122.0 2562.0 2122.0 2562.0 2160.0 2514.0 2160.0 small-vehicle 0
823.0 1946.0 868.0 1946.0 868.0 1982.0 823.0 1982.0 small-vehicle 0
974.0 1672.0 1018.0 1672.0 1018.0 1711.0 974.0 1711.0 small-vehicle 0
930.0 1748.0 974.0 1748.0 974.0 1783.0 930.0 1783.0 small-vehicle 0
875.0 1857.0 914.0 1857.0 914.0 1891.0 875.0 1891.0 small-vehicle 0
862.0 1875.0 901.0 1875.0 901.0 1911.0 862.0 1911.0 small-vehicle 0
842.0 1911.0 884.0 1911.0 884.0 1949.0 842.0 1949.0 small-vehicle 0
834.0 1931.0 876.0 1931.0 876.0 1966.0 834.0 1966.0 small-vehicle 0
813.0 1964.0 857.0 1964.0 857.0 1999.0 813.0 1999.0 small-vehicle 0
586.0 1968.0 626.0 1968.0 626.0 2019.0 586.0 2019.0 small-vehicle 0
802.0 1984.0 846.0 1984.0 846.0 2020.0 802.0 2020.0 small-vehicle 0
796.0 2003.0 842.0 2003.0 842.0 2043.0 796.0 2043.0 small-vehicle 0
771.0 2039.0 816.0 2039.0 816.0 2077.0 771.0 2077.0 small-vehicle 0
767.0 2060.0 806.0 2060.0 806.0 2092.0 767.0 2092.0 small-vehicle 0
751.0 2075.0 796.0 2075.0 796.0 2113.0 751.0 2113.0 small-vehicle 0
628.0 1999.0 671.0 1999.0 671.0 2048.0 628.0 2048.0 small-vehicle 0
875.0 1566.0 901.0 1566.0 901.0 1626.0 875.0 1626.0 large-vehicle 0
854.0 1599.0 874.0 1599.0 874.0 1644.0 854.0 1644.0 small-vehicle 0
685.0 1478.0 722.0 1478.0 722.0 1524.0 685.0 1524.0 small-vehicle 0
653.0 1469.0 692.0 1469.0 692.0 1513.0 653.0 1513.0 small-vehicle 0
723.0 1429.0 772.0 1429.0 772.0 1466.0 723.0 1466.0 small-vehicle 0
740.0 1398.0 785.0 1398.0 785.0 1439.0 740.0 1439.0 small-vehicle 0
595.0 1185.0 640.0 1185.0 640.0 1228.0 595.0 1228.0 small-vehicle 0
624.0 1199.0 665.0 1199.0 665.0 1233.0 624.0 1233.0 small-vehicle 0
647.0 1213.0 683.0 1213.0 683.0 1246.0 647.0 1246.0 small-vehicle 0
665.0 1222.0 709.0 1222.0 709.0 1263.0 665.0 1263.0 small-vehicle 0
687.0 1234.0 728.0 1234.0 728.0 1272.0 687.0 1272.0 small-vehicle 0
707.0 1249.0 743.0 1249.0 743.0 1280.0 707.0 1280.0 small-vehicle 0
725.0 1257.0 768.0 1257.0 768.0 1292.0 725.0 1292.0 small-vehicle 0
740.0 1266.0 791.0 1266.0 791.0 1310.0 740.0 1310.0 small-vehicle 0
768.0 1281.0 808.0 1281.0 808.0 1320.0 768.0 1320.0 small-vehicle 0
810.0 1306.0 853.0 1306.0 853.0 1343.0 810.0 1343.0 small-vehicle 0
784.0 1297.0 828.0 1297.0 828.0 1336.0 784.0 1336.0 small-vehicle 0
608.0 1984.0 642.0 1984.0 642.0 2029.0 608.0 2029.0 small-vehicle 0
566.0 1961.0 605.0 1961.0 605.0 2007.0 566.0 2007.0 small-vehicle 0
853.0 1327.0 894.0 1327.0 894.0 1365.0 853.0 1365.0 small-vehicle 0
500.0 1808.0 542.0 1808.0 542.0 1859.0 500.0 1859.0 small-vehicle 0
135.0 1720.0 171.0 1720.0 171.0 1765.0 135.0 1765.0 small-vehicle 0
96.0 1700.0 133.0 1700.0 133.0 1742.0 96.0 1742.0 small-vehicle 0
79.0 1688.0 113.0 1688.0 113.0 1732.0 79.0 1732.0 small-vehicle 0
62.0 1678.0 98.0 1678.0 98.0 1721.0 62.0 1721.0 small-vehicle 0
40.0 1671.0 75.0 1671.0 75.0 1711.0 40.0 1711.0 small-vehicle 0
561.0 1840.0 602.0 1840.0 602.0 1891.0 561.0 1891.0 small-vehicle 0
466.0 1784.0 509.0 1784.0 509.0 1835.0 466.0 1835.0 small-vehicle 0
546.0 1956.0 583.0 1956.0 583.0 1997.0 546.0 1997.0 small-vehicle 0
390.0 1745.0 434.0 1745.0 434.0 1797.0 390.0 1797.0 small-vehicle 0
370.0 1736.0 410.0 1736.0 410.0 1786.0 370.0 1786.0 small-vehicle 0
352.0 1724.0 392.0 1724.0 392.0 1774.0 352.0 1774.0 small-vehicle 0
333.0 1713.0 372.0 1713.0 372.0 1758.0 333.0 1758.0 small-vehicle 0
200.0 1641.0 240.0 1641.0 240.0 1689.0 200.0 1689.0 small-vehicle 0
167.0 1623.0 201.0 1623.0 201.0 1661.0 167.0 1661.0 small-vehicle 0
155.0 1732.0 188.0 1732.0 188.0 1775.0 155.0 1775.0 small-vehicle 0
168.0 1741.0 206.0 1741.0 206.0 1786.0 168.0 1786.0 small-vehicle 0
190.0 1760.0 223.0 1760.0 223.0 1797.0 190.0 1797.0 small-vehicle 0
228.0 1768.0 269.0 1768.0 269.0 1818.0 228.0 1818.0 small-vehicle 0
251.0 1784.0 285.0 1784.0 285.0 1827.0 251.0 1827.0 small-vehicle 0
270.0 1795.0 304.0 1795.0 304.0 1839.0 270.0 1839.0 small-vehicle 0
287.0 1800.0 325.0 1800.0 325.0 1847.0 287.0 1847.0 small-vehicle 0
305.0 1814.0 340.0 1814.0 340.0 1858.0 305.0 1858.0 small-vehicle 0
321.0 1821.0 364.0 1821.0 364.0 1874.0 321.0 1874.0 small-vehicle 0
341.0 1833.0 379.0 1833.0 379.0 1878.0 341.0 1878.0 small-vehicle 0
381.0 1858.0 415.0 1858.0 415.0 1900.0 381.0 1900.0 small-vehicle 0
400.0 1865.0 435.0 1865.0 435.0 1909.0 400.0 1909.0 small-vehicle 0
416.0 1875.0 453.0 1875.0 453.0 1919.0 416.0 1919.0 small-vehicle 0
458.0 1880.0 497.0 1880.0 497.0 1929.0 458.0 1929.0 small-vehicle 0
470.0 1912.0 510.0 1912.0 510.0 1960.0 470.0 1960.0 small-vehicle 0
598.0 1860.0 638.0 1860.0 638.0 1911.0 598.0 1911.0 small-vehicle 0
654.0 1892.0 694.0 1892.0 694.0 1942.0 654.0 1942.0 small-vehicle 0
830.0 1317.0 873.0 1317.0 873.0 1357.0 830.0 1357.0 small-vehicle 0
869.0 1342.0 916.0 1342.0 916.0 1380.0 869.0 1380.0 small-vehicle 0
1906.0 528.0 1956.0 528.0 1956.0 568.0 1906.0 568.0 small-vehicle 0
1789.0 436.0 1834.0 436.0 1834.0 471.0 1789.0 471.0 small-vehicle 0
1809.0 396.0 1854.0 396.0 1854.0 435.0 1809.0 435.0 small-vehicle 0
1848.0 416.0 1899.0 416.0 1899.0 457.0 1848.0 457.0 small-vehicle 0
1838.0 436.0 1884.0 436.0 1884.0 475.0 1838.0 475.0 small-vehicle 0
1828.0 455.0 1875.0 455.0 1875.0 494.0 1828.0 494.0 small-vehicle 0
1820.0 477.0 1862.0 477.0 1862.0 513.0 1820.0 513.0 small-vehicle 0
1786.0 458.0 1828.0 458.0 1828.0 494.0 1786.0 494.0 small-vehicle 0
1687.0 407.0 1731.0 407.0 1731.0 444.0 1687.0 444.0 small-vehicle 0
1443.0 192.0 1488.0 192.0 1488.0 230.0 1443.0 230.0 small-vehicle 0
1647.0 380.0 1694.0 380.0 1694.0 418.0 1647.0 418.0 small-vehicle 0
1562.0 304.0 1611.0 304.0 1611.0 342.0 1562.0 342.0 small-vehicle 0
1573.0 289.0 1621.0 289.0 1621.0 326.0 1573.0 326.0 small-vehicle 0
1524.0 286.0 1570.0 286.0 1570.0 324.0 1524.0 324.0 small-vehicle 0
1511.0 304.0 1561.0 304.0 1561.0 344.0 1511.0 344.0 small-vehicle 0
1553.0 329.0 1598.0 329.0 1598.0 364.0 1553.0 364.0 small-vehicle 0
1797.0 414.0 1843.0 414.0 1843.0 453.0 1797.0 453.0 small-vehicle 0
1701.0 385.0 1742.0 385.0 1742.0 423.0 1701.0 423.0 small-vehicle 0
1708.0 364.0 1753.0 364.0 1753.0 400.0 1708.0 400.0 small-vehicle 0
1720.0 346.0 1766.0 346.0 1766.0 384.0 1720.0 384.0 small-vehicle 0
1732.0 325.0 1773.0 325.0 1773.0 360.0 1732.0 360.0 small-vehicle 0
1744.0 307.0 1788.0 307.0 1788.0 343.0 1744.0 343.0 small-vehicle 0
1752.0 289.0 1796.0 289.0 1796.0 324.0 1752.0 324.0 small-vehicle 0
1684.0 324.0 1724.0 324.0 1724.0 362.0 1684.0 362.0 small-vehicle 0
1666.0 340.0 1713.0 340.0 1713.0 378.0 1666.0 378.0 small-vehicle 0
1657.0 362.0 1701.0 362.0 1701.0 397.0 1657.0 397.0 small-vehicle 0
1832.0 356.0 1878.0 356.0 1878.0 394.0 1832.0 394.0 small-vehicle 0
1596.0 239.0 1644.0 239.0 1644.0 276.0 1596.0 276.0 small-vehicle 0
1588.0 265.0 1631.0 265.0 1631.0 304.0 1588.0 304.0 small-vehicle 0
1548.0 240.0 1592.0 240.0 1592.0 280.0 1548.0 280.0 small-vehicle 0
1559.0 220.0 1600.0 220.0 1600.0 251.0 1559.0 251.0 small-vehicle 0
1608.0 219.0 1650.0 219.0 1650.0 252.0 1608.0 252.0 small-vehicle 0
1622.0 194.0 1665.0 194.0 1665.0 232.0 1622.0 232.0 small-vehicle 0
1419.0 201.0 1462.0 201.0 1462.0 239.0 1419.0 239.0 small-vehicle 0
1456.0 175.0 1495.0 175.0 1495.0 208.0 1456.0 208.0 small-vehicle 0
890.0 1353.0 938.0 1353.0 938.0 1395.0 890.0 1395.0 small-vehicle 0
1364.0 41.0 1410.0 41.0 1410.0 81.0 1364.0 81.0 small-vehicle 0
1285.0 106.0 1332.0 106.0 1332.0 151.0 1285.0 151.0 small-vehicle 0
1344.0 83.0 1389.0 83.0 1389.0 121.0 1344.0 121.0 small-vehicle 0
1332.0 106.0 1376.0 106.0 1376.0 144.0 1332.0 144.0 small-vehicle 0
1354.0 66.0 1400.0 66.0 1400.0 102.0 1354.0 102.0 small-vehicle 0
1291.0 82.0 1338.0 82.0 1338.0 121.0 1291.0 121.0 small-vehicle 0
1382.0 32.0 1428.0 32.0 1428.0 65.0 1382.0 65.0 small-vehicle 0
1316.0 39.0 1362.0 39.0 1362.0 80.0 1316.0 80.0 small-vehicle 0
1418.0 149.0 1463.0 149.0 1463.0 186.0 1418.0 186.0 small-vehicle 0
1173.0 41.0 1216.0 41.0 1216.0 75.0 1173.0 75.0 small-vehicle 0
1064.0 62.0 1109.0 62.0 1109.0 100.0 1064.0 100.0 small-vehicle 0
1012.0 36.0 1062.0 36.0 1062.0 81.0 1012.0 81.0 small-vehicle 0
976.0 1393.0 1023.0 1393.0 1023.0 1435.0 976.0 1435.0 small-vehicle 0
946.0 1381.0 990.0 1381.0 990.0 1418.0 946.0 1418.0 small-vehicle 0
919.0 1361.0 963.0 1361.0 963.0 1402.0 919.0 1402.0 small-vehicle 0
1116.0 95.0 1157.0 95.0 1157.0 131.0 1116.0 131.0 small-vehicle 0
1184.0 132.0 1226.0 132.0 1226.0 170.0 1184.0 170.0 small-vehicle 0
1239.0 165.0 1282.0 165.0 1282.0 203.0 1239.0 203.0 small-vehicle 0
1285.0 185.0 1336.0 185.0 1336.0 228.0 1285.0 228.0 small-vehicle 0
1338.0 218.0 1381.0 218.0 1381.0 254.0 1338.0 254.0 small-vehicle 0
1377.0 236.0 1424.0 236.0 1424.0 278.0 1377.0 278.0 small-vehicle 0
1489.0 38.0 1532.0 38.0 1532.0 74.0 1489.0 74.0 small-vehicle 0
1528.0 58.0 1572.0 58.0 1572.0 94.0 1528.0 94.0 small-vehicle 0
1538.0 38.0 1583.0 38.0 1583.0 77.0 1538.0 77.0 small-vehicle 0
1477.0 59.0 1522.0 59.0 1522.0 97.0 1477.0 97.0 small-vehicle 0
1515.0 76.0 1565.0 76.0 1565.0 120.0 1515.0 120.0 small-vehicle 0
1506.0 96.0 1555.0 96.0 1555.0 138.0 1506.0 138.0 small-vehicle 0
1468.0 79.0 1513.0 79.0 1513.0 117.0 1468.0 117.0 small-vehicle 0
1455.0 98.0 1506.0 98.0 1506.0 138.0 1455.0 138.0 small-vehicle 0
1495.0 117.0 1541.0 117.0 1541.0 157.0 1495.0 157.0 small-vehicle 0
1431.0 134.0 1473.0 134.0 1473.0 172.0 1431.0 172.0 small-vehicle 0
1468.0 155.0 1508.0 155.0 1508.0 187.0 1468.0 187.0 small-vehicle 0
108.0 1592.0 149.0 1592.0 149.0 1634.0 108.0 1634.0 small-vehicle 0
29.0 1544.0 73.0 1544.0 73.0 1600.0 29.0 1600.0 small-vehicle 0
588.0 1414.0 638.0 1414.0 638.0 1478.0 588.0 1478.0 small-vehicle 0
1180.0 948.0 1329.0 948.0 1329.0 1050.0 1180.0 1050.0 large-vehicle 0
1340.0 1074.0 1456.0 1074.0 1456.0 1157.0 1340.0 1157.0 large-vehicle 0
1328.0 1028.0 1461.0 1028.0 1461.0 1120.0 1328.0 1120.0 large-vehicle 0
1331.0 946.0 1482.0 946.0 1482.0 1038.0 1331.0 1038.0 large-vehicle 0
990.0 1049.0 1138.0 1049.0 1138.0 1150.0 990.0 1150.0 large-vehicle 0
1184.0 985.0 1346.0 985.0 1346.0 1093.0 1184.0 1093.0 large-vehicle 0
1109.0 985.0 1253.0 985.0 1253.0 1086.0 1109.0 1086.0 large-vehicle 0
1044.0 910.0 1184.0 910.0 1184.0 1006.0 1044.0 1006.0 large-vehicle 0
1248.0 590.0 1404.0 590.0 1404.0 697.0 1248.0 697.0 large-vehicle 0
1266.0 881.0 1407.0 881.0 1407.0 974.0 1266.0 974.0 large-vehicle 0
1141.0 889.0 1284.0 889.0 1284.0 984.0 1141.0 984.0 large-vehicle 0
1153.0 860.0 1299.0 860.0 1299.0 953.0 1153.0 953.0 large-vehicle 0
1127.0 805.0 1266.0 805.0 1266.0 903.0 1127.0 903.0 large-vehicle 0
1002.0 782.0 1154.0 782.0 1154.0 878.0 1002.0 878.0 large-vehicle 0
1225.0 746.0 1338.0 746.0 1338.0 820.0 1225.0 820.0 large-vehicle 0
1246.0 1068.0 1382.0 1068.0 1382.0 1162.0 1246.0 1162.0 large-vehicle 0
1250.0 1111.0 1366.0 1111.0 1366.0 1194.0 1250.0 1194.0 large-vehicle 0
1151.0 1141.0 1258.0 1141.0 1258.0 1221.0 1151.0 1221.0 large-vehicle 0
995.0 1098.0 1142.0 1098.0 1142.0 1197.0 995.0 1197.0 large-vehicle 0
1022.0 1154.0 1177.0 1154.0 1177.0 1260.0 1022.0 1260.0 large-vehicle 0
1392.0 1153.0 1509.0 1153.0 1509.0 1235.0 1392.0 1235.0 large-vehicle 0
1244.0 1153.0 1394.0 1153.0 1394.0 1256.0 1244.0 1256.0 large-vehicle 0
1259.0 1204.0 1383.0 1204.0 1383.0 1290.0 1259.0 1290.0 large-vehicle 0
1140.0 1174.0 1280.0 1174.0 1280.0 1271.0 1140.0 1271.0 large-vehicle 0
1371.0 1268.0 1479.0 1268.0 1479.0 1347.0 1371.0 1347.0 large-vehicle 0
1167.0 1236.0 1296.0 1236.0 1296.0 1323.0 1167.0 1323.0 large-vehicle 0
1134.0 1259.0 1274.0 1259.0 1274.0 1353.0 1134.0 1353.0 large-vehicle 0
1115.0 1290.0 1256.0 1290.0 1256.0 1386.0 1115.0 1386.0 large-vehicle 0
1288.0 1305.0 1436.0 1305.0 1436.0 1402.0 1288.0 1402.0 large-vehicle 0
1269.0 1336.0 1416.0 1336.0 1416.0 1434.0 1269.0 1434.0 large-vehicle 0
1247.0 1366.0 1376.0 1366.0 1376.0 1453.0 1247.0 1453.0 large-vehicle 0
1682.0 1611.0 1827.0 1611.0 1827.0 1708.0 1682.0 1708.0 large-vehicle 0
1201.0 631.0 1358.0 631.0 1358.0 737.0 1201.0 737.0 large-vehicle 0
903.0 263.0 1022.0 263.0 1022.0 330.0 903.0 330.0 large-vehicle 0
559.0 1401.0 615.0 1401.0 615.0 1473.0 559.0 1473.0 small-vehicle 0
835.0 1132.0 986.0 1132.0 986.0 1234.0 835.0 1234.0 large-vehicle 0
754.0 1000.0 882.0 1000.0 882.0 1089.0 754.0 1089.0 large-vehicle 0
848.0 972.0 986.0 972.0 986.0 1066.0 848.0 1066.0 large-vehicle 0
842.0 1011.0 990.0 1011.0 990.0 1111.0 842.0 1111.0 large-vehicle 0
758.0 1048.0 868.0 1048.0 868.0 1123.0 758.0 1123.0 large-vehicle 0
889.0 1077.0 1027.0 1077.0 1027.0 1172.0 889.0 1172.0 large-vehicle 0
885.0 1121.0 1028.0 1121.0 1028.0 1218.0 885.0 1218.0 large-vehicle 0
980.0 1217.0 1120.0 1217.0 1120.0 1308.0 980.0 1308.0 large-vehicle 0
930.0 485.0 1086.0 485.0 1086.0 580.0 930.0 580.0 large-vehicle 0
486.0 848.0 626.0 848.0 626.0 945.0 486.0 945.0 large-vehicle 0
527.0 830.0 681.0 830.0 681.0 936.0 527.0 936.0 large-vehicle 0
541.0 801.0 688.0 801.0 688.0 895.0 541.0 895.0 large-vehicle 0
577.0 778.0 739.0 778.0 739.0 884.0 577.0 884.0 large-vehicle 0
384.0 752.0 526.0 752.0 526.0 843.0 384.0 843.0 large-vehicle 0
270.0 576.0 417.0 576.0 417.0 616.0 270.0 616.0 large-vehicle 0
645.0 936.0 757.0 936.0 757.0 1018.0 645.0 1018.0 large-vehicle 0
702.0 886.0 847.0 886.0 847.0 986.0 702.0 986.0 large-vehicle 0
815.0 910.0 956.0 910.0 956.0 1007.0 815.0 1007.0 large-vehicle 0
845.0 883.0 985.0 883.0 985.0 979.0 845.0 979.0 large-vehicle 0
970.0 909.0 1114.0 909.0 1114.0 1008.0 970.0 1008.0 large-vehicle 0
831.0 832.0 981.0 832.0 981.0 932.0 831.0 932.0 large-vehicle 0
917.0 839.0 1028.0 839.0 1028.0 918.0 917.0 918.0 large-vehicle 0
982.0 805.0 1132.0 805.0 1132.0 895.0 982.0 895.0 large-vehicle 0
823.0 729.0 973.0 729.0 973.0 821.0 823.0 821.0 large-vehicle 0
788.0 757.0 911.0 757.0 911.0 852.0 788.0 852.0 large-vehicle 0
639.0 684.0 797.0 684.0 797.0 770.0 639.0 770.0 large-vehicle 0
661.0 666.0 806.0 666.0 806.0 745.0 661.0 745.0 large-vehicle 0
852.0 709.0 996.0 709.0 996.0 799.0 852.0 799.0 large-vehicle 0
736.0 666.0 858.0 666.0 858.0 727.0 736.0 727.0 large-vehicle 0
718.0 624.0 872.0 624.0 872.0 688.0 718.0 688.0 large-vehicle 0
874.0 662.0 993.0 662.0 993.0 751.0 874.0 751.0 large-vehicle 0
985.0 730.0 1132.0 730.0 1132.0 824.0 985.0 824.0 large-vehicle 0
1680.0 1566.0 1819.0 1566.0 1819.0 1661.0 1680.0 1661.0 large-vehicle 0
1525.0 1519.0 1677.0 1519.0 1677.0 1619.0 1525.0 1619.0 large-vehicle 0
1386.0 1444.0 1527.0 1444.0 1527.0 1536.0 1386.0 1536.0 large-vehicle 0
1806.0 1342.0 1958.0 1342.0 1958.0 1447.0 1806.0 1447.0 large-vehicle 0
287.0 1016.0 338.0 1016.0 338.0 1057.0 287.0 1057.0 small-vehicle 0
254.0 494.0 309.0 494.0 309.0 530.0 254.0 530.0 small-vehicle 0
590.0 100.0 613.0 100.0 613.0 144.0 590.0 144.0 small-vehicle 0
2232.0 1244.0 2376.0 1244.0 2376.0 1383.0 2232.0 1383.0 large-vehicle 0
1769.0 1446.0 1904.0 1446.0 1904.0 1538.0 1769.0 1538.0 large-vehicle 0
1783.0 1412.0 1932.0 1412.0 1932.0 1514.0 1783.0 1514.0 large-vehicle 0
1769.0 1277.0 1920.0 1277.0 1920.0 1380.0 1769.0 1380.0 large-vehicle 0
1697.0 1535.0 1852.0 1535.0 1852.0 1639.0 1697.0 1639.0 large-vehicle 0
1903.0 1227.0 2018.0 1227.0 2018.0 1307.0 1903.0 1307.0 large-vehicle 0
1942.0 1207.0 2056.0 1207.0 2056.0 1285.0 1942.0 1285.0 large-vehicle 0
1793.0 1137.0 1947.0 1137.0 1947.0 1230.0 1793.0 1230.0 large-vehicle 0
1919.0 1162.0 2071.0 1162.0 2071.0 1257.0 1919.0 1257.0 large-vehicle 0
1802.0 1111.0 1922.0 1111.0 1922.0 1182.0 1802.0 1182.0 large-vehicle 0
2060.0 1112.0 2208.0 1112.0 2208.0 1227.0 2060.0 1227.0 large-vehicle 0
318.0 1024.0 370.0 1024.0 370.0 1063.0 318.0 1063.0 small-vehicle 0
344.0 1042.0 395.0 1042.0 395.0 1084.0 344.0 1084.0 small-vehicle 0
361.0 1058.0 413.0 1058.0 413.0 1101.0 361.0 1101.0 small-vehicle 0
374.0 1076.0 424.0 1076.0 424.0 1117.0 374.0 1117.0 small-vehicle 0
393.0 1090.0 441.0 1090.0 441.0 1133.0 393.0 1133.0 small-vehicle 0
424.0 1095.0 474.0 1095.0 474.0 1137.0 424.0 1137.0 small-vehicle 0
481.0 1118.0 526.0 1118.0 526.0 1155.0 481.0 1155.0 small-vehicle 0
494.0 1130.0 545.0 1130.0 545.0 1171.0 494.0 1171.0 small-vehicle 0
520.0 1141.0 566.0 1141.0 566.0 1180.0 520.0 1180.0 small-vehicle 0
533.0 1156.0 581.0 1156.0 581.0 1196.0 533.0 1196.0 small-vehicle 0
562.0 1167.0 617.0 1167.0 617.0 1219.0 562.0 1219.0 small-vehicle 0
413.0 1281.0 456.0 1281.0 456.0 1335.0 413.0 1335.0 small-vehicle 0
491.0 1302.0 532.0 1302.0 532.0 1353.0 491.0 1353.0 small-vehicle 0
521.0 1316.0 560.0 1316.0 560.0 1363.0 521.0 1363.0 small-vehicle 0
545.0 1319.0 584.0 1319.0 584.0 1372.0 545.0 1372.0 small-vehicle 0
563.0 1338.0 602.0 1338.0 602.0 1387.0 563.0 1387.0 small-vehicle 0
598.0 1349.0 647.0 1349.0 647.0 1413.0 598.0 1413.0 small-vehicle 0
1467.0 550.0 1622.0 550.0 1622.0 652.0 1467.0 652.0 large-vehicle 0
1608.0 626.0 1720.0 626.0 1720.0 704.0 1608.0 704.0 large-vehicle 0
1728.0 688.0 1877.0 688.0 1877.0 805.0 1728.0 805.0 large-vehicle 0
1690.0 1275.0 1820.0 1275.0 1820.0 1363.0 1690.0 1363.0 large-vehicle 0
1564.0 1456.0 1703.0 1456.0 1703.0 1553.0 1564.0 1553.0 large-vehicle 0
1416.0 1418.0 1525.0 1418.0 1525.0 1495.0 1416.0 1495.0 large-vehicle 0
1442.0 1389.0 1559.0 1389.0 1559.0 1471.0 1442.0 1471.0 large-vehicle 0
1719.0 1505.0 1855.0 1505.0 1855.0 1600.0 1719.0 1600.0 large-vehicle 0
1576.0 1422.0 1714.0 1422.0 1714.0 1516.0 1576.0 1516.0 large-vehicle 0
1736.0 1473.0 1891.0 1473.0 1891.0 1578.0 1736.0 1578.0 large-vehicle 0
1626.0 1410.0 1742.0 1410.0 1742.0 1490.0 1626.0 1490.0 large-vehicle 0
1485.0 1329.0 1633.0 1329.0 1633.0 1430.0 1485.0 1430.0 large-vehicle 0
1383.0 1315.0 1535.0 1315.0 1535.0 1414.0 1383.0 1414.0 large-vehicle 0
1498.0 1295.0 1643.0 1295.0 1643.0 1392.0 1498.0 1392.0 large-vehicle 0
1640.0 1335.0 1780.0 1335.0 1780.0 1429.0 1640.0 1429.0 large-vehicle 0
1489.0 1248.0 1633.0 1248.0 1633.0 1346.0 1489.0 1346.0 large-vehicle 0
1514.0 1220.0 1653.0 1220.0 1653.0 1313.0 1514.0 1313.0 large-vehicle 0
1570.0 1210.0 1672.0 1210.0 1672.0 1282.0 1570.0 1282.0 large-vehicle 0
1444.0 1136.0 1578.0 1136.0 1578.0 1231.0 1444.0 1231.0 large-vehicle 0
1423.0 634.0 1568.0 634.0 1568.0 740.0 1423.0 740.0 large-vehicle 0
1564.0 1161.0 1681.0 1161.0 1681.0 1244.0 1564.0 1244.0 large-vehicle 0
1459.0 1099.0 1568.0 1099.0 1568.0 1178.0 1459.0 1178.0 large-vehicle 0
1455.0 1038.0 1596.0 1038.0 1596.0 1117.0 1455.0 1117.0 large-vehicle 0
1482.0 1016.0 1629.0 1016.0 1629.0 1096.0 1482.0 1096.0 large-vehicle 0
1630.0 1074.0 1766.0 1074.0 1766.0 1148.0 1630.0 1148.0 large-vehicle 0
1696.0 1066.0 1806.0 1066.0 1806.0 1125.0 1696.0 1125.0 large-vehicle 0
1557.0 1012.0 1680.0 1012.0 1680.0 1082.0 1557.0 1082.0 large-vehicle 0
1402.0 943.0 1556.0 943.0 1556.0 1033.0 1402.0 1033.0 large-vehicle 0
1622.0 949.0 1767.0 949.0 1767.0 1035.0 1622.0 1035.0 large-vehicle 0
1416.0 844.0 1562.0 844.0 1562.0 935.0 1416.0 935.0 large-vehicle 0
1414.0 749.0 1566.0 749.0 1566.0 848.0 1414.0 848.0 large-vehicle 0
1693.0 796.0 1850.0 796.0 1850.0 886.0 1693.0 886.0 large-vehicle 0
1567.0 717.0 1710.0 717.0 1710.0 814.0 1567.0 814.0 large-vehicle 0
1398.0 674.0 1552.0 674.0 1552.0 777.0 1398.0 777.0 large-vehicle 0
1633.0 177.0 1678.0 177.0 1678.0 213.0 1633.0 213.0 small-vehicle 0
1653.0 156.0 1698.0 156.0 1698.0 194.0 1653.0 194.0 small-vehicle 0
1592.0 140.0 1648.0 140.0 1648.0 187.0 1592.0 187.0 small-vehicle 0
2250.0 319.0 2296.0 319.0 2296.0 357.0 2250.0 357.0 small-vehicle 0
2195.0 432.0 2242.0 432.0 2242.0 473.0 2195.0 473.0 small-vehicle 0
2205.0 417.0 2248.0 417.0 2248.0 451.0 2205.0 451.0 small-vehicle 0
2216.0 395.0 2262.0 395.0 2262.0 427.0 2216.0 427.0 small-vehicle 0
2222.0 371.0 2270.0 371.0 2270.0 407.0 2222.0 407.0 small-vehicle 0
2234.0 353.0 2280.0 353.0 2280.0 391.0 2234.0 391.0 small-vehicle 0
2239.0 336.0 2285.0 336.0 2285.0 371.0 2239.0 371.0 small-vehicle 0
2260.0 295.0 2306.0 295.0 2306.0 337.0 2260.0 337.0 small-vehicle 0
2323.0 102.0 2368.0 102.0 2368.0 139.0 2323.0 139.0 small-vehicle 0
2273.0 278.0 2322.0 278.0 2322.0 320.0 2273.0 320.0 large-vehicle 0
2282.0 255.0 2322.0 255.0 2322.0 292.0 2282.0 292.0 small-vehicle 0
2294.0 238.0 2339.0 238.0 2339.0 274.0 2294.0 274.0 small-vehicle 0
2306.0 218.0 2350.0 218.0 2350.0 251.0 2306.0 251.0 small-vehicle 0
2316.0 196.0 2360.0 196.0 2360.0 235.0 2316.0 235.0 small-vehicle 0
2330.0 153.0 2369.0 153.0 2369.0 199.0 2330.0 199.0 small-vehicle 0
2176.0 448.0 2228.0 448.0 2228.0 493.0 2176.0 493.0 small-vehicle 0
2172.0 470.0 2218.0 470.0 2218.0 513.0 2172.0 513.0 small-vehicle 0
2156.0 490.0 2198.0 490.0 2198.0 527.0 2156.0 527.0 small-vehicle 0
2146.0 500.0 2184.0 500.0 2184.0 541.0 2146.0 541.0 small-vehicle 0
2132.0 522.0 2181.0 522.0 2181.0 566.0 2132.0 566.0 small-vehicle 0
2122.0 543.0 2168.0 543.0 2168.0 582.0 2122.0 582.0 small-vehicle 0
2102.0 583.0 2146.0 583.0 2146.0 623.0 2102.0 623.0 small-vehicle 0
2089.0 603.0 2140.0 603.0 2140.0 645.0 2089.0 645.0 small-vehicle 0
2078.0 623.0 2122.0 623.0 2122.0 660.0 2078.0 660.0 small-vehicle 0
2039.0 599.0 2086.0 599.0 2086.0 641.0 2039.0 641.0 small-vehicle 0
2050.0 581.0 2096.0 581.0 2096.0 621.0 2050.0 621.0 small-vehicle 0
2064.0 562.0 2110.0 562.0 2110.0 602.0 2064.0 602.0 small-vehicle 0
2068.0 543.0 2119.0 543.0 2119.0 583.0 2068.0 583.0 small-vehicle 0
2085.0 525.0 2130.0 525.0 2130.0 562.0 2085.0 562.0 small-vehicle 0
2095.0 502.0 2138.0 502.0 2138.0 544.0 2095.0 544.0 small-vehicle 0
2106.0 486.0 2150.0 486.0 2150.0 524.0 2106.0 524.0 small-vehicle 0
2132.0 450.0 2183.0 450.0 2183.0 489.0 2132.0 489.0 small-vehicle 0
2358.0 112.0 2396.0 112.0 2396.0 158.0 2358.0 158.0 small-vehicle 0
2332.0 85.0 2377.0 85.0 2377.0 122.0 2332.0 122.0 small-vehicle 0
2388.0 391.0 2431.0 391.0 2431.0 431.0 2388.0 431.0 small-vehicle 0
2294.0 464.0 2338.0 464.0 2338.0 504.0 2294.0 504.0 small-vehicle 0
2260.0 521.0 2308.0 521.0 2308.0 561.0 2260.0 561.0 small-vehicle 0
2310.0 523.0 2357.0 523.0 2357.0 563.0 2310.0 563.0 small-vehicle 0
2268.0 501.0 2316.0 501.0 2316.0 544.0 2268.0 544.0 small-vehicle 0
2276.0 481.0 2328.0 481.0 2328.0 523.0 2276.0 523.0 large-vehicle 0
2321.0 505.0 2370.0 505.0 2370.0 548.0 2321.0 548.0 small-vehicle 0
2333.0 485.0 2380.0 485.0 2380.0 524.0 2333.0 524.0 small-vehicle 0
2302.0 443.0 2349.0 443.0 2349.0 484.0 2302.0 484.0 small-vehicle 0
2340.0 61.0 2382.0 61.0 2382.0 98.0 2340.0 98.0 small-vehicle 0
2342.0 466.0 2388.0 466.0 2388.0 505.0 2342.0 505.0 small-vehicle 0
2352.0 448.0 2397.0 448.0 2397.0 484.0 2352.0 484.0 small-vehicle 0
2320.0 427.0 2363.0 427.0 2363.0 462.0 2320.0 462.0 small-vehicle 0
2367.0 427.0 2412.0 427.0 2412.0 466.0 2367.0 466.0 small-vehicle 0
2322.0 405.0 2372.0 405.0 2372.0 445.0 2322.0 445.0 small-vehicle 0
2335.0 387.0 2380.0 387.0 2380.0 426.0 2335.0 426.0 small-vehicle 0
2299.0 542.0 2344.0 542.0 2344.0 581.0 2299.0 581.0 small-vehicle 0
2289.0 562.0 2336.0 562.0 2336.0 602.0 2289.0 602.0 small-vehicle 0
2279.0 584.0 2325.0 584.0 2325.0 623.0 2279.0 623.0 small-vehicle 0
2274.0 603.0 2318.0 603.0 2318.0 641.0 2274.0 641.0 small-vehicle 0
2258.0 619.0 2306.0 619.0 2306.0 659.0 2258.0 659.0 small-vehicle 0
2248.0 641.0 2286.0 641.0 2286.0 675.0 2248.0 675.0 small-vehicle 0
2233.0 660.0 2280.0 660.0 2280.0 699.0 2233.0 699.0 small-vehicle 0
2224.0 681.0 2270.0 681.0 2270.0 718.0 2224.0 718.0 small-vehicle 0
2221.0 702.0 2259.0 702.0 2259.0 734.0 2221.0 734.0 small-vehicle 0
2181.0 653.0 2228.0 653.0 2228.0 693.0 2181.0 693.0 small-vehicle 0
2194.0 639.0 2242.0 639.0 2242.0 675.0 2194.0 675.0 small-vehicle 0
2204.0 616.0 2254.0 616.0 2254.0 656.0 2204.0 656.0 small-vehicle 0
2216.0 598.0 2262.0 598.0 2262.0 632.0 2216.0 632.0 small-vehicle 0
2224.0 577.0 2272.0 577.0 2272.0 617.0 2224.0 617.0 small-vehicle 0
2244.0 562.0 2288.0 562.0 2288.0 601.0 2244.0 601.0 small-vehicle 0
2242.0 537.0 2297.0 537.0 2297.0 583.0 2242.0 583.0 large-vehicle 0
2381.0 70.0 2416.0 70.0 2416.0 115.0 2381.0 115.0 small-vehicle 0
2112.0 464.0 2167.0 464.0 2167.0 512.0 2112.0 512.0 large-vehicle 0
2142.0 427.0 2188.0 427.0 2188.0 466.0 2142.0 466.0 small-vehicle 0
2151.0 407.0 2197.0 407.0 2197.0 447.0 2151.0 447.0 small-vehicle 0
1962.0 530.0 2006.0 530.0 2006.0 572.0 1962.0 572.0 small-vehicle 0
2108.0 185.0 2152.0 185.0 2152.0 222.0 2108.0 222.0 small-vehicle 0
2116.0 161.0 2160.0 161.0 2160.0 200.0 2116.0 200.0 small-vehicle 0
2122.0 141.0 2171.0 141.0 2171.0 183.0 2122.0 183.0 small-vehicle 0
2135.0 122.0 2183.0 122.0 2183.0 160.0 2135.0 160.0 small-vehicle 0
2140.0 100.0 2195.0 100.0 2195.0 144.0 2140.0 144.0 small-vehicle 0
1947.0 552.0 1995.0 552.0 1995.0 593.0 1947.0 593.0 small-vehicle 0
1970.0 508.0 2015.0 508.0 2015.0 546.0 1970.0 546.0 small-vehicle 0
2153.0 386.0 2207.0 386.0 2207.0 429.0 2153.0 429.0 small-vehicle 0
1982.0 490.0 2026.0 490.0 2026.0 530.0 1982.0 530.0 small-vehicle 0
1993.0 470.0 2037.0 470.0 2037.0 508.0 1993.0 508.0 small-vehicle 0
2002.0 452.0 2045.0 452.0 2045.0 491.0 2002.0 491.0 small-vehicle 0
2012.0 433.0 2060.0 433.0 2060.0 473.0 2012.0 473.0 small-vehicle 0
2025.0 414.0 2070.0 414.0 2070.0 453.0 2025.0 453.0 small-vehicle 0
2046.0 375.0 2094.0 375.0 2094.0 417.0 2046.0 417.0 small-vehicle 0
2095.0 202.0 2142.0 202.0 2142.0 240.0 2095.0 240.0 small-vehicle 0
2076.0 218.0 2128.0 218.0 2128.0 256.0 2076.0 256.0 small-vehicle 0
2068.0 234.0 2118.0 234.0 2118.0 277.0 2068.0 277.0 small-vehicle 0
2059.0 256.0 2110.0 256.0 2110.0 298.0 2059.0 298.0 small-vehicle 0
2044.0 273.0 2096.0 273.0 2096.0 314.0 2044.0 314.0 small-vehicle 0
2046.0 298.0 2093.0 298.0 2093.0 338.0 2046.0 338.0 small-vehicle 0
2032.0 313.0 2078.0 313.0 2078.0 354.0 2032.0 354.0 small-vehicle 0
2021.0 335.0 2066.0 335.0 2066.0 373.0 2021.0 373.0 small-vehicle 0
1998.0 350.0 2053.0 350.0 2053.0 397.0 1998.0 397.0 small-vehicle 0
1997.0 371.0 2043.0 371.0 2043.0 415.0 1997.0 415.0 small-vehicle 0
1986.0 389.0 2030.0 389.0 2030.0 429.0 1986.0 429.0 small-vehicle 0
1968.0 410.0 2018.0 410.0 2018.0 446.0 1968.0 446.0 small-vehicle 0
1962.0 432.0 2008.0 432.0 2008.0 471.0 1962.0 471.0 small-vehicle 0
1956.0 447.0 1999.0 447.0 1999.0 488.0 1956.0 488.0 small-vehicle 0
1941.0 466.0 1987.0 466.0 1987.0 507.0 1941.0 507.0 small-vehicle 0
1929.0 488.0 1978.0 488.0 1978.0 527.0 1929.0 527.0 small-vehicle 0
1922.0 507.0 1967.0 507.0 1967.0 546.0 1922.0 546.0 small-vehicle 0
2058.0 355.0 2102.0 355.0 2102.0 393.0 2058.0 393.0 small-vehicle 0
2066.0 335.0 2114.0 335.0 2114.0 377.0 2066.0 377.0 small-vehicle 0
2084.0 321.0 2129.0 321.0 2129.0 364.0 2084.0 364.0 small-vehicle 0
2205.0 87.0 2255.0 87.0 2255.0 126.0 2205.0 126.0 small-vehicle 0
2312.0 118.0 2360.0 118.0 2360.0 158.0 2312.0 158.0 small-vehicle 0
2298.0 136.0 2346.0 136.0 2346.0 178.0 2298.0 178.0 small-vehicle 0
2290.0 159.0 2335.0 159.0 2335.0 195.0 2290.0 195.0 small-vehicle 0
2278.0 176.0 2321.0 176.0 2321.0 215.0 2278.0 215.0 small-vehicle 0
2265.0 194.0 2314.0 194.0 2314.0 236.0 2265.0 236.0 small-vehicle 0
2253.0 214.0 2301.0 214.0 2301.0 256.0 2253.0 256.0 small-vehicle 0
2241.0 232.0 2288.0 232.0 2288.0 273.0 2241.0 273.0 small-vehicle 0
2228.0 249.0 2280.0 249.0 2280.0 296.0 2228.0 296.0 small-vehicle 0
2216.0 270.0 2266.0 270.0 2266.0 310.0 2216.0 310.0 small-vehicle 0
2211.0 294.0 2260.0 294.0 2260.0 334.0 2211.0 334.0 small-vehicle 0
2196.0 307.0 2252.0 307.0 2252.0 354.0 2196.0 354.0 small-vehicle 0
2188.0 327.0 2241.0 327.0 2241.0 373.0 2188.0 373.0 small-vehicle 0
2183.0 352.0 2228.0 352.0 2228.0 388.0 2183.0 388.0 small-vehicle 0
2172.0 369.0 2222.0 369.0 2222.0 412.0 2172.0 412.0 small-vehicle 0
2186.0 50.0 2228.0 50.0 2228.0 86.0 2186.0 86.0 small-vehicle 0
2090.0 295.0 2144.0 295.0 2144.0 345.0 2090.0 345.0 small-vehicle 0
2158.0 82.0 2208.0 82.0 2208.0 124.0 2158.0 124.0 small-vehicle 0
2170.0 64.0 2216.0 64.0 2216.0 104.0 2170.0 104.0 small-vehicle 0
2222.0 70.0 2264.0 70.0 2264.0 109.0 2222.0 109.0 small-vehicle 0
2230.0 53.0 2268.0 53.0 2268.0 82.0 2230.0 82.0 small-vehicle 0
2202.0 106.0 2240.0 106.0 2240.0 146.0 2202.0 146.0 small-vehicle 0
2184.0 124.0 2230.0 124.0 2230.0 164.0 2184.0 164.0 small-vehicle 0
2173.0 146.0 2229.0 146.0 2229.0 190.0 2173.0 190.0 small-vehicle 0
2169.0 167.0 2216.0 167.0 2216.0 204.0 2169.0 204.0 small-vehicle 0
2156.0 183.0 2208.0 183.0 2208.0 223.0 2156.0 223.0 small-vehicle 0
2146.0 202.0 2199.0 202.0 2199.0 248.0 2146.0 248.0 small-vehicle 0
2137.0 221.0 2187.0 221.0 2187.0 264.0 2137.0 264.0 small-vehicle 0
2120.0 236.0 2164.0 236.0 2164.0 276.0 2120.0 276.0 small-vehicle 0
2110.0 255.0 2166.0 255.0 2166.0 300.0 2110.0 300.0 small-vehicle 0
2102.0 280.0 2149.0 280.0 2149.0 316.0 2102.0 316.0 small-vehicle 0
2374.0 408.0 2418.0 408.0 2418.0 446.0 2374.0 446.0 small-vehicle 0
2343.0 369.0 2390.0 369.0 2390.0 406.0 2343.0 406.0 small-vehicle 0
1573.0 199.0 1612.0 199.0 1612.0 230.0 1573.0 230.0 small-vehicle 0
2026.0 108.0 2066.0 108.0 2066.0 145.0 2026.0 145.0 small-vehicle 0
1994.0 166.0 2040.0 166.0 2040.0 203.0 1994.0 203.0 small-vehicle 0
1950.0 141.0 1997.0 141.0 1997.0 185.0 1950.0 185.0 small-vehicle 0
1997.0 147.0 2043.0 147.0 2043.0 186.0 1997.0 186.0 small-vehicle 0
2013.0 131.0 2064.0 131.0 2064.0 170.0 2013.0 170.0 small-vehicle 0
1974.0 106.0 2017.0 106.0 2017.0 144.0 1974.0 144.0 small-vehicle 0
1984.0 89.0 2029.0 89.0 2029.0 129.0 1984.0 129.0 small-vehicle 0
2036.0 90.0 2080.0 90.0 2080.0 130.0 2036.0 130.0 small-vehicle 0
1733.0 224.0 1779.0 224.0 1779.0 262.0 1733.0 262.0 small-vehicle 0
2045.0 72.0 2083.0 72.0 2083.0 106.0 2045.0 106.0 small-vehicle 0
2053.0 51.0 2106.0 51.0 2106.0 95.0 2053.0 95.0 small-vehicle 0
1994.0 66.0 2040.0 66.0 2040.0 107.0 1994.0 107.0 small-vehicle 0
2002.0 48.0 2049.0 48.0 2049.0 86.0 2002.0 86.0 small-vehicle 0
1693.0 276.0 1746.0 276.0 1746.0 320.0 1693.0 320.0 small-vehicle 0
1710.0 263.0 1757.0 263.0 1757.0 300.0 1710.0 300.0 small-vehicle 0
1938.0 159.0 1987.0 159.0 1987.0 203.0 1938.0 203.0 small-vehicle 0
1982.0 187.0 2026.0 187.0 2026.0 224.0 1982.0 224.0 small-vehicle 0
1930.0 179.0 1980.0 179.0 1980.0 222.0 1930.0 222.0 small-vehicle 0
1967.0 204.0 2024.0 204.0 2024.0 250.0 1967.0 250.0 small-vehicle 0
1967.0 228.0 2010.0 228.0 2010.0 266.0 1967.0 266.0 small-vehicle 0
1923.0 200.0 1968.0 200.0 1968.0 240.0 1923.0 240.0 small-vehicle 0
1902.0 216.0 1957.0 216.0 1957.0 262.0 1902.0 262.0 large-vehicle 0
1952.0 246.0 2000.0 246.0 2000.0 284.0 1952.0 284.0 small-vehicle 0
1906.0 244.0 1944.0 244.0 1944.0 280.0 1906.0 280.0 small-vehicle 0
1941.0 262.0 1988.0 262.0 1988.0 304.0 1941.0 304.0 small-vehicle 0
1883.0 257.0 1937.0 257.0 1937.0 300.0 1883.0 300.0 small-vehicle 0
1928.0 282.0 1970.0 282.0 1970.0 321.0 1928.0 321.0 small-vehicle 0
1872.0 274.0 1920.0 274.0 1920.0 317.0 1872.0 317.0 small-vehicle 0
1914.0 296.0 1960.0 296.0 1960.0 337.0 1914.0 337.0 small-vehicle 0
1911.0 317.0 1955.0 317.0 1955.0 358.0 1911.0 358.0 small-vehicle 0
1868.0 298.0 1911.0 298.0 1911.0 333.0 1868.0 333.0 small-vehicle 0
1858.0 318.0 1898.0 318.0 1898.0 358.0 1858.0 358.0 small-vehicle 0
1719.0 235.0 1768.0 235.0 1768.0 280.0 1719.0 280.0 small-vehicle 0
1749.0 204.0 1791.0 204.0 1791.0 245.0 1749.0 245.0 small-vehicle 0
2343.0 770.0 2388.0 770.0 2388.0 810.0 2343.0 810.0 small-vehicle 0
1719.0 42.0 1763.0 42.0 1763.0 78.0 1719.0 78.0 small-vehicle 0
1869.0 73.0 1917.0 73.0 1917.0 114.0 1869.0 114.0 small-vehicle 0
1880.0 55.0 1924.0 55.0 1924.0 91.0 1880.0 91.0 small-vehicle 0
1833.0 56.0 1878.0 56.0 1878.0 92.0 1833.0 92.0 small-vehicle 0
1657.0 135.0 1699.0 135.0 1699.0 168.0 1657.0 168.0 small-vehicle 0
1692.0 101.0 1737.0 101.0 1737.0 140.0 1692.0 140.0 small-vehicle 0
1696.0 76.0 1743.0 76.0 1743.0 116.0 1696.0 116.0 small-vehicle 0
1703.0 56.0 1751.0 56.0 1751.0 97.0 1703.0 97.0 large-vehicle 0
1781.0 228.0 1829.0 228.0 1829.0 268.0 1781.0 268.0 small-vehicle 0
1664.0 38.0 1708.0 38.0 1708.0 71.0 1664.0 71.0 small-vehicle 0
1651.0 54.0 1703.0 54.0 1703.0 94.0 1651.0 94.0 small-vehicle 0
1648.0 76.0 1693.0 76.0 1693.0 114.0 1648.0 114.0 small-vehicle 0
1619.0 110.0 1664.0 110.0 1664.0 149.0 1619.0 149.0 small-vehicle 0
691.0 129.0 717.0 129.0 717.0 174.0 691.0 174.0 small-vehicle 0
1531.0 261.0 1585.0 261.0 1585.0 307.0 1531.0 307.0 large-vehicle 0
1859.0 93.0 1902.0 93.0 1902.0 132.0 1859.0 132.0 small-vehicle 0
1825.0 71.0 1867.0 71.0 1867.0 106.0 1825.0 106.0 small-vehicle 0
1809.0 87.0 1856.0 87.0 1856.0 129.0 1809.0 129.0 small-vehicle 0
1855.0 115.0 1895.0 115.0 1895.0 152.0 1855.0 152.0 small-vehicle 0
1835.0 126.0 1890.0 126.0 1890.0 172.0 1835.0 172.0 large-vehicle 0
1801.0 112.0 1842.0 112.0 1842.0 149.0 1801.0 149.0 small-vehicle 0
1787.0 124.0 1833.0 124.0 1833.0 166.0 1787.0 166.0 small-vehicle 0
1833.0 153.0 1874.0 153.0 1874.0 192.0 1833.0 192.0 small-vehicle 0
1812.0 166.0 1867.0 166.0 1867.0 212.0 1812.0 212.0 small-vehicle 0
1777.0 147.0 1822.0 147.0 1822.0 185.0 1777.0 185.0 small-vehicle 0
1759.0 161.0 1809.0 161.0 1809.0 204.0 1759.0 204.0 small-vehicle 0
1802.0 185.0 1846.0 185.0 1846.0 224.0 1802.0 224.0 small-vehicle 0
1758.0 190.0 1799.0 190.0 1799.0 224.0 1758.0 224.0 small-vehicle 0
1793.0 206.0 1837.0 206.0 1837.0 246.0 1793.0 246.0 small-vehicle 0
1693.0 306.0 1737.0 306.0 1737.0 339.0 1693.0 339.0 small-vehicle 0
1761.0 262.0 1809.0 262.0 1809.0 304.0 1761.0 304.0 small-vehicle 0
1773.0 246.0 1813.0 246.0 1813.0 281.0 1773.0 281.0 small-vehicle 0
1896.0 337.0 1940.0 337.0 1940.0 375.0 1896.0 375.0 small-vehicle 0
1885.0 357.0 1926.0 357.0 1926.0 397.0 1885.0 397.0 small-vehicle 0
1873.0 375.0 1914.0 375.0 1914.0 413.0 1873.0 413.0 small-vehicle 0
2446.0 505.0 2494.0 505.0 2494.0 543.0 2446.0 543.0 small-vehicle 0
2403.0 575.0 2447.0 575.0 2447.0 616.0 2403.0 616.0 small-vehicle 0
2464.0 564.0 2509.0 564.0 2509.0 600.0 2464.0 600.0 small-vehicle 0
2423.0 536.0 2473.0 536.0 2473.0 579.0 2423.0 579.0 small-vehicle 0
2442.0 523.0 2484.0 523.0 2484.0 560.0 2442.0 560.0 small-vehicle 0
2477.0 545.0 2526.0 545.0 2526.0 585.0 2477.0 585.0 small-vehicle 0
2485.0 524.0 2534.0 524.0 2534.0 566.0 2485.0 566.0 small-vehicle 0
2453.0 475.0 2512.0 475.0 2512.0 523.0 2453.0 523.0 small-vehicle 0
1857.0 397.0 1908.0 397.0 1908.0 439.0 1857.0 439.0 small-vehicle 0
2498.0 501.0 2552.0 501.0 2552.0 545.0 2498.0 545.0 small-vehicle 0
2512.0 482.0 2567.0 482.0 2567.0 529.0 2512.0 529.0 small-vehicle 0
2473.0 463.0 2518.0 463.0 2518.0 505.0 2473.0 505.0 small-vehicle 0
2487.0 441.0 2531.0 441.0 2531.0 480.0 2487.0 480.0 small-vehicle 0
2522.0 467.0 2570.0 467.0 2570.0 504.0 2522.0 504.0 small-vehicle 0
2504.0 372.0 2556.0 372.0 2556.0 423.0 2504.0 423.0 small-vehicle 0
2394.0 595.0 2436.0 595.0 2436.0 633.0 2394.0 633.0 small-vehicle 0
2432.0 619.0 2476.0 619.0 2476.0 657.0 2432.0 657.0 small-vehicle 0
2419.0 635.0 2473.0 635.0 2473.0 680.0 2419.0 680.0 small-vehicle 0
2381.0 611.0 2428.0 611.0 2428.0 653.0 2381.0 653.0 small-vehicle 0
2367.0 634.0 2420.0 634.0 2420.0 675.0 2367.0 675.0 small-vehicle 0
2406.0 656.0 2454.0 656.0 2454.0 695.0 2406.0 695.0 small-vehicle 0
2361.0 656.0 2407.0 656.0 2407.0 694.0 2361.0 694.0 small-vehicle 0
2396.0 677.0 2442.0 677.0 2442.0 714.0 2396.0 714.0 small-vehicle 0
2388.0 694.0 2438.0 694.0 2438.0 736.0 2388.0 736.0 small-vehicle 0
2348.0 674.0 2393.0 674.0 2393.0 712.0 2348.0 712.0 small-vehicle 0
2337.0 690.0 2383.0 690.0 2383.0 730.0 2337.0 730.0 small-vehicle 0
2384.0 714.0 2429.0 714.0 2429.0 756.0 2384.0 756.0 small-vehicle 0
2366.0 729.0 2412.0 729.0 2412.0 773.0 2366.0 773.0 small-vehicle 0
2336.0 715.0 2372.0 715.0 2372.0 748.0 2336.0 748.0 small-vehicle 0
2315.0 726.0 2360.0 726.0 2360.0 770.0 2315.0 770.0 small-vehicle 0
2298.0 747.0 2352.0 747.0 2352.0 789.0 2298.0 789.0 large-vehicle 0
2359.0 755.0 2409.0 755.0 2409.0 797.0 2359.0 797.0 large-vehicle 0
2538.0 290.0 2577.0 290.0 2577.0 344.0 2538.0 344.0 small-vehicle 0
2543.0 627.0 2587.0 627.0 2587.0 669.0 2543.0 669.0 small-vehicle 0
2451.0 806.0 2494.0 806.0 2494.0 844.0 2451.0 844.0 small-vehicle 0
2246.0 950.0 2290.0 950.0 2290.0 995.0 2246.0 995.0 small-vehicle 0
1812.0 367.0 1864.0 367.0 1864.0 415.0 1812.0 415.0 small-vehicle 0
2011.0 694.0 2058.0 694.0 2058.0 736.0 2011.0 736.0 small-vehicle 0
1986.0 613.0 2027.0 613.0 2027.0 658.0 1986.0 658.0 small-vehicle 0
2158.0 784.0 2215.0 784.0 2215.0 830.0 2158.0 830.0 small-vehicle 0
1895.0 1773.0 1944.0 1773.0 1944.0 1814.0 1895.0 1814.0 small-vehicle 0
1946.0 1794.0 1992.0 1794.0 1992.0 1836.0 1946.0 1836.0 small-vehicle 0
2164.0 2087.0 2195.0 2087.0 2195.0 2131.0 2164.0 2131.0 small-vehicle 0
2238.0 869.0 2282.0 869.0 2282.0 912.0 2238.0 912.0 small-vehicle 0
2224.0 888.0 2272.0 888.0 2272.0 931.0 2224.0 931.0 small-vehicle 0
2212.0 911.0 2260.0 911.0 2260.0 952.0 2212.0 952.0 small-vehicle 0
2199.0 925.0 2250.0 925.0 2250.0 971.0 2199.0 971.0 small-vehicle 0
2192.0 949.0 2240.0 949.0 2240.0 991.0 2192.0 991.0 small-vehicle 0
2274.0 893.0 2324.0 893.0 2324.0 937.0 2274.0 937.0 small-vehicle 0
2252.0 933.0 2298.0 933.0 2298.0 973.0 2252.0 973.0 small-vehicle 0
2236.0 972.0 2282.0 972.0 2282.0 1017.0 2236.0 1017.0 small-vehicle 0
2497.0 805.0 2542.0 805.0 2542.0 847.0 2497.0 847.0 small-vehicle 0
2370.0 943.0 2414.0 943.0 2414.0 981.0 2370.0 981.0 small-vehicle 0
2350.0 959.0 2400.0 959.0 2400.0 1004.0 2350.0 1004.0 small-vehicle 0
2411.0 966.0 2457.0 966.0 2457.0 1007.0 2411.0 1007.0 small-vehicle 0
2398.0 990.0 2442.0 990.0 2442.0 1027.0 2398.0 1027.0 small-vehicle 0
2385.0 1013.0 2429.0 1013.0 2429.0 1047.0 2385.0 1047.0 small-vehicle 0
2380.0 1030.0 2426.0 1030.0 2426.0 1072.0 2380.0 1072.0 small-vehicle 0
2334.0 1005.0 2379.0 1005.0 2379.0 1044.0 2334.0 1044.0 small-vehicle 0
2368.0 1053.0 2420.0 1053.0 2420.0 1095.0 2368.0 1095.0 large-vehicle 0
2478.0 1097.0 2517.0 1097.0 2517.0 1145.0 2478.0 1145.0 small-vehicle 0
2481.0 851.0 2519.0 851.0 2519.0 886.0 2481.0 886.0 small-vehicle 0
2434.0 824.0 2481.0 824.0 2481.0 864.0 2434.0 864.0 small-vehicle 0
2460.0 785.0 2502.0 785.0 2502.0 822.0 2460.0 822.0 small-vehicle 0
2502.0 706.0 2552.0 706.0 2552.0 747.0 2502.0 747.0 small-vehicle 0
2512.0 788.0 2556.0 788.0 2556.0 831.0 2512.0 831.0 small-vehicle 0
296.0 226.0 422.0 226.0 422.0 347.0 296.0 347.0 large-vehicle 0
