787.0 427.0 833.0 427.0 833.0 466.0 787.0 466.0 ship 1
762.0 413.0 831.0 413.0 831.0 464.0 762.0 464.0 ship 1
423.0 904.0 554.0 904.0 554.0 988.0 423.0 988.0 ship 0
475.0 904.0 644.0 904.0 644.0 1018.0 475.0 1018.0 ship 0
500.0 905.0 601.0 905.0 601.0 973.0 500.0 973.0 ship 0
627.0 637.0 828.0 637.0 828.0 760.0 627.0 760.0 ship 0
711.0 384.0 805.0 384.0 805.0 445.0 711.0 445.0 ship 1
744.0 397.0 822.0 397.0 822.0 454.0 744.0 454.0 ship 1
860.0 290.0 966.0 290.0 966.0 375.0 860.0 375.0 ship 1
919.0 275.0 1048.0 275.0 1048.0 367.0 919.0 367.0 ship 1
969.0 209.0 1094.0 209.0 1094.0 302.0 969.0 302.0 ship 0
917.0 350.0 968.0 350.0 968.0 391.0 917.0 391.0 ship 1
971.0 319.0 1024.0 319.0 1024.0 365.0 971.0 365.0 ship 0
1122.0 94.0 1314.0 94.0 1314.0 243.0 1122.0 243.0 ship 0
1142.0 136.0 1330.0 136.0 1330.0 276.0 1142.0 276.0 ship 0
1135.0 191.0 1318.0 191.0 1318.0 318.0 1135.0 318.0 ship 0
1442.0 79.0 1548.0 79.0 1548.0 202.0 1442.0 202.0 ship 0
1566.0 202.0 1724.0 202.0 1724.0 288.0 1566.0 288.0 ship 0
1700.0 408.0 1831.0 408.0 1831.0 520.0 1700.0 520.0 ship 0
1629.0 483.0 1788.0 483.0 1788.0 573.0 1629.0 573.0 ship 0
1757.0 426.0 1838.0 426.0 1838.0 494.0 1757.0 494.0 ship 0
1804.0 399.0 1853.0 399.0 1853.0 462.0 1804.0 462.0 ship 0
1417.0 108.0 1564.0 108.0 1564.0 275.0 1417.0 275.0 ship 0
298.0 972.0 431.0 972.0 431.0 1059.0 298.0 1059.0 ship 0
