528.0 955.0 685.0 955.0 685.0 1072.0 528.0 1072.0 ship 0
513.0 993.0 665.0 993.0 665.0 1102.0 513.0 1102.0 ship 0
1260.0 236.0 1346.0 236.0 1346.0 315.0 1260.0 315.0 storage-tank 0
1325.0 300.0 1432.0 300.0 1432.0 419.0 1325.0 419.0 storage-tank 0
1402.0 402.0 1512.0 402.0 1512.0 516.0 1402.0 516.0 storage-tank 0
1133.0 1226.0 1426.0 1226.0 1426.0 1583.0 1133.0 1583.0 harbor 0
1440.0 1478.0 2092.0 1478.0 2092.0 2118.0 1440.0 2118.0 harbor 0
2013.0 1972.0 2286.0 1972.0 2286.0 2285.0 2013.0 2285.0 harbor 0
2255.0 2209.0 2626.0 2209.0 2626.0 2582.0 2255.0 2582.0 harbor 0
616.0 810.0 982.0 810.0 982.0 1195.0 616.0 1195.0 harbor 0
188.0 463.0 666.0 463.0 666.0 982.0 188.0 982.0 harbor 0
965.0 1443.0 1314.0 1443.0 1314.0 1736.0 965.0 1736.0 ship 0
1315.0 1673.0 1628.0 1673.0 1628.0 1982.0 1315.0 1982.0 ship 0
1270.0 1726.0 1573.0 1726.0 1573.0 2028.0 1270.0 2028.0 ship 0
1429.0 1516.0 1615.0 1516.0 1615.0 1689.0 1429.0 1689.0 ship 0
1262.0 1945.0 1455.0 1945.0 1455.0 2122.0 1262.0 2122.0 ship 0
1306.0 1926.0 1476.0 1926.0 1476.0 2075.0 1306.0 2075.0 ship 0
1330.0 1893.0 1502.0 1893.0 1502.0 2042.0 1330.0 2042.0 ship 0
2483.0 2242.0 2785.0 2242.0 2785.0 2535.0 2483.0 2535.0 ship 0
2545.0 2338.0 2830.0 2338.0 2830.0 2683.0 2545.0 2683.0 ship 0
2695.0 2508.0 2822.0 2508.0 2822.0 2676.0 2695.0 2676.0 ship 0
2496.0 2423.0 2682.0 2423.0 2682.0 2645.0 2496.0 2645.0 ship 0
2746.0 2510.0 2876.0 2510.0 2876.0 2682.0 2746.0 2682.0 ship 0
2208.0 2308.0 2360.0 2308.0 2360.0 2459.0 2208.0 2459.0 ship 0
136.0 886.0 359.0 886.0 359.0 1095.0 136.0 1095.0 ship 0
142.0 959.0 318.0 959.0 318.0 1132.0 142.0 1132.0 ship 0
362.0 912.0 503.0 912.0 503.0 1070.0 362.0 1070.0 ship 0
190.0 703.0 329.0 703.0 329.0 848.0 190.0 848.0 ship 0
513.0 683.0 629.0 683.0 629.0 810.0 513.0 810.0 ship 0
1352.0 156.0 1428.0 156.0 1428.0 232.0 1352.0 232.0 storage-tank 0
