4353.0 750.0 4569.0 750.0 4569.0 1145.0 4353.0 1145.0 harbor 0
3923.0 3972.0 4138.0 3972.0 4138.0 4258.0 3923.0 4258.0 ship 0
2656.0 2662.0 2959.0 2662.0 2959.0 2908.0 2656.0 2908.0 ship 0
2006.0 2206.0 2158.0 2206.0 2158.0 2350.0 2006.0 2350.0 ship 0
1969.0 2228.0 2132.0 2228.0 2132.0 2386.0 1969.0 2386.0 ship 0
4645.0 4158.0 4837.0 4158.0 4837.0 4422.0 4645.0 4422.0 ship 0
4092.0 4275.0 4216.0 4275.0 4216.0 4576.0 4092.0 4576.0 ship 0
3962.0 3931.0 4139.0 3931.0 4139.0 4160.0 3962.0 4160.0 ship 0
4195.0 1458.0 4563.0 1458.0 4563.0 1683.0 4195.0 1683.0 ship 0
7087.0 1926.0 7147.0 1926.0 7147.0 2113.0 7087.0 2113.0 ship 0
5359.0 1849.0 5620.0 1849.0 5620.0 2013.0 5359.0 2013.0 ship 0
5728.0 1925.0 6059.0 1925.0 6059.0 2002.0 5728.0 2002.0 ship 0
6146.0 1808.0 6226.0 1808.0 6226.0 2036.0 6146.0 2036.0 ship 0
6199.0 1808.0 6276.0 1808.0 6276.0 2043.0 6199.0 2043.0 ship 1
6247.0 1958.0 6516.0 1958.0 6516.0 2052.0 6247.0 2052.0 ship 1
6520.0 1842.0 6590.0 1842.0 6590.0 2100.0 6520.0 2100.0 ship 0
3503.0 2099.0 3772.0 2099.0 3772.0 2419.0 3503.0 2419.0 ship 0
3034.0 1058.0 3269.0 1058.0 3269.0 1233.0 3034.0 1233.0 ship 0
3826.0 856.0 4031.0 856.0 4031.0 1011.0 3826.0 1011.0 ship 0
3042.0 405.0 3301.0 405.0 3301.0 595.0 3042.0 595.0 ship 0
3035.0 313.0 3329.0 313.0 3329.0 545.0 3035.0 545.0 ship 0
2759.0 109.0 3061.0 109.0 3061.0 349.0 2759.0 349.0 ship 0
2080.0 968.0 2323.0 968.0 2323.0 1149.0 2080.0 1149.0 ship 0
2039.0 1011.0 2300.0 1011.0 2300.0 1198.0 2039.0 1198.0 ship 0
2052.0 1072.0 2289.0 1072.0 2289.0 1242.0 2052.0 1242.0 ship 0
1819.0 1991.0 1931.0 1991.0 1931.0 2082.0 1819.0 2082.0 ship 1
1790.0 2012.0 2011.0 2012.0 2011.0 2208.0 1790.0 2208.0 ship 1
1289.0 1656.0 1476.0 1656.0 1476.0 1841.0 1289.0 1841.0 ship 1
1250.0 1629.0 1446.0 1629.0 1446.0 1815.0 1250.0 1815.0 ship 0
1612.0 1416.0 1915.0 1416.0 1915.0 1678.0 1612.0 1678.0 ship 0
1190.0 1323.0 1475.0 1323.0 1475.0 1636.0 1190.0 1636.0 ship 0
1205.0 1238.0 1519.0 1238.0 1519.0 1566.0 1205.0 1566.0 ship 0
1208.0 482.0 1596.0 482.0 1596.0 723.0 1208.0 723.0 ship 0
6714.0 1823.0 6837.0 1823.0 6837.0 2096.0 6714.0 2096.0 ship 0
6492.0 2180.0 6672.0 2180.0 6672.0 2312.0 6492.0 2312.0 ship 0
1611.0 2036.0 1978.0 2036.0 1978.0 2420.0 1611.0 2420.0 harbor 0
3232.0 3435.0 3520.0 3435.0 3520.0 3649.0 3232.0 3649.0 harbor 0
3085.0 3943.0 3179.0 3943.0 3179.0 4036.0 3085.0 4036.0 storage-tank 0
3190.0 4071.0 3273.0 4071.0 3273.0 4155.0 3190.0 4155.0 storage-tank 0
3259.0 4096.0 3353.0 4096.0 3353.0 4188.0 3259.0 4188.0 storage-tank 0
170.0 769.0 346.0 769.0 346.0 1038.0 170.0 1038.0 harbor 0
1212.0 1568.0 1405.0 1568.0 1405.0 1762.0 1212.0 1762.0 harbor 0
2711.0 2883.0 2935.0 2883.0 2935.0 3175.0 2711.0 3175.0 harbor 0
2980.0 2930.0 3212.0 2930.0 3212.0 3119.0 2980.0 3119.0 ship 0
6775.0 2305.0 7022.0 2305.0 7022.0 2402.0 6775.0 2402.0 ship 0
2965.0 5263.0 3137.0 5263.0 3137.0 5388.0 2965.0 5388.0 storage-tank 0
3128.0 4019.0 3213.0 4019.0 3213.0 4105.0 3128.0 4105.0 tennis-court 0
5902.0 1440.0 6038.0 1440.0 6038.0 1882.0 5902.0 1882.0 harbor 0
6300.0 1602.0 6392.0 1602.0 6392.0 1968.0 6300.0 1968.0 harbor 0
7369.0 1988.0 7742.0 1988.0 7742.0 2293.0 7369.0 2293.0 harbor 0
6780.0 1806.0 7112.0 1806.0 7112.0 2119.0 6780.0 2119.0 harbor 0
3063.0 3885.0 3139.0 3885.0 3139.0 3955.0 3063.0 3955.0 storage-tank 0
6082.0 4450.0 6351.0 4450.0 6351.0 4738.0 6082.0 4738.0 ship 0
6798.0 4480.0 7059.0 4480.0 7059.0 4703.0 6798.0 4703.0 ship 0
6830.0 4430.0 7095.0 4430.0 7095.0 4648.0 6830.0 4648.0 ship 0
7332.0 4665.0 7611.0 4665.0 7611.0 4892.0 7332.0 4892.0 ship 0
6830.0 3495.0 7093.0 3495.0 7093.0 3602.0 6830.0 3602.0 ship 0
6836.0 3440.0 7135.0 3440.0 7135.0 3565.0 6836.0 3565.0 ship 0
6845.0 3383.0 7148.0 3383.0 7148.0 3515.0 6845.0 3515.0 ship 0
6875.0 3326.0 7160.0 3326.0 7160.0 3456.0 6875.0 3456.0 ship 0
7515.0 3086.0 7795.0 3086.0 7795.0 3206.0 7515.0 3206.0 ship 0
5648.0 3195.0 5950.0 3195.0 5950.0 3480.0 5648.0 3480.0 ship 0
6242.0 2726.0 6558.0 2726.0 6558.0 2852.0 6242.0 2852.0 ship 0
7675.0 2162.0 7768.0 2162.0 7768.0 2408.0 7675.0 2408.0 ship 0
7352.0 2280.0 7668.0 2280.0 7668.0 2410.0 7352.0 2410.0 ship 0
7356.0 2226.0 7679.0 2226.0 7679.0 2359.0 7356.0 2359.0 ship 0
7268.0 2046.0 7403.0 2046.0 7403.0 2343.0 7268.0 2343.0 ship 0
7228.0 2050.0 7341.0 2050.0 7341.0 2313.0 7228.0 2313.0 ship 0
1229.0 403.0 1618.0 403.0 1618.0 643.0 1229.0 643.0 ship 0
