1006.0 786.0 1050.0 786.0 1050.0 810.0 1006.0 810.0 small-vehicle 0
871.0 3271.0 947.0 3271.0 947.0 3314.0 871.0 3314.0 large-vehicle 0
1430.0 3967.0 1482.0 3967.0 1482.0 3997.0 1430.0 3997.0 large-vehicle 0
1449.0 4037.0 1507.0 4037.0 1507.0 4070.0 1449.0 4070.0 large-vehicle 0
1194.0 3526.0 1266.0 3526.0 1266.0 3567.0 1194.0 3567.0 large-vehicle 0
1051.0 3600.0 1096.0 3600.0 1096.0 3627.0 1051.0 3627.0 large-vehicle 0
1053.0 3377.0 1119.0 3377.0 1119.0 3506.0 1053.0 3506.0 large-vehicle 0
1079.0 3369.0 1137.0 3369.0 1137.0 3487.0 1079.0 3487.0 large-vehicle 0
1102.0 3360.0 1155.0 3360.0 1155.0 3472.0 1102.0 3472.0 large-vehicle 0
1126.0 3351.0 1186.0 3351.0 1186.0 3482.0 1126.0 3482.0 large-vehicle 0
1158.0 3362.0 1216.0 3362.0 1216.0 3488.0 1158.0 3488.0 large-vehicle 0
1202.0 3333.0 1264.0 3333.0 1264.0 3462.0 1202.0 3462.0 large-vehicle 0
1281.0 3315.0 1341.0 3315.0 1341.0 3440.0 1281.0 3440.0 large-vehicle 0
1329.0 3295.0 1389.0 3295.0 1389.0 3427.0 1329.0 3427.0 large-vehicle 0
1382.0 3286.0 1450.0 3286.0 1450.0 3418.0 1382.0 3418.0 large-vehicle 0
1415.0 3291.0 1481.0 3291.0 1481.0 3422.0 1415.0 3422.0 large-vehicle 0
1460.0 3264.0 1520.0 3264.0 1520.0 3394.0 1460.0 3394.0 large-vehicle 0
1592.0 3227.0 1651.0 3227.0 1651.0 3359.0 1592.0 3359.0 large-vehicle 0
1243.0 2686.0 1284.0 2686.0 1284.0 2810.0 1243.0 2810.0 large-vehicle 0
1275.0 2674.0 1316.0 2674.0 1316.0 2800.0 1275.0 2800.0 large-vehicle 0
1300.0 2672.0 1344.0 2672.0 1344.0 2796.0 1300.0 2796.0 large-vehicle 0
1382.0 2651.0 1425.0 2651.0 1425.0 2775.0 1382.0 2775.0 large-vehicle 0
1412.0 2640.0 1453.0 2640.0 1453.0 2763.0 1412.0 2763.0 large-vehicle 0
877.0 3303.0 933.0 3303.0 933.0 3341.0 877.0 3341.0 large-vehicle 0
883.0 3251.0 932.0 3251.0 932.0 3283.0 883.0 3283.0 large-vehicle 0
1522.0 2728.0 1611.0 2728.0 1611.0 2776.0 1522.0 2776.0 large-vehicle 0
854.0 3224.0 924.0 3224.0 924.0 3264.0 854.0 3264.0 large-vehicle 0
587.0 680.0 687.0 680.0 687.0 712.0 587.0 712.0 large-vehicle 0
598.0 714.0 659.0 714.0 659.0 736.0 598.0 736.0 large-vehicle 0
602.0 760.0 705.0 760.0 705.0 787.0 602.0 787.0 large-vehicle 0
603.0 791.0 708.0 791.0 708.0 816.0 603.0 816.0 large-vehicle 0
620.0 920.0 716.0 920.0 716.0 959.0 620.0 959.0 large-vehicle 0
619.0 887.0 711.0 887.0 711.0 923.0 619.0 923.0 large-vehicle 0
276.0 600.0 300.0 600.0 300.0 649.0 276.0 649.0 large-vehicle 0
311.0 593.0 333.0 593.0 333.0 642.0 311.0 642.0 large-vehicle 0
430.0 640.0 452.0 640.0 452.0 678.0 430.0 678.0 large-vehicle 0
349.0 1824.0 403.0 1824.0 403.0 1936.0 349.0 1936.0 large-vehicle 0
441.0 2163.0 547.0 2163.0 547.0 2238.0 441.0 2238.0 large-vehicle 0
802.0 2167.0 911.0 2167.0 911.0 2246.0 802.0 2246.0 large-vehicle 0
672.0 2352.0 799.0 2352.0 799.0 2447.0 672.0 2447.0 large-vehicle 0
770.0 2611.0 881.0 2611.0 881.0 2668.0 770.0 2668.0 large-vehicle 0
898.0 2570.0 1027.0 2570.0 1027.0 2627.0 898.0 2627.0 large-vehicle 0
899.0 2761.0 956.0 2761.0 956.0 2796.0 899.0 2796.0 large-vehicle 0
912.0 2783.0 970.0 2783.0 970.0 2819.0 912.0 2819.0 large-vehicle 0
822.0 3119.0 892.0 3119.0 892.0 3159.0 822.0 3159.0 large-vehicle 0
831.0 3148.0 903.0 3148.0 903.0 3184.0 831.0 3184.0 large-vehicle 0
851.0 3175.0 905.0 3175.0 905.0 3207.0 851.0 3207.0 large-vehicle 0
837.0 3206.0 896.0 3206.0 896.0 3244.0 837.0 3244.0 large-vehicle 0
1467.0 2633.0 1509.0 2633.0 1509.0 2751.0 1467.0 2751.0 large-vehicle 0
1527.0 2759.0 1616.0 2759.0 1616.0 2804.0 1527.0 2804.0 large-vehicle 0
1005.0 768.0 1042.0 768.0 1042.0 789.0 1005.0 789.0 small-vehicle 0
229.0 2835.0 257.0 2835.0 257.0 2855.0 229.0 2855.0 small-vehicle 1
248.0 2881.0 281.0 2881.0 281.0 2904.0 248.0 2904.0 small-vehicle 1
279.0 2996.0 313.0 2996.0 313.0 3018.0 279.0 3018.0 small-vehicle 1
235.0 3116.0 255.0 3116.0 255.0 3150.0 235.0 3150.0 small-vehicle 1
210.0 3488.0 228.0 3488.0 228.0 3523.0 210.0 3523.0 small-vehicle 1
883.0 3649.0 917.0 3649.0 917.0 3672.0 883.0 3672.0 small-vehicle 1
925.0 3635.0 956.0 3635.0 956.0 3656.0 925.0 3656.0 small-vehicle 1
970.0 3625.0 1002.0 3625.0 1002.0 3648.0 970.0 3648.0 small-vehicle 1
1011.0 3615.0 1046.0 3615.0 1046.0 3637.0 1011.0 3637.0 small-vehicle 1
853.0 2950.0 880.0 2950.0 880.0 2982.0 853.0 2982.0 small-vehicle 1
949.0 2944.0 1003.0 2944.0 1003.0 2977.0 949.0 2977.0 small-vehicle 1
946.0 2914.0 999.0 2914.0 999.0 2944.0 946.0 2944.0 large-vehicle 0
942.0 2888.0 993.0 2888.0 993.0 2918.0 942.0 2918.0 large-vehicle 0
934.0 2864.0 986.0 2864.0 986.0 2894.0 934.0 2894.0 large-vehicle 0
928.0 2838.0 982.0 2838.0 982.0 2867.0 928.0 2867.0 large-vehicle 0
926.0 2809.0 984.0 2809.0 984.0 2841.0 926.0 2841.0 large-vehicle 0
1152.0 2841.0 1201.0 2841.0 1201.0 2874.0 1152.0 2874.0 large-vehicle 0
1201.0 2359.0 1239.0 2359.0 1239.0 2411.0 1201.0 2411.0 large-vehicle 0
1226.0 2351.0 1269.0 2351.0 1269.0 2404.0 1226.0 2404.0 large-vehicle 0
990.0 708.0 1028.0 708.0 1028.0 730.0 990.0 730.0 small-vehicle 0
994.0 728.0 1031.0 728.0 1031.0 749.0 994.0 749.0 small-vehicle 0
999.0 747.0 1041.0 747.0 1041.0 771.0 999.0 771.0 small-vehicle 0
239.0 2862.0 272.0 2862.0 272.0 2882.0 239.0 2882.0 small-vehicle 1
169.0 2586.0 202.0 2586.0 202.0 2607.0 169.0 2607.0 small-vehicle 1
1532.0 2785.0 1621.0 2785.0 1621.0 2828.0 1532.0 2828.0 large-vehicle 0
140.0 2483.0 173.0 2483.0 173.0 2507.0 140.0 2507.0 small-vehicle 1
1537.0 2796.0 1678.0 2796.0 1678.0 2854.0 1537.0 2854.0 large-vehicle 0
1542.0 2828.0 1668.0 2828.0 1668.0 2881.0 1542.0 2881.0 large-vehicle 0
1252.0 2271.0 1339.0 2271.0 1339.0 2395.0 1252.0 2395.0 large-vehicle 0
1354.0 2237.0 1446.0 2237.0 1446.0 2360.0 1354.0 2360.0 large-vehicle 0
1383.0 2232.0 1482.0 2232.0 1482.0 2354.0 1383.0 2354.0 large-vehicle 0
1436.0 2205.0 1539.0 2205.0 1539.0 2320.0 1436.0 2320.0 large-vehicle 0
1031.0 1316.0 1085.0 1316.0 1085.0 1369.0 1031.0 1369.0 large-vehicle 0
1796.0 1840.0 1925.0 1840.0 1925.0 1916.0 1796.0 1916.0 large-vehicle 0
1810.0 1870.0 1932.0 1870.0 1932.0 1940.0 1810.0 1940.0 large-vehicle 0
1822.0 1902.0 1946.0 1902.0 1946.0 1969.0 1822.0 1969.0 large-vehicle 0
1824.0 1958.0 1958.0 1958.0 1958.0 2024.0 1824.0 2024.0 large-vehicle 0
1827.0 2017.0 1949.0 2017.0 1949.0 2078.0 1827.0 2078.0 large-vehicle 0
1843.0 2046.0 1970.0 2046.0 1970.0 2101.0 1843.0 2101.0 large-vehicle 0
1859.0 2083.0 1978.0 2083.0 1978.0 2132.0 1859.0 2132.0 large-vehicle 0
407.0 636.0 427.0 636.0 427.0 673.0 407.0 673.0 small-vehicle 1
449.0 631.0 469.0 631.0 469.0 667.0 449.0 667.0 small-vehicle 1
490.0 624.0 508.0 624.0 508.0 659.0 490.0 659.0 small-vehicle 1
532.0 622.0 555.0 622.0 555.0 655.0 532.0 655.0 small-vehicle 1
673.0 1000.0 699.0 1000.0 699.0 1034.0 673.0 1034.0 small-vehicle 1
376.0 937.0 397.0 937.0 397.0 971.0 376.0 971.0 small-vehicle 1
320.0 939.0 339.0 939.0 339.0 974.0 320.0 974.0 small-vehicle 1
468.0 620.0 499.0 620.0 499.0 684.0 468.0 684.0 large-vehicle 0
