2393.0 2699.0 2415.0 2699.0 2415.0 2733.0 2393.0 2733.0 small-vehicle 0
1642.0 2128.0 1762.0 2128.0 1762.0 2217.0 1642.0 2217.0 large-vehicle 0
1784.0 3561.0 1862.0 3561.0 1862.0 3590.0 1784.0 3590.0 large-vehicle 0
1727.0 3557.0 1769.0 3557.0 1769.0 3637.0 1727.0 3637.0 large-vehicle 0
1454.0 3511.0 1585.0 3511.0 1585.0 3543.0 1454.0 3543.0 large-vehicle 0
1377.0 3356.0 1511.0 3356.0 1511.0 3384.0 1377.0 3384.0 large-vehicle 0
1377.0 3387.0 1511.0 3387.0 1511.0 3413.0 1377.0 3413.0 large-vehicle 0
1692.0 3114.0 1731.0 3114.0 1731.0 3235.0 1692.0 3235.0 large-vehicle 0
1660.0 3114.0 1691.0 3114.0 1691.0 3233.0 1660.0 3233.0 large-vehicle 0
1630.0 3113.0 1658.0 3113.0 1658.0 3235.0 1630.0 3235.0 large-vehicle 0
1500.0 2883.0 1528.0 2883.0 1528.0 3010.0 1500.0 3010.0 large-vehicle 0
1474.0 2883.0 1500.0 2883.0 1500.0 3011.0 1474.0 3011.0 large-vehicle 0
1882.0 2451.0 1953.0 2451.0 1953.0 2579.0 1882.0 2579.0 large-vehicle 0
1994.0 2284.0 2126.0 2284.0 2126.0 2374.0 1994.0 2374.0 large-vehicle 0
2022.0 2074.0 2120.0 2074.0 2120.0 2186.0 2022.0 2186.0 large-vehicle 0
2031.0 2003.0 2115.0 2003.0 2115.0 2130.0 2031.0 2130.0 large-vehicle 0
2103.0 1652.0 2127.0 1652.0 2127.0 1777.0 2103.0 1777.0 large-vehicle 0
1419.0 2270.0 1476.0 2270.0 1476.0 2293.0 1419.0 2293.0 large-vehicle 0
1240.0 2263.0 1299.0 2263.0 1299.0 2287.0 1240.0 2287.0 large-vehicle 0
1169.0 2260.0 1234.0 2260.0 1234.0 2286.0 1169.0 2286.0 large-vehicle 0
1756.0 2139.0 1870.0 2139.0 1870.0 2223.0 1756.0 2223.0 large-vehicle 0
1779.0 3588.0 1858.0 3588.0 1858.0 3616.0 1779.0 3616.0 large-vehicle 0
1860.0 3556.0 1892.0 3556.0 1892.0 3636.0 1860.0 3636.0 large-vehicle 0
1890.0 3559.0 1918.0 3559.0 1918.0 3637.0 1890.0 3637.0 large-vehicle 0
514.0 2384.0 579.0 2384.0 579.0 2509.0 514.0 2509.0 large-vehicle 0
1058.0 2742.0 1100.0 2742.0 1100.0 2764.0 1058.0 2764.0 small-vehicle 0
173.0 1129.0 213.0 1129.0 213.0 1150.0 173.0 1150.0 small-vehicle 0
73.0 1147.0 110.0 1147.0 110.0 1166.0 73.0 1166.0 small-vehicle 0
551.0 3724.0 584.0 3724.0 584.0 3771.0 551.0 3771.0 large-vehicle 0
1330.0 3444.0 1362.0 3444.0 1362.0 3571.0 1330.0 3571.0 large-vehicle 0
1306.0 3447.0 1333.0 3447.0 1333.0 3570.0 1306.0 3570.0 large-vehicle 0
1280.0 3443.0 1306.0 3443.0 1306.0 3563.0 1280.0 3563.0 large-vehicle 0
856.0 2731.0 992.0 2731.0 992.0 2767.0 856.0 2767.0 large-vehicle 0
2166.0 3991.0 2205.0 3991.0 2205.0 4038.0 2166.0 4038.0 large-vehicle 0
1917.0 3558.0 1945.0 3558.0 1945.0 3638.0 1917.0 3638.0 large-vehicle 0
1672.0 3926.0 1706.0 3926.0 1706.0 3975.0 1672.0 3975.0 large-vehicle 0
1639.0 3924.0 1668.0 3924.0 1668.0 3975.0 1639.0 3975.0 large-vehicle 0
1600.0 3922.0 1632.0 3922.0 1632.0 3975.0 1600.0 3975.0 large-vehicle 0
1539.0 3923.0 1567.0 3923.0 1567.0 3974.0 1539.0 3974.0 large-vehicle 0
1510.0 3923.0 1543.0 3923.0 1543.0 3984.0 1510.0 3984.0 large-vehicle 0
1483.0 3918.0 1517.0 3918.0 1517.0 3983.0 1483.0 3983.0 large-vehicle 0
1459.0 3918.0 1484.0 3918.0 1484.0 3983.0 1459.0 3983.0 large-vehicle 0
1391.0 3476.0 1422.0 3476.0 1422.0 3541.0 1391.0 3541.0 large-vehicle 0
1692.0 2128.0 1809.0 2128.0 1809.0 2214.0 1692.0 2214.0 large-vehicle 0
1536.0 2127.0 1656.0 2127.0 1656.0 2213.0 1536.0 2213.0 large-vehicle 0
1315.0 2770.0 1359.0 2770.0 1359.0 2791.0 1315.0 2791.0 small-vehicle 0
1381.0 2124.0 1496.0 2124.0 1496.0 2212.0 1381.0 2212.0 large-vehicle 0
1576.0 462.0 1626.0 462.0 1626.0 506.0 1576.0 506.0 large-vehicle 0
1548.0 387.0 1656.0 387.0 1656.0 489.0 1548.0 489.0 large-vehicle 0
934.0 1575.0 1049.0 1575.0 1049.0 1600.0 934.0 1600.0 large-vehicle 0
945.0 2111.0 1064.0 2111.0 1064.0 2195.0 945.0 2195.0 large-vehicle 0
904.0 2119.0 992.0 2119.0 992.0 2186.0 904.0 2186.0 large-vehicle 0
856.0 2120.0 948.0 2120.0 948.0 2190.0 856.0 2190.0 large-vehicle 0
793.0 2108.0 909.0 2108.0 909.0 2193.0 793.0 2193.0 large-vehicle 0
718.0 2094.0 836.0 2094.0 836.0 2185.0 718.0 2185.0 large-vehicle 0
670.0 2103.0 788.0 2103.0 788.0 2187.0 670.0 2187.0 large-vehicle 0
776.0 1944.0 891.0 1944.0 891.0 2021.0 776.0 2021.0 large-vehicle 0
821.0 1812.0 936.0 1812.0 936.0 1883.0 821.0 1883.0 large-vehicle 0
539.0 1943.0 663.0 1943.0 663.0 2023.0 539.0 2023.0 large-vehicle 0
732.0 1795.0 851.0 1795.0 851.0 1873.0 732.0 1873.0 large-vehicle 0
620.0 1792.0 740.0 1792.0 740.0 1870.0 620.0 1870.0 large-vehicle 0
567.0 1791.0 684.0 1791.0 684.0 1868.0 567.0 1868.0 large-vehicle 0
744.0 1646.0 860.0 1646.0 860.0 1726.0 744.0 1726.0 large-vehicle 0
628.0 1646.0 746.0 1646.0 746.0 1722.0 628.0 1722.0 large-vehicle 0
595.0 1630.0 715.0 1630.0 715.0 1710.0 595.0 1710.0 large-vehicle 0
542.0 1038.0 668.0 1038.0 668.0 1096.0 542.0 1096.0 large-vehicle 0
1731.0 313.0 1781.0 313.0 1781.0 362.0 1731.0 362.0 large-vehicle 0
972.0 1636.0 1100.0 1636.0 1100.0 1716.0 972.0 1716.0 large-vehicle 0
1006.0 1654.0 1120.0 1654.0 1120.0 1731.0 1006.0 1731.0 large-vehicle 0
1287.0 1971.0 1399.0 1971.0 1399.0 2057.0 1287.0 2057.0 large-vehicle 0
1331.0 2121.0 1443.0 2121.0 1443.0 2213.0 1331.0 2213.0 large-vehicle 0
1272.0 2118.0 1388.0 2118.0 1388.0 2209.0 1272.0 2209.0 large-vehicle 0
1210.0 2113.0 1327.0 2113.0 1327.0 2202.0 1210.0 2202.0 large-vehicle 0
1158.0 2108.0 1268.0 2108.0 1268.0 2196.0 1158.0 2196.0 large-vehicle 0
1108.0 2109.0 1224.0 2109.0 1224.0 2201.0 1108.0 2201.0 large-vehicle 0
1050.0 2106.0 1168.0 2106.0 1168.0 2195.0 1050.0 2195.0 large-vehicle 0
1582.0 1994.0 1698.0 1994.0 1698.0 2073.0 1582.0 2073.0 large-vehicle 0
1552.0 1979.0 1671.0 1979.0 1671.0 2060.0 1552.0 2060.0 large-vehicle 0
1669.0 1831.0 1786.0 1831.0 1786.0 1910.0 1669.0 1910.0 large-vehicle 0
1056.0 1653.0 1178.0 1653.0 1178.0 1736.0 1056.0 1736.0 large-vehicle 0
1285.0 1826.0 1404.0 1826.0 1404.0 1907.0 1285.0 1907.0 large-vehicle 0
878.0 1803.0 998.0 1803.0 998.0 1886.0 878.0 1886.0 large-vehicle 0
1588.0 1671.0 1710.0 1671.0 1710.0 1748.0 1588.0 1748.0 large-vehicle 0
1423.0 1669.0 1542.0 1669.0 1542.0 1746.0 1423.0 1746.0 large-vehicle 0
1383.0 1657.0 1503.0 1657.0 1503.0 1738.0 1383.0 1738.0 large-vehicle 0
1266.0 1661.0 1384.0 1661.0 1384.0 1742.0 1266.0 1742.0 large-vehicle 0
1210.0 1662.0 1328.0 1662.0 1328.0 1743.0 1210.0 1743.0 large-vehicle 0
1156.0 1652.0 1292.0 1652.0 1292.0 1740.0 1156.0 1740.0 large-vehicle 0
1190.0 2759.0 1232.0 2759.0 1232.0 2781.0 1190.0 2781.0 small-vehicle 0
292.0 1099.0 331.0 1099.0 331.0 1123.0 292.0 1123.0 small-vehicle 0
2423.0 2937.0 2447.0 2937.0 2447.0 2971.0 2423.0 2971.0 small-vehicle 0
1941.0 3150.0 1982.0 3150.0 1982.0 3170.0 1941.0 3170.0 small-vehicle 0
985.0 1960.0 1151.0 1960.0 1151.0 2058.0 985.0 2058.0 large-vehicle 0
1492.0 2305.0 1515.0 2305.0 1515.0 2337.0 1492.0 2337.0 small-vehicle 0
1412.0 2396.0 1432.0 2396.0 1432.0 2427.0 1412.0 2427.0 small-vehicle 0
1128.0 2288.0 1149.0 2288.0 1149.0 2321.0 1128.0 2321.0 small-vehicle 0
595.0 2090.0 632.0 2090.0 632.0 2128.0 595.0 2128.0 small-vehicle 0
462.0 3613.0 501.0 3613.0 501.0 3635.0 462.0 3635.0 small-vehicle 0
459.0 3631.0 505.0 3631.0 505.0 3657.0 459.0 3657.0 small-vehicle 0
1444.0 4035.0 1478.0 4035.0 1478.0 4053.0 1444.0 4053.0 small-vehicle 0
1392.0 2392.0 1414.0 2392.0 1414.0 2431.0 1392.0 2431.0 small-vehicle 0
1338.0 2395.0 1359.0 2395.0 1359.0 2425.0 1338.0 2425.0 small-vehicle 0
1122.0 2382.0 1142.0 2382.0 1142.0 2416.0 1122.0 2416.0 small-vehicle 0
1867.0 2253.0 1998.0 2253.0 1998.0 2360.0 1867.0 2360.0 large-vehicle 0
2090.0 7.0 2123.0 7.0 2123.0 38.0 2090.0 38.0 small-vehicle 0
1940.0 73.0 1978.0 73.0 1978.0 110.0 1940.0 110.0 small-vehicle 0
1955.0 87.0 1996.0 87.0 1996.0 128.0 1955.0 128.0 small-vehicle 0
2228.0 2608.0 2272.0 2608.0 2272.0 2631.0 2228.0 2631.0 small-vehicle 0
1880.0 2735.0 1915.0 2735.0 1915.0 2777.0 1880.0 2777.0 small-vehicle 0
1898.0 2812.0 1939.0 2812.0 1939.0 2838.0 1898.0 2838.0 small-vehicle 0
1945.0 3202.0 1979.0 3202.0 1979.0 3222.0 1945.0 3222.0 small-vehicle 0
1062.0 1951.0 1215.0 1951.0 1215.0 2049.0 1062.0 2049.0 large-vehicle 0
1102.0 1817.0 1255.0 1817.0 1255.0 1909.0 1102.0 1909.0 large-vehicle 0
1156.0 1819.0 1306.0 1819.0 1306.0 1914.0 1156.0 1914.0 large-vehicle 0
2401.0 4018.0 2429.0 4018.0 2429.0 4051.0 2401.0 4051.0 small-vehicle 0
2426.0 3108.0 2466.0 3108.0 2466.0 3128.0 2426.0 3128.0 small-vehicle 0
2262.0 3173.0 2300.0 3173.0 2300.0 3195.0 2262.0 3195.0 small-vehicle 0
2420.0 3166.0 2458.0 3166.0 2458.0 3190.0 2420.0 3190.0 small-vehicle 0
2323.0 3096.0 2366.0 3096.0 2366.0 3117.0 2323.0 3117.0 small-vehicle 0
2410.0 3085.0 2463.0 3085.0 2463.0 3105.0 2410.0 3105.0 small-vehicle 0
2178.0 3075.0 2216.0 3075.0 2216.0 3096.0 2178.0 3096.0 small-vehicle 0
2438.0 3552.0 2462.0 3552.0 2462.0 3587.0 2438.0 3587.0 small-vehicle 0
2385.0 3539.0 2408.0 3539.0 2408.0 3574.0 2385.0 3574.0 small-vehicle 0
2382.0 4010.0 2414.0 4010.0 2414.0 4046.0 2382.0 4046.0 small-vehicle 0
1480.0 1822.0 1633.0 1822.0 1633.0 1919.0 1480.0 1919.0 large-vehicle 0
2332.0 3991.0 2365.0 3991.0 2365.0 4030.0 2332.0 4030.0 small-vehicle 0
2314.0 3977.0 2346.0 3977.0 2346.0 4016.0 2314.0 4016.0 small-vehicle 0
2294.0 3017.0 2336.0 3017.0 2336.0 3036.0 2294.0 3036.0 small-vehicle 0
2034.0 2822.0 2056.0 2822.0 2056.0 2855.0 2034.0 2855.0 small-vehicle 0
2239.0 2931.0 2265.0 2931.0 2265.0 2964.0 2239.0 2964.0 small-vehicle 0
1999.0 2123.0 2120.0 2123.0 2120.0 2250.0 1999.0 2250.0 large-vehicle 0
1651.0 1673.0 1805.0 1673.0 1805.0 1768.0 1651.0 1768.0 large-vehicle 0
1421.0 1817.0 1588.0 1817.0 1588.0 1919.0 1421.0 1919.0 large-vehicle 0
1943.0 3126.0 1983.0 3126.0 1983.0 3149.0 1943.0 3149.0 small-vehicle 0
1785.0 3103.0 1807.0 3103.0 1807.0 3140.0 1785.0 3140.0 small-vehicle 0
308.0 1129.0 348.0 1129.0 348.0 1155.0 308.0 1155.0 small-vehicle 0
1772.0 2997.0 1791.0 2997.0 1791.0 3034.0 1772.0 3034.0 small-vehicle 0
1560.0 520.0 1601.0 520.0 1601.0 557.0 1560.0 557.0 small-vehicle 0
1508.0 521.0 1547.0 521.0 1547.0 557.0 1508.0 557.0 small-vehicle 0
1355.0 531.0 1481.0 531.0 1481.0 631.0 1355.0 631.0 large-vehicle 0
1428.0 610.0 1473.0 610.0 1473.0 649.0 1428.0 649.0 small-vehicle 0
1361.0 628.0 1400.0 628.0 1400.0 662.0 1361.0 662.0 small-vehicle 0
1303.0 705.0 1342.0 705.0 1342.0 739.0 1303.0 739.0 small-vehicle 0
1195.0 764.0 1247.0 764.0 1247.0 805.0 1195.0 805.0 small-vehicle 0
1070.0 838.0 1113.0 838.0 1113.0 873.0 1070.0 873.0 small-vehicle 0
1287.0 665.0 1333.0 665.0 1333.0 704.0 1287.0 704.0 small-vehicle 0
1195.0 722.0 1241.0 722.0 1241.0 761.0 1195.0 761.0 small-vehicle 0
1110.0 775.0 1152.0 775.0 1152.0 812.0 1110.0 812.0 small-vehicle 0
1042.0 819.0 1080.0 819.0 1080.0 849.0 1042.0 849.0 small-vehicle 0
830.0 959.0 870.0 959.0 870.0 987.0 830.0 987.0 small-vehicle 0
882.0 901.0 921.0 901.0 921.0 929.0 882.0 929.0 small-vehicle 0
770.0 950.0 804.0 950.0 804.0 975.0 770.0 975.0 small-vehicle 0
717.0 968.0 759.0 968.0 759.0 998.0 717.0 998.0 small-vehicle 0
627.0 992.0 676.0 992.0 676.0 1025.0 627.0 1025.0 small-vehicle 0
436.0 1098.0 469.0 1098.0 469.0 1122.0 436.0 1122.0 small-vehicle 0
141.0 1171.0 176.0 1171.0 176.0 1193.0 141.0 1193.0 small-vehicle 0
1642.0 452.0 1683.0 452.0 1683.0 490.0 1642.0 490.0 small-vehicle 0
1673.0 372.0 1713.0 372.0 1713.0 411.0 1673.0 411.0 small-vehicle 0
1786.0 277.0 1821.0 277.0 1821.0 314.0 1786.0 314.0 small-vehicle 0
1486.0 2397.0 1507.0 2397.0 1507.0 2431.0 1486.0 2431.0 small-vehicle 0
1865.0 3076.0 1903.0 3076.0 1903.0 3098.0 1865.0 3098.0 small-vehicle 0
2015.0 3120.0 2038.0 3120.0 2038.0 3161.0 2015.0 3161.0 small-vehicle 0
1868.0 3048.0 1899.0 3048.0 1899.0 3064.0 1868.0 3064.0 small-vehicle 0
1860.0 3156.0 1896.0 3156.0 1896.0 3179.0 1860.0 3179.0 small-vehicle 0
1941.0 3223.0 1977.0 3223.0 1977.0 3245.0 1941.0 3245.0 small-vehicle 0
1840.0 3321.0 1877.0 3321.0 1877.0 3342.0 1840.0 3342.0 small-vehicle 0
2016.0 2727.0 2055.0 2727.0 2055.0 2767.0 2016.0 2767.0 small-vehicle 0
1654.0 2781.0 1691.0 2781.0 1691.0 2804.0 1654.0 2804.0 small-vehicle 0
1432.0 2402.0 1452.0 2402.0 1452.0 2432.0 1432.0 2432.0 small-vehicle 0
1775.0 318.0 1828.0 318.0 1828.0 371.0 1775.0 371.0 small-vehicle 0
1651.0 2402.0 1674.0 2402.0 1674.0 2436.0 1651.0 2436.0 small-vehicle 0
1757.0 2409.0 1775.0 2409.0 1775.0 2445.0 1757.0 2445.0 small-vehicle 0
1691.0 1996.0 1751.0 1996.0 1751.0 2041.0 1691.0 2041.0 small-vehicle 0
1284.0 2294.0 1304.0 2294.0 1304.0 2327.0 1284.0 2327.0 small-vehicle 0
1923.0 114.0 1960.0 114.0 1960.0 153.0 1923.0 153.0 small-vehicle 0
2011.0 93.0 2051.0 93.0 2051.0 130.0 2011.0 130.0 small-vehicle 0
1928.0 180.0 1968.0 180.0 1968.0 220.0 1928.0 220.0 small-vehicle 0
1851.0 197.0 1890.0 197.0 1890.0 238.0 1851.0 238.0 small-vehicle 0
465.0 1024.0 597.0 1024.0 597.0 1086.0 465.0 1086.0 large-vehicle 0
