4461.0 343.0 5181.0 343.0 5181.0 1620.0 4461.0 1620.0 ground-track-field 0
2886.0 1429.0 3010.0 1429.0 3010.0 1637.0 2886.0 1637.0 basketball-court 0
2597.0 1425.0 2736.0 1425.0 2736.0 1635.0 2597.0 1635.0 basketball-court 0
2461.0 1427.0 2599.0 1427.0 2599.0 1635.0 2461.0 1635.0 basketball-court 0
2340.0 1427.0 2463.0 1427.0 2463.0 1635.0 2340.0 1635.0 basketball-court 0
2873.0 677.0 3008.0 677.0 3008.0 917.0 2873.0 917.0 basketball-court 0
2741.0 675.0 2869.0 675.0 2869.0 907.0 2741.0 907.0 basketball-court 0
1970.0 930.0 2134.0 930.0 2134.0 1282.0 1970.0 1282.0 swimming-pool 0
2865.0 1131.0 3004.0 1131.0 3004.0 1333.0 2865.0 1333.0 basketball-court 0
2729.0 1137.0 2865.0 1137.0 2865.0 1333.0 2729.0 1333.0 basketball-court 0
2577.0 1124.0 2725.0 1124.0 2725.0 1340.0 2577.0 1340.0 basketball-court 0
2459.0 1124.0 2580.0 1124.0 2580.0 1343.0 2459.0 1343.0 basketball-court 0
2874.0 919.0 3004.0 919.0 3004.0 1128.0 2874.0 1128.0 basketball-court 0
2729.0 912.0 2862.0 912.0 2862.0 1124.0 2729.0 1124.0 basketball-court 0
2589.0 906.0 2722.0 906.0 2722.0 1128.0 2589.0 1128.0 basketball-court 0
2459.0 906.0 2577.0 906.0 2577.0 1121.0 2459.0 1121.0 basketball-court 0
892.0 1482.0 1665.0 1482.0 1665.0 2960.0 892.0 2960.0 ground-track-field 0
2740.0 1425.0 2884.0 1425.0 2884.0 1639.0 2740.0 1639.0 basketball-court 0
2343.0 1660.0 2461.0 1660.0 2461.0 1865.0 2343.0 1865.0 basketball-court 0
4296.0 1505.0 4388.0 1505.0 4388.0 1663.0 4296.0 1663.0 tennis-court 0
2463.0 1665.0 2599.0 1665.0 2599.0 1863.0 2463.0 1863.0 basketball-court 0
4146.0 1501.0 4237.0 1501.0 4237.0 1665.0 4146.0 1665.0 tennis-court 0
4005.0 1496.0 4094.0 1496.0 4094.0 1667.0 4005.0 1667.0 tennis-court 0
3860.0 1500.0 3938.0 1500.0 3938.0 1665.0 3860.0 1665.0 tennis-court 0
4045.0 1193.0 4129.0 1193.0 4129.0 1357.0 4045.0 1357.0 tennis-court 0
3879.0 1193.0 3959.0 1193.0 3959.0 1359.0 3879.0 1359.0 tennis-court 0
2181.0 1871.0 2267.0 1871.0 2267.0 2035.0 2181.0 2035.0 tennis-court 1
2044.0 1869.0 2147.0 1869.0 2147.0 2033.0 2044.0 2033.0 tennis-court 1
1915.0 1865.0 2006.0 1865.0 2006.0 2037.0 1915.0 2037.0 tennis-court 1
1774.0 1863.0 1860.0 1863.0 1860.0 2035.0 1774.0 2035.0 tennis-court 1
1911.0 2147.0 1993.0 2147.0 1993.0 2303.0 1911.0 2303.0 tennis-court 1
1778.0 2145.0 1865.0 2145.0 1865.0 2307.0 1778.0 2307.0 tennis-court 1
2343.0 1890.0 2463.0 1890.0 2463.0 2094.0 2343.0 2094.0 basketball-court 0
2888.0 1660.0 3010.0 1660.0 3010.0 1869.0 2888.0 1869.0 basketball-court 0
2745.0 1663.0 2880.0 1663.0 2880.0 1869.0 2745.0 1869.0 basketball-court 0
2600.0 1663.0 2741.0 1663.0 2741.0 1861.0 2600.0 1861.0 basketball-court 0
978.0 1808.0 1497.0 1808.0 1497.0 2609.0 978.0 2609.0 soccer-ball-field 0
