1218.0 3287.0 1259.0 3287.0 1259.0 3381.0 1218.0 3381.0 tennis-court 1
1290.0 3288.0 1327.0 3288.0 1327.0 3379.0 1290.0 3379.0 tennis-court 1
1106.0 3197.0 1164.0 3197.0 1164.0 3349.0 1106.0 3349.0 tennis-court 0
1104.0 1345.0 1288.0 1345.0 1288.0 1434.0 1104.0 1434.0 basketball-court 0
1104.0 1230.0 1294.0 1230.0 1294.0 1332.0 1104.0 1332.0 basketball-court 0
1216.0 1013.0 1318.0 1013.0 1318.0 1202.0 1216.0 1202.0 basketball-court 0
1217.0 800.0 1316.0 800.0 1316.0 991.0 1217.0 991.0 basketball-court 0
1094.0 797.0 1198.0 797.0 1198.0 986.0 1094.0 986.0 basketball-court 0
480.0 799.0 951.0 799.0 951.0 1462.0 480.0 1462.0 soccer-ball-field 0
373.0 473.0 1061.0 473.0 1061.0 1780.0 373.0 1780.0 ground-track-field 0
