3322.0 69.0 3379.0 69.0 3379.0 170.0 3322.0 170.0 basketball-court 0
200.0 343.0 268.0 343.0 268.0 430.0 200.0 430.0 basketball-court 0
721.0 1927.0 801.0 1927.0 801.0 1976.0 721.0 1976.0 basketball-court 1
720.0 1870.0 800.0 1870.0 800.0 1927.0 720.0 1927.0 basketball-court 1
685.0 1825.0 831.0 1825.0 831.0 2165.0 685.0 2165.0 ground-track-field 0
512.0 1027.0 781.0 1027.0 781.0 1428.0 512.0 1428.0 soccer-ball-field 0
477.0 334.0 543.0 334.0 543.0 430.0 477.0 430.0 basketball-court 0
411.0 337.0 471.0 337.0 471.0 430.0 411.0 430.0 basketball-court 0
341.0 340.0 406.0 340.0 406.0 434.0 341.0 434.0 basketball-court 0
273.0 343.0 332.0 343.0 332.0 440.0 273.0 440.0 basketball-court 0
474.0 222.0 538.0 222.0 538.0 330.0 474.0 330.0 basketball-court 0
3248.0 71.0 3308.0 71.0 3308.0 180.0 3248.0 180.0 basketball-court 0
405.0 222.0 469.0 222.0 469.0 329.0 405.0 329.0 basketball-court 0
340.0 224.0 401.0 224.0 401.0 333.0 340.0 333.0 basketball-court 0
273.0 227.0 337.0 227.0 337.0 336.0 273.0 336.0 basketball-court 0
571.0 388.0 665.0 388.0 665.0 431.0 571.0 431.0 tennis-court 0
569.0 335.0 663.0 335.0 663.0 376.0 569.0 376.0 tennis-court 0
569.0 280.0 660.0 280.0 660.0 324.0 569.0 324.0 tennis-court 0
567.0 228.0 657.0 228.0 657.0 267.0 567.0 267.0 tennis-court 0
195.0 236.0 268.0 236.0 268.0 336.0 195.0 336.0 basketball-court 0
721.0 1976.0 801.0 1976.0 801.0 2028.0 721.0 2028.0 basketball-court 1
721.0 2027.0 802.0 2027.0 802.0 2080.0 721.0 2080.0 basketball-court 1
721.0 2080.0 804.0 2080.0 804.0 2130.0 721.0 2130.0 basketball-court 1
576.0 3399.0 725.0 3399.0 725.0 3473.0 576.0 3473.0 soccer-ball-field 0
3453.0 30.0 3575.0 30.0 3575.0 221.0 3453.0 221.0 soccer-ball-field 0
2730.0 4360.0 2835.0 4360.0 2835.0 4419.0 2730.0 4419.0 basketball-court 0
2678.0 4301.0 2954.0 4301.0 2954.0 4453.0 2678.0 4453.0 ground-track-field 0
2207.0 1219.0 2360.0 1219.0 2360.0 1295.0 2207.0 1295.0 soccer-ball-field 0
2093.0 1190.0 2152.0 1190.0 2152.0 1303.0 2093.0 1303.0 basketball-court 1
2027.0 1199.0 2083.0 1199.0 2083.0 1314.0 2027.0 1314.0 basketball-court 0
1954.0 1199.0 2007.0 1199.0 2007.0 1313.0 1954.0 1313.0 basketball-court 0
1888.0 1198.0 1945.0 1198.0 1945.0 1311.0 1888.0 1311.0 basketball-court 0
1812.0 1199.0 1867.0 1199.0 1867.0 1309.0 1812.0 1309.0 basketball-court 0
1750.0 1200.0 1805.0 1200.0 1805.0 1306.0 1750.0 1306.0 basketball-court 0
1712.0 488.0 2147.0 488.0 2147.0 1176.0 1712.0 1176.0 ground-track-field 0
1359.0 634.0 1627.0 634.0 1627.0 1027.0 1359.0 1027.0 soccer-ball-field 0
1288.0 491.0 1708.0 491.0 1708.0 1176.0 1288.0 1176.0 ground-track-field 0
1311.0 4193.0 1360.0 4193.0 1360.0 4285.0 1311.0 4285.0 basketball-court 1
1256.0 4194.0 1307.0 4194.0 1307.0 4286.0 1256.0 4286.0 basketball-court 1
1144.0 4173.0 1432.0 4173.0 1432.0 4312.0 1144.0 4312.0 ground-track-field 0
493.0 3364.0 802.0 3364.0 802.0 3502.0 493.0 3502.0 ground-track-field 0
430.0 886.0 896.0 886.0 896.0 1570.0 430.0 1570.0 ground-track-field 0
