1655.0 2017.0 1806.0 2017.0 1806.0 2134.0 1655.0 2134.0 large-vehicle 0
2085.0 532.0 2209.0 532.0 2209.0 642.0 2085.0 642.0 large-vehicle 0
2055.0 1920.0 2172.0 1920.0 2172.0 2051.0 2055.0 2051.0 large-vehicle 0
2086.0 1950.0 2198.0 1950.0 2198.0 2080.0 2086.0 2080.0 large-vehicle 0
1772.0 2183.0 1923.0 2183.0 1923.0 2247.0 1772.0 2247.0 large-vehicle 0
1957.0 1834.0 2068.0 1834.0 2068.0 1961.0 1957.0 1961.0 large-vehicle 0
1988.0 1862.0 2102.0 1862.0 2102.0 1996.0 1988.0 1996.0 large-vehicle 0
1827.0 1766.0 1934.0 1766.0 1934.0 1895.0 1827.0 1895.0 large-vehicle 0
1792.0 1743.0 1902.0 1743.0 1902.0 1878.0 1792.0 1878.0 large-vehicle 0
1847.0 718.0 1951.0 718.0 1951.0 850.0 1847.0 850.0 large-vehicle 0
1011.0 830.0 1112.0 830.0 1112.0 968.0 1011.0 968.0 large-vehicle 0
748.0 1331.0 864.0 1331.0 864.0 1458.0 748.0 1458.0 large-vehicle 0
942.0 1212.0 1044.0 1212.0 1044.0 1344.0 942.0 1344.0 large-vehicle 0
860.0 1286.0 973.0 1286.0 973.0 1418.0 860.0 1418.0 large-vehicle 0
812.0 1280.0 926.0 1280.0 926.0 1414.0 812.0 1414.0 large-vehicle 0
763.0 1154.0 876.0 1154.0 876.0 1287.0 763.0 1287.0 large-vehicle 0
632.0 1202.0 766.0 1202.0 766.0 1306.0 632.0 1306.0 large-vehicle 0
627.0 1239.0 749.0 1239.0 749.0 1347.0 627.0 1347.0 large-vehicle 0
921.0 858.0 1031.0 858.0 1031.0 993.0 921.0 993.0 large-vehicle 0
757.0 856.0 859.0 856.0 859.0 999.0 757.0 999.0 large-vehicle 0
725.0 874.0 828.0 874.0 828.0 1011.0 725.0 1011.0 large-vehicle 0
689.0 874.0 783.0 874.0 783.0 1016.0 689.0 1016.0 large-vehicle 0
643.0 892.0 743.0 892.0 743.0 1032.0 643.0 1032.0 large-vehicle 0
530.0 906.0 616.0 906.0 616.0 1048.0 530.0 1048.0 large-vehicle 0
491.0 930.0 588.0 930.0 588.0 1075.0 491.0 1075.0 large-vehicle 0
455.0 950.0 539.0 950.0 539.0 1092.0 455.0 1092.0 large-vehicle 0
407.0 952.0 495.0 952.0 495.0 1098.0 407.0 1098.0 large-vehicle 0
353.0 966.0 398.0 966.0 398.0 1117.0 353.0 1117.0 large-vehicle 0
324.0 1000.0 359.0 1000.0 359.0 1136.0 324.0 1136.0 large-vehicle 0
2060.0 560.0 2184.0 560.0 2184.0 671.0 2060.0 671.0 large-vehicle 0
2104.0 508.0 2228.0 508.0 2228.0 618.0 2104.0 618.0 large-vehicle 0
303.0 2275.0 328.0 2275.0 328.0 2318.0 303.0 2318.0 small-vehicle 0
2155.0 463.0 2272.0 463.0 2272.0 562.0 2155.0 562.0 large-vehicle 0
299.0 2231.0 320.0 2231.0 320.0 2271.0 299.0 2271.0 small-vehicle 0
230.0 2259.0 251.0 2259.0 251.0 2303.0 230.0 2303.0 small-vehicle 0
217.0 2118.0 237.0 2118.0 237.0 2163.0 217.0 2163.0 small-vehicle 0
291.0 2140.0 312.0 2140.0 312.0 2178.0 291.0 2178.0 small-vehicle 0
179.0 1935.0 202.0 1935.0 202.0 1972.0 179.0 1972.0 small-vehicle 0
123.0 1987.0 161.0 1987.0 161.0 2011.0 123.0 2011.0 small-vehicle 0
278.0 2022.0 299.0 2022.0 299.0 2056.0 278.0 2056.0 small-vehicle 0
489.0 1715.0 532.0 1715.0 532.0 1743.0 489.0 1743.0 small-vehicle 0
532.0 1696.0 574.0 1696.0 574.0 1726.0 532.0 1726.0 small-vehicle 0
444.0 1704.0 491.0 1704.0 491.0 1739.0 444.0 1739.0 small-vehicle 0
390.0 1751.0 435.0 1751.0 435.0 1781.0 390.0 1781.0 small-vehicle 0
263.0 1866.0 284.0 1866.0 284.0 1904.0 263.0 1904.0 small-vehicle 0
259.0 1826.0 282.0 1826.0 282.0 1865.0 259.0 1865.0 small-vehicle 0
245.0 1720.0 266.0 1720.0 266.0 1759.0 245.0 1759.0 small-vehicle 0
126.0 1719.0 169.0 1719.0 169.0 1745.0 126.0 1745.0 small-vehicle 0
244.0 1675.0 264.0 1675.0 264.0 1705.0 244.0 1705.0 small-vehicle 0
230.0 1552.0 255.0 1552.0 255.0 1595.0 230.0 1595.0 small-vehicle 0
226.0 1510.0 250.0 1510.0 250.0 1553.0 226.0 1553.0 small-vehicle 0
224.0 1464.0 246.0 1464.0 246.0 1502.0 224.0 1502.0 small-vehicle 0
283.0 1315.0 305.0 1315.0 305.0 1354.0 283.0 1354.0 small-vehicle 0
308.0 1307.0 331.0 1307.0 331.0 1345.0 308.0 1345.0 small-vehicle 0
330.0 1301.0 355.0 1301.0 355.0 1341.0 330.0 1341.0 small-vehicle 0
354.0 1302.0 374.0 1302.0 374.0 1335.0 354.0 1335.0 small-vehicle 0
399.0 1290.0 420.0 1290.0 420.0 1329.0 399.0 1329.0 small-vehicle 0
427.0 1286.0 446.0 1286.0 446.0 1321.0 427.0 1321.0 small-vehicle 0
449.0 1280.0 472.0 1280.0 472.0 1320.0 449.0 1320.0 small-vehicle 0
483.0 1281.0 509.0 1281.0 509.0 1316.0 483.0 1316.0 small-vehicle 0
277.0 975.0 321.0 975.0 321.0 1144.0 277.0 1144.0 large-vehicle 0
