1626.0 1337.0 1656.0 1337.0 1656.0 1377.0 1626.0 1377.0 small-vehicle 0
995.0 260.0 1033.0 260.0 1033.0 293.0 995.0 293.0 small-vehicle 0
1596.0 491.0 1634.0 491.0 1634.0 540.0 1596.0 540.0 small-vehicle 0
1658.0 464.0 1692.0 464.0 1692.0 508.0 1658.0 508.0 small-vehicle 0
1555.0 282.0 1600.0 282.0 1600.0 319.0 1555.0 319.0 small-vehicle 0
1096.0 195.0 1134.0 195.0 1134.0 230.0 1096.0 230.0 small-vehicle 0
1066.0 217.0 1103.0 217.0 1103.0 249.0 1066.0 249.0 small-vehicle 0
1024.0 236.0 1069.0 236.0 1069.0 274.0 1024.0 274.0 small-vehicle 0
956.0 278.0 999.0 278.0 999.0 317.0 956.0 317.0 small-vehicle 0
961.0 848.0 994.0 848.0 994.0 888.0 961.0 888.0 small-vehicle 0
1145.0 296.0 1181.0 296.0 1181.0 338.0 1145.0 338.0 small-vehicle 0
1019.0 461.0 1053.0 461.0 1053.0 506.0 1019.0 506.0 small-vehicle 0
1171.0 437.0 1201.0 437.0 1201.0 479.0 1171.0 479.0 small-vehicle 0
1136.0 458.0 1171.0 458.0 1171.0 503.0 1136.0 503.0 small-vehicle 0
851.0 551.0 895.0 551.0 895.0 589.0 851.0 589.0 small-vehicle 0
878.0 607.0 923.0 607.0 923.0 641.0 878.0 641.0 small-vehicle 0
1120.0 620.0 1154.0 620.0 1154.0 661.0 1120.0 661.0 small-vehicle 0
926.0 867.0 957.0 867.0 957.0 908.0 926.0 908.0 small-vehicle 0
785.0 629.0 828.0 629.0 828.0 665.0 785.0 665.0 small-vehicle 0
826.0 1003.0 869.0 1003.0 869.0 1036.0 826.0 1036.0 small-vehicle 0
677.0 1098.0 719.0 1098.0 719.0 1132.0 677.0 1132.0 small-vehicle 0
683.0 1119.0 727.0 1119.0 727.0 1153.0 683.0 1153.0 small-vehicle 0
722.0 1101.0 764.0 1101.0 764.0 1134.0 722.0 1134.0 small-vehicle 0
731.0 967.0 764.0 967.0 764.0 1004.0 731.0 1004.0 small-vehicle 0
809.0 1058.0 850.0 1058.0 850.0 1093.0 809.0 1093.0 small-vehicle 0
795.0 1041.0 837.0 1041.0 837.0 1073.0 795.0 1073.0 small-vehicle 0
889.0 883.0 925.0 883.0 925.0 929.0 889.0 929.0 small-vehicle 0
1027.0 903.0 1069.0 903.0 1069.0 941.0 1027.0 941.0 small-vehicle 0
905.0 961.0 950.0 961.0 950.0 997.0 905.0 997.0 small-vehicle 0
920.0 981.0 961.0 981.0 961.0 1014.0 920.0 1014.0 small-vehicle 0
927.0 1001.0 967.0 1001.0 967.0 1035.0 927.0 1035.0 small-vehicle 0
965.0 983.0 1003.0 983.0 1003.0 1014.0 965.0 1014.0 small-vehicle 0
957.0 967.0 993.0 967.0 993.0 997.0 957.0 997.0 small-vehicle 0
1038.0 925.0 1077.0 925.0 1077.0 957.0 1038.0 957.0 small-vehicle 0
885.0 625.0 929.0 625.0 929.0 661.0 885.0 661.0 small-vehicle 0
804.0 668.0 847.0 668.0 847.0 703.0 804.0 703.0 small-vehicle 0
601.0 1162.0 642.0 1162.0 642.0 1193.0 601.0 1193.0 small-vehicle 0
409.0 667.0 447.0 667.0 447.0 700.0 409.0 700.0 small-vehicle 0
508.0 771.0 548.0 771.0 548.0 805.0 508.0 805.0 small-vehicle 0
552.0 750.0 592.0 750.0 592.0 781.0 552.0 781.0 small-vehicle 0
542.0 732.0 580.0 732.0 580.0 762.0 542.0 762.0 small-vehicle 0
520.0 695.0 565.0 695.0 565.0 731.0 520.0 731.0 small-vehicle 0
371.0 685.0 414.0 685.0 414.0 720.0 371.0 720.0 small-vehicle 0
490.0 733.0 535.0 733.0 535.0 765.0 490.0 765.0 small-vehicle 0
440.0 648.0 477.0 648.0 477.0 682.0 440.0 682.0 small-vehicle 0
563.0 786.0 610.0 786.0 610.0 824.0 563.0 824.0 small-vehicle 0
506.0 607.0 543.0 607.0 543.0 642.0 506.0 642.0 small-vehicle 0
50.0 122.0 92.0 122.0 92.0 156.0 50.0 156.0 small-vehicle 0
108.0 89.0 151.0 89.0 151.0 124.0 108.0 124.0 small-vehicle 0
152.0 65.0 194.0 65.0 194.0 99.0 152.0 99.0 small-vehicle 0
130.0 21.0 171.0 21.0 171.0 56.0 130.0 56.0 small-vehicle 0
195.0 43.0 232.0 43.0 232.0 74.0 195.0 74.0 small-vehicle 0
519.0 786.0 561.0 786.0 561.0 821.0 519.0 821.0 small-vehicle 0
400.0 756.0 446.0 756.0 446.0 790.0 400.0 790.0 small-vehicle 0
774.0 685.0 812.0 685.0 812.0 718.0 774.0 718.0 small-vehicle 0
684.0 724.0 731.0 724.0 731.0 762.0 684.0 762.0 small-vehicle 0
750.0 649.0 796.0 649.0 796.0 687.0 750.0 687.0 small-vehicle 0
741.0 631.0 785.0 631.0 785.0 667.0 741.0 667.0 small-vehicle 0
725.0 593.0 769.0 593.0 769.0 630.0 725.0 630.0 small-vehicle 0
665.0 671.0 702.0 671.0 702.0 702.0 665.0 702.0 small-vehicle 0
666.0 688.0 711.0 688.0 711.0 725.0 666.0 725.0 small-vehicle 0
676.0 707.0 719.0 707.0 719.0 743.0 676.0 743.0 small-vehicle 0
644.0 726.0 682.0 726.0 682.0 756.0 644.0 756.0 small-vehicle 0
374.0 791.0 415.0 791.0 415.0 823.0 374.0 823.0 small-vehicle 0
633.0 710.0 671.0 710.0 671.0 742.0 633.0 742.0 small-vehicle 0
616.0 672.0 658.0 672.0 658.0 706.0 616.0 706.0 small-vehicle 0
604.0 652.0 646.0 652.0 646.0 688.0 604.0 688.0 small-vehicle 0
446.0 848.0 485.0 848.0 485.0 878.0 446.0 878.0 small-vehicle 0
397.0 832.0 430.0 832.0 430.0 860.0 397.0 860.0 small-vehicle 0
417.0 792.0 460.0 792.0 460.0 828.0 417.0 828.0 small-vehicle 0
665.0 1084.0 707.0 1084.0 707.0 1118.0 665.0 1118.0 small-vehicle 0
565.0 1177.0 608.0 1177.0 608.0 1212.0 565.0 1212.0 small-vehicle 0
1602.0 1339.0 1635.0 1339.0 1635.0 1383.0 1602.0 1383.0 small-vehicle 0
582.0 1539.0 618.0 1539.0 618.0 1583.0 582.0 1583.0 small-vehicle 0
709.0 1701.0 750.0 1701.0 750.0 1738.0 709.0 1738.0 small-vehicle 0
672.0 1671.0 715.0 1671.0 715.0 1710.0 672.0 1710.0 small-vehicle 0
584.0 1612.0 625.0 1612.0 625.0 1647.0 584.0 1647.0 small-vehicle 0
538.0 1575.0 580.0 1575.0 580.0 1614.0 538.0 1614.0 small-vehicle 0
665.0 1599.0 702.0 1599.0 702.0 1640.0 665.0 1640.0 small-vehicle 0
612.0 1561.0 653.0 1561.0 653.0 1605.0 612.0 1605.0 small-vehicle 0
545.0 1514.0 584.0 1514.0 584.0 1555.0 545.0 1555.0 small-vehicle 0
700.0 1749.0 744.0 1749.0 744.0 1790.0 700.0 1790.0 small-vehicle 0
530.0 1505.0 563.0 1505.0 563.0 1544.0 530.0 1544.0 small-vehicle 0
512.0 1491.0 549.0 1491.0 549.0 1531.0 512.0 1531.0 small-vehicle 0
795.0 1630.0 836.0 1630.0 836.0 1662.0 795.0 1662.0 small-vehicle 0
787.0 1610.0 826.0 1610.0 826.0 1643.0 787.0 1643.0 small-vehicle 0
776.0 1592.0 818.0 1592.0 818.0 1624.0 776.0 1624.0 small-vehicle 0
767.0 1574.0 808.0 1574.0 808.0 1606.0 767.0 1606.0 small-vehicle 0
712.0 1728.0 756.0 1728.0 756.0 1768.0 712.0 1768.0 small-vehicle 0
650.0 1710.0 696.0 1710.0 696.0 1754.0 650.0 1754.0 small-vehicle 0
738.0 1519.0 781.0 1519.0 781.0 1555.0 738.0 1555.0 small-vehicle 0
1346.0 1540.0 1388.0 1540.0 1388.0 1573.0 1346.0 1573.0 small-vehicle 0
1582.0 1353.0 1624.0 1353.0 1624.0 1409.0 1582.0 1409.0 large-vehicle 0
768.0 1869.0 813.0 1869.0 813.0 1917.0 768.0 1917.0 large-vehicle 0
271.0 1602.0 324.0 1602.0 324.0 1665.0 271.0 1665.0 large-vehicle 0
1479.0 1467.0 1523.0 1467.0 1523.0 1505.0 1479.0 1505.0 small-vehicle 0
1436.0 1487.0 1482.0 1487.0 1482.0 1525.0 1436.0 1525.0 small-vehicle 0
1383.0 1525.0 1422.0 1525.0 1422.0 1559.0 1383.0 1559.0 small-vehicle 0
1254.0 1578.0 1296.0 1578.0 1296.0 1615.0 1254.0 1615.0 small-vehicle 0
578.0 1660.0 616.0 1660.0 616.0 1692.0 578.0 1692.0 small-vehicle 0
1213.0 1599.0 1259.0 1599.0 1259.0 1635.0 1213.0 1635.0 small-vehicle 0
1122.0 1644.0 1170.0 1644.0 1170.0 1681.0 1122.0 1681.0 small-vehicle 0
1085.0 1665.0 1128.0 1665.0 1128.0 1700.0 1085.0 1700.0 small-vehicle 0
1218.0 1708.0 1254.0 1708.0 1254.0 1733.0 1218.0 1733.0 small-vehicle 0
1052.0 1783.0 1102.0 1783.0 1102.0 1820.0 1052.0 1820.0 small-vehicle 0
491.0 1872.0 528.0 1872.0 528.0 1916.0 491.0 1916.0 small-vehicle 0
750.0 1538.0 788.0 1538.0 788.0 1568.0 750.0 1568.0 small-vehicle 0
729.0 1498.0 771.0 1498.0 771.0 1535.0 729.0 1535.0 small-vehicle 0
508.0 1068.0 548.0 1068.0 548.0 1103.0 508.0 1103.0 small-vehicle 0
273.0 806.0 316.0 806.0 316.0 839.0 273.0 839.0 small-vehicle 0
14.0 1207.0 58.0 1207.0 58.0 1261.0 14.0 1261.0 small-vehicle 0
262.0 1073.0 303.0 1073.0 303.0 1108.0 262.0 1108.0 small-vehicle 0
273.0 1110.0 320.0 1110.0 320.0 1151.0 273.0 1151.0 small-vehicle 0
276.0 1201.0 319.0 1201.0 319.0 1235.0 276.0 1235.0 small-vehicle 0
471.0 1197.0 515.0 1197.0 515.0 1233.0 471.0 1233.0 small-vehicle 0
363.0 981.0 408.0 981.0 408.0 1017.0 363.0 1017.0 small-vehicle 0
295.0 850.0 336.0 850.0 336.0 884.0 295.0 884.0 small-vehicle 0
92.0 1321.0 128.0 1321.0 128.0 1367.0 92.0 1367.0 small-vehicle 0
311.0 866.0 347.0 866.0 347.0 899.0 311.0 899.0 small-vehicle 0
114.0 849.0 155.0 849.0 155.0 886.0 114.0 886.0 small-vehicle 0
228.0 776.0 270.0 776.0 270.0 812.0 228.0 812.0 small-vehicle 0
454.0 940.0 496.0 940.0 496.0 976.0 454.0 976.0 small-vehicle 0
475.0 991.0 521.0 991.0 521.0 1028.0 475.0 1028.0 small-vehicle 0
498.0 1048.0 537.0 1048.0 537.0 1081.0 498.0 1081.0 small-vehicle 0
68.0 1286.0 107.0 1286.0 107.0 1329.0 68.0 1329.0 small-vehicle 0
139.0 1396.0 174.0 1396.0 174.0 1437.0 139.0 1437.0 small-vehicle 0
720.0 1478.0 764.0 1478.0 764.0 1514.0 720.0 1514.0 small-vehicle 0
541.0 1368.0 573.0 1368.0 573.0 1407.0 541.0 1407.0 small-vehicle 0
715.0 1460.0 752.0 1460.0 752.0 1493.0 715.0 1493.0 small-vehicle 0
694.0 1423.0 736.0 1423.0 736.0 1455.0 694.0 1455.0 small-vehicle 0
686.0 1404.0 726.0 1404.0 726.0 1438.0 686.0 1438.0 small-vehicle 0
658.0 1348.0 700.0 1348.0 700.0 1379.0 658.0 1379.0 small-vehicle 0
656.0 1361.0 712.0 1361.0 712.0 1406.0 656.0 1406.0 small-vehicle 0
609.0 1323.0 656.0 1323.0 656.0 1385.0 609.0 1385.0 large-vehicle 0
515.0 1377.0 552.0 1377.0 552.0 1423.0 515.0 1423.0 small-vehicle 0
180.0 1450.0 213.0 1450.0 213.0 1488.0 180.0 1488.0 small-vehicle 0
480.0 1398.0 515.0 1398.0 515.0 1443.0 480.0 1443.0 small-vehicle 0
462.0 1407.0 495.0 1407.0 495.0 1447.0 462.0 1447.0 small-vehicle 0
421.0 1766.0 457.0 1766.0 457.0 1808.0 421.0 1808.0 small-vehicle 0
244.0 1506.0 278.0 1506.0 278.0 1547.0 244.0 1547.0 small-vehicle 0
219.0 1465.0 255.0 1465.0 255.0 1506.0 219.0 1506.0 small-vehicle 0
200.0 1482.0 238.0 1482.0 238.0 1526.0 200.0 1526.0 small-vehicle 0
232.0 29.0 273.0 29.0 273.0 61.0 232.0 61.0 small-vehicle 0
