3237.0 2306.0 3251.0 2306.0 3251.0 2333.0 3237.0 2333.0 small-vehicle 0
3113.0 1627.0 3377.0 1627.0 3377.0 1910.0 3113.0 1910.0 plane 0
2264.0 2529.0 2283.0 2529.0 2283.0 2582.0 2264.0 2582.0 small-vehicle 0
2290.0 2409.0 2336.0 2409.0 2336.0 2426.0 2290.0 2426.0 small-vehicle 0
2769.0 1564.0 2830.0 1564.0 2830.0 1602.0 2769.0 1602.0 large-vehicle 0
2302.0 2478.0 2334.0 2478.0 2334.0 2581.0 2302.0 2581.0 plane 0
3901.0 2420.0 4148.0 2420.0 4148.0 2697.0 3901.0 2697.0 plane 0
4080.0 1908.0 4442.0 1908.0 4442.0 2271.0 4080.0 2271.0 plane 0
3791.0 1630.0 4082.0 1630.0 4082.0 1913.0 3791.0 1913.0 plane 0
3450.0 1626.0 3757.0 1626.0 3757.0 1956.0 3450.0 1956.0 plane 0
2395.0 1602.0 2703.0 1602.0 2703.0 1896.0 2395.0 1896.0 plane 0
3084.0 2301.0 3109.0 2301.0 3109.0 2367.0 3084.0 2367.0 small-vehicle 0
2031.0 1577.0 2348.0 1577.0 2348.0 1862.0 2031.0 1862.0 plane 0
1343.0 1542.0 1638.0 1542.0 1638.0 1828.0 1343.0 1828.0 plane 0
1041.0 1545.0 1294.0 1545.0 1294.0 1809.0 1041.0 1809.0 plane 0
675.0 1990.0 937.0 1990.0 937.0 2253.0 675.0 2253.0 plane 0
570.0 1100.0 855.0 1100.0 855.0 1363.0 570.0 1363.0 plane 0
1977.0 327.0 2215.0 327.0 2215.0 592.0 1977.0 592.0 plane 0
2622.0 333.0 2892.0 333.0 2892.0 627.0 2622.0 627.0 plane 0
1602.0 2330.0 1859.0 2330.0 1859.0 2591.0 1602.0 2591.0 plane 0
2356.0 2607.0 2372.0 2607.0 2372.0 2649.0 2356.0 2649.0 small-vehicle 0
2361.0 2685.0 2377.0 2685.0 2377.0 2731.0 2361.0 2731.0 small-vehicle 0
1867.0 2250.0 1881.0 2250.0 1881.0 2281.0 1867.0 2281.0 small-vehicle 0
1842.0 2262.0 1858.0 2262.0 1858.0 2292.0 1842.0 2292.0 small-vehicle 0
2989.0 2289.0 3007.0 2289.0 3007.0 2329.0 2989.0 2329.0 small-vehicle 0
2974.0 2907.0 2988.0 2907.0 2988.0 2944.0 2974.0 2944.0 small-vehicle 0
3040.0 2954.0 3086.0 2954.0 3086.0 2972.0 3040.0 2972.0 small-vehicle 0
3054.0 2580.0 3102.0 2580.0 3102.0 2600.0 3054.0 2600.0 small-vehicle 0
3053.0 2508.0 3097.0 2508.0 3097.0 2548.0 3053.0 2548.0 small-vehicle 0
3024.0 2508.0 3037.0 2508.0 3037.0 2542.0 3024.0 2542.0 small-vehicle 0
3001.0 2504.0 3016.0 2504.0 3016.0 2539.0 3001.0 2539.0 small-vehicle 0
2980.0 2503.0 2996.0 2503.0 2996.0 2539.0 2980.0 2539.0 small-vehicle 0
2960.0 2499.0 2975.0 2499.0 2975.0 2537.0 2960.0 2537.0 small-vehicle 0
2938.0 2501.0 2954.0 2501.0 2954.0 2539.0 2938.0 2539.0 small-vehicle 0
2809.0 2555.0 2847.0 2555.0 2847.0 2574.0 2809.0 2574.0 small-vehicle 0
2910.0 2907.0 2927.0 2907.0 2927.0 2944.0 2910.0 2944.0 small-vehicle 0
1987.0 1795.0 2027.0 1795.0 2027.0 1834.0 1987.0 1834.0 small-vehicle 0
883.0 1510.0 938.0 1510.0 938.0 1532.0 883.0 1532.0 small-vehicle 0
1551.0 2467.0 1567.0 2467.0 1567.0 2502.0 1551.0 2502.0 small-vehicle 0
1562.0 2417.0 1579.0 2417.0 1579.0 2459.0 1562.0 2459.0 small-vehicle 0
1816.0 2242.0 1834.0 2242.0 1834.0 2290.0 1816.0 2290.0 small-vehicle 0
1301.0 296.0 1563.0 296.0 1563.0 560.0 1301.0 560.0 plane 0
