426.0 2526.0 443.0 2526.0 443.0 2547.0 426.0 2547.0 bridge 0
561.0 2410.0 589.0 2410.0 589.0 2441.0 561.0 2441.0 bridge 0
2075.0 4613.0 2136.0 4613.0 2136.0 4674.0 2075.0 4674.0 bridge 0
3837.0 465.0 3907.0 465.0 3907.0 538.0 3837.0 538.0 baseball-diamond 0
2208.0 3326.0 2275.0 3326.0 2275.0 3395.0 2208.0 3395.0 baseball-diamond 0
2166.0 3196.0 2241.0 3196.0 2241.0 3272.0 2166.0 3272.0 baseball-diamond 0
1552.0 3235.0 1660.0 3235.0 1660.0 3340.0 1552.0 3340.0 baseball-diamond 0
1537.0 3369.0 1631.0 3369.0 1631.0 3458.0 1537.0 3458.0 baseball-diamond 0
1679.0 3465.0 1772.0 3465.0 1772.0 3558.0 1679.0 3558.0 baseball-diamond 0
1588.0 3528.0 1670.0 3528.0 1670.0 3616.0 1588.0 3616.0 baseball-diamond 0
1552.0 41.0 1638.0 41.0 1638.0 125.0 1552.0 125.0 baseball-diamond 0
1633.0 25.0 1718.0 25.0 1718.0 107.0 1633.0 107.0 baseball-diamond 0
1538.0 1549.0 1613.0 1549.0 1613.0 1620.0 1538.0 1620.0 baseball-diamond 0
1507.0 1692.0 1593.0 1692.0 1593.0 1765.0 1507.0 1765.0 baseball-diamond 0
1515.0 1754.0 1601.0 1754.0 1601.0 1831.0 1515.0 1831.0 baseball-diamond 0
1441.0 1881.0 1516.0 1881.0 1516.0 1951.0 1441.0 1951.0 baseball-diamond 0
