3718.0 4793.0 3824.0 4793.0 3824.0 4897.0 3718.0 4897.0 baseball-diamond 0
2538.0 2038.0 2585.0 2038.0 2585.0 2082.0 2538.0 2082.0 bridge 0
1.0 2482.0 67.0 2482.0 67.0 2514.0 1.0 2514.0 bridge 0
244.0 2717.0 301.0 2717.0 301.0 2819.0 244.0 2819.0 bridge 0
608.0 2420.0 635.0 2420.0 635.0 2506.0 608.0 2506.0 bridge 0
139.0 4173.0 260.0 4173.0 260.0 4282.0 139.0 4282.0 ground-track-field 1
1603.0 2730.0 1676.0 2730.0 1676.0 2817.0 1603.0 2817.0 bridge 0
1786.0 2865.0 1843.0 2865.0 1843.0 2920.0 1786.0 2920.0 bridge 0
1729.0 2364.0 1917.0 2364.0 1917.0 2612.0 1729.0 2612.0 bridge 0
2172.0 1555.0 2199.0 1555.0 2199.0 1684.0 2172.0 1684.0 bridge 0
1672.0 1260.0 1748.0 1260.0 1748.0 1329.0 1672.0 1329.0 bridge 0
2330.0 1854.0 2397.0 1854.0 2397.0 1915.0 2330.0 1915.0 bridge 0
950.0 1534.0 1372.0 1534.0 1372.0 1773.0 950.0 1773.0 bridge 0
2877.0 2212.0 2929.0 2212.0 2929.0 2251.0 2877.0 2251.0 bridge 0
3347.0 2410.0 3378.0 2410.0 3378.0 2439.0 3347.0 2439.0 bridge 0
3172.0 2672.0 3273.0 2672.0 3273.0 2807.0 3172.0 2807.0 ground-track-field 0
2367.0 2979.0 2975.0 2979.0 2975.0 3304.0 2367.0 3304.0 bridge 0
2817.0 4149.0 3363.0 4149.0 3363.0 4305.0 2817.0 4305.0 bridge 0
3510.0 3933.0 3615.0 3933.0 3615.0 3993.0 3510.0 3993.0 ground-track-field 1
3516.0 2495.0 3572.0 2495.0 3572.0 2547.0 3516.0 2547.0 bridge 0
3811.0 2570.0 3853.0 2570.0 3853.0 2610.0 3811.0 2610.0 bridge 0
3826.0 2305.0 3955.0 2305.0 3955.0 2433.0 3826.0 2433.0 ground-track-field 0
656.0 212.0 848.0 212.0 848.0 407.0 656.0 407.0 soccer-ball-field 1
