2732.0 1339.0 2919.0 1339.0 2919.0 1605.0 2732.0 1605.0 ground-track-field 0
2799.0 1267.0 2858.0 1267.0 2858.0 1329.0 2799.0 1329.0 baseball-diamond 0
662.0 1530.0 712.0 1530.0 712.0 1585.0 662.0 1585.0 baseball-diamond 0
3276.0 3392.0 3493.0 3392.0 3493.0 3525.0 3276.0 3525.0 bridge 0
2695.0 1222.0 2744.0 1222.0 2744.0 1267.0 2695.0 1267.0 baseball-diamond 0
464.0 3784.0 503.0 3784.0 503.0 3825.0 464.0 3825.0 storage-tank 0
419.0 3738.0 460.0 3738.0 460.0 3784.0 419.0 3784.0 storage-tank 0
249.0 3567.0 304.0 3567.0 304.0 3625.0 249.0 3625.0 storage-tank 0
173.0 3530.0 212.0 3530.0 212.0 3566.0 173.0 3566.0 storage-tank 0
225.0 3481.0 260.0 3481.0 260.0 3518.0 225.0 3518.0 storage-tank 0
123.0 3477.0 162.0 3477.0 162.0 3513.0 123.0 3513.0 storage-tank 0
171.0 3428.0 205.0 3428.0 205.0 3464.0 171.0 3464.0 storage-tank 0
52.0 3408.0 91.0 3408.0 91.0 3448.0 52.0 3448.0 storage-tank 0
114.0 3374.0 147.0 3374.0 147.0 3405.0 114.0 3405.0 storage-tank 0
65.0 3326.0 97.0 3326.0 97.0 3359.0 65.0 3359.0 storage-tank 0
21.0 3281.0 46.0 3281.0 46.0 3306.0 21.0 3306.0 storage-tank 0
