3947.0 3570.0 3998.0 3570.0 3998.0 3636.0 3947.0 3636.0 plane 0
3763.0 3676.0 3804.0 3676.0 3804.0 3721.0 3763.0 3721.0 plane 0
3546.0 3837.0 3612.0 3837.0 3612.0 3905.0 3546.0 3905.0 plane 0
3476.0 3845.0 3522.0 3845.0 3522.0 3886.0 3476.0 3886.0 plane 0
3420.0 3891.0 3455.0 3891.0 3455.0 3931.0 3420.0 3931.0 plane 0
3506.0 3885.0 3552.0 3885.0 3552.0 3927.0 3506.0 3927.0 plane 0
3831.0 3610.0 3888.0 3610.0 3888.0 3666.0 3831.0 3666.0 plane 0
270.0 2924.0 406.0 2924.0 406.0 3064.0 270.0 3064.0 roundabout 0
3177.0 1066.0 3224.0 1066.0 3224.0 1116.0 3177.0 1116.0 bridge 0
2307.0 3896.0 2324.0 3896.0 2324.0 3915.0 2307.0 3915.0 plane 0
1708.0 2311.0 1810.0 2311.0 1810.0 2446.0 1708.0 2446.0 bridge 0
1057.0 3566.0 1283.0 3566.0 1283.0 3721.0 1057.0 3721.0 bridge 0
1088.0 3548.0 1287.0 3548.0 1287.0 3687.0 1088.0 3687.0 bridge 0
