3351.0 3717.0 3422.0 3717.0 3422.0 3788.0 3351.0 3788.0 plane 0
3352.0 3548.0 3414.0 3548.0 3414.0 3604.0 3352.0 3604.0 plane 0
2319.0 3267.0 2396.0 3267.0 2396.0 3342.0 2319.0 3342.0 plane 0
2037.0 3221.0 2124.0 3221.0 2124.0 3314.0 2037.0 3314.0 plane 0
1585.0 3808.0 1621.0 3808.0 1621.0 3846.0 1585.0 3846.0 plane 0
1485.0 3904.0 1553.0 3904.0 1553.0 3972.0 1485.0 3972.0 plane 0
62.0 1407.0 91.0 1407.0 91.0 1431.0 62.0 1431.0 storage-tank 0
54.0 1383.0 81.0 1383.0 81.0 1405.0 54.0 1405.0 storage-tank 0
3800.0 3692.0 3826.0 3692.0 3826.0 3716.0 3800.0 3716.0 storage-tank 0
2983.0 3956.0 3054.0 3956.0 3054.0 3999.0 2983.0 3999.0 plane 0
3100.0 3867.0 3167.0 3867.0 3167.0 3935.0 3100.0 3935.0 plane 0
3355.0 3434.0 3430.0 3434.0 3430.0 3505.0 3355.0 3505.0 plane 0
3780.0 180.0 3853.0 180.0 3853.0 242.0 3780.0 242.0 plane 0
1078.0 3851.0 1108.0 3851.0 1108.0 3881.0 1078.0 3881.0 storage-tank 0
41.0 2886.0 81.0 2886.0 81.0 2928.0 41.0 2928.0 roundabout 0
84.0 2745.0 125.0 2745.0 125.0 2790.0 84.0 2790.0 roundabout 0
15.0 1737.0 105.0 1737.0 105.0 1821.0 15.0 1821.0 storage-tank 0
121.0 1645.0 151.0 1645.0 151.0 1674.0 121.0 1674.0 storage-tank 0
2.0 1290.0 45.0 1290.0 45.0 1344.0 2.0 1344.0 storage-tank 0
2480.0 3095.0 2555.0 3095.0 2555.0 3170.0 2480.0 3170.0 plane 0
2402.0 2966.0 2433.0 2966.0 2433.0 2999.0 2402.0 2999.0 plane 0
2531.0 3063.0 2582.0 3063.0 2582.0 3114.0 2531.0 3114.0 plane 0
2951.0 3109.0 2983.0 3109.0 2983.0 3151.0 2951.0 3151.0 plane 0
3567.0 3393.0 3640.0 3393.0 3640.0 3464.0 3567.0 3464.0 plane 0
3556.0 2948.0 3623.0 2948.0 3623.0 3017.0 3556.0 3017.0 plane 0
3418.0 2842.0 3473.0 2842.0 3473.0 2905.0 3418.0 2905.0 plane 0
3272.0 2970.0 3344.0 2970.0 3344.0 3039.0 3272.0 3039.0 plane 0
3224.0 3016.0 3300.0 3016.0 3300.0 3094.0 3224.0 3094.0 plane 0
3116.0 3073.0 3153.0 3073.0 3153.0 3124.0 3116.0 3124.0 plane 0
3057.0 3086.0 3098.0 3086.0 3098.0 3139.0 3057.0 3139.0 plane 0
3134.0 2579.0 3212.0 2579.0 3212.0 2655.0 3134.0 2655.0 plane 0
2463.0 2876.0 2506.0 2876.0 2506.0 2920.0 2463.0 2920.0 plane 0
3237.0 2388.0 3308.0 2388.0 3308.0 2460.0 3237.0 2460.0 plane 0
3019.0 2246.0 3113.0 2246.0 3113.0 2341.0 3019.0 2341.0 plane 0
2987.0 2639.0 3035.0 2639.0 3035.0 2697.0 2987.0 2697.0 plane 0
2864.0 2558.0 2966.0 2558.0 2966.0 2660.0 2864.0 2660.0 plane 0
2839.0 2761.0 2898.0 2761.0 2898.0 2828.0 2839.0 2828.0 plane 0
2658.0 2947.0 2728.0 2947.0 2728.0 3017.0 2658.0 3017.0 plane 0
2520.0 2813.0 2577.0 2813.0 2577.0 2873.0 2520.0 2873.0 plane 0
3.0 849.0 89.0 849.0 89.0 1004.0 3.0 1004.0 roundabout 0
