2401.0 777.0 2452.0 777.0 2452.0 823.0 2401.0 823.0 plane 0
2356.0 747.0 2418.0 747.0 2418.0 812.0 2356.0 812.0 plane 0
2160.0 769.0 2206.0 769.0 2206.0 813.0 2160.0 813.0 plane 0
2128.0 811.0 2176.0 811.0 2176.0 857.0 2128.0 857.0 plane 0
2093.0 845.0 2150.0 845.0 2150.0 897.0 2093.0 897.0 plane 0
1532.0 1860.0 1588.0 1860.0 1588.0 1913.0 1532.0 1913.0 plane 0
1475.0 1726.0 1508.0 1726.0 1508.0 1764.0 1475.0 1764.0 plane 0
1530.0 1658.0 1560.0 1658.0 1560.0 1691.0 1530.0 1691.0 plane 0
1553.0 1618.0 1588.0 1618.0 1588.0 1654.0 1553.0 1654.0 plane 0
1578.0 1586.0 1612.0 1586.0 1612.0 1619.0 1578.0 1619.0 plane 0
1603.0 1545.0 1641.0 1545.0 1641.0 1585.0 1603.0 1585.0 plane 0
2155.0 1104.0 2246.0 1104.0 2246.0 1201.0 2155.0 1201.0 plane 0
2048.0 1238.0 2139.0 1238.0 2139.0 1335.0 2048.0 1335.0 plane 0
2065.0 895.0 2117.0 895.0 2117.0 949.0 2065.0 949.0 plane 0
1856.0 1228.0 1912.0 1228.0 1912.0 1278.0 1856.0 1278.0 plane 0
2222.0 843.0 2284.0 843.0 2284.0 918.0 2222.0 918.0 plane 0
2297.0 717.0 2358.0 717.0 2358.0 781.0 2297.0 781.0 plane 0
2246.0 938.0 2312.0 938.0 2312.0 1011.0 2246.0 1011.0 plane 0
