1870.0 1132.0 2092.0 1132.0 2092.0 1218.0 1870.0 1218.0 bridge 0
3304.0 3140.0 3325.0 3140.0 3325.0 3162.0 3304.0 3162.0 storage-tank 0
3254.0 3191.0 3281.0 3191.0 3281.0 3218.0 3254.0 3218.0 storage-tank 0
3273.0 3186.0 3299.0 3186.0 3299.0 3208.0 3273.0 3208.0 storage-tank 0
3317.0 3209.0 3339.0 3209.0 3339.0 3230.0 3317.0 3230.0 storage-tank 0
3296.0 3178.0 3323.0 3178.0 3323.0 3205.0 3296.0 3205.0 storage-tank 0
3332.0 3182.0 3358.0 3182.0 3358.0 3209.0 3332.0 3209.0 storage-tank 0
3281.0 3161.0 3306.0 3161.0 3306.0 3180.0 3281.0 3180.0 storage-tank 0
3270.0 3140.0 3292.0 3140.0 3292.0 3159.0 3270.0 3159.0 storage-tank 0
3265.0 3219.0 3287.0 3219.0 3287.0 3239.0 3265.0 3239.0 storage-tank 0
3283.0 3113.0 3311.0 3113.0 3311.0 3138.0 3283.0 3138.0 storage-tank 0
3248.0 2798.0 3294.0 2798.0 3294.0 2841.0 3248.0 2841.0 storage-tank 0
3216.0 2765.0 3251.0 2765.0 3251.0 2802.0 3216.0 2802.0 storage-tank 0
3257.0 2757.0 3272.0 2757.0 3272.0 2776.0 3257.0 2776.0 storage-tank 0
3244.0 2729.0 3277.0 2729.0 3277.0 2758.0 3244.0 2758.0 storage-tank 0
3261.0 2705.0 3285.0 2705.0 3285.0 2730.0 3261.0 2730.0 storage-tank 0
3288.0 3208.0 3313.0 3208.0 3313.0 3234.0 3288.0 3234.0 storage-tank 0
3362.0 3238.0 3390.0 3238.0 3390.0 3267.0 3362.0 3267.0 storage-tank 0
3439.0 3409.0 3474.0 3409.0 3474.0 3443.0 3439.0 3443.0 storage-tank 0
3407.0 3353.0 3429.0 3353.0 3429.0 3378.0 3407.0 3378.0 storage-tank 0
3478.0 3395.0 3515.0 3395.0 3515.0 3435.0 3478.0 3435.0 storage-tank 0
3449.0 3358.0 3485.0 3358.0 3485.0 3399.0 3449.0 3399.0 storage-tank 0
3421.0 3376.0 3446.0 3376.0 3446.0 3413.0 3421.0 3413.0 storage-tank 0
3424.0 3328.0 3443.0 3328.0 3443.0 3349.0 3424.0 3349.0 storage-tank 0
3402.0 3403.0 3425.0 3403.0 3425.0 3427.0 3402.0 3427.0 storage-tank 0
3382.0 3374.0 3410.0 3374.0 3410.0 3404.0 3382.0 3404.0 storage-tank 0
3384.0 3326.0 3409.0 3326.0 3409.0 3355.0 3384.0 3355.0 storage-tank 0
3301.0 3259.0 3328.0 3259.0 3328.0 3285.0 3301.0 3285.0 storage-tank 0
3360.0 3294.0 3393.0 3294.0 3393.0 3330.0 3360.0 3330.0 storage-tank 0
3403.0 3301.0 3431.0 3301.0 3431.0 3324.0 3403.0 3324.0 storage-tank 0
3384.0 3270.0 3413.0 3270.0 3413.0 3299.0 3384.0 3299.0 storage-tank 0
3333.0 3306.0 3355.0 3306.0 3355.0 3329.0 3333.0 3329.0 storage-tank 0
3319.0 3286.0 3344.0 3286.0 3344.0 3310.0 3319.0 3310.0 storage-tank 0
3340.0 3264.0 3370.0 3264.0 3370.0 3295.0 3340.0 3295.0 storage-tank 0
3273.0 2676.0 3290.0 2676.0 3290.0 2692.0 3273.0 2692.0 storage-tank 0
