3163.0 885.0 3223.0 885.0 3223.0 946.0 3163.0 946.0 plane 0
3586.0 1561.0 3639.0 1561.0 3639.0 1610.0 3586.0 1610.0 plane 0
3989.0 3478.0 4024.0 3478.0 4024.0 3521.0 3989.0 3521.0 storage-tank 0
3941.0 3492.0 3984.0 3492.0 3984.0 3542.0 3941.0 3542.0 storage-tank 0
3909.0 3452.0 3944.0 3452.0 3944.0 3492.0 3909.0 3492.0 storage-tank 0
3863.0 3465.0 3905.0 3465.0 3905.0 3507.0 3863.0 3507.0 storage-tank 0
3892.0 3510.0 3934.0 3510.0 3934.0 3559.0 3892.0 3559.0 storage-tank 0
3870.0 2431.0 3919.0 2431.0 3919.0 2485.0 3870.0 2485.0 plane 0
4010.0 2488.0 4058.0 2488.0 4058.0 2537.0 4010.0 2537.0 plane 0
4044.0 2510.0 4106.0 2510.0 4106.0 2575.0 4044.0 2575.0 plane 0
4121.0 2709.0 4199.0 2709.0 4199.0 2796.0 4121.0 2796.0 plane 0
1132.0 103.0 1201.0 103.0 1201.0 167.0 1132.0 167.0 baseball-diamond 0
1113.0 44.0 1180.0 44.0 1180.0 109.0 1113.0 109.0 baseball-diamond 0
958.0 60.0 1041.0 60.0 1041.0 137.0 958.0 137.0 baseball-diamond 0
753.0 94.0 960.0 94.0 960.0 255.0 753.0 255.0 ground-track-field 0
3728.0 3752.0 3788.0 3752.0 3788.0 3816.0 3728.0 3816.0 plane 0
3177.0 428.0 3223.0 428.0 3223.0 465.0 3177.0 465.0 plane 0
3447.0 1389.0 3503.0 1389.0 3503.0 1452.0 3447.0 1452.0 plane 0
3534.0 1445.0 3585.0 1445.0 3585.0 1500.0 3534.0 1500.0 plane 0
3947.0 3434.0 3986.0 3434.0 3986.0 3480.0 3947.0 3480.0 storage-tank 0
3913.0 3386.0 3955.0 3386.0 3955.0 3438.0 3913.0 3438.0 storage-tank 0
3861.0 3404.0 3906.0 3404.0 3906.0 3456.0 3861.0 3456.0 storage-tank 0
3581.0 2576.0 3639.0 2576.0 3639.0 2640.0 3581.0 2640.0 plane 0
3527.0 205.0 3559.0 205.0 3559.0 242.0 3527.0 242.0 storage-tank 0
2937.0 1152.0 2978.0 1152.0 2978.0 1209.0 2937.0 1209.0 plane 0
3135.0 740.0 3223.0 740.0 3223.0 825.0 3135.0 825.0 plane 0
3365.0 1539.0 3422.0 1539.0 3422.0 1594.0 3365.0 1594.0 plane 0
2224.0 1100.0 2270.0 1100.0 2270.0 1147.0 2224.0 1147.0 plane 0
2206.0 1176.0 2233.0 1176.0 2233.0 1201.0 2206.0 1201.0 plane 0
3531.0 1630.0 3573.0 1630.0 3573.0 1676.0 3531.0 1676.0 plane 0
3631.0 2576.0 3671.0 2576.0 3671.0 2619.0 3631.0 2619.0 plane 0
3614.0 3751.0 3658.0 3751.0 3658.0 3807.0 3614.0 3807.0 plane 0
3663.0 2544.0 3712.0 2544.0 3712.0 2599.0 3663.0 2599.0 plane 0
3731.0 2340.0 3771.0 2340.0 3771.0 2389.0 3731.0 2389.0 plane 0
3776.0 2377.0 3818.0 2377.0 3818.0 2427.0 3776.0 2427.0 plane 0
3781.0 2478.0 3837.0 2478.0 3837.0 2540.0 3781.0 2540.0 plane 0
3635.0 2807.0 3741.0 2807.0 3741.0 2906.0 3635.0 2906.0 plane 0
3664.0 2866.0 3762.0 2866.0 3762.0 2978.0 3664.0 2978.0 plane 0
3823.0 2800.0 3914.0 2800.0 3914.0 2908.0 3823.0 2908.0 plane 0
3595.0 1516.0 3650.0 1516.0 3650.0 1567.0 3595.0 1567.0 plane 0
3560.0 1604.0 3613.0 1604.0 3613.0 1659.0 3560.0 1659.0 plane 0
2782.0 2993.0 2831.0 2993.0 2831.0 3042.0 2782.0 3042.0 plane 0
3680.0 1697.0 3741.0 1697.0 3741.0 1762.0 3680.0 1762.0 plane 0
3664.0 2452.0 3709.0 2452.0 3709.0 2496.0 3664.0 2496.0 plane 0
3635.0 2352.0 3672.0 2352.0 3672.0 2387.0 3635.0 2387.0 plane 0
3590.0 2633.0 3688.0 2633.0 3688.0 2727.0 3590.0 2727.0 plane 0
3626.0 2740.0 3720.0 2740.0 3720.0 2832.0 3626.0 2832.0 plane 0
3677.0 2687.0 3788.0 2687.0 3788.0 2798.0 3677.0 2798.0 plane 0
3746.0 2651.0 3837.0 2651.0 3837.0 2742.0 3746.0 2742.0 plane 0
3834.0 2587.0 3931.0 2587.0 3931.0 2681.0 3834.0 2681.0 plane 0
3521.0 2923.0 3565.0 2923.0 3565.0 2973.0 3521.0 2973.0 plane 0
3583.0 3154.0 3686.0 3154.0 3686.0 3258.0 3583.0 3258.0 plane 0
3683.0 3291.0 3728.0 3291.0 3728.0 3340.0 3683.0 3340.0 plane 0
3794.0 3256.0 3861.0 3256.0 3861.0 3320.0 3794.0 3320.0 plane 0
3776.0 3642.0 3808.0 3642.0 3808.0 3690.0 3776.0 3690.0 plane 0
3747.0 3540.0 3797.0 3540.0 3797.0 3590.0 3747.0 3590.0 plane 0
3720.0 3420.0 3761.0 3420.0 3761.0 3470.0 3720.0 3470.0 plane 0
4071.0 2567.0 4121.0 2567.0 4121.0 2623.0 4071.0 2623.0 plane 0
4081.0 2626.0 4137.0 2626.0 4137.0 2682.0 4081.0 2682.0 plane 0
3944.0 2564.0 4015.0 2564.0 4015.0 2635.0 3944.0 2635.0 plane 0
3667.0 2496.0 3724.0 2496.0 3724.0 2554.0 3667.0 2554.0 plane 0
3545.0 2473.0 3607.0 2473.0 3607.0 2531.0 3545.0 2531.0 plane 0
3542.0 2416.0 3585.0 2416.0 3585.0 2457.0 3542.0 2457.0 plane 0
3385.0 1925.0 3424.0 1925.0 3424.0 1967.0 3385.0 1967.0 plane 0
3556.0 1748.0 3609.0 1748.0 3609.0 1803.0 3556.0 1803.0 plane 0
3300.0 1801.0 3340.0 1801.0 3340.0 1848.0 3300.0 1848.0 plane 0
3373.0 1735.0 3422.0 1735.0 3422.0 1792.0 3373.0 1792.0 plane 0
3409.0 1751.0 3460.0 1751.0 3460.0 1810.0 3409.0 1810.0 plane 0
3448.0 1767.0 3502.0 1767.0 3502.0 1824.0 3448.0 1824.0 plane 0
3482.0 1787.0 3539.0 1787.0 3539.0 1850.0 3482.0 1850.0 plane 0
3365.0 1843.0 3405.0 1843.0 3405.0 1888.0 3365.0 1888.0 plane 0
3396.0 1966.0 3435.0 1966.0 3435.0 2010.0 3396.0 2010.0 plane 0
3508.0 2348.0 3572.0 2348.0 3572.0 2407.0 3508.0 2407.0 plane 0
3501.0 1884.0 3554.0 1884.0 3554.0 1936.0 3501.0 1936.0 plane 0
3643.0 1816.0 3703.0 1816.0 3703.0 1878.0 3643.0 1878.0 plane 0
3622.0 1858.0 3678.0 1858.0 3678.0 1920.0 3622.0 1920.0 plane 0
3580.0 1945.0 3644.0 1945.0 3644.0 2014.0 3580.0 2014.0 plane 0
3462.0 2048.0 3503.0 2048.0 3503.0 2092.0 3462.0 2092.0 plane 0
3560.0 2251.0 3604.0 2251.0 3604.0 2297.0 3560.0 2297.0 plane 0
3521.0 2285.0 3596.0 2285.0 3596.0 2359.0 3521.0 2359.0 plane 0
343.0 1062.0 464.0 1062.0 464.0 1264.0 343.0 1264.0 ground-track-field 0
