2841.0 282.0 3050.0 282.0 3050.0 341.0 2841.0 341.0 bridge 0
2741.0 419.0 2832.0 419.0 2832.0 474.0 2741.0 474.0 bridge 0
3115.0 45.0 3180.0 45.0 3180.0 111.0 3115.0 111.0 bridge 0
3313.0 1482.0 3345.0 1482.0 3345.0 1516.0 3313.0 1516.0 roundabout 1
3222.0 1397.0 3254.0 1397.0 3254.0 1432.0 3222.0 1432.0 roundabout 0
3707.0 1998.0 3759.0 1998.0 3759.0 2185.0 3707.0 2185.0 bridge 0
3755.0 1990.0 3805.0 1990.0 3805.0 2155.0 3755.0 2155.0 bridge 0
3680.0 3259.0 3719.0 3259.0 3719.0 3300.0 3680.0 3300.0 roundabout 0
2652.0 773.0 2758.0 773.0 2758.0 828.0 2652.0 828.0 bridge 0
1464.0 452.0 1745.0 452.0 1745.0 682.0 1464.0 682.0 ground-track-field 0
1370.0 3325.0 1393.0 3325.0 1393.0 3349.0 1370.0 3349.0 roundabout 0
906.0 1167.0 937.0 1167.0 937.0 1199.0 906.0 1199.0 roundabout 0
626.0 386.0 651.0 386.0 651.0 413.0 626.0 413.0 storage-tank 0
