3841.0 2026.0 3995.0 2026.0 3995.0 2116.0 3841.0 2116.0 harbor 0
3241.0 2139.0 3282.0 2139.0 3282.0 2184.0 3241.0 2184.0 roundabout 0
837.0 3587.0 863.0 3587.0 863.0 3618.0 837.0 3618.0 roundabout 0
1326.0 3537.0 1375.0 3537.0 1375.0 3590.0 1326.0 3590.0 storage-tank 0
1429.0 2487.0 1464.0 2487.0 1464.0 2522.0 1429.0 2522.0 storage-tank 0
1628.0 1189.0 1654.0 1189.0 1654.0 1216.0 1628.0 1216.0 roundabout 0
1858.0 818.0 1884.0 818.0 1884.0 844.0 1858.0 844.0 roundabout 0
1969.0 640.0 1995.0 640.0 1995.0 667.0 1969.0 667.0 roundabout 0
2086.0 1392.0 2112.0 1392.0 2112.0 1420.0 2086.0 1420.0 roundabout 0
2156.0 1730.0 2302.0 1730.0 2302.0 1974.0 2156.0 1974.0 ground-track-field 0
2970.0 3378.0 3024.0 3378.0 3024.0 3439.0 2970.0 3439.0 storage-tank 0
3594.0 2950.0 3716.0 2950.0 3716.0 3003.0 3594.0 3003.0 bridge 0
3284.0 1861.0 3314.0 1861.0 3314.0 1890.0 3284.0 1890.0 roundabout 0
3859.0 1956.0 3991.0 1956.0 3991.0 2036.0 3859.0 2036.0 harbor 0
3481.0 1985.0 3511.0 1985.0 3511.0 2019.0 3481.0 2019.0 roundabout 0
3906.0 2609.0 3985.0 2609.0 3985.0 2666.0 3906.0 2666.0 harbor 0
353.0 1008.0 396.0 1008.0 396.0 1049.0 353.0 1049.0 bridge 0
3777.0 2663.0 3853.0 2663.0 3853.0 2735.0 3777.0 2735.0 harbor 0
3663.0 2772.0 3734.0 2772.0 3734.0 2913.0 3663.0 2913.0 bridge 0
3619.0 3315.0 3705.0 3315.0 3705.0 3473.0 3619.0 3473.0 bridge 0
3928.0 1740.0 4000.0 1740.0 4000.0 1798.0 3928.0 1798.0 harbor 0
3912.0 1800.0 4001.0 1800.0 4001.0 1864.0 3912.0 1864.0 harbor 0
3890.0 1852.0 3999.0 1852.0 3999.0 1932.0 3890.0 1932.0 harbor 0
3878.0 1911.0 3999.0 1911.0 3999.0 1986.0 3878.0 1986.0 harbor 0
1175.0 2261.0 1230.0 2261.0 1230.0 2325.0 1175.0 2325.0 storage-tank 0
