655.0 540.0 706.0 540.0 706.0 564.0 655.0 564.0 bridge 0
2504.0 1098.0 2542.0 1098.0 2542.0 1138.0 2504.0 1138.0 roundabout 0
400.0 3933.0 439.0 3933.0 439.0 3975.0 400.0 3975.0 roundabout 0
1435.0 2983.0 1460.0 2983.0 1460.0 3010.0 1435.0 3010.0 roundabout 0
1422.0 2575.0 1446.0 2575.0 1446.0 2602.0 1422.0 2602.0 roundabout 0
1690.0 2553.0 1714.0 2553.0 1714.0 2578.0 1690.0 2578.0 roundabout 0
1591.0 548.0 1624.0 548.0 1624.0 583.0 1591.0 583.0 storage-tank 0
1624.0 545.0 1660.0 545.0 1660.0 581.0 1624.0 581.0 storage-tank 0
2455.0 353.0 2506.0 353.0 2506.0 400.0 2455.0 400.0 plane 0
1749.0 1189.0 1793.0 1189.0 1793.0 1237.0 1749.0 1237.0 roundabout 0
1254.0 1846.0 1279.0 1846.0 1279.0 1873.0 1254.0 1873.0 roundabout 0
2546.0 1745.0 2579.0 1745.0 2579.0 1784.0 2546.0 1784.0 roundabout 0
1794.0 1801.0 1836.0 1801.0 1836.0 1844.0 1794.0 1844.0 roundabout 0
2990.0 2239.0 3116.0 2239.0 3116.0 2448.0 2990.0 2448.0 ground-track-field 1
3614.0 3443.0 3640.0 3443.0 3640.0 3468.0 3614.0 3468.0 roundabout 0
2856.0 3796.0 2886.0 3796.0 2886.0 3824.0 2856.0 3824.0 roundabout 0
789.0 1878.0 817.0 1878.0 817.0 1910.0 789.0 1910.0 roundabout 0
1224.0 3983.0 1245.0 3983.0 1245.0 4001.0 1224.0 4001.0 roundabout 1
561.0 1870.0 585.0 1870.0 585.0 1896.0 561.0 1896.0 roundabout 0
