2953.0 3050.0 3007.0 3050.0 3007.0 3106.0 2953.0 3106.0 plane 0
3123.0 3300.0 3163.0 3300.0 3163.0 3346.0 3123.0 3346.0 plane 0
2950.0 3250.0 2993.0 3250.0 2993.0 3295.0 2950.0 3295.0 plane 0
3012.0 3366.0 3070.0 3366.0 3070.0 3436.0 3012.0 3436.0 plane 0
3083.0 3598.0 3125.0 3598.0 3125.0 3644.0 3083.0 3644.0 plane 0
2854.0 3832.0 2905.0 3832.0 2905.0 3883.0 2854.0 3883.0 plane 0
2845.0 3885.0 2895.0 3885.0 2895.0 3939.0 2845.0 3939.0 plane 0
2590.0 3508.0 2642.0 3508.0 2642.0 3566.0 2590.0 3566.0 roundabout 0
2722.0 1866.0 2776.0 1866.0 2776.0 1924.0 2722.0 1924.0 roundabout 0
2532.0 1838.0 2590.0 1838.0 2590.0 1895.0 2532.0 1895.0 roundabout 0
2016.0 400.0 2072.0 400.0 2072.0 456.0 2016.0 456.0 roundabout 0
