563.0 185.0 609.0 185.0 609.0 214.0 563.0 214.0 small-vehicle 0
145.0 502.0 171.0 502.0 171.0 559.0 145.0 559.0 large-vehicle 0
643.0 375.0 676.0 375.0 676.0 487.0 643.0 487.0 large-vehicle 0
674.0 382.0 712.0 382.0 712.0 492.0 674.0 492.0 large-vehicle 0
622.0 281.0 659.0 281.0 659.0 370.0 622.0 370.0 large-vehicle 0
650.0 254.0 688.0 254.0 688.0 363.0 650.0 363.0 large-vehicle 0
674.0 253.0 718.0 253.0 718.0 360.0 674.0 360.0 large-vehicle 0
707.0 231.0 743.0 231.0 743.0 339.0 707.0 339.0 large-vehicle 0
734.0 221.0 772.0 221.0 772.0 330.0 734.0 330.0 large-vehicle 0
345.0 457.0 441.0 457.0 441.0 550.0 345.0 550.0 large-vehicle 0
303.0 464.0 402.0 464.0 402.0 554.0 303.0 554.0 large-vehicle 0
260.0 468.0 358.0 468.0 358.0 558.0 260.0 558.0 large-vehicle 0
223.0 472.0 318.0 472.0 318.0 564.0 223.0 564.0 large-vehicle 0
179.0 478.0 278.0 478.0 278.0 571.0 179.0 571.0 large-vehicle 0
173.0 513.0 202.0 513.0 202.0 567.0 173.0 567.0 large-vehicle 0
334.0 681.0 372.0 681.0 372.0 771.0 334.0 771.0 large-vehicle 0
795.0 624.0 820.0 624.0 820.0 739.0 795.0 739.0 large-vehicle 0
365.0 692.0 400.0 692.0 400.0 796.0 365.0 796.0 large-vehicle 0
387.0 677.0 427.0 677.0 427.0 788.0 387.0 788.0 large-vehicle 0
437.0 683.0 476.0 683.0 476.0 794.0 437.0 794.0 large-vehicle 0
460.0 644.0 494.0 644.0 494.0 730.0 460.0 730.0 large-vehicle 0
488.0 658.0 522.0 658.0 522.0 749.0 488.0 749.0 large-vehicle 0
514.0 667.0 548.0 667.0 548.0 754.0 514.0 754.0 large-vehicle 0
563.0 660.0 600.0 660.0 600.0 744.0 563.0 744.0 large-vehicle 0
589.0 647.0 628.0 647.0 628.0 761.0 589.0 761.0 large-vehicle 0
616.0 607.0 649.0 607.0 649.0 717.0 616.0 717.0 large-vehicle 0
692.0 637.0 735.0 637.0 735.0 758.0 692.0 758.0 large-vehicle 0
715.0 615.0 751.0 615.0 751.0 700.0 715.0 700.0 large-vehicle 0
744.0 630.0 782.0 630.0 782.0 741.0 744.0 741.0 large-vehicle 0
768.0 618.0 803.0 618.0 803.0 690.0 768.0 690.0 large-vehicle 0
576.0 15.0 628.0 15.0 628.0 78.0 576.0 78.0 large-vehicle 0
