4586.0 4373.0 4636.0 4373.0 4636.0 4407.0 4586.0 4407.0 small-vehicle 0
2378.0 1629.0 2400.0 1629.0 2400.0 1670.0 2378.0 1670.0 small-vehicle 0
2496.0 1604.0 2522.0 1604.0 2522.0 1646.0 2496.0 1646.0 small-vehicle 0
2474.0 1593.0 2502.0 1593.0 2502.0 1635.0 2474.0 1635.0 small-vehicle 0
2484.0 1645.0 2511.0 1645.0 2511.0 1684.0 2484.0 1684.0 small-vehicle 0
2409.0 1582.0 2433.0 1582.0 2433.0 1624.0 2409.0 1624.0 small-vehicle 0
2580.0 1340.0 2606.0 1340.0 2606.0 1384.0 2580.0 1384.0 small-vehicle 0
2556.0 1333.0 2586.0 1333.0 2586.0 1377.0 2556.0 1377.0 small-vehicle 0
2517.0 1318.0 2542.0 1318.0 2542.0 1361.0 2517.0 1361.0 small-vehicle 0
2456.0 1307.0 2479.0 1307.0 2479.0 1349.0 2456.0 1349.0 small-vehicle 0
2430.0 1304.0 2456.0 1304.0 2456.0 1346.0 2430.0 1346.0 small-vehicle 0
2740.0 1228.0 2761.0 1228.0 2761.0 1264.0 2740.0 1264.0 small-vehicle 0
2854.0 1395.0 2884.0 1395.0 2884.0 1439.0 2854.0 1439.0 small-vehicle 0
2612.0 1298.0 2640.0 1298.0 2640.0 1336.0 2612.0 1336.0 small-vehicle 0
2526.0 1277.0 2551.0 1277.0 2551.0 1320.0 2526.0 1320.0 small-vehicle 0
2568.0 1288.0 2596.0 1288.0 2596.0 1331.0 2568.0 1331.0 small-vehicle 0
2348.0 1324.0 2376.0 1324.0 2376.0 1370.0 2348.0 1370.0 small-vehicle 1
2359.0 1284.0 2389.0 1284.0 2389.0 1330.0 2359.0 1330.0 small-vehicle 0
2371.0 1226.0 2404.0 1226.0 2404.0 1282.0 2371.0 1282.0 large-vehicle 1
2837.0 1499.0 2866.0 1499.0 2866.0 1544.0 2837.0 1544.0 small-vehicle 0
2451.0 1407.0 2482.0 1407.0 2482.0 1456.0 2451.0 1456.0 small-vehicle 1
2693.0 1650.0 2720.0 1650.0 2720.0 1691.0 2693.0 1691.0 small-vehicle 0
2548.0 722.0 2579.0 722.0 2579.0 764.0 2548.0 764.0 small-vehicle 0
2451.0 1590.0 2478.0 1590.0 2478.0 1633.0 2451.0 1633.0 small-vehicle 1
2540.0 1614.0 2562.0 1614.0 2562.0 1653.0 2540.0 1653.0 small-vehicle 0
2418.0 1632.0 2450.0 1632.0 2450.0 1678.0 2418.0 1678.0 small-vehicle 0
2582.0 1626.0 2607.0 1626.0 2607.0 1670.0 2582.0 1670.0 small-vehicle 0
2561.0 1619.0 2586.0 1619.0 2586.0 1660.0 2561.0 1660.0 small-vehicle 0
2575.0 1772.0 2604.0 1772.0 2604.0 1818.0 2575.0 1818.0 small-vehicle 0
2298.0 744.0 2346.0 744.0 2346.0 775.0 2298.0 775.0 large-vehicle 0
2186.0 312.0 2218.0 312.0 2218.0 356.0 2186.0 356.0 small-vehicle 0
2670.0 1653.0 2692.0 1653.0 2692.0 1688.0 2670.0 1688.0 small-vehicle 0
2132.0 446.0 2163.0 446.0 2163.0 491.0 2132.0 491.0 small-vehicle 0
2289.0 42.0 2321.0 42.0 2321.0 89.0 2289.0 89.0 small-vehicle 0
2904.0 38.0 2944.0 38.0 2944.0 64.0 2904.0 64.0 small-vehicle 0
2849.0 23.0 2897.0 23.0 2897.0 52.0 2849.0 52.0 small-vehicle 0
2606.0 1638.0 2628.0 1638.0 2628.0 1676.0 2606.0 1676.0 small-vehicle 0
2626.0 1634.0 2650.0 1634.0 2650.0 1677.0 2626.0 1677.0 small-vehicle 1
2650.0 1642.0 2671.0 1642.0 2671.0 1682.0 2650.0 1682.0 small-vehicle 0
2296.0 1512.0 2324.0 1512.0 2324.0 1556.0 2296.0 1556.0 small-vehicle 0
2638.0 1683.0 2664.0 1683.0 2664.0 1726.0 2638.0 1726.0 small-vehicle 0
2782.0 1739.0 2820.0 1739.0 2820.0 1779.0 2782.0 1779.0 small-vehicle 0
4560.0 1157.0 4789.0 1157.0 4789.0 1378.0 4560.0 1378.0 tennis-court 0
113.0 3331.0 155.0 3331.0 155.0 3371.0 113.0 3371.0 small-vehicle 0
357.0 251.0 394.0 251.0 394.0 295.0 357.0 295.0 small-vehicle 0
319.0 201.0 359.0 201.0 359.0 248.0 319.0 248.0 small-vehicle 0
287.0 159.0 325.0 159.0 325.0 203.0 287.0 203.0 small-vehicle 0
97.0 73.0 144.0 73.0 144.0 110.0 97.0 110.0 small-vehicle 0
3041.0 1222.0 4717.0 1222.0 4717.0 2240.0 3041.0 2240.0 ground-track-field 0
4645.0 1232.0 4859.0 1232.0 4859.0 1460.0 4645.0 1460.0 tennis-court 0
3060.0 2752.0 3946.0 2752.0 3946.0 3828.0 3060.0 3828.0 soccer-ball-field 0
532.0 1676.0 572.0 1676.0 572.0 1716.0 532.0 1716.0 small-vehicle 0
3335.0 1041.0 3432.0 1041.0 3432.0 1076.0 3335.0 1076.0 large-vehicle 0
1604.0 1075.0 1765.0 1075.0 1765.0 1316.0 1604.0 1316.0 tennis-court 0
1471.0 1035.0 1635.0 1035.0 1635.0 1273.0 1471.0 1273.0 tennis-court 0
1508.0 1399.0 1667.0 1399.0 1667.0 1636.0 1508.0 1636.0 tennis-court 0
1372.0 1359.0 1537.0 1359.0 1537.0 1596.0 1372.0 1596.0 tennis-court 0
1621.0 1473.0 1839.0 1473.0 1839.0 1766.0 1621.0 1766.0 basketball-court 0
1934.0 3281.0 2626.0 3281.0 2626.0 4032.0 1934.0 4032.0 soccer-ball-field 0
219.0 53.0 268.0 53.0 268.0 88.0 219.0 88.0 small-vehicle 0
131.0 1351.0 159.0 1351.0 159.0 1399.0 131.0 1399.0 small-vehicle 0
2709.0 1764.0 2744.0 1764.0 2744.0 1804.0 2709.0 1804.0 small-vehicle 0
2323.0 1743.0 2364.0 1743.0 2364.0 1782.0 2323.0 1782.0 small-vehicle 0
2527.0 2020.0 2571.0 2020.0 2571.0 2045.0 2527.0 2045.0 small-vehicle 0
2507.0 2000.0 2547.0 2000.0 2547.0 2023.0 2507.0 2023.0 small-vehicle 0
2515.0 1900.0 2556.0 1900.0 2556.0 1940.0 2515.0 1940.0 small-vehicle 1
2483.0 1875.0 2524.0 1875.0 2524.0 1911.0 2483.0 1911.0 small-vehicle 1
2440.0 1842.0 2481.0 1842.0 2481.0 1880.0 2440.0 1880.0 small-vehicle 0
2397.0 1805.0 2440.0 1805.0 2440.0 1843.0 2397.0 1843.0 small-vehicle 0
2363.0 1777.0 2401.0 1777.0 2401.0 1812.0 2363.0 1812.0 small-vehicle 0
2293.0 1712.0 2329.0 1712.0 2329.0 1750.0 2293.0 1750.0 small-vehicle 0
92.0 1391.0 121.0 1391.0 121.0 1434.0 92.0 1434.0 small-vehicle 0
2600.0 1523.0 2629.0 1523.0 2629.0 1569.0 2600.0 1569.0 small-vehicle 0
166.0 1330.0 196.0 1330.0 196.0 1369.0 166.0 1369.0 small-vehicle 0
16.0 1455.0 54.0 1455.0 54.0 1506.0 16.0 1506.0 small-vehicle 0
0.0 1478.0 32.0 1478.0 32.0 1522.0 0.0 1522.0 small-vehicle 1
34.0 1438.0 68.0 1438.0 68.0 1486.0 34.0 1486.0 small-vehicle 1
68.0 1405.0 101.0 1405.0 101.0 1450.0 68.0 1450.0 small-vehicle 1
50.0 1420.0 87.0 1420.0 87.0 1473.0 50.0 1473.0 small-vehicle 0
2386.0 1574.0 2414.0 1574.0 2414.0 1622.0 2386.0 1622.0 small-vehicle 0
2518.0 1608.0 2544.0 1608.0 2544.0 1652.0 2518.0 1652.0 small-vehicle 1
4389.0 4328.0 4432.0 4328.0 4432.0 4361.0 4389.0 4361.0 small-vehicle 0
2794.0 1375.0 2819.0 1375.0 2819.0 1420.0 2794.0 1420.0 small-vehicle 0
1197.0 948.0 1233.0 948.0 1233.0 982.0 1197.0 982.0 small-vehicle 0
658.0 33.0 693.0 33.0 693.0 75.0 658.0 75.0 small-vehicle 1
431.0 399.0 468.0 399.0 468.0 432.0 431.0 432.0 large-vehicle 0
465.0 358.0 505.0 358.0 505.0 400.0 465.0 400.0 small-vehicle 0
573.0 158.0 612.0 158.0 612.0 202.0 573.0 202.0 small-vehicle 0
160.0 187.0 186.0 187.0 186.0 225.0 160.0 225.0 small-vehicle 0
140.0 177.0 167.0 177.0 167.0 219.0 140.0 219.0 small-vehicle 0
318.0 416.0 362.0 416.0 362.0 459.0 318.0 459.0 large-vehicle 0
4398.0 3292.0 4443.0 3292.0 4443.0 3330.0 4398.0 3330.0 small-vehicle 0
4434.0 3238.0 4476.0 3238.0 4476.0 3270.0 4434.0 3270.0 small-vehicle 0
4412.0 3258.0 4466.0 3258.0 4466.0 3299.0 4412.0 3299.0 large-vehicle 0
4363.0 3352.0 4417.0 3352.0 4417.0 3401.0 4363.0 3401.0 large-vehicle 0
4191.0 3956.0 4220.0 3956.0 4220.0 4003.0 4191.0 4003.0 small-vehicle 1
4243.0 3988.0 4292.0 3988.0 4292.0 4028.0 4243.0 4028.0 small-vehicle 0
4257.0 3824.0 4292.0 3824.0 4292.0 3872.0 4257.0 3872.0 small-vehicle 0
4225.0 3888.0 4264.0 3888.0 4264.0 3935.0 4225.0 3935.0 small-vehicle 0
4284.0 3734.0 4320.0 3734.0 4320.0 3782.0 4284.0 3782.0 small-vehicle 0
1307.0 274.0 1352.0 274.0 1352.0 308.0 1307.0 308.0 small-vehicle 0
1255.0 364.0 1300.0 364.0 1300.0 396.0 1255.0 396.0 small-vehicle 0
1272.0 331.0 1319.0 331.0 1319.0 365.0 1272.0 365.0 small-vehicle 0
3113.0 872.0 3155.0 872.0 3155.0 903.0 3113.0 903.0 small-vehicle 0
4824.0 2668.0 4869.0 2668.0 4869.0 2730.0 4824.0 2730.0 large-vehicle 0
4685.0 36.0 4726.0 36.0 4726.0 55.0 4685.0 55.0 small-vehicle 0
4839.0 273.0 4880.0 273.0 4880.0 339.0 4839.0 339.0 large-vehicle 0
4429.0 947.0 4458.0 947.0 4458.0 992.0 4429.0 992.0 small-vehicle 0
4177.0 970.0 4199.0 970.0 4199.0 1012.0 4177.0 1012.0 small-vehicle 0
4231.0 978.0 4266.0 978.0 4266.0 1020.0 4231.0 1020.0 small-vehicle 0
3319.0 880.0 3344.0 880.0 3344.0 930.0 3319.0 930.0 large-vehicle 0
1884.0 678.0 1907.0 678.0 1907.0 718.0 1884.0 718.0 small-vehicle 0
1439.0 305.0 1480.0 305.0 1480.0 337.0 1439.0 337.0 small-vehicle 0
681.0 1586.0 738.0 1586.0 738.0 1641.0 681.0 1641.0 large-vehicle 0
1128.0 0.0 1159.0 0.0 1159.0 45.0 1128.0 45.0 small-vehicle 0
2696.0 1214.0 2721.0 1214.0 2721.0 1256.0 2696.0 1256.0 small-vehicle 0
2786.0 1237.0 2802.0 1237.0 2802.0 1267.0 2786.0 1267.0 small-vehicle 0
2760.0 1226.0 2784.0 1226.0 2784.0 1271.0 2760.0 1271.0 small-vehicle 0
2656.0 1204.0 2678.0 1204.0 2678.0 1238.0 2656.0 1238.0 small-vehicle 0
3541.0 946.0 3585.0 946.0 3585.0 972.0 3541.0 972.0 small-vehicle 0
4168.0 3861.0 4202.0 3861.0 4202.0 3906.0 4168.0 3906.0 small-vehicle 0
4209.0 3663.0 4246.0 3663.0 4246.0 3695.0 4209.0 3695.0 small-vehicle 0
4000.0 4289.0 4043.0 4289.0 4043.0 4343.0 4000.0 4343.0 large-vehicle 1
2472.0 1306.0 2501.0 1306.0 2501.0 1352.0 2472.0 1352.0 small-vehicle 1
2598.0 1341.0 2625.0 1341.0 2625.0 1384.0 2598.0 1384.0 small-vehicle 1
2641.0 1349.0 2671.0 1349.0 2671.0 1394.0 2641.0 1394.0 small-vehicle 0
2674.0 1308.0 2702.0 1308.0 2702.0 1356.0 2674.0 1356.0 small-vehicle 0
2484.0 1263.0 2511.0 1263.0 2511.0 1308.0 2484.0 1308.0 small-vehicle 0
2463.0 1265.0 2485.0 1265.0 2485.0 1306.0 2463.0 1306.0 small-vehicle 0
2595.0 1446.0 2623.0 1446.0 2623.0 1490.0 2595.0 1490.0 small-vehicle 0
2546.0 1287.0 2573.0 1287.0 2573.0 1327.0 2546.0 1327.0 small-vehicle 0
2832.0 1394.0 2861.0 1394.0 2861.0 1442.0 2832.0 1442.0 small-vehicle 0
2787.0 1479.0 2818.0 1479.0 2818.0 1532.0 2787.0 1532.0 small-vehicle 0
2815.0 1385.0 2837.0 1385.0 2837.0 1431.0 2815.0 1431.0 small-vehicle 0
2662.0 1354.0 2692.0 1354.0 2692.0 1400.0 2662.0 1400.0 small-vehicle 0
2716.0 1324.0 2742.0 1324.0 2742.0 1372.0 2716.0 1372.0 small-vehicle 0
2823.0 1345.0 2849.0 1345.0 2849.0 1386.0 2823.0 1386.0 small-vehicle 0
2757.0 1331.0 2793.0 1331.0 2793.0 1379.0 2757.0 1379.0 small-vehicle 0
2633.0 1302.0 2659.0 1302.0 2659.0 1345.0 2633.0 1345.0 small-vehicle 0
2652.0 1305.0 2681.0 1305.0 2681.0 1352.0 2652.0 1352.0 small-vehicle 0
2745.0 1371.0 2776.0 1371.0 2776.0 1416.0 2745.0 1416.0 small-vehicle 0
2806.0 1487.0 2844.0 1487.0 2844.0 1546.0 2806.0 1546.0 small-vehicle 0
3850.0 4606.0 3889.0 4606.0 3889.0 4660.0 3850.0 4660.0 large-vehicle 0
253.0 4587.0 301.0 4587.0 301.0 4635.0 253.0 4635.0 small-vehicle 0
3903.0 4503.0 3942.0 4503.0 3942.0 4557.0 3903.0 4557.0 large-vehicle 0
4529.0 4348.0 4576.0 4348.0 4576.0 4382.0 4529.0 4382.0 small-vehicle 0
3858.0 4538.0 3898.0 4538.0 3898.0 4593.0 3858.0 4593.0 large-vehicle 0
847.0 3390.0 888.0 3390.0 888.0 3433.0 847.0 3433.0 small-vehicle 0
768.0 3601.0 824.0 3601.0 824.0 3656.0 768.0 3656.0 small-vehicle 0
754.0 3588.0 804.0 3588.0 804.0 3641.0 754.0 3641.0 small-vehicle 0
402.0 4648.0 444.0 4648.0 444.0 4691.0 402.0 4691.0 small-vehicle 0
311.0 4571.0 357.0 4571.0 357.0 4615.0 311.0 4615.0 small-vehicle 0
2434.0 1477.0 2462.0 1477.0 2462.0 1528.0 2434.0 1528.0 small-vehicle 0
310.0 4492.0 356.0 4492.0 356.0 4541.0 310.0 4541.0 small-vehicle 0
2686.0 1539.0 2711.0 1539.0 2711.0 1584.0 2686.0 1584.0 small-vehicle 1
2917.0 1416.0 2952.0 1416.0 2952.0 1469.0 2917.0 1469.0 small-vehicle 0
2843.0 1350.0 2873.0 1350.0 2873.0 1391.0 2843.0 1391.0 small-vehicle 0
2820.0 1556.0 2852.0 1556.0 2852.0 1607.0 2820.0 1607.0 small-vehicle 1
2620.0 1527.0 2648.0 1527.0 2648.0 1570.0 2620.0 1570.0 small-vehicle 0
2701.0 1467.0 2730.0 1467.0 2730.0 1515.0 2701.0 1515.0 small-vehicle 0
308.0 1872.0 1350.0 1872.0 1350.0 2952.0 308.0 2952.0 soccer-ball-field 0
