963.0 934.0 1018.0 934.0 1018.0 961.0 963.0 961.0 small-vehicle 0
104.0 988.0 154.0 988.0 154.0 1047.0 104.0 1047.0 small-vehicle 0
287.0 242.0 329.0 242.0 329.0 278.0 287.0 278.0 small-vehicle 0
171.0 236.0 218.0 236.0 218.0 272.0 171.0 272.0 small-vehicle 0
302.0 260.0 343.0 260.0 343.0 296.0 302.0 296.0 small-vehicle 0
193.0 274.0 232.0 274.0 232.0 307.0 193.0 307.0 small-vehicle 0
8.0 252.0 53.0 252.0 53.0 283.0 8.0 283.0 small-vehicle 0
715.0 430.0 778.0 430.0 778.0 460.0 715.0 460.0 small-vehicle 0
644.0 484.0 686.0 484.0 686.0 506.0 644.0 506.0 small-vehicle 0
483.0 478.0 530.0 478.0 530.0 500.0 483.0 500.0 small-vehicle 0
488.0 521.0 529.0 521.0 529.0 544.0 488.0 544.0 small-vehicle 0
320.0 817.0 384.0 817.0 384.0 845.0 320.0 845.0 small-vehicle 0
421.0 803.0 475.0 803.0 475.0 832.0 421.0 832.0 small-vehicle 0
343.0 964.0 399.0 964.0 399.0 993.0 343.0 993.0 small-vehicle 0
851.0 975.0 906.0 975.0 906.0 1002.0 851.0 1002.0 small-vehicle 0
1039.0 924.0 1093.0 924.0 1093.0 952.0 1039.0 952.0 small-vehicle 0
853.0 843.0 917.0 843.0 917.0 870.0 853.0 870.0 small-vehicle 0
960.0 742.0 997.0 742.0 997.0 779.0 960.0 779.0 small-vehicle 0
910.0 699.0 949.0 699.0 949.0 739.0 910.0 739.0 small-vehicle 0
975.0 195.0 1025.0 195.0 1025.0 239.0 975.0 239.0 small-vehicle 0
892.0 127.0 933.0 127.0 933.0 167.0 892.0 167.0 small-vehicle 0
948.0 847.0 1006.0 847.0 1006.0 877.0 948.0 877.0 large-vehicle 0
957.0 876.0 1019.0 876.0 1019.0 906.0 957.0 906.0 large-vehicle 0
959.0 904.0 1015.0 904.0 1015.0 931.0 959.0 931.0 large-vehicle 0
969.0 987.0 1025.0 987.0 1025.0 1012.0 969.0 1012.0 large-vehicle 0
1048.0 977.0 1106.0 977.0 1106.0 1005.0 1048.0 1005.0 large-vehicle 0
1223.0 949.0 1273.0 949.0 1273.0 1002.0 1223.0 1002.0 small-vehicle 0
268.0 205.0 312.0 205.0 312.0 239.0 268.0 239.0 small-vehicle 0
713.0 14.0 753.0 14.0 753.0 52.0 713.0 52.0 small-vehicle 0
341.0 54.0 386.0 54.0 386.0 88.0 341.0 88.0 small-vehicle 0
723.0 395.0 774.0 395.0 774.0 417.0 723.0 417.0 large-vehicle 0
734.0 513.0 785.0 513.0 785.0 537.0 734.0 537.0 large-vehicle 0
574.0 467.0 626.0 467.0 626.0 489.0 574.0 489.0 large-vehicle 0
299.0 629.0 359.0 629.0 359.0 660.0 299.0 660.0 large-vehicle 0
299.0 657.0 361.0 657.0 361.0 688.0 299.0 688.0 large-vehicle 0
308.0 686.0 366.0 686.0 366.0 717.0 308.0 717.0 large-vehicle 0
321.0 744.0 368.0 744.0 368.0 768.0 321.0 768.0 large-vehicle 0
314.0 770.0 377.0 770.0 377.0 803.0 314.0 803.0 large-vehicle 0
327.0 867.0 386.0 867.0 386.0 897.0 327.0 897.0 large-vehicle 0
227.0 694.0 288.0 694.0 288.0 721.0 227.0 721.0 large-vehicle 0
231.0 744.0 292.0 744.0 292.0 774.0 231.0 774.0 large-vehicle 0
344.0 939.0 394.0 939.0 394.0 966.0 344.0 966.0 large-vehicle 0
344.0 997.0 393.0 997.0 393.0 1019.0 344.0 1019.0 large-vehicle 0
448.0 984.0 499.0 984.0 499.0 1007.0 448.0 1007.0 large-vehicle 0
430.0 927.0 479.0 927.0 479.0 952.0 430.0 952.0 large-vehicle 0
432.0 860.0 484.0 860.0 484.0 883.0 432.0 883.0 large-vehicle 0
432.0 834.0 484.0 834.0 484.0 856.0 432.0 856.0 large-vehicle 0
408.0 730.0 469.0 730.0 469.0 761.0 408.0 761.0 large-vehicle 0
421.0 663.0 450.0 663.0 450.0 724.0 421.0 724.0 large-vehicle 0
857.0 939.0 914.0 939.0 914.0 970.0 857.0 970.0 large-vehicle 0
844.0 891.0 910.0 891.0 910.0 920.0 844.0 920.0 large-vehicle 0
962.0 956.0 1019.0 956.0 1019.0 986.0 962.0 986.0 large-vehicle 0
1042.0 954.0 1093.0 954.0 1093.0 979.0 1042.0 979.0 small-vehicle 0
897.0 1362.0 991.0 1362.0 991.0 1426.0 897.0 1426.0 large-vehicle 0
673.0 1169.0 712.0 1169.0 712.0 1272.0 673.0 1272.0 large-vehicle 0
615.0 1177.0 650.0 1177.0 650.0 1264.0 615.0 1264.0 large-vehicle 0
975.0 1026.0 1048.0 1026.0 1048.0 1059.0 975.0 1059.0 large-vehicle 0
971.0 1059.0 1030.0 1059.0 1030.0 1088.0 971.0 1088.0 large-vehicle 0
190.0 1212.0 252.0 1212.0 252.0 1282.0 190.0 1282.0 large-vehicle 0
214.0 1140.0 258.0 1140.0 258.0 1192.0 214.0 1192.0 small-vehicle 0
82.0 1126.0 119.0 1126.0 119.0 1167.0 82.0 1167.0 small-vehicle 0
467.0 1493.0 517.0 1493.0 517.0 1550.0 467.0 1550.0 small-vehicle 0
906.0 1332.0 1007.0 1332.0 1007.0 1397.0 906.0 1397.0 large-vehicle 0
928.0 1303.0 1037.0 1303.0 1037.0 1365.0 928.0 1365.0 large-vehicle 0
966.0 1282.0 1060.0 1282.0 1060.0 1334.0 966.0 1334.0 large-vehicle 0
1079.0 1099.0 1232.0 1099.0 1232.0 1146.0 1079.0 1146.0 large-vehicle 0
1144.0 1068.0 1247.0 1068.0 1247.0 1099.0 1144.0 1099.0 large-vehicle 0
1056.0 1046.0 1119.0 1046.0 1119.0 1078.0 1056.0 1078.0 large-vehicle 0
1052.0 1013.0 1108.0 1013.0 1108.0 1037.0 1052.0 1037.0 small-vehicle 0
1136.0 314.0 1184.0 314.0 1184.0 359.0 1136.0 359.0 small-vehicle 0
1046.0 286.0 1098.0 286.0 1098.0 336.0 1046.0 336.0 small-vehicle 0
1175.0 96.0 1217.0 96.0 1217.0 143.0 1175.0 143.0 small-vehicle 0
1161.0 86.0 1200.0 86.0 1200.0 129.0 1161.0 129.0 small-vehicle 0
1145.0 71.0 1186.0 71.0 1186.0 113.0 1145.0 113.0 small-vehicle 0
1127.0 59.0 1167.0 59.0 1167.0 97.0 1127.0 97.0 small-vehicle 0
1223.0 14.0 1264.0 14.0 1264.0 55.0 1223.0 55.0 small-vehicle 0
1240.0 31.0 1278.0 31.0 1278.0 71.0 1240.0 71.0 small-vehicle 0
1318.0 96.0 1355.0 96.0 1355.0 138.0 1318.0 138.0 small-vehicle 0
1394.0 162.0 1432.0 162.0 1432.0 202.0 1394.0 202.0 small-vehicle 0
1411.0 178.0 1448.0 178.0 1448.0 217.0 1411.0 217.0 small-vehicle 0
1400.0 290.0 1435.0 290.0 1435.0 329.0 1400.0 329.0 small-vehicle 0
266.0 1011.0 348.0 1011.0 348.0 1101.0 266.0 1101.0 large-vehicle 0
364.0 1137.0 444.0 1137.0 444.0 1229.0 364.0 1229.0 large-vehicle 0
470.0 1052.0 506.0 1052.0 506.0 1152.0 470.0 1152.0 large-vehicle 0
841.0 1561.0 877.0 1561.0 877.0 1657.0 841.0 1657.0 large-vehicle 0
864.0 1513.0 908.0 1513.0 908.0 1658.0 864.0 1658.0 large-vehicle 0
525.0 1313.0 644.0 1313.0 644.0 1446.0 525.0 1446.0 large-vehicle 0
792.0 1385.0 887.0 1385.0 887.0 1477.0 792.0 1477.0 large-vehicle 0
852.0 1403.0 946.0 1403.0 946.0 1472.0 852.0 1472.0 large-vehicle 0
882.0 1387.0 961.0 1387.0 961.0 1446.0 882.0 1446.0 large-vehicle 0
636.0 363.0 662.0 363.0 662.0 422.0 636.0 422.0 large-vehicle 0
