372.0 432.0 394.0 432.0 394.0 475.0 372.0 475.0 small-vehicle 1
677.0 432.0 710.0 432.0 710.0 503.0 677.0 503.0 large-vehicle 0
651.0 329.0 746.0 329.0 746.0 360.0 651.0 360.0 large-vehicle 0
764.0 393.0 835.0 393.0 835.0 425.0 764.0 425.0 large-vehicle 0
898.0 447.0 931.0 447.0 931.0 528.0 898.0 528.0 large-vehicle 0
872.0 460.0 902.0 460.0 902.0 531.0 872.0 531.0 large-vehicle 0
813.0 438.0 842.0 438.0 842.0 507.0 813.0 507.0 large-vehicle 0
680.0 396.0 756.0 396.0 756.0 426.0 680.0 426.0 large-vehicle 0
640.0 429.0 672.0 429.0 672.0 509.0 640.0 509.0 large-vehicle 0
617.0 445.0 647.0 445.0 647.0 519.0 617.0 519.0 large-vehicle 0
531.0 402.0 602.0 402.0 602.0 431.0 531.0 431.0 large-vehicle 0
534.0 438.0 566.0 438.0 566.0 509.0 534.0 509.0 large-vehicle 0
506.0 438.0 537.0 438.0 537.0 511.0 506.0 511.0 large-vehicle 0
564.0 439.0 598.0 439.0 598.0 506.0 564.0 506.0 large-vehicle 0
707.0 440.0 736.0 440.0 736.0 509.0 707.0 509.0 large-vehicle 0
346.0 422.0 367.0 422.0 367.0 465.0 346.0 465.0 small-vehicle 0
734.0 432.0 762.0 432.0 762.0 496.0 734.0 496.0 large-vehicle 0
761.0 441.0 791.0 441.0 791.0 512.0 761.0 512.0 large-vehicle 0
790.0 439.0 819.0 439.0 819.0 513.0 790.0 513.0 large-vehicle 0
247.0 335.0 349.0 335.0 349.0 369.0 247.0 369.0 large-vehicle 0
758.0 328.0 851.0 328.0 851.0 360.0 758.0 360.0 large-vehicle 0
900.0 271.0 931.0 271.0 931.0 336.0 900.0 336.0 large-vehicle 0
903.0 161.0 936.0 161.0 936.0 257.0 903.0 257.0 large-vehicle 0
176.0 362.0 312.0 362.0 312.0 400.0 176.0 400.0 large-vehicle 0
72.0 361.0 178.0 361.0 178.0 396.0 72.0 396.0 large-vehicle 0
469.0 398.0 507.0 398.0 507.0 518.0 469.0 518.0 large-vehicle 0
840.0 416.0 877.0 416.0 877.0 511.0 840.0 511.0 large-vehicle 0
876.0 574.0 921.0 574.0 921.0 617.0 876.0 617.0 small-vehicle 0
547.0 331.0 642.0 331.0 642.0 363.0 547.0 363.0 large-vehicle 0
