1023.0 256.0 1062.0 256.0 1062.0 277.0 1023.0 277.0 small-vehicle 0
723.0 656.0 743.0 656.0 743.0 691.0 723.0 691.0 small-vehicle 0
681.0 657.0 699.0 657.0 699.0 696.0 681.0 696.0 small-vehicle 0
940.0 685.0 962.0 685.0 962.0 721.0 940.0 721.0 small-vehicle 0
918.0 685.0 938.0 685.0 938.0 726.0 918.0 726.0 small-vehicle 0
896.0 691.0 916.0 691.0 916.0 726.0 896.0 726.0 small-vehicle 0
874.0 688.0 894.0 688.0 894.0 727.0 874.0 727.0 small-vehicle 0
852.0 686.0 872.0 686.0 872.0 728.0 852.0 728.0 small-vehicle 0
833.0 688.0 854.0 688.0 854.0 718.0 833.0 718.0 small-vehicle 0
810.0 693.0 833.0 693.0 833.0 729.0 810.0 729.0 small-vehicle 0
792.0 690.0 811.0 690.0 811.0 733.0 792.0 733.0 small-vehicle 0
766.0 693.0 789.0 693.0 789.0 736.0 766.0 736.0 small-vehicle 0
745.0 693.0 768.0 693.0 768.0 736.0 745.0 736.0 small-vehicle 0
726.0 691.0 747.0 691.0 747.0 733.0 726.0 733.0 small-vehicle 0
701.0 694.0 727.0 694.0 727.0 740.0 701.0 740.0 small-vehicle 0
659.0 705.0 683.0 705.0 683.0 744.0 659.0 744.0 small-vehicle 0
634.0 658.0 657.0 658.0 657.0 696.0 634.0 696.0 small-vehicle 0
638.0 702.0 662.0 702.0 662.0 741.0 638.0 741.0 small-vehicle 0
617.0 700.0 637.0 700.0 637.0 738.0 617.0 738.0 small-vehicle 0
592.0 656.0 617.0 656.0 617.0 703.0 592.0 703.0 small-vehicle 0
596.0 700.0 618.0 700.0 618.0 738.0 596.0 738.0 small-vehicle 0
576.0 698.0 599.0 698.0 599.0 744.0 576.0 744.0 small-vehicle 0
557.0 709.0 579.0 709.0 579.0 746.0 557.0 746.0 small-vehicle 0
698.0 654.0 720.0 654.0 720.0 693.0 698.0 693.0 small-vehicle 0
746.0 654.0 763.0 654.0 763.0 688.0 746.0 688.0 small-vehicle 0
1017.0 234.0 1056.0 234.0 1056.0 257.0 1017.0 257.0 small-vehicle 0
766.0 651.0 789.0 651.0 789.0 694.0 766.0 694.0 small-vehicle 0
739.0 566.0 760.0 566.0 760.0 601.0 739.0 601.0 small-vehicle 0
759.0 568.0 783.0 568.0 783.0 607.0 759.0 607.0 small-vehicle 0
782.0 563.0 804.0 563.0 804.0 604.0 782.0 604.0 small-vehicle 0
805.0 560.0 824.0 560.0 824.0 603.0 805.0 603.0 small-vehicle 0
826.0 560.0 846.0 560.0 846.0 599.0 826.0 599.0 small-vehicle 0
867.0 555.0 894.0 555.0 894.0 599.0 867.0 599.0 small-vehicle 0
889.0 554.0 912.0 554.0 912.0 589.0 889.0 589.0 small-vehicle 0
911.0 552.0 932.0 552.0 932.0 592.0 911.0 592.0 small-vehicle 0
934.0 552.0 956.0 552.0 956.0 594.0 934.0 594.0 small-vehicle 0
957.0 551.0 981.0 551.0 981.0 594.0 957.0 594.0 small-vehicle 0
864.0 594.0 907.0 594.0 907.0 628.0 864.0 628.0 small-vehicle 0
913.0 610.0 956.0 610.0 956.0 637.0 913.0 637.0 small-vehicle 0
961.0 640.0 981.0 640.0 981.0 679.0 961.0 679.0 small-vehicle 0
940.0 643.0 961.0 643.0 961.0 681.0 940.0 681.0 small-vehicle 0
916.0 636.0 937.0 636.0 937.0 682.0 916.0 682.0 small-vehicle 0
895.0 640.0 916.0 640.0 916.0 682.0 895.0 682.0 small-vehicle 0
875.0 645.0 893.0 645.0 893.0 683.0 875.0 683.0 small-vehicle 0
852.0 647.0 871.0 647.0 871.0 686.0 852.0 686.0 small-vehicle 0
828.0 648.0 851.0 648.0 851.0 688.0 828.0 688.0 small-vehicle 0
807.0 647.0 831.0 647.0 831.0 690.0 807.0 690.0 small-vehicle 0
787.0 648.0 811.0 648.0 811.0 687.0 787.0 687.0 small-vehicle 0
529.0 666.0 551.0 666.0 551.0 706.0 529.0 706.0 small-vehicle 0
967.0 767.0 988.0 767.0 988.0 808.0 967.0 808.0 small-vehicle 0
936.0 767.0 959.0 767.0 959.0 810.0 936.0 810.0 small-vehicle 0
908.0 770.0 931.0 770.0 931.0 814.0 908.0 814.0 small-vehicle 0
915.0 900.0 938.0 900.0 938.0 946.0 915.0 946.0 small-vehicle 0
855.0 909.0 875.0 909.0 875.0 946.0 855.0 946.0 small-vehicle 0
826.0 910.0 848.0 910.0 848.0 950.0 826.0 950.0 small-vehicle 0
796.0 910.0 819.0 910.0 819.0 952.0 796.0 952.0 small-vehicle 0
671.0 919.0 694.0 919.0 694.0 957.0 671.0 957.0 small-vehicle 0
584.0 920.0 606.0 920.0 606.0 958.0 584.0 958.0 small-vehicle 0
181.0 624.0 224.0 624.0 224.0 662.0 181.0 662.0 small-vehicle 0
151.0 663.0 194.0 663.0 194.0 686.0 151.0 686.0 small-vehicle 0
534.0 710.0 553.0 710.0 553.0 745.0 534.0 745.0 small-vehicle 0
443.0 719.0 463.0 719.0 463.0 753.0 443.0 753.0 small-vehicle 0
306.0 719.0 328.0 719.0 328.0 764.0 306.0 764.0 small-vehicle 0
283.0 723.0 305.0 723.0 305.0 763.0 283.0 763.0 small-vehicle 0
220.0 686.0 241.0 686.0 241.0 730.0 220.0 730.0 small-vehicle 0
267.0 770.0 311.0 770.0 311.0 800.0 267.0 800.0 small-vehicle 0
249.0 815.0 269.0 815.0 269.0 854.0 249.0 854.0 small-vehicle 0
348.0 800.0 371.0 800.0 371.0 841.0 348.0 841.0 small-vehicle 0
379.0 801.0 398.0 801.0 398.0 841.0 379.0 841.0 small-vehicle 0
408.0 797.0 429.0 797.0 429.0 844.0 408.0 844.0 small-vehicle 0
438.0 808.0 459.0 808.0 459.0 843.0 438.0 843.0 small-vehicle 0
467.0 800.0 487.0 800.0 487.0 842.0 467.0 842.0 small-vehicle 0
463.0 847.0 481.0 847.0 481.0 888.0 463.0 888.0 small-vehicle 0
776.0 877.0 818.0 877.0 818.0 898.0 776.0 898.0 small-vehicle 0
552.0 837.0 574.0 837.0 574.0 879.0 552.0 879.0 small-vehicle 0
563.0 793.0 583.0 793.0 583.0 834.0 563.0 834.0 small-vehicle 0
788.0 830.0 806.0 830.0 806.0 862.0 788.0 862.0 small-vehicle 0
879.0 773.0 901.0 773.0 901.0 811.0 879.0 811.0 small-vehicle 0
852.0 780.0 871.0 780.0 871.0 822.0 852.0 822.0 small-vehicle 0
823.0 776.0 841.0 776.0 841.0 821.0 823.0 821.0 small-vehicle 0
816.0 819.0 836.0 819.0 836.0 861.0 816.0 861.0 small-vehicle 0
912.0 812.0 936.0 812.0 936.0 853.0 912.0 853.0 small-vehicle 0
887.0 816.0 904.0 816.0 904.0 860.0 887.0 860.0 small-vehicle 0
850.0 820.0 867.0 820.0 867.0 858.0 850.0 858.0 small-vehicle 0
791.0 779.0 813.0 779.0 813.0 821.0 791.0 821.0 small-vehicle 0
762.0 778.0 780.0 778.0 780.0 817.0 762.0 817.0 small-vehicle 0
755.0 823.0 775.0 823.0 775.0 863.0 755.0 863.0 small-vehicle 0
584.0 834.0 604.0 834.0 604.0 872.0 584.0 872.0 small-vehicle 0
705.0 780.0 724.0 780.0 724.0 820.0 705.0 820.0 small-vehicle 0
704.0 825.0 723.0 825.0 723.0 863.0 704.0 863.0 small-vehicle 0
677.0 783.0 700.0 783.0 700.0 826.0 677.0 826.0 small-vehicle 0
672.0 828.0 691.0 828.0 691.0 869.0 672.0 869.0 small-vehicle 0
649.0 786.0 673.0 786.0 673.0 825.0 649.0 825.0 small-vehicle 0
645.0 827.0 665.0 827.0 665.0 867.0 645.0 867.0 small-vehicle 0
620.0 785.0 642.0 785.0 642.0 827.0 620.0 827.0 small-vehicle 0
614.0 835.0 635.0 835.0 635.0 872.0 614.0 872.0 small-vehicle 0
591.0 786.0 612.0 786.0 612.0 829.0 591.0 829.0 small-vehicle 0
952.0 501.0 976.0 501.0 976.0 545.0 952.0 545.0 small-vehicle 0
930.0 508.0 949.0 508.0 949.0 546.0 930.0 546.0 small-vehicle 0
885.0 516.0 906.0 516.0 906.0 553.0 885.0 553.0 small-vehicle 0
313.0 589.0 336.0 589.0 336.0 631.0 313.0 631.0 small-vehicle 0
767.0 302.0 791.0 302.0 791.0 339.0 767.0 339.0 small-vehicle 0
745.0 300.0 769.0 300.0 769.0 340.0 745.0 340.0 small-vehicle 0
717.0 261.0 746.0 261.0 746.0 306.0 717.0 306.0 small-vehicle 0
676.0 268.0 699.0 268.0 699.0 307.0 676.0 307.0 small-vehicle 0
680.0 307.0 704.0 307.0 704.0 351.0 680.0 351.0 small-vehicle 0
631.0 261.0 657.0 261.0 657.0 307.0 631.0 307.0 small-vehicle 0
574.0 278.0 595.0 278.0 595.0 317.0 574.0 317.0 small-vehicle 0
397.0 326.0 420.0 326.0 420.0 363.0 397.0 363.0 small-vehicle 0
356.0 292.0 379.0 292.0 379.0 332.0 356.0 332.0 small-vehicle 0
279.0 331.0 300.0 331.0 300.0 367.0 279.0 367.0 small-vehicle 0
217.0 296.0 240.0 296.0 240.0 334.0 217.0 334.0 small-vehicle 0
53.0 324.0 93.0 324.0 93.0 346.0 53.0 346.0 small-vehicle 0
54.0 385.0 100.0 385.0 100.0 407.0 54.0 407.0 small-vehicle 0
265.0 422.0 288.0 422.0 288.0 466.0 265.0 466.0 small-vehicle 0
204.0 428.0 226.0 428.0 226.0 466.0 204.0 466.0 small-vehicle 0
363.0 419.0 383.0 419.0 383.0 458.0 363.0 458.0 small-vehicle 0
445.0 458.0 469.0 458.0 469.0 498.0 445.0 498.0 small-vehicle 0
271.0 548.0 295.0 548.0 295.0 594.0 271.0 594.0 small-vehicle 0
48.0 600.0 87.0 600.0 87.0 621.0 48.0 621.0 small-vehicle 0
49.0 642.0 87.0 642.0 87.0 665.0 49.0 665.0 small-vehicle 0
213.0 595.0 236.0 595.0 236.0 638.0 213.0 638.0 small-vehicle 0
808.0 300.0 832.0 300.0 832.0 341.0 808.0 341.0 small-vehicle 0
831.0 299.0 855.0 299.0 855.0 343.0 831.0 343.0 small-vehicle 0
873.0 297.0 900.0 297.0 900.0 342.0 873.0 342.0 small-vehicle 0
820.0 156.0 844.0 156.0 844.0 197.0 820.0 197.0 small-vehicle 0
229.0 246.0 268.0 246.0 268.0 267.0 229.0 267.0 small-vehicle 0
51.0 288.0 86.0 288.0 86.0 306.0 51.0 306.0 small-vehicle 0
537.0 180.0 561.0 180.0 561.0 221.0 537.0 221.0 small-vehicle 0
575.0 176.0 598.0 176.0 598.0 214.0 575.0 214.0 small-vehicle 0
618.0 171.0 639.0 171.0 639.0 211.0 618.0 211.0 small-vehicle 0
660.0 170.0 683.0 170.0 683.0 210.0 660.0 210.0 small-vehicle 0
702.0 165.0 722.0 165.0 722.0 204.0 702.0 204.0 small-vehicle 0
721.0 163.0 742.0 163.0 742.0 206.0 721.0 206.0 small-vehicle 0
801.0 159.0 822.0 159.0 822.0 197.0 801.0 197.0 small-vehicle 0
841.0 156.0 862.0 156.0 862.0 196.0 841.0 196.0 small-vehicle 0
896.0 297.0 921.0 297.0 921.0 337.0 896.0 337.0 small-vehicle 0
906.0 155.0 924.0 155.0 924.0 195.0 906.0 195.0 small-vehicle 0
675.0 216.0 715.0 216.0 715.0 240.0 675.0 240.0 small-vehicle 0
936.0 252.0 959.0 252.0 959.0 292.0 936.0 292.0 small-vehicle 0
915.0 252.0 936.0 252.0 936.0 294.0 915.0 294.0 small-vehicle 0
891.0 253.0 916.0 253.0 916.0 294.0 891.0 294.0 small-vehicle 0
849.0 256.0 872.0 256.0 872.0 300.0 849.0 300.0 small-vehicle 0
807.0 264.0 828.0 264.0 828.0 301.0 807.0 301.0 small-vehicle 0
787.0 263.0 807.0 263.0 807.0 307.0 787.0 307.0 small-vehicle 0
943.0 294.0 966.0 294.0 966.0 335.0 943.0 335.0 small-vehicle 0
257.0 594.0 280.0 594.0 280.0 633.0 257.0 633.0 small-vehicle 0
450.0 543.0 472.0 543.0 472.0 582.0 450.0 582.0 small-vehicle 0
862.0 516.0 884.0 516.0 884.0 557.0 862.0 557.0 small-vehicle 0
414.0 586.0 437.0 586.0 437.0 623.0 414.0 623.0 small-vehicle 0
815.0 391.0 836.0 391.0 836.0 429.0 815.0 429.0 small-vehicle 0
817.0 432.0 837.0 432.0 837.0 470.0 817.0 470.0 small-vehicle 0
837.0 390.0 856.0 390.0 856.0 431.0 837.0 431.0 small-vehicle 0
860.0 393.0 880.0 393.0 880.0 432.0 860.0 432.0 small-vehicle 0
880.0 388.0 902.0 388.0 902.0 428.0 880.0 428.0 small-vehicle 0
902.0 387.0 923.0 387.0 923.0 427.0 902.0 427.0 small-vehicle 0
922.0 386.0 945.0 386.0 945.0 427.0 922.0 427.0 small-vehicle 0
946.0 382.0 969.0 382.0 969.0 425.0 946.0 425.0 small-vehicle 0
840.0 435.0 858.0 435.0 858.0 470.0 840.0 470.0 small-vehicle 0
860.0 433.0 882.0 433.0 882.0 471.0 860.0 471.0 small-vehicle 0
904.0 427.0 927.0 427.0 927.0 469.0 904.0 469.0 small-vehicle 0
925.0 426.0 946.0 426.0 946.0 463.0 925.0 463.0 small-vehicle 0
945.0 425.0 968.0 425.0 968.0 464.0 945.0 464.0 small-vehicle 0
877.0 458.0 909.0 458.0 909.0 500.0 877.0 500.0 small-vehicle 0
1026.0 382.0 1050.0 382.0 1050.0 431.0 1026.0 431.0 small-vehicle 0
737.0 526.0 757.0 526.0 757.0 565.0 737.0 565.0 small-vehicle 0
756.0 524.0 781.0 524.0 781.0 564.0 756.0 564.0 small-vehicle 0
778.0 523.0 802.0 523.0 802.0 562.0 778.0 562.0 small-vehicle 0
801.0 518.0 823.0 518.0 823.0 560.0 801.0 560.0 small-vehicle 0
823.0 523.0 843.0 523.0 843.0 559.0 823.0 559.0 small-vehicle 0
843.0 514.0 864.0 514.0 864.0 558.0 843.0 558.0 small-vehicle 0
776.0 435.0 796.0 435.0 796.0 474.0 776.0 474.0 small-vehicle 0
772.0 392.0 793.0 392.0 793.0 430.0 772.0 430.0 small-vehicle 0
731.0 434.0 755.0 434.0 755.0 478.0 731.0 478.0 small-vehicle 0
673.0 569.0 694.0 569.0 694.0 610.0 673.0 610.0 small-vehicle 0
438.0 631.0 474.0 631.0 474.0 653.0 438.0 653.0 small-vehicle 0
484.0 592.0 504.0 592.0 504.0 628.0 484.0 628.0 small-vehicle 0
454.0 586.0 476.0 586.0 476.0 620.0 454.0 620.0 small-vehicle 0
413.0 543.0 432.0 543.0 432.0 584.0 413.0 584.0 small-vehicle 0
587.0 534.0 606.0 534.0 606.0 571.0 587.0 571.0 small-vehicle 0
605.0 520.0 632.0 520.0 632.0 568.0 605.0 568.0 small-vehicle 0
589.0 571.0 609.0 571.0 609.0 612.0 589.0 612.0 small-vehicle 0
609.0 566.0 631.0 566.0 631.0 608.0 609.0 608.0 small-vehicle 0
654.0 568.0 673.0 568.0 673.0 612.0 654.0 612.0 small-vehicle 0
648.0 523.0 671.0 523.0 671.0 568.0 648.0 568.0 small-vehicle 0
711.0 437.0 732.0 437.0 732.0 477.0 711.0 477.0 small-vehicle 0
693.0 528.0 714.0 528.0 714.0 570.0 693.0 570.0 small-vehicle 0
1016.0 295.0 1064.0 295.0 1064.0 321.0 1016.0 321.0 small-vehicle 0
536.0 409.0 558.0 409.0 558.0 451.0 536.0 451.0 small-vehicle 0
599.0 403.0 623.0 403.0 623.0 446.0 599.0 446.0 small-vehicle 0
625.0 441.0 647.0 441.0 647.0 485.0 625.0 485.0 small-vehicle 0
620.0 398.0 644.0 398.0 644.0 442.0 620.0 442.0 small-vehicle 0
644.0 398.0 666.0 398.0 666.0 441.0 644.0 441.0 small-vehicle 0
685.0 396.0 706.0 396.0 706.0 442.0 685.0 442.0 small-vehicle 0
688.0 440.0 706.0 440.0 706.0 472.0 688.0 472.0 small-vehicle 0
431.0 844.0 452.0 844.0 452.0 884.0 431.0 884.0 small-vehicle 0
398.0 848.0 424.0 848.0 424.0 888.0 398.0 888.0 small-vehicle 0
371.0 847.0 393.0 847.0 393.0 887.0 371.0 887.0 small-vehicle 0
1293.0 1770.0 1335.0 1770.0 1335.0 1806.0 1293.0 1806.0 small-vehicle 0
1143.0 1474.0 1178.0 1474.0 1178.0 1493.0 1143.0 1493.0 small-vehicle 0
1103.0 1517.0 1140.0 1517.0 1140.0 1534.0 1103.0 1534.0 small-vehicle 0
1104.0 1536.0 1141.0 1536.0 1141.0 1553.0 1104.0 1553.0 small-vehicle 0
1155.0 1635.0 1191.0 1635.0 1191.0 1655.0 1155.0 1655.0 small-vehicle 0
1247.0 1216.0 1273.0 1216.0 1273.0 1257.0 1247.0 1257.0 small-vehicle 0
1266.0 1228.0 1292.0 1228.0 1292.0 1271.0 1266.0 1271.0 small-vehicle 0
1287.0 1228.0 1323.0 1228.0 1323.0 1268.0 1287.0 1268.0 small-vehicle 0
1302.0 1244.0 1342.0 1244.0 1342.0 1286.0 1302.0 1286.0 small-vehicle 0
1317.0 1260.0 1357.0 1260.0 1357.0 1301.0 1317.0 1301.0 small-vehicle 0
1338.0 1267.0 1379.0 1267.0 1379.0 1311.0 1338.0 1311.0 small-vehicle 0
1223.0 1292.0 1243.0 1292.0 1243.0 1333.0 1223.0 1333.0 small-vehicle 0
1222.0 1340.0 1259.0 1340.0 1259.0 1359.0 1222.0 1359.0 small-vehicle 0
1225.0 1398.0 1269.0 1398.0 1269.0 1419.0 1225.0 1419.0 small-vehicle 0
1230.0 1437.0 1273.0 1437.0 1273.0 1458.0 1230.0 1458.0 small-vehicle 0
1357.0 1308.0 1401.0 1308.0 1401.0 1345.0 1357.0 1345.0 small-vehicle 0
1371.0 1333.0 1409.0 1333.0 1409.0 1362.0 1371.0 1362.0 small-vehicle 0
1379.0 1354.0 1419.0 1354.0 1419.0 1380.0 1379.0 1380.0 small-vehicle 0
1380.0 1384.0 1418.0 1384.0 1418.0 1406.0 1380.0 1406.0 small-vehicle 0
1239.0 1558.0 1277.0 1558.0 1277.0 1577.0 1239.0 1577.0 small-vehicle 0
1234.0 1597.0 1277.0 1597.0 1277.0 1618.0 1234.0 1618.0 small-vehicle 0
1239.0 1655.0 1277.0 1655.0 1277.0 1675.0 1239.0 1675.0 small-vehicle 0
1138.0 1452.0 1176.0 1452.0 1176.0 1474.0 1138.0 1474.0 small-vehicle 0
1093.0 1455.0 1139.0 1455.0 1139.0 1478.0 1093.0 1478.0 small-vehicle 0
1138.0 1393.0 1179.0 1393.0 1179.0 1413.0 1138.0 1413.0 small-vehicle 0
1130.0 1243.0 1165.0 1243.0 1165.0 1262.0 1130.0 1262.0 small-vehicle 0
1239.0 1154.0 1282.0 1154.0 1282.0 1175.0 1239.0 1175.0 small-vehicle 0
1262.0 1173.0 1302.0 1173.0 1302.0 1200.0 1262.0 1200.0 small-vehicle 0
1329.0 1193.0 1371.0 1193.0 1371.0 1228.0 1329.0 1228.0 small-vehicle 0
1402.0 1258.0 1436.0 1258.0 1436.0 1300.0 1402.0 1300.0 small-vehicle 0
1084.0 1202.0 1120.0 1202.0 1120.0 1222.0 1084.0 1222.0 small-vehicle 0
1125.0 1199.0 1164.0 1199.0 1164.0 1217.0 1125.0 1217.0 small-vehicle 0
1083.0 1221.0 1121.0 1221.0 1121.0 1241.0 1083.0 1241.0 small-vehicle 0
1123.0 1217.0 1165.0 1217.0 1165.0 1237.0 1123.0 1237.0 small-vehicle 0
1086.0 1241.0 1129.0 1241.0 1129.0 1265.0 1086.0 1265.0 small-vehicle 0
1091.0 1264.0 1129.0 1264.0 1129.0 1283.0 1091.0 1283.0 small-vehicle 0
1098.0 1399.0 1136.0 1399.0 1136.0 1418.0 1098.0 1418.0 small-vehicle 0
1131.0 1264.0 1168.0 1264.0 1168.0 1284.0 1131.0 1284.0 small-vehicle 0
1129.0 1284.0 1174.0 1284.0 1174.0 1307.0 1129.0 1307.0 small-vehicle 0
1091.0 1288.0 1127.0 1288.0 1127.0 1307.0 1091.0 1307.0 small-vehicle 0
1132.0 1306.0 1172.0 1306.0 1172.0 1329.0 1132.0 1329.0 small-vehicle 0
1134.0 1331.0 1169.0 1331.0 1169.0 1350.0 1134.0 1350.0 small-vehicle 0
1098.0 1333.0 1135.0 1333.0 1135.0 1352.0 1098.0 1352.0 small-vehicle 0
1098.0 1352.0 1136.0 1352.0 1136.0 1373.0 1098.0 1373.0 small-vehicle 0
1134.0 1351.0 1169.0 1351.0 1169.0 1369.0 1134.0 1369.0 small-vehicle 0
1134.0 1369.0 1172.0 1369.0 1172.0 1390.0 1134.0 1390.0 small-vehicle 0
1341.0 1676.0 1381.0 1676.0 1381.0 1708.0 1341.0 1708.0 small-vehicle 0
1356.0 1867.0 1388.0 1867.0 1388.0 1908.0 1356.0 1908.0 small-vehicle 0
992.0 1760.0 1034.0 1760.0 1034.0 1781.0 992.0 1781.0 small-vehicle 0
1320.0 1923.0 1357.0 1923.0 1357.0 1971.0 1320.0 1971.0 small-vehicle 0
320.0 1785.0 426.0 1785.0 426.0 1839.0 320.0 1839.0 large-vehicle 0
754.0 1805.0 794.0 1805.0 794.0 1868.0 754.0 1868.0 small-vehicle 0
1509.0 1385.0 1543.0 1385.0 1543.0 1426.0 1509.0 1426.0 small-vehicle 0
1524.0 1272.0 1567.0 1272.0 1567.0 1304.0 1524.0 1304.0 small-vehicle 0
1531.0 1298.0 1571.0 1298.0 1571.0 1326.0 1531.0 1326.0 small-vehicle 0
1537.0 1318.0 1578.0 1318.0 1578.0 1348.0 1537.0 1348.0 small-vehicle 0
1480.0 1126.0 1503.0 1126.0 1503.0 1171.0 1480.0 1171.0 small-vehicle 0
1502.0 1126.0 1525.0 1126.0 1525.0 1167.0 1502.0 1167.0 small-vehicle 0
1526.0 1124.0 1544.0 1124.0 1544.0 1159.0 1526.0 1159.0 small-vehicle 0
1547.0 1127.0 1565.0 1127.0 1565.0 1165.0 1547.0 1165.0 small-vehicle 0
1567.0 1130.0 1581.0 1130.0 1581.0 1163.0 1567.0 1163.0 small-vehicle 0
1031.0 436.0 1053.0 436.0 1053.0 481.0 1031.0 481.0 small-vehicle 0
951.0 20.0 1000.0 20.0 1000.0 45.0 951.0 45.0 small-vehicle 0
1094.0 43.0 1134.0 43.0 1134.0 63.0 1094.0 63.0 small-vehicle 0
299.0 58.0 341.0 58.0 341.0 79.0 299.0 79.0 small-vehicle 0
298.0 91.0 344.0 91.0 344.0 116.0 298.0 116.0 small-vehicle 0
132.0 65.0 174.0 65.0 174.0 86.0 132.0 86.0 small-vehicle 0
26.0 491.0 68.0 491.0 68.0 524.0 26.0 524.0 small-vehicle 0
319.0 1466.0 365.0 1466.0 365.0 1500.0 319.0 1500.0 small-vehicle 0
160.0 2136.0 188.0 2136.0 188.0 2159.0 160.0 2159.0 small-vehicle 0
245.0 2184.0 281.0 2184.0 281.0 2214.0 245.0 2214.0 small-vehicle 0
356.0 1841.0 437.0 1841.0 437.0 1884.0 356.0 1884.0 large-vehicle 0
359.0 1867.0 447.0 1867.0 447.0 1907.0 359.0 1907.0 large-vehicle 0
391.0 1888.0 475.0 1888.0 475.0 1927.0 391.0 1927.0 large-vehicle 0
844.0 2004.0 878.0 2004.0 878.0 2046.0 844.0 2046.0 small-vehicle 0
1239.0 2043.0 1281.0 2043.0 1281.0 2088.0 1239.0 2088.0 small-vehicle 0
1308.0 2037.0 1343.0 2037.0 1343.0 2056.0 1308.0 2056.0 small-vehicle 0
1191.0 2115.0 1221.0 2115.0 1221.0 2151.0 1191.0 2151.0 small-vehicle 0
1118.0 2111.0 1161.0 2111.0 1161.0 2153.0 1118.0 2153.0 small-vehicle 0
1108.0 2058.0 1146.0 2058.0 1146.0 2098.0 1108.0 2098.0 small-vehicle 0
1047.0 2134.0 1080.0 2134.0 1080.0 2172.0 1047.0 2172.0 small-vehicle 0
914.0 2116.0 958.0 2116.0 958.0 2160.0 914.0 2160.0 small-vehicle 0
892.0 2087.0 926.0 2087.0 926.0 2126.0 892.0 2126.0 small-vehicle 0
862.0 2041.0 898.0 2041.0 898.0 2083.0 862.0 2083.0 small-vehicle 0
892.0 2138.0 939.0 2138.0 939.0 2183.0 892.0 2183.0 small-vehicle 0
475.0 1954.0 518.0 1954.0 518.0 2050.0 475.0 2050.0 large-vehicle 0
869.0 2110.0 905.0 2110.0 905.0 2151.0 869.0 2151.0 small-vehicle 0
840.0 2069.0 875.0 2069.0 875.0 2111.0 840.0 2111.0 small-vehicle 0
795.0 1975.0 828.0 1975.0 828.0 2017.0 795.0 2017.0 small-vehicle 0
774.0 2016.0 808.0 2016.0 808.0 2061.0 774.0 2061.0 small-vehicle 0
802.0 2093.0 825.0 2093.0 825.0 2133.0 802.0 2133.0 small-vehicle 0
595.0 1912.0 629.0 1912.0 629.0 1985.0 595.0 1985.0 large-vehicle 0
546.0 1917.0 588.0 1917.0 588.0 2029.0 546.0 2029.0 large-vehicle 0
524.0 1927.0 564.0 1927.0 564.0 2032.0 524.0 2032.0 large-vehicle 0
501.0 1949.0 541.0 1949.0 541.0 2039.0 501.0 2039.0 large-vehicle 0
1134.0 1158.0 1173.0 1158.0 1173.0 1177.0 1134.0 1177.0 small-vehicle 0
761.0 1618.0 811.0 1618.0 811.0 1655.0 761.0 1655.0 small-vehicle 0
75.0 994.0 115.0 994.0 115.0 1035.0 75.0 1035.0 small-vehicle 0
614.0 1273.0 652.0 1273.0 652.0 1291.0 614.0 1291.0 small-vehicle 0
621.0 1088.0 643.0 1088.0 643.0 1130.0 621.0 1130.0 small-vehicle 0
599.0 1093.0 621.0 1093.0 621.0 1134.0 599.0 1134.0 small-vehicle 0
575.0 1093.0 600.0 1093.0 600.0 1136.0 575.0 1136.0 small-vehicle 0
556.0 1100.0 576.0 1100.0 576.0 1136.0 556.0 1136.0 small-vehicle 0
924.0 1112.0 949.0 1112.0 949.0 1157.0 924.0 1157.0 small-vehicle 0
901.0 1117.0 926.0 1117.0 926.0 1155.0 901.0 1155.0 small-vehicle 0
882.0 1118.0 902.0 1118.0 902.0 1158.0 882.0 1158.0 small-vehicle 0
857.0 1122.0 878.0 1122.0 878.0 1164.0 857.0 1164.0 small-vehicle 0
838.0 1124.0 859.0 1124.0 859.0 1162.0 838.0 1162.0 small-vehicle 0
816.0 1124.0 839.0 1124.0 839.0 1168.0 816.0 1168.0 small-vehicle 0
796.0 1125.0 819.0 1125.0 819.0 1167.0 796.0 1167.0 small-vehicle 0
771.0 1128.0 797.0 1128.0 797.0 1168.0 771.0 1168.0 small-vehicle 0
730.0 1127.0 753.0 1127.0 753.0 1169.0 730.0 1169.0 small-vehicle 0
708.0 1130.0 730.0 1130.0 730.0 1168.0 708.0 1168.0 small-vehicle 0
686.0 1129.0 709.0 1129.0 709.0 1168.0 686.0 1168.0 small-vehicle 0
665.0 1130.0 689.0 1130.0 689.0 1169.0 665.0 1169.0 small-vehicle 0
647.0 1133.0 667.0 1133.0 667.0 1167.0 647.0 1167.0 small-vehicle 0
604.0 1135.0 626.0 1135.0 626.0 1175.0 604.0 1175.0 small-vehicle 0
580.0 1135.0 603.0 1135.0 603.0 1176.0 580.0 1176.0 small-vehicle 0
478.0 1240.0 520.0 1240.0 520.0 1260.0 478.0 1260.0 small-vehicle 0
573.0 1233.0 617.0 1233.0 617.0 1254.0 573.0 1254.0 small-vehicle 0
644.0 1087.0 664.0 1087.0 664.0 1125.0 644.0 1125.0 small-vehicle 0
663.0 1090.0 685.0 1090.0 685.0 1129.0 663.0 1129.0 small-vehicle 0
685.0 1090.0 706.0 1090.0 706.0 1130.0 685.0 1130.0 small-vehicle 0
710.0 995.0 731.0 995.0 731.0 1040.0 710.0 1040.0 small-vehicle 0
137.0 1071.0 181.0 1071.0 181.0 1119.0 137.0 1119.0 small-vehicle 0
443.0 1103.0 465.0 1103.0 465.0 1146.0 443.0 1146.0 small-vehicle 0
400.0 1107.0 423.0 1107.0 423.0 1146.0 400.0 1146.0 small-vehicle 0
483.0 1141.0 509.0 1141.0 509.0 1183.0 483.0 1183.0 small-vehicle 0
911.0 989.0 931.0 989.0 931.0 1029.0 911.0 1029.0 small-vehicle 0
850.0 993.0 871.0 993.0 871.0 1030.0 850.0 1030.0 small-vehicle 0
818.0 991.0 842.0 991.0 842.0 1034.0 818.0 1034.0 small-vehicle 0
794.0 994.0 818.0 994.0 818.0 1036.0 794.0 1036.0 small-vehicle 0
739.0 994.0 759.0 994.0 759.0 1033.0 739.0 1033.0 small-vehicle 0
678.0 1001.0 701.0 1001.0 701.0 1042.0 678.0 1042.0 small-vehicle 0
705.0 1085.0 727.0 1085.0 727.0 1130.0 705.0 1130.0 small-vehicle 0
648.0 1001.0 670.0 1001.0 670.0 1040.0 648.0 1040.0 small-vehicle 0
923.0 1071.0 944.0 1071.0 944.0 1112.0 923.0 1112.0 small-vehicle 0
900.0 1074.0 921.0 1074.0 921.0 1115.0 900.0 1115.0 small-vehicle 0
879.0 1079.0 900.0 1079.0 900.0 1117.0 879.0 1117.0 small-vehicle 0
856.0 1080.0 878.0 1080.0 878.0 1117.0 856.0 1117.0 small-vehicle 0
836.0 1083.0 856.0 1083.0 856.0 1120.0 836.0 1120.0 small-vehicle 0
790.0 1086.0 816.0 1086.0 816.0 1126.0 790.0 1126.0 small-vehicle 0
774.0 1088.0 792.0 1088.0 792.0 1127.0 774.0 1127.0 small-vehicle 0
749.0 1086.0 775.0 1086.0 775.0 1132.0 749.0 1132.0 small-vehicle 0
578.0 1254.0 618.0 1254.0 618.0 1276.0 578.0 1276.0 small-vehicle 0
617.0 1293.0 653.0 1293.0 653.0 1314.0 617.0 1314.0 small-vehicle 0
979.0 1584.0 1021.0 1584.0 1021.0 1606.0 979.0 1606.0 small-vehicle 0
695.0 1226.0 739.0 1226.0 739.0 1246.0 695.0 1246.0 small-vehicle 0
885.0 1469.0 926.0 1469.0 926.0 1490.0 885.0 1490.0 small-vehicle 0
816.0 1467.0 836.0 1467.0 836.0 1506.0 816.0 1506.0 small-vehicle 0
724.0 1551.0 764.0 1551.0 764.0 1586.0 724.0 1586.0 small-vehicle 0
956.0 1209.0 998.0 1209.0 998.0 1228.0 956.0 1228.0 small-vehicle 0
1004.0 1207.0 1038.0 1207.0 1038.0 1225.0 1004.0 1225.0 small-vehicle 0
997.0 1228.0 1037.0 1228.0 1037.0 1246.0 997.0 1246.0 small-vehicle 0
959.0 1253.0 1002.0 1253.0 1002.0 1276.0 959.0 1276.0 small-vehicle 0
999.0 1252.0 1037.0 1252.0 1037.0 1273.0 999.0 1273.0 small-vehicle 0
999.0 1275.0 1043.0 1275.0 1043.0 1296.0 999.0 1296.0 small-vehicle 0
999.0 1295.0 1044.0 1295.0 1044.0 1317.0 999.0 1317.0 small-vehicle 0
957.0 1294.0 1002.0 1294.0 1002.0 1317.0 957.0 1317.0 small-vehicle 0
936.0 1337.0 957.0 1337.0 957.0 1380.0 936.0 1380.0 small-vehicle 0
1007.0 1380.0 1044.0 1380.0 1044.0 1400.0 1007.0 1400.0 small-vehicle 0
967.0 1381.0 1008.0 1381.0 1008.0 1402.0 967.0 1402.0 small-vehicle 0
964.0 1404.0 1007.0 1404.0 1007.0 1423.0 964.0 1423.0 small-vehicle 0
1010.0 1427.0 1045.0 1427.0 1045.0 1448.0 1010.0 1448.0 small-vehicle 0
970.0 1444.0 1011.0 1444.0 1011.0 1463.0 970.0 1463.0 small-vehicle 0
1014.0 1461.0 1055.0 1461.0 1055.0 1484.0 1014.0 1484.0 small-vehicle 0
1015.0 1515.0 1060.0 1515.0 1060.0 1542.0 1015.0 1542.0 small-vehicle 0
977.0 1544.0 1016.0 1544.0 1016.0 1562.0 977.0 1562.0 small-vehicle 0
1014.0 1561.0 1054.0 1561.0 1054.0 1582.0 1014.0 1582.0 small-vehicle 0
844.0 1472.0 885.0 1472.0 885.0 1493.0 844.0 1493.0 small-vehicle 0
881.0 1409.0 916.0 1409.0 916.0 1427.0 881.0 1427.0 small-vehicle 0
836.0 1367.0 877.0 1367.0 877.0 1389.0 836.0 1389.0 small-vehicle 0
557.0 1399.0 592.0 1399.0 592.0 1446.0 557.0 1446.0 small-vehicle 0
700.0 1248.0 737.0 1248.0 737.0 1266.0 700.0 1266.0 small-vehicle 0
700.0 1267.0 743.0 1267.0 743.0 1288.0 700.0 1288.0 small-vehicle 0
709.0 1291.0 745.0 1291.0 745.0 1309.0 709.0 1309.0 small-vehicle 0
707.0 1311.0 746.0 1311.0 746.0 1330.0 707.0 1330.0 small-vehicle 0
743.0 1244.0 784.0 1244.0 784.0 1263.0 743.0 1263.0 small-vehicle 0
743.0 1224.0 783.0 1224.0 783.0 1244.0 743.0 1244.0 small-vehicle 0
789.0 1223.0 810.0 1223.0 810.0 1264.0 789.0 1264.0 small-vehicle 0
828.0 1218.0 862.0 1218.0 862.0 1237.0 828.0 1237.0 small-vehicle 0
524.0 1385.0 555.0 1385.0 555.0 1424.0 524.0 1424.0 small-vehicle 0
643.0 1460.0 678.0 1460.0 678.0 1497.0 643.0 1497.0 small-vehicle 0
877.0 1337.0 917.0 1337.0 917.0 1357.0 877.0 1357.0 small-vehicle 0
733.0 1334.0 775.0 1334.0 775.0 1353.0 733.0 1353.0 small-vehicle 0
750.0 1394.0 792.0 1394.0 792.0 1414.0 750.0 1414.0 small-vehicle 0
770.0 1416.0 809.0 1416.0 809.0 1436.0 770.0 1436.0 small-vehicle 0
749.0 1438.0 791.0 1438.0 791.0 1461.0 749.0 1461.0 small-vehicle 0
867.0 1217.0 904.0 1217.0 904.0 1237.0 867.0 1237.0 small-vehicle 0
870.0 1238.0 913.0 1238.0 913.0 1261.0 870.0 1261.0 small-vehicle 0
829.0 1260.0 871.0 1260.0 871.0 1282.0 829.0 1282.0 small-vehicle 0
872.0 1280.0 911.0 1280.0 911.0 1300.0 872.0 1300.0 small-vehicle 0
833.0 1304.0 868.0 1304.0 868.0 1326.0 833.0 1326.0 small-vehicle 0
134.0 205.0 152.0 205.0 152.0 241.0 134.0 241.0 small-vehicle 0
