981.0 975.0 1039.0 975.0 1039.0 1010.0 981.0 1010.0 small-vehicle 0
831.0 166.0 859.0 166.0 859.0 206.0 831.0 206.0 small-vehicle 0
601.0 848.0 689.0 848.0 689.0 903.0 601.0 903.0 large-vehicle 0
589.0 819.0 679.0 819.0 679.0 876.0 589.0 876.0 large-vehicle 0
589.0 697.0 653.0 697.0 653.0 798.0 589.0 798.0 large-vehicle 0
559.0 708.0 620.0 708.0 620.0 812.0 559.0 812.0 large-vehicle 0
528.0 719.0 590.0 719.0 590.0 819.0 528.0 819.0 large-vehicle 0
490.0 625.0 555.0 625.0 555.0 721.0 490.0 721.0 large-vehicle 0
145.0 489.0 178.0 489.0 178.0 532.0 145.0 532.0 small-vehicle 1
42.0 532.0 76.0 532.0 76.0 579.0 42.0 579.0 small-vehicle 1
381.0 493.0 431.0 493.0 431.0 528.0 381.0 528.0 small-vehicle 1
123.0 494.0 158.0 494.0 158.0 540.0 123.0 540.0 small-vehicle 0
99.0 514.0 127.0 514.0 127.0 553.0 99.0 553.0 small-vehicle 0
848.0 156.0 879.0 156.0 879.0 199.0 848.0 199.0 small-vehicle 0
772.0 369.0 821.0 369.0 821.0 401.0 772.0 401.0 small-vehicle 0
914.0 810.0 988.0 810.0 988.0 859.0 914.0 859.0 large-vehicle 0
777.0 390.0 831.0 390.0 831.0 424.0 777.0 424.0 small-vehicle 0
798.0 412.0 838.0 412.0 838.0 442.0 798.0 442.0 small-vehicle 0
815.0 452.0 851.0 452.0 851.0 478.0 815.0 478.0 small-vehicle 0
812.0 472.0 858.0 472.0 858.0 503.0 812.0 503.0 small-vehicle 0
825.0 495.0 866.0 495.0 866.0 523.0 825.0 523.0 small-vehicle 0
835.0 515.0 874.0 515.0 874.0 543.0 835.0 543.0 small-vehicle 0
849.0 552.0 893.0 552.0 893.0 583.0 849.0 583.0 small-vehicle 0
856.0 572.0 900.0 572.0 900.0 604.0 856.0 604.0 small-vehicle 0
876.0 617.0 918.0 617.0 918.0 646.0 876.0 646.0 small-vehicle 0
881.0 794.0 912.0 794.0 912.0 835.0 881.0 835.0 small-vehicle 0
963.0 960.0 1008.0 960.0 1008.0 989.0 963.0 989.0 small-vehicle 0
684.0 382.0 716.0 382.0 716.0 425.0 684.0 425.0 small-vehicle 1
617.0 879.0 698.0 879.0 698.0 932.0 617.0 932.0 large-vehicle 0
648.0 906.0 728.0 906.0 728.0 959.0 648.0 959.0 large-vehicle 0
650.0 935.0 738.0 935.0 738.0 989.0 650.0 989.0 large-vehicle 0
654.0 968.0 741.0 968.0 741.0 1024.0 654.0 1024.0 large-vehicle 0
153.0 334.0 215.0 334.0 215.0 384.0 153.0 384.0 large-vehicle 0
631.0 256.0 685.0 256.0 685.0 336.0 631.0 336.0 large-vehicle 0
579.0 374.0 659.0 374.0 659.0 421.0 579.0 421.0 large-vehicle 0
596.0 447.0 688.0 447.0 688.0 501.0 596.0 501.0 large-vehicle 0
618.0 485.0 692.0 485.0 692.0 530.0 618.0 530.0 large-vehicle 0
766.0 324.0 816.0 324.0 816.0 364.0 766.0 364.0 large-vehicle 0
861.0 670.0 941.0 670.0 941.0 719.0 861.0 719.0 large-vehicle 0
875.0 698.0 949.0 698.0 949.0 748.0 875.0 748.0 large-vehicle 0
884.0 726.0 957.0 726.0 957.0 776.0 884.0 776.0 large-vehicle 0
896.0 757.0 971.0 757.0 971.0 807.0 896.0 807.0 large-vehicle 0
906.0 784.0 981.0 784.0 981.0 831.0 906.0 831.0 large-vehicle 0
924.0 844.0 999.0 844.0 999.0 890.0 924.0 890.0 large-vehicle 0
927.0 867.0 1008.0 867.0 1008.0 919.0 927.0 919.0 large-vehicle 0
939.0 899.0 1006.0 899.0 1006.0 946.0 939.0 946.0 large-vehicle 0
943.0 921.0 1028.0 921.0 1028.0 975.0 943.0 975.0 large-vehicle 0
689.0 772.0 769.0 772.0 769.0 825.0 689.0 825.0 large-vehicle 0
737.0 821.0 812.0 821.0 812.0 869.0 737.0 869.0 large-vehicle 0
695.0 803.0 776.0 803.0 776.0 852.0 695.0 852.0 large-vehicle 0
730.0 852.0 805.0 852.0 805.0 899.0 730.0 899.0 large-vehicle 0
735.0 887.0 819.0 887.0 819.0 931.0 735.0 931.0 large-vehicle 0
769.0 912.0 846.0 912.0 846.0 958.0 769.0 958.0 large-vehicle 0
766.0 946.0 853.0 946.0 853.0 998.0 766.0 998.0 large-vehicle 0
865.0 961.0 912.0 961.0 912.0 1038.0 865.0 1038.0 large-vehicle 0
785.0 976.0 864.0 976.0 864.0 1027.0 785.0 1027.0 large-vehicle 0
1006.0 1037.0 1062.0 1037.0 1062.0 1072.0 1006.0 1072.0 small-vehicle 0
397.0 1444.0 438.0 1444.0 438.0 1473.0 397.0 1473.0 small-vehicle 1
709.0 1075.0 784.0 1075.0 784.0 1126.0 709.0 1126.0 large-vehicle 0
708.0 1045.0 784.0 1045.0 784.0 1097.0 708.0 1097.0 large-vehicle 0
613.0 1042.0 670.0 1042.0 670.0 1086.0 613.0 1086.0 large-vehicle 0
329.0 1337.0 399.0 1337.0 399.0 1388.0 329.0 1388.0 large-vehicle 0
377.0 1377.0 451.0 1377.0 451.0 1426.0 377.0 1426.0 large-vehicle 0
443.0 1474.0 517.0 1474.0 517.0 1530.0 443.0 1530.0 large-vehicle 0
447.0 1537.0 517.0 1537.0 517.0 1586.0 447.0 1586.0 large-vehicle 0
992.0 1241.0 1048.0 1241.0 1048.0 1332.0 992.0 1332.0 large-vehicle 0
350.0 1569.0 388.0 1569.0 388.0 1596.0 350.0 1596.0 small-vehicle 0
360.0 1585.0 395.0 1585.0 395.0 1613.0 360.0 1613.0 small-vehicle 1
304.0 1465.0 347.0 1465.0 347.0 1496.0 304.0 1496.0 small-vehicle 1
240.0 1355.0 283.0 1355.0 283.0 1388.0 240.0 1388.0 small-vehicle 1
227.0 1273.0 275.0 1273.0 275.0 1310.0 227.0 1310.0 small-vehicle 1
121.0 1187.0 156.0 1187.0 156.0 1233.0 121.0 1233.0 small-vehicle 1
100.0 1143.0 136.0 1143.0 136.0 1190.0 100.0 1190.0 small-vehicle 1
87.0 1108.0 116.0 1108.0 116.0 1145.0 87.0 1145.0 small-vehicle 1
55.0 1040.0 88.0 1040.0 88.0 1085.0 55.0 1085.0 small-vehicle 1
1026.0 1228.0 1079.0 1228.0 1079.0 1320.0 1026.0 1320.0 large-vehicle 0
1055.0 1208.0 1111.0 1208.0 1111.0 1299.0 1055.0 1299.0 large-vehicle 0
1088.0 1197.0 1155.0 1197.0 1155.0 1288.0 1088.0 1288.0 large-vehicle 0
1225.0 1108.0 1275.0 1108.0 1275.0 1184.0 1225.0 1184.0 large-vehicle 0
710.0 1106.0 788.0 1106.0 788.0 1155.0 710.0 1155.0 large-vehicle 0
731.0 1135.0 808.0 1135.0 808.0 1185.0 731.0 1185.0 large-vehicle 0
726.0 1173.0 803.0 1173.0 803.0 1230.0 726.0 1230.0 large-vehicle 0
824.0 1201.0 899.0 1201.0 899.0 1256.0 824.0 1256.0 large-vehicle 0
1061.0 61.0 1090.0 61.0 1090.0 102.0 1061.0 102.0 small-vehicle 1
1081.0 52.0 1110.0 52.0 1110.0 93.0 1081.0 93.0 small-vehicle 1
1145.0 153.0 1176.0 153.0 1176.0 200.0 1145.0 200.0 small-vehicle 1
1186.0 143.0 1215.0 143.0 1215.0 188.0 1186.0 188.0 small-vehicle 1
1104.0 168.0 1133.0 168.0 1133.0 214.0 1104.0 214.0 small-vehicle 1
1084.0 174.0 1112.0 174.0 1112.0 217.0 1084.0 217.0 small-vehicle 1
1037.0 68.0 1068.0 68.0 1068.0 114.0 1037.0 114.0 small-vehicle 0
1322.0 92.0 1365.0 92.0 1365.0 119.0 1322.0 119.0 small-vehicle 0
1395.0 255.0 1440.0 255.0 1440.0 285.0 1395.0 285.0 small-vehicle 1
1385.0 522.0 1422.0 522.0 1422.0 550.0 1385.0 550.0 small-vehicle 0
794.0 1008.0 873.0 1008.0 873.0 1057.0 794.0 1057.0 large-vehicle 0
798.0 1036.0 888.0 1036.0 888.0 1090.0 798.0 1090.0 large-vehicle 0
797.0 1068.0 888.0 1068.0 888.0 1124.0 797.0 1124.0 large-vehicle 0
809.0 1097.0 891.0 1097.0 891.0 1146.0 809.0 1146.0 large-vehicle 0
879.0 1104.0 962.0 1104.0 962.0 1152.0 879.0 1152.0 large-vehicle 0
887.0 1134.0 964.0 1134.0 964.0 1183.0 887.0 1183.0 large-vehicle 0
892.0 1159.0 976.0 1159.0 976.0 1217.0 892.0 1217.0 large-vehicle 0
799.0 1146.0 879.0 1146.0 879.0 1193.0 799.0 1193.0 large-vehicle 0
821.0 1171.0 892.0 1171.0 892.0 1219.0 821.0 1219.0 large-vehicle 0
383.0 258.0 448.0 258.0 448.0 311.0 383.0 311.0 large-vehicle 0
