2609.0 1566.0 2660.0 1566.0 2660.0 1615.0 2609.0 1615.0 storage-tank 0
4952.0 2620.0 5015.0 2620.0 5015.0 2678.0 4952.0 2678.0 plane 0
5256.0 2310.0 5340.0 2310.0 5340.0 2410.0 5256.0 2410.0 plane 0
5028.0 2263.0 5163.0 2263.0 5163.0 2394.0 5028.0 2394.0 plane 0
5325.0 2201.0 5511.0 2201.0 5511.0 2380.0 5325.0 2380.0 plane 0
5131.0 2175.0 5244.0 2175.0 5244.0 2279.0 5131.0 2279.0 plane 0
5131.0 2106.0 5231.0 2106.0 5231.0 2186.0 5131.0 2186.0 plane 0
4873.0 2065.0 4976.0 2065.0 4976.0 2158.0 4873.0 2158.0 plane 0
5114.0 1940.0 5217.0 1940.0 5217.0 2025.0 5114.0 2025.0 plane 0
4855.0 1914.0 5024.0 1914.0 5024.0 2079.0 4855.0 2079.0 plane 0
4873.0 1817.0 4975.0 1817.0 4975.0 1909.0 4873.0 1909.0 plane 0
4879.0 978.0 4974.0 978.0 4974.0 1055.0 4879.0 1055.0 plane 0
4781.0 837.0 4881.0 837.0 4881.0 936.0 4781.0 936.0 plane 0
4793.0 774.0 4868.0 774.0 4868.0 848.0 4793.0 848.0 plane 0
4767.0 685.0 4876.0 685.0 4876.0 785.0 4767.0 785.0 plane 0
4785.0 603.0 4887.0 603.0 4887.0 713.0 4785.0 713.0 plane 0
4721.0 358.0 4821.0 358.0 4821.0 462.0 4721.0 462.0 plane 0
5010.0 628.0 5096.0 628.0 5096.0 716.0 5010.0 716.0 plane 0
5102.0 575.0 5220.0 575.0 5220.0 684.0 5102.0 684.0 plane 0
5120.0 690.0 5210.0 690.0 5210.0 769.0 5120.0 769.0 plane 0
5130.0 757.0 5232.0 757.0 5232.0 858.0 5130.0 858.0 plane 0
5111.0 846.0 5210.0 846.0 5210.0 947.0 5111.0 947.0 plane 0
5396.0 653.0 5508.0 653.0 5508.0 756.0 5396.0 756.0 plane 0
5401.0 746.0 5502.0 746.0 5502.0 833.0 5401.0 833.0 plane 0
5417.0 835.0 5507.0 835.0 5507.0 913.0 5417.0 913.0 plane 0
5715.0 901.0 5821.0 901.0 5821.0 986.0 5715.0 986.0 plane 0
5797.0 309.0 5890.0 309.0 5890.0 403.0 5797.0 403.0 plane 0
5972.0 576.0 6078.0 576.0 6078.0 682.0 5972.0 682.0 plane 0
6201.0 526.0 6314.0 526.0 6314.0 633.0 6201.0 633.0 plane 0
6210.0 629.0 6291.0 629.0 6291.0 697.0 6210.0 697.0 plane 0
6004.0 745.0 6084.0 745.0 6084.0 827.0 6004.0 827.0 plane 0
5386.0 2574.0 5472.0 2574.0 5472.0 2655.0 5386.0 2655.0 plane 0
4586.0 2678.0 4658.0 2678.0 4658.0 2765.0 4586.0 2765.0 plane 0
5975.0 875.0 6057.0 875.0 6057.0 949.0 5975.0 949.0 plane 0
4526.0 2228.0 4683.0 2228.0 4683.0 2378.0 4526.0 2378.0 plane 0
1033.0 1267.0 1122.0 1267.0 1122.0 1349.0 1033.0 1349.0 plane 0
978.0 820.0 1129.0 820.0 1129.0 958.0 978.0 958.0 plane 0
290.0 2235.0 465.0 2235.0 465.0 2384.0 290.0 2384.0 plane 0
382.0 2381.0 553.0 2381.0 553.0 2562.0 382.0 2562.0 plane 0
441.0 2553.0 607.0 2553.0 607.0 2727.0 441.0 2727.0 plane 0
805.0 2199.0 963.0 2199.0 963.0 2364.0 805.0 2364.0 plane 0
1038.0 2150.0 1231.0 2150.0 1231.0 2353.0 1038.0 2353.0 plane 0
1278.0 1436.0 1367.0 1436.0 1367.0 1531.0 1278.0 1531.0 plane 0
1926.0 2469.0 2074.0 2469.0 2074.0 2610.0 1926.0 2610.0 plane 0
2309.0 2820.0 2402.0 2820.0 2402.0 2888.0 2309.0 2888.0 plane 0
2335.0 2580.0 2509.0 2580.0 2509.0 2759.0 2335.0 2759.0 plane 0
1871.0 996.0 2034.0 996.0 2034.0 1151.0 1871.0 1151.0 plane 0
2948.0 2532.0 3112.0 2532.0 3112.0 2718.0 2948.0 2718.0 plane 0
4003.0 2643.0 4175.0 2643.0 4175.0 2789.0 4003.0 2789.0 plane 0
3494.0 2005.0 3603.0 2005.0 3603.0 2114.0 3494.0 2114.0 plane 0
3838.0 1872.0 4019.0 1872.0 4019.0 2050.0 3838.0 2050.0 plane 0
4008.0 1491.0 4150.0 1491.0 4150.0 1634.0 4008.0 1634.0 plane 0
3964.0 1002.0 4122.0 1002.0 4122.0 1179.0 3964.0 1179.0 plane 0
3774.0 826.0 3913.0 826.0 3913.0 963.0 3774.0 963.0 plane 0
4449.0 624.0 4646.0 624.0 4646.0 804.0 4449.0 804.0 plane 0
4144.0 952.0 4324.0 952.0 4324.0 1112.0 4144.0 1112.0 plane 0
4433.0 924.0 4603.0 924.0 4603.0 1075.0 4433.0 1075.0 plane 0
4448.0 1074.0 4615.0 1074.0 4615.0 1216.0 4448.0 1216.0 plane 0
4206.0 1712.0 4373.0 1712.0 4373.0 1899.0 4206.0 1899.0 plane 0
4511.0 1797.0 4656.0 1797.0 4656.0 1937.0 4511.0 1937.0 plane 0
4517.0 1936.0 4679.0 1936.0 4679.0 2083.0 4517.0 2083.0 plane 0
4263.0 2081.0 4409.0 2081.0 4409.0 2222.0 4263.0 2222.0 plane 0
4536.0 2089.0 4674.0 2089.0 4674.0 2225.0 4536.0 2225.0 plane 0
4251.0 2236.0 4414.0 2236.0 4414.0 2418.0 4251.0 2418.0 plane 0
6248.0 703.0 6331.0 703.0 6331.0 785.0 6248.0 785.0 plane 0
6303.0 851.0 6383.0 851.0 6383.0 933.0 6303.0 933.0 plane 0
2602.0 1500.0 2657.0 1500.0 2657.0 1552.0 2602.0 1552.0 storage-tank 0
7454.0 1635.0 7534.0 1635.0 7534.0 1707.0 7454.0 1707.0 plane 0
7972.0 2164.0 8120.0 2164.0 8120.0 2306.0 7972.0 2306.0 plane 0
9798.0 1670.0 9884.0 1670.0 9884.0 1774.0 9798.0 1774.0 plane 0
9477.0 1787.0 9510.0 1787.0 9510.0 1828.0 9477.0 1828.0 plane 0
9162.0 1864.0 9248.0 1864.0 9248.0 1934.0 9162.0 1934.0 plane 0
9118.0 2110.0 9225.0 2110.0 9225.0 2202.0 9118.0 2202.0 plane 0
9419.0 2250.0 9524.0 2250.0 9524.0 2329.0 9419.0 2329.0 plane 0
9777.0 2218.0 9894.0 2218.0 9894.0 2325.0 9777.0 2325.0 plane 0
9498.0 2450.0 9607.0 2450.0 9607.0 2539.0 9498.0 2539.0 plane 0
8787.0 2147.0 8869.0 2147.0 8869.0 2217.0 8787.0 2217.0 plane 0
9538.0 3184.0 9699.0 3184.0 9699.0 3348.0 9538.0 3348.0 plane 0
8645.0 3458.0 8783.0 3458.0 8783.0 3569.0 8645.0 3569.0 plane 0
9005.0 3622.0 9166.0 3622.0 9166.0 3715.0 9005.0 3715.0 plane 1
8324.0 3635.0 8421.0 3635.0 8421.0 3689.0 8324.0 3689.0 plane 1
9438.0 3633.0 9632.0 3633.0 9632.0 3740.0 9438.0 3740.0 plane 1
2310.0 972.0 2370.0 972.0 2370.0 1034.0 2310.0 1034.0 storage-tank 0
2386.0 972.0 2445.0 972.0 2445.0 1026.0 2386.0 1026.0 storage-tank 0
2321.0 1047.0 2372.0 1047.0 2372.0 1102.0 2321.0 1102.0 storage-tank 0
2392.0 1040.0 2450.0 1040.0 2450.0 1096.0 2392.0 1096.0 storage-tank 0
2373.0 1136.0 2416.0 1136.0 2416.0 1184.0 2373.0 1184.0 storage-tank 0
2420.0 1134.0 2464.0 1134.0 2464.0 1178.0 2420.0 1178.0 storage-tank 0
2526.0 1204.0 2566.0 1204.0 2566.0 1247.0 2526.0 1247.0 storage-tank 0
2528.0 1252.0 2567.0 1252.0 2567.0 1296.0 2528.0 1296.0 storage-tank 0
2422.0 1372.0 2474.0 1372.0 2474.0 1428.0 2422.0 1428.0 storage-tank 0
2516.0 1346.0 2555.0 1346.0 2555.0 1390.0 2516.0 1390.0 storage-tank 0
2593.0 1350.0 2614.0 1350.0 2614.0 1375.0 2593.0 1375.0 storage-tank 0
2425.0 1439.0 2483.0 1439.0 2483.0 1492.0 2425.0 1492.0 storage-tank 0
2516.0 1507.0 2570.0 1507.0 2570.0 1560.0 2516.0 1560.0 storage-tank 0
2524.0 1567.0 2576.0 1567.0 2576.0 1623.0 2524.0 1623.0 storage-tank 0
2595.0 1410.0 2630.0 1410.0 2630.0 1446.0 2595.0 1446.0 storage-tank 0
7746.0 1545.0 7814.0 1545.0 7814.0 1630.0 7746.0 1630.0 plane 0
7457.0 1725.0 7540.0 1725.0 7540.0 1795.0 7457.0 1795.0 plane 0
5900.0 934.0 5997.0 934.0 5997.0 1031.0 5900.0 1031.0 plane 0
7447.0 1853.0 7536.0 1853.0 7536.0 1929.0 7447.0 1929.0 plane 0
5761.0 1740.0 5860.0 1740.0 5860.0 1826.0 5761.0 1826.0 plane 0
5644.0 1845.0 5776.0 1845.0 5776.0 1985.0 5644.0 1985.0 plane 0
5690.0 2057.0 5763.0 2057.0 5763.0 2155.0 5690.0 2155.0 plane 0
5339.0 2058.0 5433.0 2058.0 5433.0 2144.0 5339.0 2144.0 plane 0
5345.0 2157.0 5421.0 2157.0 5421.0 2217.0 5345.0 2217.0 plane 0
5559.0 2233.0 5676.0 2233.0 5676.0 2340.0 5559.0 2340.0 plane 0
5568.0 2152.0 5684.0 2152.0 5684.0 2252.0 5568.0 2252.0 plane 0
5804.0 2199.0 5915.0 2199.0 5915.0 2320.0 5804.0 2320.0 plane 0
5995.0 2193.0 6126.0 2193.0 6126.0 2307.0 5995.0 2307.0 plane 0
6001.0 2106.0 6100.0 2106.0 6100.0 2194.0 6001.0 2194.0 plane 0
6128.0 2061.0 6217.0 2061.0 6217.0 2157.0 6128.0 2157.0 plane 0
6234.0 2144.0 6405.0 2144.0 6405.0 2317.0 6234.0 2317.0 plane 0
6426.0 2139.0 6519.0 2139.0 6519.0 2246.0 6426.0 2246.0 plane 0
6233.0 2082.0 6330.0 2082.0 6330.0 2172.0 6233.0 2172.0 plane 0
6219.0 1974.0 6318.0 1974.0 6318.0 2070.0 6219.0 2070.0 plane 0
6419.0 1988.0 6560.0 1988.0 6560.0 2124.0 6419.0 2124.0 plane 0
5985.0 1708.0 6069.0 1708.0 6069.0 1788.0 5985.0 1788.0 plane 0
6436.0 1656.0 6543.0 1656.0 6543.0 1749.0 6436.0 1749.0 plane 0
6682.0 1825.0 6774.0 1825.0 6774.0 1910.0 6682.0 1910.0 plane 0
6695.0 1963.0 6783.0 1963.0 6783.0 2044.0 6695.0 2044.0 plane 0
6699.0 2122.0 6776.0 2122.0 6776.0 2196.0 6699.0 2196.0 plane 0
6699.0 2179.0 6774.0 2179.0 6774.0 2249.0 6699.0 2249.0 plane 0
7005.0 3564.0 7054.0 3564.0 7054.0 3621.0 7005.0 3621.0 plane 0
7055.0 3556.0 7108.0 3556.0 7108.0 3620.0 7055.0 3620.0 plane 0
7111.0 3548.0 7165.0 3548.0 7165.0 3613.0 7111.0 3613.0 plane 0
7167.0 3557.0 7215.0 3557.0 7215.0 3607.0 7167.0 3607.0 plane 0
7550.0 2210.0 7659.0 2210.0 7659.0 2311.0 7550.0 2311.0 plane 0
7346.0 2041.0 7410.0 2041.0 7410.0 2106.0 7346.0 2106.0 plane 0
7593.0 1943.0 7671.0 1943.0 7671.0 2030.0 7593.0 2030.0 plane 0
716.0 840.0 859.0 840.0 859.0 975.0 716.0 975.0 plane 0
