6758.0 865.0 6866.0 865.0 6866.0 977.0 6758.0 977.0 plane 0
1751.0 2487.0 1897.0 2487.0 1897.0 2638.0 1751.0 2638.0 plane 0
3086.0 4562.0 3155.0 4562.0 3155.0 4639.0 3086.0 4639.0 plane 0
3029.0 4580.0 3099.0 4580.0 3099.0 4651.0 3029.0 4651.0 plane 0
2965.0 4565.0 3016.0 4565.0 3016.0 4617.0 2965.0 4617.0 plane 0
2995.0 4591.0 3042.0 4591.0 3042.0 4641.0 2995.0 4641.0 plane 0
2989.0 4659.0 3041.0 4659.0 3041.0 4710.0 2989.0 4710.0 plane 0
2866.0 4684.0 2947.0 4684.0 2947.0 4767.0 2866.0 4767.0 plane 0
2821.0 4605.0 2902.0 4605.0 2902.0 4685.0 2821.0 4685.0 plane 0
2773.0 4525.0 2852.0 4525.0 2852.0 4600.0 2773.0 4600.0 plane 0
2737.0 4483.0 2813.0 4483.0 2813.0 4555.0 2737.0 4555.0 plane 0
2729.0 4446.0 2783.0 4446.0 2783.0 4499.0 2729.0 4499.0 plane 0
2625.0 4733.0 2666.0 4733.0 2666.0 4771.0 2625.0 4771.0 plane 0
2466.0 4269.0 2635.0 4269.0 2635.0 4423.0 2466.0 4423.0 plane 0
1833.0 3812.0 1939.0 3812.0 1939.0 3904.0 1833.0 3904.0 plane 0
1846.0 3379.0 2002.0 3379.0 2002.0 3535.0 1846.0 3535.0 plane 0
1712.0 3416.0 1871.0 3416.0 1871.0 3581.0 1712.0 3581.0 plane 0
1605.0 3490.0 1736.0 3490.0 1736.0 3617.0 1605.0 3617.0 plane 0
1467.0 3512.0 1616.0 3512.0 1616.0 3660.0 1467.0 3660.0 plane 0
3054.0 4528.0 3128.0 4528.0 3128.0 4603.0 3054.0 4603.0 plane 0
3183.0 4401.0 3268.0 4401.0 3268.0 4484.0 3183.0 4484.0 plane 0
3184.0 4315.0 3237.0 4315.0 3237.0 4370.0 3184.0 4370.0 plane 0
2215.0 2498.0 2303.0 2498.0 2303.0 2582.0 2215.0 2582.0 plane 0
3710.0 1390.0 3803.0 1390.0 3803.0 1476.0 3710.0 1476.0 plane 0
3925.0 676.0 4015.0 676.0 4015.0 750.0 3925.0 750.0 plane 0
2389.0 1976.0 2491.0 1976.0 2491.0 2073.0 2389.0 2073.0 plane 0
2366.0 2075.0 2547.0 2075.0 2547.0 2233.0 2366.0 2233.0 plane 0
2438.0 2194.0 2591.0 2194.0 2591.0 2343.0 2438.0 2343.0 plane 0
2150.0 2290.0 2313.0 2290.0 2313.0 2447.0 2150.0 2447.0 plane 0
2200.0 2433.0 2274.0 2433.0 2274.0 2511.0 2200.0 2511.0 plane 0
2567.0 2443.0 2643.0 2443.0 2643.0 2520.0 2567.0 2520.0 plane 0
3140.0 4350.0 3212.0 4350.0 3212.0 4428.0 3140.0 4428.0 plane 0
2518.0 2489.0 2610.0 2489.0 2610.0 2582.0 2518.0 2582.0 plane 0
2246.0 2567.0 2322.0 2567.0 2322.0 2642.0 2246.0 2642.0 plane 0
2927.0 4403.0 3000.0 4403.0 3000.0 4480.0 2927.0 4480.0 plane 0
2986.0 4380.0 3063.0 4380.0 3063.0 4460.0 2986.0 4460.0 plane 0
3030.0 4395.0 3099.0 4395.0 3099.0 4467.0 3030.0 4467.0 plane 0
3050.0 4365.0 3118.0 4365.0 3118.0 4434.0 3050.0 4434.0 plane 0
3091.0 4373.0 3159.0 4373.0 3159.0 4447.0 3091.0 4447.0 plane 0
1902.0 2419.0 2081.0 2419.0 2081.0 2585.0 1902.0 2585.0 plane 0
1570.0 3123.0 1724.0 3123.0 1724.0 3284.0 1570.0 3284.0 plane 0
3727.0 1485.0 3871.0 1485.0 3871.0 1630.0 3727.0 1630.0 plane 0
1443.0 3177.0 1596.0 3177.0 1596.0 3329.0 1443.0 3329.0 plane 0
353.0 4337.0 496.0 4337.0 496.0 4496.0 353.0 4496.0 plane 0
592.0 4249.0 686.0 4249.0 686.0 4342.0 592.0 4342.0 plane 0
873.0 4147.0 972.0 4147.0 972.0 4233.0 873.0 4233.0 plane 0
669.0 4028.0 771.0 4028.0 771.0 4119.0 669.0 4119.0 plane 0
882.0 3356.0 1055.0 3356.0 1055.0 3525.0 882.0 3525.0 plane 0
628.0 3462.0 776.0 3462.0 776.0 3614.0 628.0 3614.0 plane 0
1070.0 3656.0 1220.0 3656.0 1220.0 3798.0 1070.0 3798.0 plane 0
986.0 3738.0 1073.0 3738.0 1073.0 3831.0 986.0 3831.0 plane 0
483.0 3851.0 634.0 3851.0 634.0 3996.0 483.0 3996.0 plane 0
922.0 2860.0 1103.0 2860.0 1103.0 3020.0 922.0 3020.0 plane 0
984.0 2725.0 1064.0 2725.0 1064.0 2809.0 984.0 2809.0 plane 0
713.0 2764.0 838.0 2764.0 838.0 2892.0 713.0 2892.0 plane 0
596.0 2837.0 667.0 2837.0 667.0 2904.0 596.0 2904.0 plane 0
585.0 2787.0 660.0 2787.0 660.0 2860.0 585.0 2860.0 plane 0
1128.0 2332.0 1221.0 2332.0 1221.0 2424.0 1128.0 2424.0 plane 0
770.0 2369.0 930.0 2369.0 930.0 2536.0 770.0 2536.0 plane 0
643.0 2411.0 812.0 2411.0 812.0 2590.0 643.0 2590.0 plane 0
665.0 4534.0 763.0 4534.0 763.0 4637.0 665.0 4637.0 plane 0
1429.0 2153.0 1579.0 2153.0 1579.0 2312.0 1429.0 2312.0 plane 0
1280.0 2641.0 1341.0 2641.0 1341.0 2709.0 1280.0 2709.0 plane 0
1388.0 2875.0 1460.0 2875.0 1460.0 2949.0 1388.0 2949.0 plane 0
1344.0 3217.0 1480.0 3217.0 1480.0 3371.0 1344.0 3371.0 plane 0
1214.0 3251.0 1364.0 3251.0 1364.0 3399.0 1214.0 3399.0 plane 0
1707.0 2769.0 1776.0 2769.0 1776.0 2840.0 1707.0 2840.0 plane 0
1641.0 2786.0 1718.0 2786.0 1718.0 2865.0 1641.0 2865.0 plane 0
1577.0 2807.0 1653.0 2807.0 1653.0 2889.0 1577.0 2889.0 plane 0
1513.0 2831.0 1587.0 2831.0 1587.0 2908.0 1513.0 2908.0 plane 0
1449.0 2853.0 1526.0 2853.0 1526.0 2930.0 1449.0 2930.0 plane 0
1324.0 2896.0 1396.0 2896.0 1396.0 2971.0 1324.0 2971.0 plane 0
1337.0 2614.0 1414.0 2614.0 1414.0 2690.0 1337.0 2690.0 plane 0
1474.0 2669.0 1540.0 2669.0 1540.0 2738.0 1474.0 2738.0 plane 0
1424.0 2707.0 1476.0 2707.0 1476.0 2758.0 1424.0 2758.0 plane 0
1352.0 2708.0 1424.0 2708.0 1424.0 2785.0 1352.0 2785.0 plane 0
1292.0 2729.0 1367.0 2729.0 1367.0 2803.0 1292.0 2803.0 plane 0
1541.0 2539.0 1615.0 2539.0 1615.0 2618.0 1541.0 2618.0 plane 0
1472.0 2569.0 1555.0 2569.0 1555.0 2648.0 1472.0 2648.0 plane 0
1408.0 2591.0 1479.0 2591.0 1479.0 2666.0 1408.0 2666.0 plane 0
4028.0 1275.0 4125.0 1275.0 4125.0 1373.0 4028.0 1373.0 plane 0
4078.0 1398.0 4168.0 1398.0 4168.0 1491.0 4078.0 1491.0 plane 0
6829.0 571.0 6976.0 571.0 6976.0 712.0 6829.0 712.0 plane 0
5796.0 1698.0 5973.0 1698.0 5973.0 1864.0 5796.0 1864.0 plane 0
5297.0 1218.0 5449.0 1218.0 5449.0 1363.0 5297.0 1363.0 plane 0
5583.0 1522.0 5738.0 1522.0 5738.0 1667.0 5583.0 1667.0 plane 0
5512.0 1633.0 5687.0 1633.0 5687.0 1798.0 5512.0 1798.0 plane 0
5275.0 1657.0 5377.0 1657.0 5377.0 1752.0 5275.0 1752.0 plane 0
5271.0 1546.0 5369.0 1546.0 5369.0 1640.0 5271.0 1640.0 plane 0
4638.0 1659.0 4731.0 1659.0 4731.0 1744.0 4638.0 1744.0 plane 0
6937.0 4311.0 7012.0 4311.0 7012.0 4376.0 6937.0 4376.0 plane 0
6379.0 2584.0 6545.0 2584.0 6545.0 2736.0 6379.0 2736.0 plane 0
7188.0 1660.0 7354.0 1660.0 7354.0 1815.0 7188.0 1815.0 plane 0
7167.0 1541.0 7311.0 1541.0 7311.0 1680.0 7167.0 1680.0 plane 0
7124.0 1420.0 7268.0 1420.0 7268.0 1559.0 7124.0 1559.0 plane 0
7077.0 1298.0 7228.0 1298.0 7228.0 1444.0 7077.0 1444.0 plane 0
6938.0 1196.0 7086.0 1196.0 7086.0 1356.0 6938.0 1356.0 plane 0
6682.0 1358.0 6844.0 1358.0 6844.0 1516.0 6682.0 1516.0 plane 0
6636.0 1191.0 6788.0 1191.0 6788.0 1352.0 6636.0 1352.0 plane 0
6350.0 1285.0 6501.0 1285.0 6501.0 1452.0 6350.0 1452.0 plane 0
6108.0 1370.0 6270.0 1370.0 6270.0 1538.0 6108.0 1538.0 plane 0
5074.0 1104.0 5221.0 1104.0 5221.0 1248.0 5074.0 1248.0 plane 0
4959.0 1060.0 5105.0 1060.0 5105.0 1205.0 4959.0 1205.0 plane 0
4851.0 965.0 4955.0 965.0 4955.0 1062.0 4851.0 1062.0 plane 0
6401.0 989.0 6552.0 989.0 6552.0 1136.0 6401.0 1136.0 plane 0
6697.0 207.0 6846.0 207.0 6846.0 344.0 6697.0 344.0 plane 0
6449.0 417.0 6521.0 417.0 6521.0 491.0 6449.0 491.0 plane 0
6474.0 485.0 6558.0 485.0 6558.0 554.0 6474.0 554.0 plane 0
6489.0 555.0 6576.0 555.0 6576.0 634.0 6489.0 634.0 plane 0
6369.0 705.0 6453.0 705.0 6453.0 791.0 6369.0 791.0 plane 0
6283.0 732.0 6366.0 732.0 6366.0 823.0 6283.0 823.0 plane 0
5911.0 655.0 6080.0 655.0 6080.0 818.0 5911.0 818.0 plane 0
6142.0 1066.0 6301.0 1066.0 6301.0 1218.0 6142.0 1218.0 plane 0
4984.0 875.0 5143.0 875.0 5143.0 1017.0 4984.0 1017.0 plane 0
6038.0 1137.0 6132.0 1137.0 6132.0 1237.0 6038.0 1237.0 plane 0
5900.0 1142.0 6054.0 1142.0 6054.0 1303.0 5900.0 1303.0 plane 0
5766.0 1151.0 5869.0 1151.0 5869.0 1262.0 5766.0 1262.0 plane 0
5603.0 1056.0 5764.0 1056.0 5764.0 1214.0 5603.0 1214.0 plane 0
5458.0 973.0 5619.0 973.0 5619.0 1151.0 5458.0 1151.0 plane 0
5323.0 443.0 5421.0 443.0 5421.0 533.0 5323.0 533.0 plane 0
5191.0 858.0 5339.0 858.0 5339.0 997.0 5191.0 997.0 plane 0
5975.0 1404.0 6141.0 1404.0 6141.0 1586.0 5975.0 1586.0 plane 0
5774.0 1834.0 5872.0 1834.0 5872.0 1925.0 5774.0 1925.0 plane 0
4111.0 1515.0 4213.0 1515.0 4213.0 1613.0 4111.0 1613.0 plane 0
5329.0 2001.0 5504.0 2001.0 5504.0 2161.0 5329.0 2161.0 plane 0
3992.0 4426.0 4136.0 4426.0 4136.0 4556.0 3992.0 4556.0 plane 0
5112.0 1973.0 5183.0 1973.0 5183.0 2041.0 5112.0 2041.0 plane 0
5117.0 1493.0 5210.0 1493.0 5210.0 1593.0 5117.0 1593.0 plane 0
4913.0 1366.0 5006.0 1366.0 5006.0 1468.0 4913.0 1468.0 plane 0
4573.0 1435.0 4662.0 1435.0 4662.0 1524.0 4573.0 1524.0 plane 0
4489.0 893.0 4615.0 893.0 4615.0 1018.0 4489.0 1018.0 plane 0
4556.0 1882.0 4649.0 1882.0 4649.0 1977.0 4556.0 1977.0 plane 0
4330.0 2158.0 4428.0 2158.0 4428.0 2253.0 4330.0 2253.0 plane 0
4374.0 2270.0 4472.0 2270.0 4472.0 2366.0 4374.0 2366.0 plane 0
4359.0 2370.0 4530.0 2370.0 4530.0 2530.0 4359.0 2530.0 plane 0
3825.0 2295.0 3916.0 2295.0 3916.0 2392.0 3825.0 2392.0 plane 0
3953.0 2162.0 4101.0 2162.0 4101.0 2303.0 3953.0 2303.0 plane 0
4247.0 1906.0 4350.0 1906.0 4350.0 2005.0 4247.0 2005.0 plane 0
3857.0 1877.0 3951.0 1877.0 3951.0 1969.0 3857.0 1969.0 plane 0
4150.0 1735.0 4314.0 1735.0 4314.0 1895.0 4150.0 1895.0 plane 0
3817.0 1758.0 3912.0 1758.0 3912.0 1851.0 3817.0 1851.0 plane 0
3767.0 1607.0 3910.0 1607.0 3910.0 1754.0 3767.0 1754.0 plane 0
4031.0 4539.0 4146.0 4539.0 4146.0 4654.0 4031.0 4654.0 plane 0
4067.0 4635.0 4194.0 4635.0 4194.0 4754.0 4067.0 4754.0 plane 0
4291.0 4433.0 4459.0 4433.0 4459.0 4597.0 4291.0 4597.0 plane 0
5339.0 3878.0 5502.0 3878.0 5502.0 4046.0 5339.0 4046.0 plane 0
6132.0 1951.0 6229.0 1951.0 6229.0 2045.0 6132.0 2045.0 plane 0
6077.0 3394.0 6152.0 3394.0 6152.0 3470.0 6077.0 3470.0 plane 0
6104.0 3618.0 6258.0 3618.0 6258.0 3780.0 6104.0 3780.0 plane 0
5812.0 3506.0 5953.0 3506.0 5953.0 3658.0 5812.0 3658.0 plane 0
5862.0 3709.0 6016.0 3709.0 6016.0 3862.0 5862.0 3862.0 plane 0
5582.0 3796.0 5743.0 3796.0 5743.0 3964.0 5582.0 3964.0 plane 0
5471.0 3850.0 5620.0 3850.0 5620.0 3998.0 5471.0 3998.0 plane 0
5354.0 3511.0 5531.0 3511.0 5531.0 3686.0 5354.0 3686.0 plane 0
4542.0 4161.0 4707.0 4161.0 4707.0 4322.0 4542.0 4322.0 plane 0
5116.0 3597.0 5290.0 3597.0 5290.0 3770.0 5116.0 3770.0 plane 0
4956.0 3654.0 5118.0 3654.0 5118.0 3823.0 4956.0 3823.0 plane 0
4835.0 3706.0 4986.0 3706.0 4986.0 3850.0 4835.0 3850.0 plane 0
4713.0 3747.0 4861.0 3747.0 4861.0 3887.0 4713.0 3887.0 plane 0
5067.0 3980.0 5220.0 3980.0 5220.0 4138.0 5067.0 4138.0 plane 0
4947.0 4019.0 5103.0 4019.0 5103.0 4185.0 4947.0 4185.0 plane 0
4824.0 4073.0 4979.0 4073.0 4979.0 4229.0 4824.0 4229.0 plane 0
2373.0 1415.0 2539.0 1415.0 2539.0 1569.0 2373.0 1569.0 plane 0
