4791.0 2120.0 4901.0 2120.0 4901.0 2205.0 4791.0 2205.0 plane 0
1540.0 779.0 1636.0 779.0 1636.0 850.0 1540.0 850.0 plane 0
1820.0 2000.0 1920.0 2000.0 1920.0 2081.0 1820.0 2081.0 plane 0
1515.0 1347.0 1610.0 1347.0 1610.0 1423.0 1515.0 1423.0 plane 0
1518.0 1256.0 1615.0 1256.0 1615.0 1330.0 1518.0 1330.0 plane 0
1541.0 1166.0 1617.0 1166.0 1617.0 1240.0 1541.0 1240.0 plane 0
1541.0 957.0 1624.0 957.0 1624.0 1030.0 1541.0 1030.0 plane 0
1540.0 867.0 1625.0 867.0 1625.0 945.0 1540.0 945.0 plane 0
1546.0 690.0 1630.0 690.0 1630.0 760.0 1546.0 760.0 plane 0
1919.0 1795.0 2015.0 1795.0 2015.0 1893.0 1919.0 1893.0 plane 0
1546.0 596.0 1645.0 596.0 1645.0 670.0 1546.0 670.0 plane 0
1540.0 506.0 1644.0 506.0 1644.0 575.0 1540.0 575.0 plane 0
1311.0 662.0 1410.0 662.0 1410.0 739.0 1311.0 739.0 plane 0
1303.0 843.0 1403.0 843.0 1403.0 919.0 1303.0 919.0 plane 0
1305.0 1020.0 1396.0 1020.0 1396.0 1094.0 1305.0 1094.0 plane 0
1185.0 1155.0 1259.0 1155.0 1259.0 1252.0 1185.0 1252.0 plane 0
1770.0 1661.0 1862.0 1661.0 1862.0 1751.0 1770.0 1751.0 plane 0
1905.0 1643.0 1982.0 1643.0 1982.0 1720.0 1905.0 1720.0 plane 0
1293.0 1428.0 1390.0 1428.0 1390.0 1499.0 1293.0 1499.0 plane 0
1963.0 255.0 2057.0 255.0 2057.0 325.0 1963.0 325.0 plane 0
2150.0 998.0 2249.0 998.0 2249.0 1072.0 2150.0 1072.0 plane 0
2150.0 925.0 2242.0 925.0 2242.0 995.0 2150.0 995.0 plane 0
2155.0 765.0 2241.0 765.0 2241.0 831.0 2155.0 831.0 plane 0
2281.0 500.0 2385.0 500.0 2385.0 601.0 2281.0 601.0 plane 0
2178.0 608.0 2259.0 608.0 2259.0 669.0 2178.0 669.0 plane 0
2256.0 269.0 2353.0 269.0 2353.0 336.0 2256.0 336.0 plane 0
1933.0 530.0 2013.0 530.0 2013.0 595.0 1933.0 595.0 plane 0
1905.0 1555.0 1981.0 1555.0 1981.0 1633.0 1905.0 1633.0 plane 0
1942.0 617.0 2016.0 617.0 2016.0 670.0 1942.0 670.0 plane 0
1910.0 1010.0 2003.0 1010.0 2003.0 1078.0 1910.0 1078.0 plane 0
1913.0 1144.0 2001.0 1144.0 2001.0 1211.0 1913.0 1211.0 plane 0
1908.0 1221.0 2002.0 1221.0 2002.0 1300.0 1908.0 1300.0 plane 0
1912.0 1389.0 2000.0 1389.0 2000.0 1465.0 1912.0 1465.0 plane 0
1910.0 1475.0 1985.0 1475.0 1985.0 1550.0 1910.0 1550.0 plane 0
1174.0 1329.0 1258.0 1329.0 1258.0 1431.0 1174.0 1431.0 plane 0
1508.0 1530.0 1606.0 1530.0 1606.0 1602.0 1508.0 1602.0 plane 0
4474.0 2112.0 4563.0 2112.0 4563.0 2187.0 4474.0 2187.0 plane 0
307.0 1795.0 389.0 1795.0 389.0 1859.0 307.0 1859.0 plane 0
566.0 1073.0 681.0 1073.0 681.0 1184.0 566.0 1184.0 plane 0
705.0 1220.0 810.0 1220.0 810.0 1308.0 705.0 1308.0 plane 0
691.0 1340.0 790.0 1340.0 790.0 1420.0 691.0 1420.0 plane 0
445.0 1314.0 533.0 1314.0 533.0 1431.0 445.0 1431.0 plane 0
675.0 1664.0 781.0 1664.0 781.0 1745.0 675.0 1745.0 plane 0
674.0 1756.0 783.0 1756.0 783.0 1849.0 674.0 1849.0 plane 0
295.0 1675.0 371.0 1675.0 371.0 1751.0 295.0 1751.0 plane 0
450.0 736.0 557.0 736.0 557.0 843.0 450.0 843.0 plane 0
315.0 1384.0 409.0 1384.0 409.0 1455.0 315.0 1455.0 plane 0
310.0 1290.0 406.0 1290.0 406.0 1365.0 310.0 1365.0 plane 0
338.0 970.0 417.0 970.0 417.0 1034.0 338.0 1034.0 plane 0
333.0 876.0 437.0 876.0 437.0 963.0 333.0 963.0 plane 0
340.0 805.0 408.0 805.0 408.0 865.0 340.0 865.0 plane 0
335.0 639.0 404.0 639.0 404.0 697.0 335.0 697.0 plane 0
455.0 935.0 550.0 935.0 550.0 1042.0 455.0 1042.0 plane 0
690.0 500.0 776.0 500.0 776.0 580.0 690.0 580.0 plane 0
1290.0 1605.0 1400.0 1605.0 1400.0 1693.0 1290.0 1693.0 plane 0
925.0 848.0 1022.0 848.0 1022.0 930.0 925.0 930.0 plane 0
1039.0 1702.0 1126.0 1702.0 1126.0 1806.0 1039.0 1806.0 plane 0
835.0 1974.0 937.0 1974.0 937.0 2041.0 835.0 2041.0 plane 0
902.0 1575.0 1007.0 1575.0 1007.0 1660.0 902.0 1660.0 plane 0
909.0 1197.0 1014.0 1197.0 1014.0 1279.0 909.0 1279.0 plane 0
930.0 1110.0 1030.0 1110.0 1030.0 1185.0 930.0 1185.0 plane 0
918.0 965.0 1019.0 965.0 1019.0 1035.0 918.0 1035.0 plane 0
930.0 741.0 1027.0 741.0 1027.0 816.0 930.0 816.0 plane 0
715.0 582.0 812.0 582.0 812.0 657.0 715.0 657.0 plane 0
929.0 560.0 1025.0 560.0 1025.0 639.0 929.0 639.0 plane 0
946.0 480.0 1020.0 480.0 1020.0 550.0 946.0 550.0 plane 0
940.0 393.0 1035.0 393.0 1035.0 470.0 940.0 470.0 plane 0
715.0 864.0 815.0 864.0 815.0 944.0 715.0 944.0 plane 0
715.0 760.0 819.0 760.0 819.0 847.0 715.0 847.0 plane 0
708.0 673.0 803.0 673.0 803.0 748.0 708.0 748.0 plane 0
2134.0 1235.0 2214.0 1235.0 2214.0 1300.0 2134.0 1300.0 plane 0
2129.0 1313.0 2213.0 1313.0 2213.0 1388.0 2129.0 1388.0 plane 0
2126.0 1405.0 2211.0 1405.0 2211.0 1471.0 2126.0 1471.0 plane 0
3380.0 1444.0 3492.0 1444.0 3492.0 1535.0 3380.0 1535.0 plane 0
4210.0 1607.0 4349.0 1607.0 4349.0 1754.0 4210.0 1754.0 plane 0
4251.0 1144.0 4319.0 1144.0 4319.0 1206.0 4251.0 1206.0 plane 0
4232.0 159.0 4301.0 159.0 4301.0 210.0 4232.0 210.0 plane 0
4026.0 220.0 4130.0 220.0 4130.0 307.0 4026.0 307.0 plane 0
3743.0 550.0 3790.0 550.0 3790.0 601.0 3743.0 601.0 plane 0
3622.0 1292.0 3699.0 1292.0 3699.0 1373.0 3622.0 1373.0 plane 0
3390.0 1568.0 3474.0 1568.0 3474.0 1643.0 3390.0 1643.0 plane 0
4457.0 1928.0 4545.0 1928.0 4545.0 1995.0 4457.0 1995.0 plane 0
3390.0 1686.0 3486.0 1686.0 3486.0 1758.0 3390.0 1758.0 plane 0
3371.0 1910.0 3473.0 1910.0 3473.0 1994.0 3371.0 1994.0 plane 0
3155.0 1905.0 3235.0 1905.0 3235.0 1983.0 3155.0 1983.0 plane 0
3182.0 1792.0 3253.0 1792.0 3253.0 1863.0 3182.0 1863.0 plane 0
2973.0 1578.0 3082.0 1578.0 3082.0 1690.0 2973.0 1690.0 plane 0
3412.0 891.0 3495.0 891.0 3495.0 965.0 3412.0 965.0 plane 0
4243.0 1786.0 4335.0 1786.0 4335.0 1859.0 4243.0 1859.0 plane 0
4435.0 1576.0 4638.0 1576.0 4638.0 1748.0 4435.0 1748.0 plane 0
2121.0 1482.0 2208.0 1482.0 2208.0 1557.0 2121.0 1557.0 plane 0
6400.0 802.0 6508.0 802.0 6508.0 914.0 6400.0 914.0 plane 0
4219.0 1913.0 4354.0 1913.0 4354.0 2032.0 4219.0 2032.0 plane 0
5938.0 346.0 6051.0 346.0 6051.0 464.0 5938.0 464.0 plane 0
6419.0 399.0 6495.0 399.0 6495.0 482.0 6419.0 482.0 plane 0
6499.0 371.0 6608.0 371.0 6608.0 496.0 6499.0 496.0 plane 0
6726.0 385.0 6892.0 385.0 6892.0 541.0 6726.0 541.0 plane 0
6496.0 220.0 6606.0 220.0 6606.0 292.0 6496.0 292.0 plane 0
6758.0 695.0 6827.0 695.0 6827.0 775.0 6758.0 775.0 plane 0
5315.0 185.0 5428.0 185.0 5428.0 261.0 5315.0 261.0 plane 0
6236.0 385.0 6311.0 385.0 6311.0 482.0 6236.0 482.0 plane 0
6123.0 360.0 6229.0 360.0 6229.0 475.0 6123.0 475.0 plane 0
5684.0 370.0 5759.0 370.0 5759.0 465.0 5684.0 465.0 plane 0
5584.0 359.0 5675.0 359.0 5675.0 461.0 5584.0 461.0 plane 0
5510.0 365.0 5573.0 365.0 5573.0 452.0 5510.0 452.0 plane 0
5720.0 206.0 5811.0 206.0 5811.0 261.0 5720.0 261.0 plane 0
3416.0 786.0 3490.0 786.0 3490.0 839.0 3416.0 839.0 plane 0
3409.0 663.0 3490.0 663.0 3490.0 735.0 3409.0 735.0 plane 0
3197.0 652.0 3292.0 652.0 3292.0 729.0 3197.0 729.0 plane 0
2715.0 1447.0 2827.0 1447.0 2827.0 1551.0 2715.0 1551.0 plane 0
2736.0 1032.0 2822.0 1032.0 2822.0 1115.0 2736.0 1115.0 plane 0
2749.0 1158.0 2816.0 1158.0 2816.0 1210.0 2749.0 1210.0 plane 0
2741.0 1300.0 2835.0 1300.0 2835.0 1381.0 2741.0 1381.0 plane 0
2508.0 1327.0 2617.0 1327.0 2617.0 1430.0 2508.0 1430.0 plane 0
2529.0 1425.0 2591.0 1425.0 2591.0 1484.0 2529.0 1484.0 plane 0
2507.0 1500.0 2590.0 1500.0 2590.0 1574.0 2507.0 1574.0 plane 0
2720.0 1545.0 2814.0 1545.0 2814.0 1620.0 2720.0 1620.0 plane 0
3420.0 443.0 3500.0 443.0 3500.0 494.0 3420.0 494.0 plane 0
2718.0 1610.0 2807.0 1610.0 2807.0 1687.0 2718.0 1687.0 plane 0
2795.0 2037.0 2893.0 2037.0 2893.0 2113.0 2795.0 2113.0 plane 0
2510.0 1759.0 2590.0 1759.0 2590.0 1831.0 2510.0 1831.0 plane 0
2440.0 1682.0 2501.0 1682.0 2501.0 1732.0 2440.0 1732.0 plane 0
2113.0 1653.0 2206.0 1653.0 2206.0 1724.0 2113.0 1724.0 plane 0
2124.0 1573.0 2210.0 1573.0 2210.0 1642.0 2124.0 1642.0 plane 0
2738.0 959.0 2818.0 959.0 2818.0 1025.0 2738.0 1025.0 plane 0
2552.0 975.0 2610.0 975.0 2610.0 1023.0 2552.0 1023.0 plane 0
2535.0 898.0 2612.0 898.0 2612.0 955.0 2535.0 955.0 plane 0
2742.0 805.0 2838.0 805.0 2838.0 869.0 2742.0 869.0 plane 0
2536.0 842.0 2598.0 842.0 2598.0 888.0 2536.0 888.0 plane 0
2536.0 777.0 2615.0 777.0 2615.0 834.0 2536.0 834.0 plane 0
2540.0 715.0 2602.0 715.0 2602.0 772.0 2540.0 772.0 plane 0
2543.0 661.0 2601.0 661.0 2601.0 710.0 2543.0 710.0 plane 0
2754.0 640.0 2826.0 640.0 2826.0 699.0 2754.0 699.0 plane 0
2543.0 603.0 2604.0 603.0 2604.0 650.0 2543.0 650.0 plane 0
2539.0 538.0 2610.0 538.0 2610.0 602.0 2539.0 602.0 plane 0
2754.0 580.0 2827.0 580.0 2827.0 636.0 2754.0 636.0 plane 0
2677.0 280.0 2775.0 280.0 2775.0 353.0 2677.0 353.0 plane 0
2966.0 288.0 3053.0 288.0 3053.0 356.0 2966.0 356.0 plane 0
3589.0 133.0 3670.0 133.0 3670.0 195.0 3589.0 195.0 plane 0
3665.0 288.0 3753.0 288.0 3753.0 365.0 3665.0 365.0 plane 0
3184.0 426.0 3279.0 426.0 3279.0 499.0 3184.0 499.0 plane 0
344.0 441.0 432.0 441.0 432.0 510.0 344.0 510.0 plane 0
