1732.0 420.0 1769.0 420.0 1769.0 496.0 1732.0 496.0 large-vehicle 0
1239.0 343.0 1296.0 343.0 1296.0 442.0 1239.0 442.0 large-vehicle 0
1551.0 465.0 1612.0 465.0 1612.0 563.0 1551.0 563.0 large-vehicle 0
1580.0 462.0 1646.0 462.0 1646.0 561.0 1580.0 561.0 large-vehicle 0
1634.0 445.0 1700.0 445.0 1700.0 544.0 1634.0 544.0 large-vehicle 0
1399.0 445.0 1507.0 445.0 1507.0 502.0 1399.0 502.0 large-vehicle 0
1191.0 510.0 1297.0 510.0 1297.0 556.0 1191.0 556.0 large-vehicle 0
996.0 544.0 1108.0 544.0 1108.0 599.0 996.0 599.0 large-vehicle 0
899.0 577.0 992.0 577.0 992.0 617.0 899.0 617.0 large-vehicle 0
933.0 509.0 1039.0 509.0 1039.0 562.0 933.0 562.0 large-vehicle 0
1070.0 471.0 1184.0 471.0 1184.0 516.0 1070.0 516.0 large-vehicle 0
1192.0 444.0 1295.0 444.0 1295.0 492.0 1192.0 492.0 large-vehicle 0
1343.0 305.0 1404.0 305.0 1404.0 402.0 1343.0 402.0 large-vehicle 0
1322.0 322.0 1379.0 322.0 1379.0 413.0 1322.0 413.0 large-vehicle 0
1297.0 328.0 1352.0 328.0 1352.0 424.0 1297.0 424.0 large-vehicle 0
1269.0 336.0 1324.0 336.0 1324.0 433.0 1269.0 433.0 large-vehicle 0
1187.0 364.0 1243.0 364.0 1243.0 458.0 1187.0 458.0 large-vehicle 0
708.0 475.0 758.0 475.0 758.0 577.0 708.0 577.0 large-vehicle 0
1161.0 368.0 1211.0 368.0 1211.0 462.0 1161.0 462.0 large-vehicle 0
1135.0 368.0 1187.0 368.0 1187.0 464.0 1135.0 464.0 large-vehicle 0
1109.0 370.0 1161.0 370.0 1161.0 471.0 1109.0 471.0 large-vehicle 0
1081.0 376.0 1123.0 376.0 1123.0 471.0 1081.0 471.0 large-vehicle 0
1051.0 380.0 1095.0 380.0 1095.0 479.0 1051.0 479.0 large-vehicle 0
1017.0 389.0 1067.0 389.0 1067.0 490.0 1017.0 490.0 large-vehicle 0
986.0 405.0 1034.0 405.0 1034.0 508.0 986.0 508.0 large-vehicle 0
932.0 425.0 978.0 425.0 978.0 524.0 932.0 524.0 large-vehicle 0
903.0 428.0 948.0 428.0 948.0 527.0 903.0 527.0 large-vehicle 0
784.0 545.0 889.0 545.0 889.0 600.0 784.0 600.0 large-vehicle 0
851.0 432.0 890.0 432.0 890.0 533.0 851.0 533.0 large-vehicle 0
821.0 438.0 866.0 438.0 866.0 539.0 821.0 539.0 large-vehicle 0
792.0 451.0 841.0 451.0 841.0 549.0 792.0 549.0 large-vehicle 0
767.0 465.0 811.0 465.0 811.0 561.0 767.0 561.0 large-vehicle 0
1519.0 454.0 1577.0 454.0 1577.0 551.0 1519.0 551.0 large-vehicle 0
1496.0 475.0 1553.0 475.0 1553.0 574.0 1496.0 574.0 large-vehicle 0
1470.0 482.0 1528.0 482.0 1528.0 582.0 1470.0 582.0 large-vehicle 0
1445.0 494.0 1501.0 494.0 1501.0 594.0 1445.0 594.0 large-vehicle 0
979.0 711.0 1031.0 711.0 1031.0 811.0 979.0 811.0 large-vehicle 0
956.0 719.0 1004.0 719.0 1004.0 818.0 956.0 818.0 large-vehicle 0
932.0 732.0 985.0 732.0 985.0 831.0 932.0 831.0 large-vehicle 0
908.0 743.0 961.0 743.0 961.0 842.0 908.0 842.0 large-vehicle 0
877.0 748.0 933.0 748.0 933.0 849.0 877.0 849.0 large-vehicle 0
793.0 660.0 852.0 660.0 852.0 764.0 793.0 764.0 large-vehicle 0
823.0 655.0 874.0 655.0 874.0 755.0 823.0 755.0 large-vehicle 0
848.0 647.0 899.0 647.0 899.0 749.0 848.0 749.0 large-vehicle 0
874.0 643.0 926.0 643.0 926.0 743.0 874.0 743.0 large-vehicle 0
896.0 624.0 949.0 624.0 949.0 724.0 896.0 724.0 large-vehicle 0
921.0 618.0 975.0 618.0 975.0 719.0 921.0 719.0 large-vehicle 0
946.0 614.0 998.0 614.0 998.0 715.0 946.0 715.0 large-vehicle 0
970.0 606.0 1024.0 606.0 1024.0 706.0 970.0 706.0 large-vehicle 0
1000.0 606.0 1058.0 606.0 1058.0 707.0 1000.0 707.0 large-vehicle 0
1029.0 599.0 1079.0 599.0 1079.0 697.0 1029.0 697.0 large-vehicle 0
1052.0 590.0 1104.0 590.0 1104.0 687.0 1052.0 687.0 large-vehicle 0
1080.0 577.0 1131.0 577.0 1131.0 676.0 1080.0 676.0 large-vehicle 0
1109.0 567.0 1160.0 567.0 1160.0 667.0 1109.0 667.0 large-vehicle 0
1137.0 559.0 1190.0 559.0 1190.0 658.0 1137.0 658.0 large-vehicle 0
1169.0 565.0 1221.0 565.0 1221.0 663.0 1169.0 663.0 large-vehicle 0
1198.0 562.0 1253.0 562.0 1253.0 664.0 1198.0 664.0 large-vehicle 0
1229.0 559.0 1280.0 559.0 1280.0 659.0 1229.0 659.0 large-vehicle 0
1256.0 554.0 1310.0 554.0 1310.0 653.0 1256.0 653.0 large-vehicle 0
1284.0 547.0 1335.0 547.0 1335.0 644.0 1284.0 644.0 large-vehicle 0
1308.0 533.0 1364.0 533.0 1364.0 631.0 1308.0 631.0 large-vehicle 0
1338.0 531.0 1393.0 531.0 1393.0 626.0 1338.0 626.0 large-vehicle 0
1365.0 520.0 1422.0 520.0 1422.0 619.0 1365.0 619.0 large-vehicle 0
1390.0 512.0 1450.0 512.0 1450.0 608.0 1390.0 608.0 large-vehicle 0
1417.0 503.0 1476.0 503.0 1476.0 601.0 1417.0 601.0 large-vehicle 0
736.0 470.0 783.0 470.0 783.0 569.0 736.0 569.0 large-vehicle 0
677.0 477.0 730.0 477.0 730.0 577.0 677.0 577.0 large-vehicle 0
1513.0 422.0 1564.0 422.0 1564.0 456.0 1513.0 456.0 small-vehicle 0
493.0 113.0 546.0 113.0 546.0 212.0 493.0 212.0 large-vehicle 0
952.0 49.0 996.0 49.0 996.0 147.0 952.0 147.0 large-vehicle 0
926.0 54.0 971.0 54.0 971.0 151.0 926.0 151.0 large-vehicle 0
869.0 59.0 908.0 59.0 908.0 159.0 869.0 159.0 large-vehicle 0
894.0 54.0 941.0 54.0 941.0 157.0 894.0 157.0 large-vehicle 0
840.0 61.0 881.0 61.0 881.0 163.0 840.0 163.0 large-vehicle 0
812.0 66.0 852.0 66.0 852.0 164.0 812.0 164.0 large-vehicle 0
757.0 80.0 795.0 80.0 795.0 177.0 757.0 177.0 large-vehicle 0
724.0 77.0 766.0 77.0 766.0 173.0 724.0 173.0 large-vehicle 0
687.0 77.0 739.0 77.0 739.0 179.0 687.0 179.0 large-vehicle 0
631.0 73.0 685.0 73.0 685.0 178.0 631.0 178.0 large-vehicle 0
605.0 86.0 654.0 86.0 654.0 188.0 605.0 188.0 large-vehicle 0
579.0 97.0 629.0 97.0 629.0 198.0 579.0 198.0 large-vehicle 0
552.0 92.0 596.0 92.0 596.0 191.0 552.0 191.0 large-vehicle 0
519.0 100.0 573.0 100.0 573.0 202.0 519.0 202.0 large-vehicle 0
464.0 116.0 519.0 116.0 519.0 218.0 464.0 218.0 large-vehicle 0
1031.0 141.0 1140.0 141.0 1140.0 177.0 1031.0 177.0 large-vehicle 0
436.0 128.0 496.0 128.0 496.0 231.0 436.0 231.0 large-vehicle 0
843.0 324.0 896.0 324.0 896.0 424.0 843.0 424.0 large-vehicle 0
819.0 330.0 871.0 330.0 871.0 428.0 819.0 428.0 large-vehicle 0
793.0 335.0 848.0 335.0 848.0 436.0 793.0 436.0 large-vehicle 0
764.0 344.0 819.0 344.0 819.0 445.0 764.0 445.0 large-vehicle 0
736.0 348.0 787.0 348.0 787.0 447.0 736.0 447.0 large-vehicle 0
712.0 367.0 763.0 367.0 763.0 463.0 712.0 463.0 large-vehicle 0
630.0 382.0 681.0 382.0 681.0 480.0 630.0 480.0 large-vehicle 0
684.0 373.0 734.0 373.0 734.0 468.0 684.0 468.0 large-vehicle 0
656.0 376.0 707.0 376.0 707.0 472.0 656.0 472.0 large-vehicle 0
488.0 433.0 580.0 433.0 580.0 487.0 488.0 487.0 large-vehicle 0
473.0 409.0 563.0 409.0 563.0 462.0 473.0 462.0 large-vehicle 0
449.0 356.0 540.0 356.0 540.0 412.0 449.0 412.0 large-vehicle 0
431.0 322.0 522.0 322.0 522.0 380.0 431.0 380.0 large-vehicle 0
974.0 34.0 1025.0 34.0 1025.0 139.0 974.0 139.0 large-vehicle 0
1009.0 49.0 1066.0 49.0 1066.0 148.0 1009.0 148.0 large-vehicle 0
1067.0 43.0 1120.0 43.0 1120.0 141.0 1067.0 141.0 large-vehicle 0
1092.0 22.0 1149.0 22.0 1149.0 130.0 1092.0 130.0 large-vehicle 0
798.0 286.0 888.0 286.0 888.0 328.0 798.0 328.0 large-vehicle 0
610.0 200.0 707.0 200.0 707.0 237.0 610.0 237.0 large-vehicle 0
701.0 216.0 797.0 216.0 797.0 261.0 701.0 261.0 large-vehicle 0
811.0 198.0 907.0 198.0 907.0 238.0 811.0 238.0 large-vehicle 0
915.0 155.0 1017.0 155.0 1017.0 193.0 915.0 193.0 large-vehicle 0
710.0 184.0 803.0 184.0 803.0 216.0 710.0 216.0 large-vehicle 0
816.0 169.0 914.0 169.0 914.0 209.0 816.0 209.0 large-vehicle 0
895.0 261.0 996.0 261.0 996.0 306.0 895.0 306.0 large-vehicle 0
1011.0 241.0 1116.0 241.0 1116.0 279.0 1011.0 279.0 large-vehicle 0
952.0 296.0 1002.0 296.0 1002.0 397.0 952.0 397.0 large-vehicle 0
992.0 284.0 1042.0 284.0 1042.0 384.0 992.0 384.0 large-vehicle 0
1023.0 282.0 1074.0 282.0 1074.0 383.0 1023.0 383.0 large-vehicle 0
1055.0 277.0 1104.0 277.0 1104.0 377.0 1055.0 377.0 large-vehicle 0
1109.0 267.0 1158.0 267.0 1158.0 366.0 1109.0 366.0 large-vehicle 0
1137.0 260.0 1184.0 260.0 1184.0 358.0 1137.0 358.0 large-vehicle 0
1163.0 256.0 1210.0 256.0 1210.0 356.0 1163.0 356.0 large-vehicle 0
1188.0 251.0 1232.0 251.0 1232.0 349.0 1188.0 349.0 large-vehicle 0
1213.0 242.0 1260.0 242.0 1260.0 343.0 1213.0 343.0 large-vehicle 0
1241.0 237.0 1287.0 237.0 1287.0 335.0 1241.0 335.0 large-vehicle 0
1267.0 228.0 1320.0 228.0 1320.0 330.0 1267.0 330.0 large-vehicle 0
1299.0 220.0 1341.0 220.0 1341.0 317.0 1299.0 317.0 large-vehicle 0
1326.0 209.0 1368.0 209.0 1368.0 307.0 1326.0 307.0 large-vehicle 0
1429.0 23.0 1466.0 23.0 1466.0 126.0 1429.0 126.0 large-vehicle 0
1337.0 28.0 1383.0 28.0 1383.0 114.0 1337.0 114.0 large-vehicle 0
1284.0 20.0 1332.0 20.0 1332.0 121.0 1284.0 121.0 large-vehicle 0
1252.0 27.0 1303.0 27.0 1303.0 126.0 1252.0 126.0 large-vehicle 0
1195.0 24.0 1244.0 24.0 1244.0 132.0 1195.0 132.0 large-vehicle 0
1160.0 28.0 1212.0 28.0 1212.0 133.0 1160.0 133.0 large-vehicle 0
1123.0 21.0 1175.0 21.0 1175.0 122.0 1123.0 122.0 large-vehicle 0
1033.0 703.0 1090.0 703.0 1090.0 800.0 1033.0 800.0 large-vehicle 0
1005.0 703.0 1059.0 703.0 1059.0 803.0 1005.0 803.0 large-vehicle 0
1065.0 696.0 1116.0 696.0 1116.0 793.0 1065.0 793.0 large-vehicle 0
611.0 582.0 664.0 582.0 664.0 628.0 611.0 628.0 small-vehicle 0
1092.0 992.0 1136.0 992.0 1136.0 1046.0 1092.0 1046.0 small-vehicle 0
1066.0 1004.0 1110.0 1004.0 1110.0 1063.0 1066.0 1063.0 small-vehicle 0
1045.0 1029.0 1074.0 1029.0 1074.0 1065.0 1045.0 1065.0 small-vehicle 0
1015.0 1031.0 1059.0 1031.0 1059.0 1087.0 1015.0 1087.0 small-vehicle 0
992.0 1047.0 1036.0 1047.0 1036.0 1101.0 992.0 1101.0 small-vehicle 0
932.0 1069.0 972.0 1069.0 972.0 1120.0 932.0 1120.0 small-vehicle 0
902.0 1072.0 944.0 1072.0 944.0 1130.0 902.0 1130.0 small-vehicle 0
872.0 1084.0 911.0 1084.0 911.0 1137.0 872.0 1137.0 small-vehicle 0
807.0 1071.0 856.0 1071.0 856.0 1114.0 807.0 1114.0 small-vehicle 0
791.0 1047.0 834.0 1047.0 834.0 1092.0 791.0 1092.0 small-vehicle 0
543.0 472.0 593.0 472.0 593.0 506.0 543.0 506.0 small-vehicle 0
543.0 501.0 598.0 501.0 598.0 538.0 543.0 538.0 small-vehicle 0
579.0 519.0 628.0 519.0 628.0 560.0 579.0 560.0 small-vehicle 0
586.0 542.0 646.0 542.0 646.0 594.0 586.0 594.0 small-vehicle 0
562.0 577.0 613.0 577.0 613.0 637.0 562.0 637.0 small-vehicle 0
1091.0 688.0 1142.0 688.0 1142.0 787.0 1091.0 787.0 large-vehicle 0
640.0 635.0 688.0 635.0 688.0 685.0 640.0 685.0 small-vehicle 0
678.0 689.0 723.0 689.0 723.0 740.0 678.0 740.0 small-vehicle 0
719.0 745.0 761.0 745.0 761.0 791.0 719.0 791.0 small-vehicle 0
759.0 799.0 800.0 799.0 800.0 845.0 759.0 845.0 small-vehicle 0
825.0 863.0 877.0 863.0 877.0 909.0 825.0 909.0 small-vehicle 0
837.0 893.0 887.0 893.0 887.0 936.0 837.0 936.0 small-vehicle 0
852.0 918.0 904.0 918.0 904.0 956.0 852.0 956.0 small-vehicle 0
866.0 936.0 918.0 936.0 918.0 978.0 866.0 978.0 small-vehicle 0
877.0 958.0 930.0 958.0 930.0 1003.0 877.0 1003.0 small-vehicle 0
750.0 990.0 801.0 990.0 801.0 1031.0 750.0 1031.0 small-vehicle 0
740.0 960.0 792.0 960.0 792.0 1004.0 740.0 1004.0 small-vehicle 0
728.0 940.0 776.0 940.0 776.0 981.0 728.0 981.0 small-vehicle 0
698.0 885.0 756.0 885.0 756.0 937.0 698.0 937.0 small-vehicle 0
687.0 864.0 731.0 864.0 731.0 910.0 687.0 910.0 small-vehicle 0
1116.0 979.0 1158.0 979.0 1158.0 1036.0 1116.0 1036.0 small-vehicle 0
1141.0 971.0 1184.0 971.0 1184.0 1026.0 1141.0 1026.0 small-vehicle 0
1766.0 527.0 1788.0 527.0 1788.0 568.0 1766.0 568.0 small-vehicle 0
1776.0 445.0 1814.0 445.0 1814.0 465.0 1776.0 465.0 small-vehicle 0
943.0 869.0 984.0 869.0 984.0 888.0 943.0 888.0 small-vehicle 0
442.0 410.0 488.0 410.0 488.0 442.0 442.0 442.0 small-vehicle 0
491.0 390.0 540.0 390.0 540.0 428.0 491.0 428.0 small-vehicle 0
1302.0 488.0 1369.0 488.0 1369.0 524.0 1302.0 524.0 small-vehicle 0
1055.0 88.0 1089.0 88.0 1089.0 140.0 1055.0 140.0 small-vehicle 0
1410.0 83.0 1430.0 83.0 1430.0 132.0 1410.0 132.0 small-vehicle 0
1383.0 78.0 1408.0 78.0 1408.0 126.0 1383.0 126.0 small-vehicle 0
1240.0 76.0 1269.0 76.0 1269.0 129.0 1240.0 129.0 small-vehicle 0
1324.0 62.0 1352.0 62.0 1352.0 109.0 1324.0 109.0 small-vehicle 0
1245.0 136.0 1315.0 136.0 1315.0 161.0 1245.0 161.0 small-vehicle 0
1459.0 156.0 1497.0 156.0 1497.0 175.0 1459.0 175.0 small-vehicle 0
1419.0 162.0 1444.0 162.0 1444.0 215.0 1419.0 215.0 small-vehicle 0
1464.0 180.0 1517.0 180.0 1517.0 198.0 1464.0 198.0 small-vehicle 0
1456.0 204.0 1521.0 204.0 1521.0 224.0 1456.0 224.0 small-vehicle 0
1645.0 287.0 1676.0 287.0 1676.0 382.0 1645.0 382.0 large-vehicle 0
1621.0 297.0 1648.0 297.0 1648.0 396.0 1621.0 396.0 large-vehicle 0
1482.0 242.0 1507.0 242.0 1507.0 286.0 1482.0 286.0 small-vehicle 0
1516.0 273.0 1535.0 273.0 1535.0 317.0 1516.0 317.0 small-vehicle 0
1540.0 286.0 1559.0 286.0 1559.0 329.0 1540.0 329.0 small-vehicle 0
1564.0 289.0 1582.0 289.0 1582.0 335.0 1564.0 335.0 small-vehicle 0
1756.0 293.0 1779.0 293.0 1779.0 342.0 1756.0 342.0 small-vehicle 0
1718.0 290.0 1744.0 290.0 1744.0 337.0 1718.0 337.0 small-vehicle 0
1668.0 290.0 1686.0 290.0 1686.0 334.0 1668.0 334.0 small-vehicle 0
1790.0 289.0 1832.0 289.0 1832.0 311.0 1790.0 311.0 small-vehicle 0
1790.0 317.0 1833.0 317.0 1833.0 339.0 1790.0 339.0 small-vehicle 0
1730.0 344.0 1766.0 344.0 1766.0 387.0 1730.0 387.0 small-vehicle 0
1802.0 394.0 1848.0 394.0 1848.0 411.0 1802.0 411.0 small-vehicle 0
1786.0 416.0 1823.0 416.0 1823.0 434.0 1786.0 434.0 small-vehicle 0
1782.0 468.0 1821.0 468.0 1821.0 491.0 1782.0 491.0 small-vehicle 0
664.0 847.0 710.0 847.0 710.0 889.0 664.0 889.0 small-vehicle 0
632.0 808.0 680.0 808.0 680.0 856.0 632.0 856.0 small-vehicle 0
612.0 786.0 661.0 786.0 661.0 833.0 612.0 833.0 small-vehicle 0
1382.0 808.0 1437.0 808.0 1437.0 909.0 1382.0 909.0 large-vehicle 0
1408.0 800.0 1468.0 800.0 1468.0 903.0 1408.0 903.0 large-vehicle 0
1437.0 791.0 1494.0 791.0 1494.0 890.0 1437.0 890.0 large-vehicle 0
1469.0 780.0 1530.0 780.0 1530.0 878.0 1469.0 878.0 large-vehicle 0
1496.0 772.0 1556.0 772.0 1556.0 869.0 1496.0 869.0 large-vehicle 0
1523.0 764.0 1581.0 764.0 1581.0 862.0 1523.0 862.0 large-vehicle 0
1547.0 744.0 1605.0 744.0 1605.0 845.0 1547.0 845.0 large-vehicle 0
1600.0 733.0 1658.0 733.0 1658.0 832.0 1600.0 832.0 large-vehicle 0
1628.0 723.0 1691.0 723.0 1691.0 824.0 1628.0 824.0 large-vehicle 0
1668.0 700.0 1722.0 700.0 1722.0 798.0 1668.0 798.0 large-vehicle 0
1696.0 694.0 1755.0 694.0 1755.0 794.0 1696.0 794.0 large-vehicle 0
1772.0 583.0 1831.0 583.0 1831.0 680.0 1772.0 680.0 large-vehicle 0
1618.0 556.0 1676.0 556.0 1676.0 652.0 1618.0 652.0 large-vehicle 0
1592.0 562.0 1648.0 562.0 1648.0 660.0 1592.0 660.0 large-vehicle 0
1557.0 552.0 1610.0 552.0 1610.0 652.0 1557.0 652.0 large-vehicle 0
1528.0 572.0 1577.0 572.0 1577.0 667.0 1528.0 667.0 large-vehicle 0
1501.0 584.0 1554.0 584.0 1554.0 681.0 1501.0 681.0 large-vehicle 0
1474.0 598.0 1526.0 598.0 1526.0 693.0 1474.0 693.0 large-vehicle 0
1447.0 603.0 1495.0 603.0 1495.0 700.0 1447.0 700.0 large-vehicle 0
1418.0 608.0 1468.0 608.0 1468.0 706.0 1418.0 706.0 large-vehicle 0
1393.0 622.0 1439.0 622.0 1439.0 714.0 1393.0 714.0 large-vehicle 0
1365.0 628.0 1410.0 628.0 1410.0 723.0 1365.0 723.0 large-vehicle 0
1332.0 635.0 1385.0 635.0 1385.0 733.0 1332.0 733.0 large-vehicle 0
1287.0 650.0 1341.0 650.0 1341.0 745.0 1287.0 745.0 large-vehicle 0
1259.0 657.0 1311.0 657.0 1311.0 748.0 1259.0 748.0 large-vehicle 0
1234.0 662.0 1283.0 662.0 1283.0 752.0 1234.0 752.0 large-vehicle 0
1202.0 662.0 1254.0 662.0 1254.0 757.0 1202.0 757.0 large-vehicle 0
1168.0 657.0 1224.0 657.0 1224.0 752.0 1168.0 752.0 large-vehicle 0
1143.0 668.0 1194.0 668.0 1194.0 764.0 1143.0 764.0 large-vehicle 0
1117.0 678.0 1169.0 678.0 1169.0 776.0 1117.0 776.0 large-vehicle 0
1352.0 817.0 1411.0 817.0 1411.0 917.0 1352.0 917.0 large-vehicle 0
1327.0 826.0 1387.0 826.0 1387.0 928.0 1327.0 928.0 large-vehicle 0
576.0 741.0 627.0 741.0 627.0 786.0 576.0 786.0 small-vehicle 0
1303.0 835.0 1356.0 835.0 1356.0 933.0 1303.0 933.0 large-vehicle 0
551.0 715.0 606.0 715.0 606.0 763.0 551.0 763.0 small-vehicle 0
542.0 692.0 594.0 692.0 594.0 734.0 542.0 734.0 small-vehicle 0
525.0 669.0 575.0 669.0 575.0 712.0 525.0 712.0 small-vehicle 0
502.0 651.0 552.0 651.0 552.0 698.0 502.0 698.0 small-vehicle 0
486.0 630.0 535.0 630.0 535.0 676.0 486.0 676.0 small-vehicle 0
446.0 574.0 492.0 574.0 492.0 615.0 446.0 615.0 small-vehicle 0
413.0 533.0 460.0 533.0 460.0 578.0 413.0 578.0 small-vehicle 0
397.0 509.0 442.0 509.0 442.0 551.0 397.0 551.0 small-vehicle 0
366.0 496.0 414.0 496.0 414.0 534.0 366.0 534.0 small-vehicle 0
344.0 468.0 394.0 468.0 394.0 510.0 344.0 510.0 small-vehicle 0
325.0 443.0 375.0 443.0 375.0 482.0 325.0 482.0 small-vehicle 0
302.0 423.0 351.0 423.0 351.0 462.0 302.0 462.0 small-vehicle 0
285.0 395.0 337.0 395.0 337.0 434.0 285.0 434.0 small-vehicle 0
272.0 367.0 324.0 367.0 324.0 404.0 272.0 404.0 small-vehicle 0
260.0 342.0 314.0 342.0 314.0 382.0 260.0 382.0 small-vehicle 0
221.0 219.0 272.0 219.0 272.0 256.0 221.0 256.0 small-vehicle 0
377.0 108.0 435.0 108.0 435.0 206.0 377.0 206.0 large-vehicle 0
349.0 112.0 395.0 112.0 395.0 209.0 349.0 209.0 large-vehicle 0
219.0 286.0 314.0 286.0 314.0 325.0 219.0 325.0 large-vehicle 0
215.0 255.0 312.0 255.0 312.0 288.0 215.0 288.0 large-vehicle 0
1432.0 103.0 1536.0 103.0 1536.0 161.0 1432.0 161.0 large-vehicle 0
900.0 312.0 951.0 312.0 951.0 409.0 900.0 409.0 large-vehicle 0
873.0 319.0 923.0 319.0 923.0 417.0 873.0 417.0 large-vehicle 0
1042.0 934.0 1137.0 934.0 1137.0 988.0 1042.0 988.0 large-vehicle 0
1167.0 901.0 1218.0 901.0 1218.0 1001.0 1167.0 1001.0 large-vehicle 0
1200.0 889.0 1253.0 889.0 1253.0 985.0 1200.0 985.0 large-vehicle 0
1230.0 874.0 1283.0 874.0 1283.0 973.0 1230.0 973.0 large-vehicle 0
1251.0 864.0 1310.0 864.0 1310.0 964.0 1251.0 964.0 large-vehicle 0
1276.0 853.0 1334.0 853.0 1334.0 951.0 1276.0 951.0 large-vehicle 0
419.0 296.0 514.0 296.0 514.0 353.0 419.0 353.0 large-vehicle 0
