1609.0 792.0 1671.0 792.0 1671.0 849.0 1609.0 849.0 storage-tank 0
6532.0 1608.0 6804.0 1608.0 6804.0 1852.0 6532.0 1852.0 plane 0
7160.0 1732.0 7386.0 1732.0 7386.0 1948.0 7160.0 1948.0 plane 0
7160.0 1914.0 7284.0 1914.0 7284.0 2034.0 7160.0 2034.0 plane 0
7100.0 2050.0 7212.0 2050.0 7212.0 2168.0 7100.0 2168.0 plane 0
6988.0 2076.0 7114.0 2076.0 7114.0 2218.0 6988.0 2218.0 plane 0
6880.0 2106.0 7018.0 2106.0 7018.0 2264.0 6880.0 2264.0 plane 0
6700.0 2416.0 6934.0 2416.0 6934.0 2624.0 6700.0 2624.0 plane 0
7224.0 2770.0 7442.0 2770.0 7442.0 2972.0 7224.0 2972.0 plane 0
6554.0 2788.0 6760.0 2788.0 6760.0 2992.0 6554.0 2992.0 plane 0
6430.0 2302.0 6546.0 2302.0 6546.0 2420.0 6430.0 2420.0 plane 0
6578.0 1350.0 6808.0 1350.0 6808.0 1576.0 6578.0 1576.0 plane 0
4816.0 3160.0 4968.0 3160.0 4968.0 3300.0 4816.0 3300.0 plane 0
6368.0 1414.0 6618.0 1414.0 6618.0 1664.0 6368.0 1664.0 plane 0
6154.0 1482.0 6424.0 1482.0 6424.0 1744.0 6154.0 1744.0 plane 0
5960.0 1548.0 6220.0 1548.0 6220.0 1802.0 5960.0 1802.0 plane 0
6200.0 2708.0 6326.0 2708.0 6326.0 2838.0 6200.0 2838.0 plane 0
5696.0 2760.0 5964.0 2760.0 5964.0 2998.0 5696.0 2998.0 plane 0
5950.0 3286.0 6086.0 3286.0 6086.0 3412.0 5950.0 3412.0 plane 0
5548.0 3152.0 5684.0 3152.0 5684.0 3298.0 5548.0 3298.0 plane 0
5440.0 3194.0 5562.0 3194.0 5562.0 3320.0 5440.0 3320.0 plane 0
5320.0 2978.0 5458.0 2978.0 5458.0 3110.0 5320.0 3110.0 plane 0
7228.0 1562.0 7468.0 1562.0 7468.0 1788.0 7228.0 1788.0 plane 0
7364.0 1478.0 7498.0 1478.0 7498.0 1612.0 7364.0 1612.0 plane 0
7490.0 1210.0 7622.0 1210.0 7622.0 1340.0 7490.0 1340.0 plane 0
8066.0 874.0 8182.0 874.0 8182.0 972.0 8066.0 972.0 plane 0
9010.0 1432.0 9160.0 1432.0 9160.0 1572.0 9010.0 1572.0 plane 0
8322.0 1570.0 8592.0 1570.0 8592.0 1820.0 8322.0 1820.0 plane 0
8394.0 1402.0 8624.0 1402.0 8624.0 1610.0 8394.0 1610.0 plane 0
8674.0 1286.0 8894.0 1286.0 8894.0 1508.0 8674.0 1508.0 plane 0
8826.0 990.0 9014.0 990.0 9014.0 1184.0 8826.0 1184.0 plane 0
9012.0 868.0 9232.0 868.0 9232.0 1076.0 9012.0 1076.0 plane 0
9090.0 704.0 9278.0 704.0 9278.0 886.0 9090.0 886.0 plane 0
8986.0 666.0 9112.0 666.0 9112.0 784.0 8986.0 784.0 plane 0
8670.0 628.0 8812.0 628.0 8812.0 764.0 8670.0 764.0 plane 0
8184.0 1098.0 8394.0 1098.0 8394.0 1306.0 8184.0 1306.0 plane 0
8094.0 1266.0 8310.0 1266.0 8310.0 1480.0 8094.0 1480.0 plane 0
8060.0 1460.0 8196.0 1460.0 8196.0 1586.0 8060.0 1586.0 plane 0
7974.0 1570.0 8152.0 1570.0 8152.0 1740.0 7974.0 1740.0 plane 0
7940.0 1716.0 8176.0 1716.0 8176.0 1938.0 7940.0 1938.0 plane 0
7688.0 2576.0 7956.0 2576.0 7956.0 2808.0 7688.0 2808.0 plane 0
7400.0 1850.0 7660.0 1850.0 7660.0 2096.0 7400.0 2096.0 plane 0
7482.0 1678.0 7734.0 1678.0 7734.0 1922.0 7482.0 1922.0 plane 0
7576.0 1406.0 7842.0 1406.0 7842.0 1644.0 7576.0 1644.0 plane 0
7700.0 1312.0 7850.0 1312.0 7850.0 1452.0 7700.0 1452.0 plane 0
5062.0 3070.0 5210.0 3070.0 5210.0 3204.0 5062.0 3204.0 plane 0
4520.0 3204.0 4766.0 3204.0 4766.0 3436.0 4520.0 3436.0 plane 0
1672.0 757.0 1730.0 757.0 1730.0 815.0 1672.0 815.0 storage-tank 0
229.0 998.0 362.0 998.0 362.0 1126.0 229.0 1126.0 plane 0
935.0 1829.0 1035.0 1829.0 1035.0 1926.0 935.0 1926.0 plane 0
801.0 1733.0 897.0 1733.0 897.0 1830.0 801.0 1830.0 plane 0
892.0 1423.0 992.0 1423.0 992.0 1527.0 892.0 1527.0 plane 0
798.0 1429.0 900.0 1429.0 900.0 1526.0 798.0 1526.0 plane 0
537.0 1467.0 695.0 1467.0 695.0 1619.0 537.0 1619.0 plane 0
80.0 1934.0 153.0 1934.0 153.0 2019.0 80.0 2019.0 plane 0
264.0 1514.0 358.0 1514.0 358.0 1592.0 264.0 1592.0 plane 0
559.0 1078.0 695.0 1078.0 695.0 1217.0 559.0 1217.0 plane 0
225.0 1130.0 356.0 1130.0 356.0 1249.0 225.0 1249.0 plane 0
221.0 869.0 349.0 869.0 349.0 987.0 221.0 987.0 plane 0
5084.0 3526.0 5334.0 3526.0 5334.0 3764.0 5084.0 3764.0 plane 0
221.0 738.0 364.0 738.0 364.0 858.0 221.0 858.0 plane 0
216.0 610.0 354.0 610.0 354.0 733.0 216.0 733.0 plane 0
647.0 798.0 733.0 798.0 733.0 876.0 647.0 876.0 plane 0
598.0 566.0 753.0 566.0 753.0 721.0 598.0 721.0 plane 0
635.0 460.0 805.0 460.0 805.0 613.0 635.0 613.0 plane 0
316.0 429.0 412.0 429.0 412.0 522.0 316.0 522.0 plane 0
587.0 233.0 770.0 233.0 770.0 407.0 587.0 407.0 plane 0
620.0 34.0 728.0 34.0 728.0 141.0 620.0 141.0 plane 0
504.0 7.0 614.0 7.0 614.0 81.0 504.0 81.0 plane 0
545.0 1811.0 659.0 1811.0 659.0 1922.0 545.0 1922.0 plane 0
368.0 1592.0 488.0 1592.0 488.0 1706.0 368.0 1706.0 plane 0
261.0 1665.0 359.0 1665.0 359.0 1746.0 261.0 1746.0 plane 0
267.0 1778.0 357.0 1778.0 357.0 1851.0 267.0 1851.0 plane 0
4616.0 3758.0 4776.0 3758.0 4776.0 3892.0 4616.0 3892.0 plane 0
4490.0 3458.0 4702.0 3458.0 4702.0 3674.0 4490.0 3674.0 plane 0
5260.0 2632.0 5510.0 2632.0 5510.0 2862.0 5260.0 2862.0 plane 0
5674.0 2492.0 5912.0 2492.0 5912.0 2694.0 5674.0 2694.0 plane 0
5150.0 2564.0 5304.0 2564.0 5304.0 2702.0 5150.0 2702.0 plane 0
4636.0 2400.0 4870.0 2400.0 4870.0 2644.0 4636.0 2644.0 plane 0
4592.0 1992.0 4710.0 1992.0 4710.0 2108.0 4592.0 2108.0 plane 0
4844.0 1436.0 5072.0 1436.0 5072.0 1640.0 4844.0 1640.0 plane 0
5084.0 1360.0 5308.0 1360.0 5308.0 1558.0 5084.0 1558.0 plane 0
5244.0 1342.0 5352.0 1342.0 5352.0 1446.0 5244.0 1446.0 plane 0
4044.0 2130.0 4288.0 2130.0 4288.0 2368.0 4044.0 2368.0 plane 0
4254.0 2058.0 4492.0 2058.0 4492.0 2290.0 4254.0 2290.0 plane 0
4258.0 2880.0 4460.0 2880.0 4460.0 3064.0 4258.0 3064.0 plane 0
4290.0 3020.0 4524.0 3020.0 4524.0 3238.0 4290.0 3238.0 plane 0
4068.0 3608.0 4278.0 3608.0 4278.0 3818.0 4068.0 3818.0 plane 0
236.0 2249.0 369.0 2249.0 369.0 2369.0 236.0 2369.0 plane 0
237.0 2116.0 366.0 2116.0 366.0 2242.0 237.0 2242.0 plane 0
239.0 2034.0 317.0 2034.0 317.0 2107.0 239.0 2107.0 plane 0
239.0 1857.0 333.0 1857.0 333.0 1934.0 239.0 1934.0 plane 0
9238.0 1252.0 9452.0 1252.0 9452.0 1468.0 9238.0 1468.0 plane 0
9094.0 1096.0 9392.0 1096.0 9392.0 1352.0 9094.0 1352.0 plane 0
9464.0 862.0 9602.0 862.0 9602.0 1016.0 9464.0 1016.0 plane 0
1814.0 4480.0 1952.0 4480.0 1952.0 4605.0 1814.0 4605.0 plane 0
2603.0 4760.0 2714.0 4760.0 2714.0 4845.0 2603.0 4845.0 plane 0
2604.0 4717.0 2716.0 4717.0 2716.0 4801.0 2604.0 4801.0 plane 0
2591.0 4647.0 2714.0 4647.0 2714.0 4738.0 2591.0 4738.0 plane 0
2655.0 4617.0 2795.0 4617.0 2795.0 4757.0 2655.0 4757.0 plane 0
2414.0 4422.0 2584.0 4422.0 2584.0 4584.0 2414.0 4584.0 plane 0
2292.0 4481.0 2459.0 4481.0 2459.0 4650.0 2292.0 4650.0 plane 0
2162.0 4552.0 2340.0 4552.0 2340.0 4719.0 2162.0 4719.0 plane 0
1880.0 4518.0 1990.0 4518.0 1990.0 4620.0 1880.0 4620.0 plane 0
1915.0 4517.0 2038.0 4517.0 2038.0 4649.0 1915.0 4649.0 plane 0
2365.0 2561.0 2554.0 2561.0 2554.0 2743.0 2365.0 2743.0 plane 0
9602.0 906.0 9830.0 906.0 9830.0 1164.0 9602.0 1164.0 plane 0
2207.0 2687.0 2293.0 2687.0 2293.0 2778.0 2207.0 2778.0 plane 0
2125.0 2706.0 2217.0 2706.0 2217.0 2813.0 2125.0 2813.0 plane 0
2027.0 2726.0 2121.0 2726.0 2121.0 2825.0 2027.0 2825.0 plane 0
1934.0 2747.0 2027.0 2747.0 2027.0 2844.0 1934.0 2844.0 plane 0
1846.0 2767.0 1938.0 2767.0 1938.0 2870.0 1846.0 2870.0 plane 0
2223.0 2970.0 2317.0 2970.0 2317.0 3068.0 2223.0 3068.0 plane 0
2132.0 2989.0 2229.0 2989.0 2229.0 3083.0 2132.0 3083.0 plane 0
1697.0 2747.0 1860.0 2747.0 1860.0 2918.0 1697.0 2918.0 plane 0
1534.0 2779.0 1702.0 2779.0 1702.0 2947.0 1534.0 2947.0 plane 0
2598.0 4802.0 2717.0 4802.0 2717.0 4894.0 2598.0 4894.0 plane 0
2523.0 4338.0 2692.0 4338.0 2692.0 4502.0 2523.0 4502.0 plane 0
2640.0 4270.0 2815.0 4270.0 2815.0 4440.0 2640.0 4440.0 plane 0
2788.0 4185.0 2967.0 4185.0 2967.0 4346.0 2788.0 4346.0 plane 0
1612.0 728.0 1671.0 728.0 1671.0 782.0 1612.0 782.0 storage-tank 0
1671.0 690.0 1731.0 690.0 1731.0 747.0 1671.0 747.0 storage-tank 0
1570.0 679.0 1608.0 679.0 1608.0 714.0 1570.0 714.0 storage-tank 0
1610.0 640.0 1659.0 640.0 1659.0 687.0 1610.0 687.0 storage-tank 0
1547.0 649.0 1577.0 649.0 1577.0 677.0 1547.0 677.0 storage-tank 0
1576.0 628.0 1606.0 628.0 1606.0 659.0 1576.0 659.0 storage-tank 0
1561.0 547.0 1616.0 547.0 1616.0 595.0 1561.0 595.0 storage-tank 0
1537.0 496.0 1588.0 496.0 1588.0 545.0 1537.0 545.0 storage-tank 0
1424.0 1690.0 1553.0 1690.0 1553.0 1817.0 1424.0 1817.0 storage-tank 0
1525.0 3110.0 1606.0 3110.0 1606.0 3197.0 1525.0 3197.0 plane 0
1576.0 1047.0 1597.0 1047.0 1597.0 1069.0 1576.0 1069.0 storage-tank 0
1474.0 382.0 1494.0 382.0 1494.0 402.0 1474.0 402.0 storage-tank 0
1345.0 471.0 1376.0 471.0 1376.0 502.0 1345.0 502.0 storage-tank 0
3268.0 3610.0 3372.0 3610.0 3372.0 3709.0 3268.0 3709.0 plane 0
3463.0 3785.0 3595.0 3785.0 3595.0 3916.0 3463.0 3916.0 plane 0
3371.0 3840.0 3505.0 3840.0 3505.0 3968.0 3371.0 3968.0 plane 0
3276.0 3891.0 3416.0 3891.0 3416.0 4025.0 3276.0 4025.0 plane 0
2789.0 3215.0 2905.0 3215.0 2905.0 3331.0 2789.0 3331.0 plane 0
2646.0 3980.0 2753.0 3980.0 2753.0 4080.0 2646.0 4080.0 plane 0
1944.0 3031.0 2036.0 3031.0 2036.0 3122.0 1944.0 3122.0 plane 0
1843.0 3044.0 1936.0 3044.0 1936.0 3142.0 1843.0 3142.0 plane 0
1745.0 3072.0 1839.0 3072.0 1839.0 3158.0 1745.0 3158.0 plane 0
671.0 2485.0 777.0 2485.0 777.0 2571.0 671.0 2571.0 plane 0
656.0 2217.0 758.0 2217.0 758.0 2305.0 656.0 2305.0 plane 0
10646.0 4666.0 10866.0 4666.0 10866.0 4862.0 10646.0 4862.0 plane 0
11012.0 4824.0 11192.0 4824.0 11192.0 4994.0 11012.0 4994.0 plane 0
11084.0 4652.0 11298.0 4652.0 11298.0 4850.0 11084.0 4850.0 plane 0
9922.0 1056.0 10190.0 1056.0 10190.0 1322.0 9922.0 1322.0 plane 0
9864.0 1358.0 10076.0 1358.0 10076.0 1558.0 9864.0 1558.0 plane 0
10052.0 1270.0 10256.0 1270.0 10256.0 1480.0 10052.0 1480.0 plane 0
10282.0 1174.0 10506.0 1174.0 10506.0 1396.0 10282.0 1396.0 plane 0
10556.0 1080.0 10738.0 1080.0 10738.0 1272.0 10556.0 1272.0 plane 0
11300.0 1056.0 11430.0 1056.0 11430.0 1204.0 11300.0 1204.0 plane 0
11224.0 864.0 11376.0 864.0 11376.0 1014.0 11224.0 1014.0 plane 0
11362.0 816.0 11500.0 816.0 11500.0 962.0 11362.0 962.0 plane 0
11568.0 1000.0 11688.0 1000.0 11688.0 1114.0 11568.0 1114.0 plane 0
11590.0 204.0 11782.0 204.0 11782.0 418.0 11590.0 418.0 plane 0
11178.0 354.0 11410.0 354.0 11410.0 590.0 11178.0 590.0 plane 0
11036.0 462.0 11154.0 462.0 11154.0 574.0 11036.0 574.0 plane 0
10632.0 576.0 10826.0 576.0 10826.0 774.0 10632.0 774.0 plane 0
10452.0 640.0 10642.0 640.0 10642.0 844.0 10452.0 844.0 plane 0
10168.0 708.0 10460.0 708.0 10460.0 974.0 10168.0 974.0 plane 0
656.0 2398.0 760.0 2398.0 760.0 2486.0 656.0 2486.0 plane 0
688.0 2567.0 796.0 2567.0 796.0 2662.0 688.0 2662.0 plane 0
1250.0 3138.0 1401.0 3138.0 1401.0 3301.0 1250.0 3301.0 plane 0
697.0 2665.0 809.0 2665.0 809.0 2763.0 697.0 2763.0 plane 0
1102.0 3163.0 1268.0 3163.0 1268.0 3332.0 1102.0 3332.0 plane 0
1329.0 2826.0 1480.0 2826.0 1480.0 2977.0 1329.0 2977.0 plane 0
1259.0 2878.0 1349.0 2878.0 1349.0 2961.0 1259.0 2961.0 plane 0
1124.0 2858.0 1279.0 2858.0 1279.0 3014.0 1124.0 3014.0 plane 0
788.0 3980.0 975.0 3980.0 975.0 4148.0 788.0 4148.0 plane 0
246.0 2956.0 337.0 2956.0 337.0 3030.0 246.0 3030.0 plane 0
243.0 2879.0 318.0 2879.0 318.0 2952.0 243.0 2952.0 plane 0
241.0 2803.0 331.0 2803.0 331.0 2875.0 241.0 2875.0 plane 0
238.0 2724.0 320.0 2724.0 320.0 2797.0 238.0 2797.0 plane 0
425.0 3861.0 503.0 3861.0 503.0 3950.0 425.0 3950.0 plane 0
273.0 3713.0 361.0 3713.0 361.0 3790.0 273.0 3790.0 plane 0
275.0 3629.0 355.0 3629.0 355.0 3697.0 275.0 3697.0 plane 0
269.0 3524.0 387.0 3524.0 387.0 3618.0 269.0 3618.0 plane 0
275.0 3433.0 375.0 3433.0 375.0 3512.0 275.0 3512.0 plane 0
99.0 3612.0 177.0 3612.0 177.0 3697.0 99.0 3697.0 plane 0
867.0 2982.0 950.0 2982.0 950.0 3057.0 867.0 3057.0 plane 0
408.0 3054.0 523.0 3054.0 523.0 3159.0 408.0 3159.0 plane 0
490.0 2885.0 574.0 2885.0 574.0 2957.0 490.0 2957.0 plane 0
588.0 2689.0 694.0 2689.0 694.0 2781.0 588.0 2781.0 plane 0
206.0 5.0 289.0 5.0 289.0 74.0 206.0 74.0 plane 0
