483.0 364.0 556.0 364.0 556.0 463.0 483.0 463.0 tennis-court 0
428.0 384.0 503.0 384.0 503.0 485.0 428.0 485.0 tennis-court 0
366.0 413.0 441.0 413.0 441.0 511.0 366.0 511.0 tennis-court 0
314.0 435.0 388.0 435.0 388.0 534.0 314.0 534.0 tennis-court 0
251.0 461.0 327.0 461.0 327.0 560.0 251.0 560.0 tennis-court 0
201.0 484.0 274.0 484.0 274.0 581.0 201.0 581.0 tennis-court 0
415.0 208.0 489.0 208.0 489.0 306.0 415.0 306.0 tennis-court 0
364.0 231.0 436.0 231.0 436.0 329.0 364.0 329.0 tennis-court 0
301.0 256.0 374.0 256.0 374.0 356.0 301.0 356.0 tennis-court 0
248.0 278.0 322.0 278.0 322.0 377.0 248.0 377.0 tennis-court 0
185.0 306.0 259.0 306.0 259.0 404.0 185.0 404.0 tennis-court 0
133.0 328.0 207.0 328.0 207.0 426.0 133.0 426.0 tennis-court 0
71.0 354.0 145.0 354.0 145.0 452.0 71.0 452.0 tennis-court 0
20.0 376.0 93.0 376.0 93.0 474.0 20.0 474.0 tennis-court 0
