466.0 468.0 503.0 468.0 503.0 489.0 466.0 489.0 small-vehicle 0
286.0 654.0 358.0 654.0 358.0 709.0 286.0 709.0 large-vehicle 0
445.0 719.0 523.0 719.0 523.0 739.0 445.0 739.0 large-vehicle 0
456.0 588.0 536.0 588.0 536.0 613.0 456.0 613.0 large-vehicle 0
478.0 501.0 502.0 501.0 502.0 579.0 478.0 579.0 large-vehicle 0
272.0 914.0 330.0 914.0 330.0 986.0 272.0 986.0 large-vehicle 0
231.0 898.0 303.0 898.0 303.0 983.0 231.0 983.0 large-vehicle 0
150.0 886.0 213.0 886.0 213.0 962.0 150.0 962.0 large-vehicle 0
110.0 884.0 182.0 884.0 182.0 967.0 110.0 967.0 large-vehicle 0
115.0 833.0 207.0 833.0 207.0 855.0 115.0 855.0 large-vehicle 0
107.0 805.0 193.0 805.0 193.0 830.0 107.0 830.0 large-vehicle 0
114.0 769.0 194.0 769.0 194.0 789.0 114.0 789.0 large-vehicle 0
108.0 741.0 172.0 741.0 172.0 762.0 108.0 762.0 large-vehicle 0
98.0 712.0 157.0 712.0 157.0 735.0 98.0 735.0 large-vehicle 0
118.0 668.0 181.0 668.0 181.0 700.0 118.0 700.0 large-vehicle 0
276.0 681.0 352.0 681.0 352.0 741.0 276.0 741.0 large-vehicle 0
295.0 626.0 341.0 626.0 341.0 665.0 295.0 665.0 large-vehicle 0
778.0 1111.0 827.0 1111.0 827.0 1129.0 778.0 1129.0 small-vehicle 0
128.0 611.0 198.0 611.0 198.0 644.0 128.0 644.0 large-vehicle 0
119.0 576.0 184.0 576.0 184.0 608.0 119.0 608.0 large-vehicle 0
278.0 580.0 364.0 580.0 364.0 643.0 278.0 643.0 large-vehicle 0
133.0 552.0 199.0 552.0 199.0 583.0 133.0 583.0 large-vehicle 0
120.0 516.0 196.0 516.0 196.0 546.0 120.0 546.0 large-vehicle 0
299.0 543.0 386.0 543.0 386.0 604.0 299.0 604.0 large-vehicle 0
310.0 488.0 379.0 488.0 379.0 542.0 310.0 542.0 large-vehicle 0
315.0 455.0 382.0 455.0 382.0 500.0 315.0 500.0 large-vehicle 0
125.0 484.0 183.0 484.0 183.0 505.0 125.0 505.0 large-vehicle 0
128.0 451.0 185.0 451.0 185.0 476.0 128.0 476.0 large-vehicle 0
116.0 420.0 188.0 420.0 188.0 448.0 116.0 448.0 large-vehicle 0
306.0 384.0 390.0 384.0 390.0 432.0 306.0 432.0 large-vehicle 0
315.0 358.0 393.0 358.0 393.0 402.0 315.0 402.0 large-vehicle 0
121.0 353.0 200.0 353.0 200.0 380.0 121.0 380.0 large-vehicle 0
447.0 783.0 527.0 783.0 527.0 805.0 447.0 805.0 large-vehicle 0
436.0 818.0 520.0 818.0 520.0 840.0 436.0 840.0 large-vehicle 0
590.0 916.0 671.0 916.0 671.0 938.0 590.0 938.0 large-vehicle 0
580.0 944.0 670.0 944.0 670.0 969.0 580.0 969.0 large-vehicle 0
781.0 1061.0 826.0 1061.0 826.0 1081.0 781.0 1081.0 small-vehicle 0
779.0 1038.0 825.0 1038.0 825.0 1060.0 779.0 1060.0 small-vehicle 0
783.0 1018.0 828.0 1018.0 828.0 1041.0 783.0 1041.0 small-vehicle 0
784.0 996.0 823.0 996.0 823.0 1016.0 784.0 1016.0 small-vehicle 0
787.0 977.0 824.0 977.0 824.0 994.0 787.0 994.0 small-vehicle 0
838.0 942.0 889.0 942.0 889.0 976.0 838.0 976.0 small-vehicle 0
796.0 931.0 830.0 931.0 830.0 950.0 796.0 950.0 small-vehicle 0
791.0 912.0 828.0 912.0 828.0 931.0 791.0 931.0 small-vehicle 0
790.0 890.0 829.0 890.0 829.0 910.0 790.0 910.0 small-vehicle 0
836.0 892.0 877.0 892.0 877.0 922.0 836.0 922.0 small-vehicle 0
797.0 870.0 830.0 870.0 830.0 888.0 797.0 888.0 small-vehicle 0
815.0 530.0 861.0 530.0 861.0 552.0 815.0 552.0 small-vehicle 0
860.0 377.0 903.0 377.0 903.0 395.0 860.0 395.0 small-vehicle 0
783.0 358.0 826.0 358.0 826.0 378.0 783.0 378.0 small-vehicle 0
461.0 421.0 505.0 421.0 505.0 442.0 461.0 442.0 small-vehicle 0
551.0 930.0 570.0 930.0 570.0 972.0 551.0 972.0 small-vehicle 0
154.0 1225.0 190.0 1225.0 190.0 1244.0 154.0 1244.0 small-vehicle 0
342.0 126.0 370.0 126.0 370.0 189.0 342.0 189.0 small-vehicle 0
319.0 129.0 339.0 129.0 339.0 176.0 319.0 176.0 small-vehicle 0
398.0 140.0 426.0 140.0 426.0 224.0 398.0 224.0 large-vehicle 0
546.0 1126.0 607.0 1126.0 607.0 1148.0 546.0 1148.0 large-vehicle 0
555.0 1095.0 611.0 1095.0 611.0 1122.0 555.0 1122.0 large-vehicle 0
629.0 1100.0 717.0 1100.0 717.0 1125.0 629.0 1125.0 large-vehicle 0
554.0 1070.0 622.0 1070.0 622.0 1096.0 554.0 1096.0 large-vehicle 0
584.0 1052.0 629.0 1052.0 629.0 1068.0 584.0 1068.0 large-vehicle 0
641.0 1047.0 707.0 1047.0 707.0 1069.0 641.0 1069.0 large-vehicle 0
644.0 1023.0 703.0 1023.0 703.0 1045.0 644.0 1045.0 large-vehicle 0
558.0 1020.0 634.0 1020.0 634.0 1046.0 558.0 1046.0 large-vehicle 0
583.0 994.0 662.0 994.0 662.0 1018.0 583.0 1018.0 large-vehicle 0
147.0 282.0 221.0 282.0 221.0 304.0 147.0 304.0 large-vehicle 0
