382.0 1601.0 418.0 1601.0 418.0 1621.0 382.0 1621.0 small-vehicle 0
316.0 740.0 395.0 740.0 395.0 792.0 316.0 792.0 large-vehicle 0
124.0 641.0 184.0 641.0 184.0 725.0 124.0 725.0 large-vehicle 0
131.0 608.0 189.0 608.0 189.0 691.0 131.0 691.0 large-vehicle 0
136.0 575.0 198.0 575.0 198.0 656.0 136.0 656.0 large-vehicle 0
139.0 531.0 202.0 531.0 202.0 618.0 139.0 618.0 large-vehicle 0
240.0 708.0 318.0 708.0 318.0 756.0 240.0 756.0 large-vehicle 0
246.0 678.0 322.0 678.0 322.0 727.0 246.0 727.0 large-vehicle 0
455.0 741.0 516.0 741.0 516.0 817.0 455.0 817.0 large-vehicle 0
108.0 709.0 168.0 709.0 168.0 790.0 108.0 790.0 large-vehicle 0
462.0 707.0 520.0 707.0 520.0 780.0 462.0 780.0 large-vehicle 0
470.0 677.0 527.0 677.0 527.0 749.0 470.0 749.0 large-vehicle 0
322.0 709.0 401.0 709.0 401.0 763.0 322.0 763.0 large-vehicle 0
327.0 679.0 406.0 679.0 406.0 734.0 327.0 734.0 large-vehicle 0
335.0 651.0 414.0 651.0 414.0 705.0 335.0 705.0 large-vehicle 0
252.0 650.0 329.0 650.0 329.0 697.0 252.0 697.0 large-vehicle 0
114.0 673.0 176.0 673.0 176.0 758.0 114.0 758.0 large-vehicle 0
233.0 736.0 311.0 736.0 311.0 784.0 233.0 784.0 large-vehicle 0
266.0 587.0 345.0 587.0 345.0 638.0 266.0 638.0 large-vehicle 0
223.0 795.0 301.0 795.0 301.0 845.0 223.0 845.0 large-vehicle 0
79.0 845.0 143.0 845.0 143.0 929.0 79.0 929.0 large-vehicle 0
84.0 807.0 147.0 807.0 147.0 893.0 84.0 893.0 large-vehicle 0
95.0 774.0 155.0 774.0 155.0 856.0 95.0 856.0 large-vehicle 0
97.0 736.0 161.0 736.0 161.0 821.0 97.0 821.0 large-vehicle 0
212.0 851.0 292.0 851.0 292.0 903.0 212.0 903.0 large-vehicle 0
215.0 826.0 293.0 826.0 293.0 875.0 215.0 875.0 large-vehicle 0
292.0 853.0 371.0 853.0 371.0 908.0 292.0 908.0 large-vehicle 0
228.0 766.0 306.0 766.0 306.0 814.0 228.0 814.0 large-vehicle 0
298.0 826.0 377.0 826.0 377.0 878.0 298.0 878.0 large-vehicle 0
304.0 798.0 381.0 798.0 381.0 852.0 304.0 852.0 large-vehicle 0
432.0 843.0 491.0 843.0 491.0 916.0 432.0 916.0 large-vehicle 0
439.0 808.0 501.0 808.0 501.0 880.0 439.0 880.0 large-vehicle 0
448.0 773.0 504.0 773.0 504.0 846.0 448.0 846.0 large-vehicle 0
310.0 768.0 387.0 768.0 387.0 820.0 310.0 820.0 large-vehicle 0
257.0 620.0 338.0 620.0 338.0 668.0 257.0 668.0 large-vehicle 0
269.0 560.0 346.0 560.0 346.0 610.0 269.0 610.0 large-vehicle 0
383.0 1579.0 416.0 1579.0 416.0 1598.0 383.0 1598.0 small-vehicle 0
507.0 341.0 591.0 341.0 591.0 408.0 507.0 408.0 large-vehicle 0
289.0 471.0 367.0 471.0 367.0 520.0 289.0 520.0 large-vehicle 0
296.0 439.0 374.0 439.0 374.0 485.0 296.0 485.0 large-vehicle 0
249.0 442.0 295.0 442.0 295.0 519.0 249.0 519.0 large-vehicle 0
172.0 409.0 231.0 409.0 231.0 489.0 172.0 489.0 large-vehicle 0
176.0 373.0 237.0 373.0 237.0 455.0 176.0 455.0 large-vehicle 0
198.0 306.0 255.0 306.0 255.0 387.0 198.0 387.0 large-vehicle 0
473.0 341.0 541.0 341.0 541.0 401.0 473.0 401.0 large-vehicle 0
282.0 501.0 361.0 501.0 361.0 550.0 282.0 550.0 large-vehicle 0
439.0 330.0 511.0 330.0 511.0 392.0 439.0 392.0 large-vehicle 0
401.0 326.0 475.0 326.0 475.0 386.0 401.0 386.0 large-vehicle 0
370.0 313.0 449.0 313.0 449.0 382.0 370.0 382.0 large-vehicle 0
329.0 309.0 410.0 309.0 410.0 375.0 329.0 375.0 large-vehicle 0
292.0 279.0 327.0 279.0 327.0 367.0 292.0 367.0 large-vehicle 0
273.0 268.0 306.0 268.0 306.0 353.0 273.0 353.0 large-vehicle 0
371.0 474.0 449.0 474.0 449.0 526.0 371.0 526.0 large-vehicle 0
157.0 436.0 226.0 436.0 226.0 520.0 157.0 520.0 large-vehicle 0
341.0 623.0 419.0 623.0 419.0 676.0 341.0 676.0 large-vehicle 0
501.0 512.0 567.0 512.0 567.0 578.0 501.0 578.0 large-vehicle 0
346.0 595.0 423.0 595.0 423.0 648.0 346.0 648.0 large-vehicle 0
352.0 562.0 430.0 562.0 430.0 617.0 352.0 617.0 large-vehicle 0
475.0 640.0 533.0 640.0 533.0 715.0 475.0 715.0 large-vehicle 0
480.0 607.0 541.0 607.0 541.0 681.0 480.0 681.0 large-vehicle 0
486.0 569.0 542.0 569.0 542.0 643.0 486.0 643.0 large-vehicle 0
494.0 541.0 552.0 541.0 552.0 614.0 494.0 614.0 large-vehicle 0
506.0 480.0 580.0 480.0 580.0 540.0 506.0 540.0 large-vehicle 0
152.0 467.0 219.0 467.0 219.0 552.0 152.0 552.0 large-vehicle 0
508.0 455.0 583.0 455.0 583.0 518.0 508.0 518.0 large-vehicle 0
519.0 428.0 589.0 428.0 589.0 487.0 519.0 487.0 large-vehicle 0
360.0 533.0 439.0 533.0 439.0 586.0 360.0 586.0 large-vehicle 0
364.0 504.0 441.0 504.0 441.0 556.0 364.0 556.0 large-vehicle 0
279.0 530.0 356.0 530.0 356.0 577.0 279.0 577.0 large-vehicle 0
151.0 505.0 211.0 505.0 211.0 586.0 151.0 586.0 large-vehicle 0
205.0 885.0 284.0 885.0 284.0 931.0 205.0 931.0 large-vehicle 0
285.0 883.0 364.0 883.0 364.0 938.0 285.0 938.0 large-vehicle 0
417.0 909.0 477.0 909.0 477.0 984.0 417.0 984.0 large-vehicle 0
485.0 1099.0 520.0 1099.0 520.0 1123.0 485.0 1123.0 small-vehicle 0
459.0 1224.0 502.0 1224.0 502.0 1249.0 459.0 1249.0 small-vehicle 0
473.0 1204.0 504.0 1204.0 504.0 1226.0 473.0 1226.0 small-vehicle 0
474.0 1184.0 508.0 1184.0 508.0 1204.0 474.0 1204.0 small-vehicle 0
470.0 1159.0 506.0 1159.0 506.0 1181.0 470.0 1181.0 small-vehicle 0
477.0 1142.0 514.0 1142.0 514.0 1161.0 477.0 1161.0 small-vehicle 0
481.0 1119.0 523.0 1119.0 523.0 1142.0 481.0 1142.0 small-vehicle 0
489.0 1081.0 530.0 1081.0 530.0 1104.0 489.0 1104.0 small-vehicle 0
440.0 1267.0 493.0 1267.0 493.0 1301.0 440.0 1301.0 small-vehicle 0
494.0 1062.0 534.0 1062.0 534.0 1083.0 494.0 1083.0 small-vehicle 0
502.0 1038.0 540.0 1038.0 540.0 1060.0 502.0 1060.0 small-vehicle 0
523.0 930.0 559.0 930.0 559.0 945.0 523.0 945.0 small-vehicle 0
284.0 1355.0 321.0 1355.0 321.0 1436.0 284.0 1436.0 large-vehicle 0
255.0 1350.0 293.0 1350.0 293.0 1431.0 255.0 1431.0 large-vehicle 0
233.0 1332.0 277.0 1332.0 277.0 1424.0 233.0 1424.0 large-vehicle 0
451.0 1248.0 490.0 1248.0 490.0 1270.0 451.0 1270.0 small-vehicle 0
444.0 1293.0 482.0 1293.0 482.0 1316.0 444.0 1316.0 small-vehicle 0
411.0 941.0 467.0 941.0 467.0 1019.0 411.0 1019.0 large-vehicle 0
334.0 1484.0 385.0 1484.0 385.0 1516.0 334.0 1516.0 small-vehicle 0
385.0 1551.0 423.0 1551.0 423.0 1573.0 385.0 1573.0 small-vehicle 0
330.0 1555.0 375.0 1555.0 375.0 1576.0 330.0 1576.0 small-vehicle 0
388.0 1529.0 429.0 1529.0 429.0 1558.0 388.0 1558.0 small-vehicle 0
331.0 1511.0 381.0 1511.0 381.0 1541.0 331.0 1541.0 small-vehicle 0
391.0 1510.0 430.0 1510.0 430.0 1537.0 391.0 1537.0 small-vehicle 0
398.0 1493.0 437.0 1493.0 437.0 1516.0 398.0 1516.0 small-vehicle 0
292.0 1463.0 317.0 1463.0 317.0 1508.0 292.0 1508.0 small-vehicle 0
436.0 1307.0 479.0 1307.0 479.0 1337.0 436.0 1337.0 small-vehicle 0
348.0 1464.0 390.0 1464.0 390.0 1491.0 348.0 1491.0 small-vehicle 0
401.0 1475.0 442.0 1475.0 442.0 1499.0 401.0 1499.0 small-vehicle 0
404.0 1454.0 442.0 1454.0 442.0 1479.0 404.0 1479.0 small-vehicle 0
352.0 1446.0 396.0 1446.0 396.0 1470.0 352.0 1470.0 small-vehicle 0
356.0 1428.0 399.0 1428.0 399.0 1450.0 356.0 1450.0 small-vehicle 0
396.0 1254.0 423.0 1254.0 423.0 1293.0 396.0 1293.0 small-vehicle 0
135.0 1316.0 172.0 1316.0 172.0 1408.0 135.0 1408.0 large-vehicle 0
14.0 1283.0 91.0 1283.0 91.0 1326.0 14.0 1326.0 large-vehicle 0
86.0 1263.0 132.0 1263.0 132.0 1346.0 86.0 1346.0 large-vehicle 0
196.0 914.0 275.0 914.0 275.0 961.0 196.0 961.0 large-vehicle 0
54.0 985.0 119.0 985.0 119.0 1020.0 54.0 1020.0 large-vehicle 0
65.0 909.0 123.0 909.0 123.0 984.0 65.0 984.0 large-vehicle 0
69.0 879.0 137.0 879.0 137.0 963.0 69.0 963.0 large-vehicle 0
123.0 947.0 158.0 947.0 158.0 1026.0 123.0 1026.0 large-vehicle 0
185.0 973.0 263.0 973.0 263.0 1022.0 185.0 1022.0 large-vehicle 0
191.0 944.0 271.0 944.0 271.0 990.0 191.0 990.0 large-vehicle 0
275.0 941.0 352.0 941.0 352.0 995.0 275.0 995.0 large-vehicle 0
19.0 1257.0 97.0 1257.0 97.0 1301.0 19.0 1301.0 large-vehicle 0
282.0 911.0 360.0 911.0 360.0 966.0 282.0 966.0 large-vehicle 0
387.0 1161.0 431.0 1161.0 431.0 1249.0 387.0 1249.0 large-vehicle 0
401.0 1082.0 443.0 1082.0 443.0 1166.0 401.0 1166.0 large-vehicle 0
412.0 1038.0 453.0 1038.0 453.0 1116.0 412.0 1116.0 large-vehicle 0
374.0 1008.0 410.0 1008.0 410.0 1098.0 374.0 1098.0 large-vehicle 0
406.0 981.0 464.0 981.0 464.0 1056.0 406.0 1056.0 large-vehicle 0
181.0 1009.0 258.0 1009.0 258.0 1056.0 181.0 1056.0 large-vehicle 0
260.0 1002.0 343.0 1002.0 343.0 1053.0 260.0 1053.0 large-vehicle 0
265.0 970.0 346.0 970.0 346.0 1022.0 265.0 1022.0 large-vehicle 0
254.0 1028.0 335.0 1028.0 335.0 1081.0 254.0 1081.0 large-vehicle 0
246.0 1060.0 327.0 1060.0 327.0 1110.0 246.0 1110.0 large-vehicle 0
241.0 1087.0 321.0 1087.0 321.0 1141.0 241.0 1141.0 large-vehicle 0
251.0 1103.0 339.0 1103.0 339.0 1161.0 251.0 1161.0 large-vehicle 0
87.0 1029.0 133.0 1029.0 133.0 1115.0 87.0 1115.0 large-vehicle 0
191.0 1087.0 221.0 1087.0 221.0 1169.0 191.0 1169.0 large-vehicle 0
221.0 1136.0 249.0 1136.0 249.0 1214.0 221.0 1214.0 large-vehicle 0
251.0 1166.0 274.0 1166.0 274.0 1256.0 251.0 1256.0 large-vehicle 0
274.0 1192.0 296.0 1192.0 296.0 1268.0 274.0 1268.0 large-vehicle 0
280.0 1151.0 339.0 1151.0 339.0 1224.0 280.0 1224.0 large-vehicle 0
49.0 1140.0 129.0 1140.0 129.0 1179.0 49.0 1179.0 large-vehicle 0
43.0 1163.0 122.0 1163.0 122.0 1204.0 43.0 1204.0 large-vehicle 0
33.0 1213.0 112.0 1213.0 112.0 1252.0 33.0 1252.0 large-vehicle 0
16.0 1232.0 106.0 1232.0 106.0 1278.0 16.0 1278.0 large-vehicle 0
205.0 277.0 265.0 277.0 265.0 354.0 205.0 354.0 large-vehicle 0
