141.0 1020.0 278.0 1020.0 278.0 1149.0 141.0 1149.0 baseball-diamond 0
986.0 801.0 1035.0 801.0 1035.0 891.0 986.0 891.0 tennis-court 0
597.0 245.0 704.0 245.0 704.0 362.0 597.0 362.0 basketball-court 0
469.0 518.0 866.0 518.0 866.0 783.0 469.0 783.0 soccer-ball-field 0
554.0 814.0 831.0 814.0 831.0 1240.0 554.0 1240.0 soccer-ball-field 0
944.0 663.0 995.0 663.0 995.0 755.0 944.0 755.0 tennis-court 0
997.0 668.0 1048.0 668.0 1048.0 759.0 997.0 759.0 tennis-court 0
932.0 797.0 983.0 797.0 983.0 887.0 932.0 887.0 tennis-court 0
919.0 928.0 969.0 928.0 969.0 1019.0 919.0 1019.0 tennis-court 0
931.0 1354.0 982.0 1354.0 982.0 1445.0 931.0 1445.0 tennis-court 0
970.0 933.0 1022.0 933.0 1022.0 1023.0 970.0 1023.0 tennis-court 0
908.0 1060.0 956.0 1060.0 956.0 1151.0 908.0 1151.0 tennis-court 0
960.0 1065.0 1009.0 1065.0 1009.0 1155.0 960.0 1155.0 tennis-court 0
896.0 1193.0 944.0 1193.0 944.0 1282.0 896.0 1282.0 tennis-court 0
947.0 1196.0 997.0 1196.0 997.0 1287.0 947.0 1287.0 tennis-court 0
879.0 1349.0 930.0 1349.0 930.0 1440.0 879.0 1440.0 tennis-court 0
524.0 294.0 632.0 294.0 632.0 411.0 524.0 411.0 basketball-court 0
