1660.0 1323.0 1762.0 1323.0 1762.0 1395.0 1660.0 1395.0 large-vehicle 0
747.0 496.0 816.0 496.0 816.0 599.0 747.0 599.0 large-vehicle 0
764.0 542.0 829.0 542.0 829.0 644.0 764.0 644.0 large-vehicle 0
712.0 651.0 779.0 651.0 779.0 755.0 712.0 755.0 large-vehicle 0
778.0 589.0 844.0 589.0 844.0 691.0 778.0 691.0 large-vehicle 0
794.0 636.0 861.0 636.0 861.0 738.0 794.0 738.0 large-vehicle 0
808.0 678.0 876.0 678.0 876.0 783.0 808.0 783.0 large-vehicle 0
823.0 725.0 889.0 725.0 889.0 830.0 823.0 830.0 large-vehicle 0
596.0 789.0 699.0 789.0 699.0 860.0 596.0 860.0 large-vehicle 0
736.0 858.0 840.0 858.0 840.0 931.0 736.0 931.0 large-vehicle 0
576.0 830.0 678.0 830.0 678.0 899.0 576.0 899.0 large-vehicle 0
555.0 855.0 659.0 855.0 659.0 926.0 555.0 926.0 large-vehicle 0
536.0 887.0 641.0 887.0 641.0 956.0 536.0 956.0 large-vehicle 0
760.0 962.0 865.0 962.0 865.0 1031.0 760.0 1031.0 large-vehicle 0
748.0 992.0 852.0 992.0 852.0 1062.0 748.0 1062.0 large-vehicle 0
738.0 1024.0 842.0 1024.0 842.0 1090.0 738.0 1090.0 large-vehicle 0
849.0 919.0 952.0 919.0 952.0 987.0 849.0 987.0 large-vehicle 0
614.0 1094.0 721.0 1094.0 721.0 1165.0 614.0 1165.0 large-vehicle 0
588.0 1115.0 690.0 1115.0 690.0 1184.0 588.0 1184.0 large-vehicle 0
570.0 1139.0 674.0 1139.0 674.0 1209.0 570.0 1209.0 large-vehicle 0
709.0 1176.0 815.0 1176.0 815.0 1243.0 709.0 1243.0 large-vehicle 0
673.0 1192.0 776.0 1192.0 776.0 1262.0 673.0 1262.0 large-vehicle 0
830.0 181.0 897.0 181.0 897.0 282.0 830.0 282.0 large-vehicle 0
911.0 171.0 982.0 171.0 982.0 270.0 911.0 270.0 large-vehicle 0
930.0 211.0 1003.0 211.0 1003.0 313.0 930.0 313.0 large-vehicle 0
846.0 223.0 911.0 223.0 911.0 323.0 846.0 323.0 large-vehicle 0
861.0 271.0 927.0 271.0 927.0 371.0 861.0 371.0 large-vehicle 0
696.0 603.0 761.0 603.0 761.0 707.0 696.0 707.0 large-vehicle 0
682.0 558.0 751.0 558.0 751.0 661.0 682.0 661.0 large-vehicle 0
1530.0 1216.0 1633.0 1216.0 1633.0 1286.0 1530.0 1286.0 large-vehicle 0
733.0 455.0 798.0 455.0 798.0 558.0 733.0 558.0 large-vehicle 0
398.0 270.0 465.0 270.0 465.0 369.0 398.0 369.0 large-vehicle 0
411.0 308.0 482.0 308.0 482.0 412.0 411.0 412.0 large-vehicle 0
429.0 352.0 497.0 352.0 497.0 452.0 429.0 452.0 large-vehicle 0
371.0 459.0 439.0 459.0 439.0 562.0 371.0 562.0 large-vehicle 0
456.0 443.0 526.0 443.0 526.0 547.0 456.0 547.0 large-vehicle 0
475.0 489.0 542.0 489.0 542.0 593.0 475.0 593.0 large-vehicle 0
255.0 621.0 357.0 621.0 357.0 691.0 255.0 691.0 large-vehicle 0
353.0 670.0 455.0 670.0 455.0 739.0 353.0 739.0 large-vehicle 0
453.0 717.0 558.0 717.0 558.0 788.0 453.0 788.0 large-vehicle 0
141.0 863.0 241.0 863.0 241.0 930.0 141.0 930.0 large-vehicle 0
131.0 886.0 228.0 886.0 228.0 953.0 131.0 953.0 large-vehicle 0
115.0 906.0 212.0 906.0 212.0 974.0 115.0 974.0 large-vehicle 0
482.0 921.0 583.0 921.0 583.0 993.0 482.0 993.0 large-vehicle 0
570.0 236.0 641.0 236.0 641.0 336.0 570.0 336.0 large-vehicle 0
657.0 226.0 729.0 226.0 729.0 328.0 657.0 328.0 large-vehicle 0
590.0 286.0 654.0 286.0 654.0 391.0 590.0 391.0 large-vehicle 0
673.0 267.0 742.0 267.0 742.0 370.0 673.0 370.0 large-vehicle 0
602.0 333.0 669.0 333.0 669.0 437.0 602.0 437.0 large-vehicle 0
691.0 310.0 760.0 310.0 760.0 414.0 691.0 414.0 large-vehicle 0
623.0 375.0 689.0 375.0 689.0 478.0 623.0 478.0 large-vehicle 0
702.0 365.0 771.0 365.0 771.0 468.0 702.0 468.0 large-vehicle 0
634.0 423.0 700.0 423.0 700.0 522.0 634.0 522.0 large-vehicle 0
651.0 469.0 720.0 469.0 720.0 571.0 651.0 571.0 large-vehicle 0
717.0 409.0 786.0 409.0 786.0 511.0 717.0 511.0 large-vehicle 0
662.0 511.0 729.0 511.0 729.0 615.0 662.0 615.0 large-vehicle 0
946.0 255.0 1016.0 255.0 1016.0 353.0 946.0 353.0 large-vehicle 0
873.0 313.0 945.0 313.0 945.0 415.0 873.0 415.0 large-vehicle 0
959.0 297.0 1027.0 297.0 1027.0 396.0 959.0 396.0 large-vehicle 0
895.0 358.0 958.0 358.0 958.0 462.0 895.0 462.0 large-vehicle 0
1066.0 614.0 1132.0 614.0 1132.0 713.0 1066.0 713.0 large-vehicle 0
997.0 669.0 1064.0 669.0 1064.0 770.0 997.0 770.0 large-vehicle 0
1082.0 652.0 1146.0 652.0 1146.0 756.0 1082.0 756.0 large-vehicle 0
1223.0 534.0 1288.0 534.0 1288.0 636.0 1223.0 636.0 large-vehicle 0
1294.0 474.0 1358.0 474.0 1358.0 577.0 1294.0 577.0 large-vehicle 0
1302.0 519.0 1372.0 519.0 1372.0 626.0 1302.0 626.0 large-vehicle 0
1324.0 560.0 1391.0 560.0 1391.0 665.0 1324.0 665.0 large-vehicle 0
1252.0 624.0 1319.0 624.0 1319.0 726.0 1252.0 726.0 large-vehicle 0
1270.0 673.0 1334.0 673.0 1334.0 776.0 1270.0 776.0 large-vehicle 0
1097.0 707.0 1162.0 707.0 1162.0 807.0 1097.0 807.0 large-vehicle 0
1010.0 722.0 1080.0 722.0 1080.0 825.0 1010.0 825.0 large-vehicle 0
1113.0 746.0 1181.0 746.0 1181.0 849.0 1113.0 849.0 large-vehicle 0
1039.0 813.0 1109.0 813.0 1109.0 918.0 1039.0 918.0 large-vehicle 0
1125.0 793.0 1191.0 793.0 1191.0 896.0 1125.0 896.0 large-vehicle 0
1137.0 837.0 1206.0 837.0 1206.0 937.0 1137.0 937.0 large-vehicle 0
1157.0 885.0 1222.0 885.0 1222.0 991.0 1157.0 991.0 large-vehicle 0
953.0 971.0 1057.0 971.0 1057.0 1037.0 953.0 1037.0 large-vehicle 0
1066.0 1076.0 1172.0 1076.0 1172.0 1150.0 1066.0 1150.0 large-vehicle 0
1049.0 1108.0 1151.0 1108.0 1151.0 1179.0 1049.0 1179.0 large-vehicle 0
1034.0 1140.0 1137.0 1140.0 1137.0 1210.0 1034.0 1210.0 large-vehicle 0
1011.0 1166.0 1113.0 1166.0 1113.0 1235.0 1011.0 1235.0 large-vehicle 0
995.0 1192.0 1095.0 1192.0 1095.0 1261.0 995.0 1261.0 large-vehicle 0
1413.0 1197.0 1514.0 1197.0 1514.0 1266.0 1413.0 1266.0 large-vehicle 0
1246.0 335.0 1311.0 335.0 1311.0 441.0 1246.0 441.0 large-vehicle 0
1521.0 1252.0 1624.0 1252.0 1624.0 1323.0 1521.0 1323.0 large-vehicle 0
1046.0 564.0 1117.0 564.0 1117.0 664.0 1046.0 664.0 large-vehicle 0
979.0 634.0 1048.0 634.0 1048.0 735.0 979.0 735.0 large-vehicle 0
1035.0 524.0 1102.0 524.0 1102.0 626.0 1035.0 626.0 large-vehicle 0
1459.0 141.0 1528.0 141.0 1528.0 243.0 1459.0 243.0 large-vehicle 0
903.0 405.0 969.0 405.0 969.0 507.0 903.0 507.0 large-vehicle 0
922.0 447.0 992.0 447.0 992.0 550.0 922.0 550.0 large-vehicle 0
936.0 491.0 1003.0 491.0 1003.0 595.0 936.0 595.0 large-vehicle 0
952.0 538.0 1020.0 538.0 1020.0 644.0 952.0 644.0 large-vehicle 0
1088.0 126.0 1156.0 126.0 1156.0 229.0 1088.0 229.0 large-vehicle 0
1188.0 155.0 1255.0 155.0 1255.0 257.0 1188.0 257.0 large-vehicle 0
1120.0 213.0 1189.0 213.0 1189.0 316.0 1120.0 316.0 large-vehicle 0
1202.0 203.0 1270.0 203.0 1270.0 306.0 1202.0 306.0 large-vehicle 0
1354.0 112.0 1424.0 112.0 1424.0 215.0 1354.0 215.0 large-vehicle 0
1442.0 96.0 1510.0 96.0 1510.0 198.0 1442.0 198.0 large-vehicle 0
1378.0 155.0 1445.0 155.0 1445.0 257.0 1378.0 257.0 large-vehicle 0
1389.0 203.0 1454.0 203.0 1454.0 304.0 1389.0 304.0 large-vehicle 0
1208.0 492.0 1277.0 492.0 1277.0 593.0 1208.0 593.0 large-vehicle 0
1474.0 185.0 1539.0 185.0 1539.0 288.0 1474.0 288.0 large-vehicle 0
1492.0 226.0 1558.0 226.0 1558.0 330.0 1492.0 330.0 large-vehicle 0
1407.0 244.0 1476.0 244.0 1476.0 349.0 1407.0 349.0 large-vehicle 0
1232.0 289.0 1300.0 289.0 1300.0 394.0 1232.0 394.0 large-vehicle 0
1162.0 348.0 1230.0 348.0 1230.0 451.0 1162.0 451.0 large-vehicle 0
974.0 342.0 1045.0 342.0 1045.0 444.0 974.0 444.0 large-vehicle 0
990.0 389.0 1059.0 389.0 1059.0 493.0 990.0 493.0 large-vehicle 0
1007.0 429.0 1071.0 429.0 1071.0 533.0 1007.0 533.0 large-vehicle 0
1017.0 478.0 1086.0 478.0 1086.0 581.0 1017.0 581.0 large-vehicle 0
1192.0 440.0 1263.0 440.0 1263.0 542.0 1192.0 542.0 large-vehicle 0
1276.0 430.0 1346.0 430.0 1346.0 532.0 1276.0 532.0 large-vehicle 0
329.0 312.0 399.0 312.0 399.0 416.0 329.0 416.0 large-vehicle 0
