870.0 1320.0 1063.0 1320.0 1063.0 1512.0 870.0 1512.0 baseball-diamond 0
517.0 533.0 1054.0 533.0 1054.0 1270.0 517.0 1270.0 ground-track-field 0
627.0 679.0 948.0 679.0 948.0 1124.0 627.0 1124.0 soccer-ball-field 0
311.0 92.0 687.0 92.0 687.0 570.0 311.0 570.0 soccer-ball-field 1
373.0 1204.0 488.0 1204.0 488.0 1316.0 373.0 1316.0 baseball-diamond 0
332.0 642.0 407.0 642.0 407.0 740.0 332.0 740.0 tennis-court 0
282.0 663.0 357.0 663.0 357.0 761.0 282.0 761.0 tennis-court 0
279.0 517.0 354.0 517.0 354.0 617.0 279.0 617.0 tennis-court 0
229.0 539.0 304.0 539.0 304.0 637.0 229.0 637.0 tennis-court 0
180.0 560.0 254.0 560.0 254.0 658.0 180.0 658.0 tennis-court 0
130.0 581.0 205.0 581.0 205.0 679.0 130.0 679.0 tennis-court 0
227.0 394.0 302.0 394.0 302.0 492.0 227.0 492.0 tennis-court 0
177.0 415.0 252.0 415.0 252.0 514.0 177.0 514.0 tennis-court 0
