6218.0 1845.0 6395.0 1845.0 6395.0 2003.0 6218.0 2003.0 plane 0
2843.0 698.0 2959.0 698.0 2959.0 786.0 2843.0 786.0 plane 0
1525.0 732.0 1628.0 732.0 1628.0 834.0 1525.0 834.0 plane 0
1664.0 727.0 1755.0 727.0 1755.0 816.0 1664.0 816.0 plane 0
2079.0 756.0 2198.0 756.0 2198.0 870.0 2079.0 870.0 plane 0
2171.0 772.0 2312.0 772.0 2312.0 909.0 2171.0 909.0 plane 0
2869.0 1944.0 2989.0 1944.0 2989.0 2069.0 2869.0 2069.0 plane 0
3168.0 1921.0 3328.0 1921.0 3328.0 2092.0 3168.0 2092.0 plane 0
3344.0 1905.0 3509.0 1905.0 3509.0 2070.0 3344.0 2070.0 plane 0
2883.0 787.0 2983.0 787.0 2983.0 890.0 2883.0 890.0 plane 0
2841.0 605.0 2935.0 605.0 2935.0 692.0 2841.0 692.0 plane 0
4053.0 1850.0 4212.0 1850.0 4212.0 2010.0 4053.0 2010.0 plane 0
2802.0 497.0 2918.0 497.0 2918.0 603.0 2802.0 603.0 plane 0
2896.0 345.0 3002.0 345.0 3002.0 456.0 2896.0 456.0 plane 0
3068.0 298.0 3187.0 298.0 3187.0 415.0 3068.0 415.0 plane 0
3198.0 284.0 3319.0 284.0 3319.0 422.0 3198.0 422.0 plane 0
3274.0 360.0 3400.0 360.0 3400.0 493.0 3274.0 493.0 plane 0
3299.0 473.0 3412.0 473.0 3412.0 579.0 3299.0 579.0 plane 0
3525.0 1861.0 3685.0 1861.0 3685.0 2042.0 3525.0 2042.0 plane 0
3698.0 1855.0 3867.0 1855.0 3867.0 2045.0 3698.0 2045.0 plane 0
1425.0 745.0 1514.0 745.0 1514.0 843.0 1425.0 843.0 plane 0
1993.0 325.0 2082.0 325.0 2082.0 426.0 1993.0 426.0 plane 0
1682.0 352.0 1782.0 352.0 1782.0 461.0 1682.0 461.0 plane 0
1487.0 369.0 1575.0 369.0 1575.0 448.0 1487.0 448.0 plane 0
56.0 1586.0 231.0 1586.0 231.0 1751.0 56.0 1751.0 plane 0
99.0 1729.0 307.0 1729.0 307.0 1935.0 99.0 1935.0 plane 0
239.0 1799.0 427.0 1799.0 427.0 2007.0 239.0 2007.0 plane 0
481.0 2058.0 568.0 2058.0 568.0 2136.0 481.0 2136.0 plane 0
570.0 436.0 662.0 436.0 662.0 533.0 570.0 533.0 plane 0
670.0 430.0 762.0 430.0 762.0 518.0 670.0 518.0 plane 0
520.0 836.0 631.0 836.0 631.0 947.0 520.0 947.0 plane 0
656.0 1772.0 801.0 1772.0 801.0 1928.0 656.0 1928.0 plane 0
522.0 2178.0 721.0 2178.0 721.0 2390.0 522.0 2390.0 plane 0
766.0 414.0 862.0 414.0 862.0 514.0 766.0 514.0 plane 0
867.0 407.0 966.0 407.0 966.0 520.0 867.0 520.0 plane 0
881.0 741.0 1058.0 741.0 1058.0 938.0 881.0 938.0 plane 0
1084.0 722.0 1305.0 722.0 1305.0 941.0 1084.0 941.0 plane 0
1332.0 801.0 1456.0 801.0 1456.0 930.0 1332.0 930.0 plane 0
1088.0 1782.0 1214.0 1782.0 1214.0 1913.0 1088.0 1913.0 plane 0
1201.0 1687.0 1416.0 1687.0 1416.0 1914.0 1201.0 1914.0 plane 0
1029.0 2163.0 1186.0 2163.0 1186.0 2331.0 1029.0 2331.0 plane 0
3879.0 1853.0 4036.0 1853.0 4036.0 2010.0 3879.0 2010.0 plane 0
3971.0 1530.0 4095.0 1530.0 4095.0 1661.0 3971.0 1661.0 plane 0
6198.0 1625.0 6397.0 1625.0 6397.0 1800.0 6198.0 1800.0 plane 0
5697.0 335.0 5876.0 335.0 5876.0 513.0 5697.0 513.0 plane 0
4596.0 2196.0 4718.0 2196.0 4718.0 2319.0 4596.0 2319.0 plane 0
5032.0 191.0 5224.0 191.0 5224.0 362.0 5032.0 362.0 plane 0
5042.0 373.0 5248.0 373.0 5248.0 554.0 5042.0 554.0 plane 0
5055.0 552.0 5255.0 552.0 5255.0 722.0 5055.0 722.0 plane 0
5082.0 736.0 5247.0 736.0 5247.0 891.0 5082.0 891.0 plane 0
5128.0 1487.0 5288.0 1487.0 5288.0 1647.0 5128.0 1647.0 plane 0
5141.0 1692.0 5333.0 1692.0 5333.0 1870.0 5141.0 1870.0 plane 0
5713.0 176.0 5859.0 176.0 5859.0 317.0 5713.0 317.0 plane 0
5712.0 518.0 5898.0 518.0 5898.0 691.0 5712.0 691.0 plane 0
3623.0 554.0 3718.0 554.0 3718.0 659.0 3623.0 659.0 plane 0
5722.0 697.0 5918.0 697.0 5918.0 864.0 5722.0 864.0 plane 0
5781.0 1369.0 5950.0 1369.0 5950.0 1524.0 5781.0 1524.0 plane 0
5784.0 1539.0 5980.0 1539.0 5980.0 1719.0 5784.0 1719.0 plane 0
5820.0 1902.0 5992.0 1902.0 5992.0 2065.0 5820.0 2065.0 plane 0
6074.0 145.0 6270.0 145.0 6270.0 315.0 6074.0 315.0 plane 0
6095.0 337.0 6300.0 337.0 6300.0 550.0 6095.0 550.0 plane 0
6166.0 1194.0 6366.0 1194.0 6366.0 1375.0 6166.0 1375.0 plane 0
6185.0 1410.0 6379.0 1410.0 6379.0 1588.0 6185.0 1588.0 plane 0
4812.0 2051.0 4908.0 2051.0 4908.0 2145.0 4812.0 2145.0 plane 0
4398.0 1862.0 4542.0 1862.0 4542.0 2009.0 4398.0 2009.0 plane 0
4226.0 1853.0 4385.0 1853.0 4385.0 2014.0 4226.0 2014.0 plane 0
4795.0 1842.0 4893.0 1842.0 4893.0 1935.0 4795.0 1935.0 plane 0
4097.0 701.0 4205.0 701.0 4205.0 813.0 4097.0 813.0 plane 0
4111.0 607.0 4224.0 607.0 4224.0 710.0 4111.0 710.0 plane 0
4090.0 405.0 4216.0 405.0 4216.0 519.0 4090.0 519.0 plane 0
4060.0 316.0 4178.0 316.0 4178.0 433.0 4060.0 433.0 plane 0
3984.0 236.0 4118.0 236.0 4118.0 372.0 3984.0 372.0 plane 0
3907.0 256.0 4000.0 256.0 4000.0 350.0 3907.0 350.0 plane 0
3773.0 256.0 3877.0 256.0 3877.0 355.0 3773.0 355.0 plane 0
3583.0 313.0 3730.0 313.0 3730.0 457.0 3583.0 457.0 plane 0
4618.0 220.0 4819.0 220.0 4819.0 407.0 4618.0 407.0 plane 0
4632.0 421.0 4835.0 421.0 4835.0 604.0 4632.0 604.0 plane 0
4649.0 636.0 4852.0 636.0 4852.0 821.0 4649.0 821.0 plane 0
4204.0 1535.0 4316.0 1535.0 4316.0 1648.0 4204.0 1648.0 plane 0
4644.0 1433.0 4733.0 1433.0 4733.0 1517.0 4644.0 1517.0 plane 0
4761.0 1401.0 4850.0 1401.0 4850.0 1495.0 4761.0 1495.0 plane 0
4767.0 1503.0 4858.0 1503.0 4858.0 1598.0 4767.0 1598.0 plane 0
4773.0 1607.0 4873.0 1607.0 4873.0 1701.0 4773.0 1701.0 plane 0
4793.0 1738.0 4881.0 1738.0 4881.0 1836.0 4793.0 1836.0 plane 0
214.0 191.0 336.0 191.0 336.0 296.0 214.0 296.0 plane 0
