1087.0 144.0 1137.0 144.0 1137.0 175.0 1087.0 175.0 small-vehicle 0
734.0 1487.0 765.0 1487.0 765.0 1590.0 734.0 1590.0 large-vehicle 0
325.0 1235.0 398.0 1235.0 398.0 1319.0 325.0 1319.0 large-vehicle 0
343.0 1303.0 409.0 1303.0 409.0 1383.0 343.0 1383.0 large-vehicle 0
352.0 1335.0 421.0 1335.0 421.0 1421.0 352.0 1421.0 large-vehicle 0
411.0 1376.0 441.0 1376.0 441.0 1471.0 411.0 1471.0 large-vehicle 0
439.0 1391.0 467.0 1391.0 467.0 1487.0 439.0 1487.0 large-vehicle 0
465.0 1403.0 496.0 1403.0 496.0 1497.0 465.0 1497.0 large-vehicle 0
546.0 1431.0 577.0 1431.0 577.0 1527.0 546.0 1527.0 large-vehicle 0
575.0 1443.0 605.0 1443.0 605.0 1538.0 575.0 1538.0 large-vehicle 0
866.0 1529.0 895.0 1529.0 895.0 1630.0 866.0 1630.0 large-vehicle 0
838.0 1531.0 866.0 1531.0 866.0 1627.0 838.0 1627.0 large-vehicle 0
811.0 1522.0 839.0 1522.0 839.0 1623.0 811.0 1623.0 large-vehicle 0
759.0 1501.0 787.0 1501.0 787.0 1602.0 759.0 1602.0 large-vehicle 0
708.0 1491.0 736.0 1491.0 736.0 1586.0 708.0 1586.0 large-vehicle 0
571.0 1236.0 652.0 1236.0 652.0 1318.0 571.0 1318.0 large-vehicle 0
682.0 1481.0 709.0 1481.0 709.0 1575.0 682.0 1575.0 large-vehicle 0
656.0 1471.0 683.0 1471.0 683.0 1566.0 656.0 1566.0 large-vehicle 0
629.0 1461.0 655.0 1461.0 655.0 1555.0 629.0 1555.0 large-vehicle 0
598.0 1450.0 630.0 1450.0 630.0 1546.0 598.0 1546.0 large-vehicle 0
886.0 1314.0 935.0 1314.0 935.0 1419.0 886.0 1419.0 large-vehicle 0
859.0 1311.0 906.0 1311.0 906.0 1409.0 859.0 1409.0 large-vehicle 0
833.0 1305.0 876.0 1305.0 876.0 1406.0 833.0 1406.0 large-vehicle 0
784.0 1286.0 831.0 1286.0 831.0 1380.0 784.0 1380.0 large-vehicle 0
760.0 1281.0 802.0 1281.0 802.0 1377.0 760.0 1377.0 large-vehicle 0
729.0 1272.0 776.0 1272.0 776.0 1368.0 729.0 1368.0 large-vehicle 0
664.0 1262.0 745.0 1262.0 745.0 1340.0 664.0 1340.0 large-vehicle 0
634.0 1250.0 710.0 1250.0 710.0 1335.0 634.0 1335.0 large-vehicle 0
483.0 1219.0 585.0 1219.0 585.0 1267.0 483.0 1267.0 large-vehicle 0
482.0 1191.0 581.0 1191.0 581.0 1238.0 482.0 1238.0 large-vehicle 0
320.0 1201.0 391.0 1201.0 391.0 1286.0 320.0 1286.0 large-vehicle 0
312.0 1164.0 386.0 1164.0 386.0 1250.0 312.0 1250.0 large-vehicle 0
281.0 290.0 361.0 290.0 361.0 337.0 281.0 337.0 large-vehicle 0
273.0 320.0 346.0 320.0 346.0 359.0 273.0 359.0 large-vehicle 0
215.0 470.0 292.0 470.0 292.0 561.0 215.0 561.0 large-vehicle 0
219.0 507.0 296.0 507.0 296.0 596.0 219.0 596.0 large-vehicle 0
232.0 583.0 303.0 583.0 303.0 669.0 232.0 669.0 large-vehicle 0
232.0 625.0 305.0 625.0 305.0 717.0 232.0 717.0 large-vehicle 0
240.0 662.0 312.0 662.0 312.0 750.0 240.0 750.0 large-vehicle 0
247.0 696.0 319.0 696.0 319.0 784.0 247.0 784.0 large-vehicle 0
247.0 735.0 322.0 735.0 322.0 822.0 247.0 822.0 large-vehicle 0
260.0 768.0 331.0 768.0 331.0 852.0 260.0 852.0 large-vehicle 0
261.0 806.0 333.0 806.0 333.0 889.0 261.0 889.0 large-vehicle 0
263.0 841.0 337.0 841.0 337.0 933.0 263.0 933.0 large-vehicle 0
274.0 878.0 341.0 878.0 341.0 963.0 274.0 963.0 large-vehicle 0
271.0 914.0 346.0 914.0 346.0 1003.0 271.0 1003.0 large-vehicle 0
274.0 957.0 347.0 957.0 347.0 1043.0 274.0 1043.0 large-vehicle 0
279.0 992.0 356.0 992.0 356.0 1079.0 279.0 1079.0 large-vehicle 0
291.0 1026.0 361.0 1026.0 361.0 1113.0 291.0 1113.0 large-vehicle 0
440.0 1030.0 538.0 1030.0 538.0 1077.0 440.0 1077.0 large-vehicle 0
295.0 1061.0 365.0 1061.0 365.0 1145.0 295.0 1145.0 large-vehicle 0
300.0 1096.0 376.0 1096.0 376.0 1184.0 300.0 1184.0 large-vehicle 0
456.0 1070.0 553.0 1070.0 553.0 1118.0 456.0 1118.0 large-vehicle 0
468.0 1106.0 564.0 1106.0 564.0 1149.0 468.0 1149.0 large-vehicle 0
466.0 1131.0 568.0 1131.0 568.0 1179.0 466.0 1179.0 large-vehicle 0
308.0 1130.0 381.0 1130.0 381.0 1213.0 308.0 1213.0 large-vehicle 0
481.0 1164.0 576.0 1164.0 576.0 1210.0 481.0 1210.0 large-vehicle 0
601.0 1246.0 683.0 1246.0 683.0 1328.0 601.0 1328.0 large-vehicle 0
918.0 1206.0 964.0 1206.0 964.0 1310.0 918.0 1310.0 large-vehicle 0
1079.0 182.0 1116.0 182.0 1116.0 211.0 1079.0 211.0 small-vehicle 0
700.0 1139.0 733.0 1139.0 733.0 1188.0 700.0 1188.0 small-vehicle 0
657.0 230.0 695.0 230.0 695.0 256.0 657.0 256.0 small-vehicle 0
572.0 202.0 615.0 202.0 615.0 233.0 572.0 233.0 small-vehicle 0
652.0 323.0 678.0 323.0 678.0 368.0 652.0 368.0 small-vehicle 0
414.0 371.0 456.0 371.0 456.0 396.0 414.0 396.0 small-vehicle 0
415.0 391.0 458.0 391.0 458.0 422.0 415.0 422.0 small-vehicle 0
779.0 457.0 821.0 457.0 821.0 488.0 779.0 488.0 small-vehicle 0
765.0 495.0 806.0 495.0 806.0 525.0 765.0 525.0 small-vehicle 0
419.0 610.0 458.0 610.0 458.0 635.0 419.0 635.0 small-vehicle 0
411.0 630.0 452.0 630.0 452.0 656.0 411.0 656.0 small-vehicle 0
411.0 667.0 447.0 667.0 447.0 690.0 411.0 690.0 small-vehicle 0
411.0 900.0 450.0 900.0 450.0 923.0 411.0 923.0 small-vehicle 0
664.0 1137.0 693.0 1137.0 693.0 1176.0 664.0 1176.0 small-vehicle 0
720.0 1151.0 749.0 1151.0 749.0 1198.0 720.0 1198.0 small-vehicle 0
891.0 1209.0 938.0 1209.0 938.0 1304.0 891.0 1304.0 large-vehicle 0
650.0 1178.0 678.0 1178.0 678.0 1218.0 650.0 1218.0 small-vehicle 0
670.0 1180.0 699.0 1180.0 699.0 1223.0 670.0 1223.0 small-vehicle 0
692.0 1182.0 722.0 1182.0 722.0 1229.0 692.0 1229.0 small-vehicle 0
709.0 1197.0 735.0 1197.0 735.0 1233.0 709.0 1233.0 small-vehicle 0
1107.0 1712.0 1158.0 1712.0 1158.0 1748.0 1107.0 1748.0 small-vehicle 0
1112.0 1692.0 1166.0 1692.0 1166.0 1729.0 1112.0 1729.0 small-vehicle 0
1121.0 1660.0 1174.0 1660.0 1174.0 1697.0 1121.0 1697.0 small-vehicle 0
941.0 1535.0 986.0 1535.0 986.0 1569.0 941.0 1569.0 small-vehicle 0
968.0 1468.0 1009.0 1468.0 1009.0 1498.0 968.0 1498.0 small-vehicle 0
753.0 536.0 797.0 536.0 797.0 567.0 753.0 567.0 small-vehicle 0
1015.0 244.0 1056.0 244.0 1056.0 272.0 1015.0 272.0 small-vehicle 0
1070.0 221.0 1115.0 221.0 1115.0 254.0 1070.0 254.0 small-vehicle 0
614.0 217.0 648.0 217.0 648.0 242.0 614.0 242.0 small-vehicle 0
707.0 157.0 746.0 157.0 746.0 185.0 707.0 185.0 small-vehicle 0
59.0 1548.0 87.0 1548.0 87.0 1617.0 59.0 1617.0 small-vehicle 0
58.0 1498.0 128.0 1498.0 128.0 1528.0 58.0 1528.0 small-vehicle 0
864.0 1192.0 914.0 1192.0 914.0 1294.0 864.0 1294.0 large-vehicle 0
840.0 1177.0 886.0 1177.0 886.0 1280.0 840.0 1280.0 large-vehicle 0
809.0 1174.0 861.0 1174.0 861.0 1274.0 809.0 1274.0 large-vehicle 0
784.0 1164.0 832.0 1164.0 832.0 1262.0 784.0 1262.0 large-vehicle 0
758.0 1161.0 806.0 1161.0 806.0 1266.0 758.0 1266.0 large-vehicle 0
749.0 1079.0 846.0 1079.0 846.0 1126.0 749.0 1126.0 large-vehicle 0
582.0 1075.0 723.0 1075.0 723.0 1133.0 582.0 1133.0 large-vehicle 0
566.0 1030.0 661.0 1030.0 661.0 1077.0 566.0 1077.0 large-vehicle 0
547.0 111.0 639.0 111.0 639.0 158.0 547.0 158.0 large-vehicle 0
905.0 210.0 992.0 210.0 992.0 252.0 905.0 252.0 large-vehicle 0
757.0 258.0 827.0 258.0 827.0 296.0 757.0 296.0 large-vehicle 0
247.0 51.0 289.0 51.0 289.0 80.0 247.0 80.0 small-vehicle 0
258.0 406.0 295.0 406.0 295.0 431.0 258.0 431.0 small-vehicle 0
396.0 420.0 438.0 420.0 438.0 449.0 396.0 449.0 small-vehicle 0
395.0 440.0 435.0 440.0 435.0 470.0 395.0 470.0 small-vehicle 0
380.0 526.0 419.0 526.0 419.0 551.0 380.0 551.0 small-vehicle 0
378.0 550.0 416.0 550.0 416.0 573.0 378.0 573.0 small-vehicle 0
22.0 1170.0 66.0 1170.0 66.0 1191.0 22.0 1191.0 small-vehicle 0
19.0 1205.0 40.0 1205.0 40.0 1244.0 19.0 1244.0 small-vehicle 0
30.0 1241.0 67.0 1241.0 67.0 1260.0 30.0 1260.0 small-vehicle 0
19.0 1352.0 88.0 1352.0 88.0 1374.0 19.0 1374.0 small-vehicle 0
6.0 1388.0 69.0 1388.0 69.0 1411.0 6.0 1411.0 small-vehicle 0
19.0 1407.0 73.0 1407.0 73.0 1430.0 19.0 1430.0 small-vehicle 0
49.0 1438.0 122.0 1438.0 122.0 1467.0 49.0 1467.0 small-vehicle 0
54.0 1470.0 125.0 1470.0 125.0 1496.0 54.0 1496.0 small-vehicle 0
301.0 269.0 384.0 269.0 384.0 310.0 301.0 310.0 large-vehicle 0
