1575.0 263.0 1591.0 263.0 1591.0 290.0 1575.0 290.0 small-vehicle 0
301.0 75.0 316.0 75.0 316.0 100.0 301.0 100.0 small-vehicle 0
7.0 121.0 32.0 121.0 32.0 133.0 7.0 133.0 small-vehicle 0
246.0 87.0 259.0 87.0 259.0 111.0 246.0 111.0 small-vehicle 0
257.0 83.0 272.0 83.0 272.0 106.0 257.0 106.0 small-vehicle 0
265.0 78.0 280.0 78.0 280.0 104.0 265.0 104.0 small-vehicle 0
276.0 77.0 292.0 77.0 292.0 104.0 276.0 104.0 small-vehicle 0
289.0 75.0 304.0 75.0 304.0 102.0 289.0 102.0 small-vehicle 0
309.0 70.0 327.0 70.0 327.0 96.0 309.0 96.0 small-vehicle 0
233.0 86.0 248.0 86.0 248.0 111.0 233.0 111.0 small-vehicle 0
324.0 68.0 339.0 68.0 339.0 91.0 324.0 91.0 small-vehicle 0
357.0 62.0 374.0 62.0 374.0 88.0 357.0 88.0 small-vehicle 0
393.0 54.0 411.0 54.0 411.0 83.0 393.0 83.0 small-vehicle 0
303.0 16.0 318.0 16.0 318.0 42.0 303.0 42.0 small-vehicle 0
314.0 15.0 331.0 15.0 331.0 43.0 314.0 43.0 small-vehicle 0
335.0 12.0 351.0 12.0 351.0 35.0 335.0 35.0 small-vehicle 0
139.0 150.0 164.0 150.0 164.0 163.0 139.0 163.0 small-vehicle 0
210.0 91.0 226.0 91.0 226.0 117.0 210.0 117.0 small-vehicle 0
358.0 9.0 371.0 9.0 371.0 32.0 358.0 32.0 small-vehicle 0
90.0 116.0 106.0 116.0 106.0 141.0 90.0 141.0 small-vehicle 0
254.0 25.0 272.0 25.0 272.0 51.0 254.0 51.0 small-vehicle 0
266.0 23.0 283.0 23.0 283.0 48.0 266.0 48.0 small-vehicle 0
280.0 21.0 295.0 21.0 295.0 47.0 280.0 47.0 small-vehicle 0
292.0 20.0 305.0 20.0 305.0 42.0 292.0 42.0 small-vehicle 0
39.0 114.0 68.0 114.0 68.0 131.0 39.0 131.0 small-vehicle 0
69.0 115.0 94.0 115.0 94.0 140.0 69.0 140.0 small-vehicle 0
99.0 108.0 118.0 108.0 118.0 138.0 99.0 138.0 small-vehicle 0
198.0 95.0 216.0 95.0 216.0 120.0 198.0 120.0 small-vehicle 0
112.0 108.0 126.0 108.0 126.0 131.0 112.0 131.0 small-vehicle 0
121.0 107.0 139.0 107.0 139.0 132.0 121.0 132.0 small-vehicle 0
134.0 107.0 151.0 107.0 151.0 131.0 134.0 131.0 small-vehicle 0
148.0 100.0 163.0 100.0 163.0 129.0 148.0 129.0 small-vehicle 0
167.0 102.0 183.0 102.0 183.0 126.0 167.0 126.0 small-vehicle 0
181.0 99.0 196.0 99.0 196.0 123.0 181.0 123.0 small-vehicle 0
347.0 9.0 363.0 9.0 363.0 32.0 347.0 32.0 small-vehicle 0
370.0 4.0 385.0 4.0 385.0 31.0 370.0 31.0 small-vehicle 0
230.0 31.0 245.0 31.0 245.0 56.0 230.0 56.0 small-vehicle 0
302.0 446.0 316.0 446.0 316.0 471.0 302.0 471.0 small-vehicle 0
80.0 293.0 106.0 293.0 106.0 308.0 80.0 308.0 small-vehicle 0
178.0 272.0 209.0 272.0 209.0 291.0 178.0 291.0 small-vehicle 0
243.0 257.0 272.0 257.0 272.0 274.0 243.0 274.0 small-vehicle 0
292.0 384.0 306.0 384.0 306.0 409.0 292.0 409.0 small-vehicle 0
301.0 384.0 316.0 384.0 316.0 407.0 301.0 407.0 small-vehicle 0
312.0 385.0 326.0 385.0 326.0 408.0 312.0 408.0 small-vehicle 0
314.0 445.0 330.0 445.0 330.0 468.0 314.0 468.0 small-vehicle 0
35.0 207.0 57.0 207.0 57.0 220.0 35.0 220.0 small-vehicle 0
311.0 249.0 335.0 249.0 335.0 261.0 311.0 261.0 small-vehicle 0
307.0 227.0 332.0 227.0 332.0 245.0 307.0 245.0 small-vehicle 0
345.0 242.0 369.0 242.0 369.0 257.0 345.0 257.0 small-vehicle 0
325.0 438.0 342.0 438.0 342.0 465.0 325.0 465.0 small-vehicle 0
337.0 437.0 354.0 437.0 354.0 465.0 337.0 465.0 small-vehicle 0
351.0 434.0 364.0 434.0 364.0 459.0 351.0 459.0 small-vehicle 0
39.0 270.0 63.0 270.0 63.0 284.0 39.0 284.0 small-vehicle 0
34.0 6.0 55.0 6.0 55.0 20.0 34.0 20.0 small-vehicle 0
381.0 3.0 398.0 3.0 398.0 29.0 381.0 29.0 small-vehicle 0
489.0 35.0 503.0 35.0 503.0 59.0 489.0 59.0 small-vehicle 0
398.0 2.0 409.0 2.0 409.0 24.0 398.0 24.0 small-vehicle 0
412.0 53.0 429.0 53.0 429.0 79.0 412.0 79.0 small-vehicle 0
443.0 46.0 458.0 46.0 458.0 71.0 443.0 71.0 small-vehicle 0
455.0 42.0 472.0 42.0 472.0 69.0 455.0 69.0 small-vehicle 0
467.0 40.0 483.0 40.0 483.0 66.0 467.0 66.0 small-vehicle 0
477.0 39.0 494.0 39.0 494.0 66.0 477.0 66.0 small-vehicle 0
500.0 36.0 516.0 36.0 516.0 59.0 500.0 59.0 small-vehicle 0
3.0 9.0 30.0 9.0 30.0 26.0 3.0 26.0 small-vehicle 0
511.0 34.0 527.0 34.0 527.0 58.0 511.0 58.0 small-vehicle 0
531.0 32.0 544.0 32.0 544.0 55.0 531.0 55.0 small-vehicle 0
553.0 23.0 569.0 23.0 569.0 51.0 553.0 51.0 small-vehicle 0
566.0 21.0 580.0 21.0 580.0 46.0 566.0 46.0 small-vehicle 0
576.0 19.0 592.0 19.0 592.0 43.0 576.0 43.0 small-vehicle 0
586.0 14.0 603.0 14.0 603.0 40.0 586.0 40.0 small-vehicle 0
242.0 27.0 258.0 27.0 258.0 53.0 242.0 53.0 small-vehicle 0
217.0 33.0 235.0 33.0 235.0 59.0 217.0 59.0 small-vehicle 0
373.0 431.0 389.0 431.0 389.0 456.0 373.0 456.0 small-vehicle 0
1047.0 329.0 1140.0 329.0 1140.0 362.0 1047.0 362.0 large-vehicle 0
943.0 417.0 988.0 417.0 988.0 474.0 943.0 474.0 large-vehicle 0
966.0 411.0 1015.0 411.0 1015.0 469.0 966.0 469.0 large-vehicle 0
993.0 402.0 1041.0 402.0 1041.0 463.0 993.0 463.0 large-vehicle 0
1030.0 383.0 1094.0 383.0 1094.0 466.0 1030.0 466.0 large-vehicle 0
1066.0 392.0 1111.0 392.0 1111.0 452.0 1066.0 452.0 large-vehicle 0
938.0 351.0 1030.0 351.0 1030.0 384.0 938.0 384.0 large-vehicle 0
1146.0 316.0 1207.0 316.0 1207.0 341.0 1146.0 341.0 large-vehicle 0
854.0 200.0 915.0 200.0 915.0 234.0 854.0 234.0 large-vehicle 0
929.0 187.0 991.0 187.0 991.0 219.0 929.0 219.0 large-vehicle 0
966.0 181.0 1027.0 181.0 1027.0 212.0 966.0 212.0 large-vehicle 0
1040.0 166.0 1100.0 166.0 1100.0 197.0 1040.0 197.0 large-vehicle 0
1082.0 161.0 1142.0 161.0 1142.0 191.0 1082.0 191.0 large-vehicle 0
1121.0 154.0 1183.0 154.0 1183.0 184.0 1121.0 184.0 large-vehicle 0
1117.0 377.0 1164.0 377.0 1164.0 436.0 1117.0 436.0 large-vehicle 0
891.0 408.0 956.0 408.0 956.0 493.0 891.0 493.0 large-vehicle 0
828.0 439.0 869.0 439.0 869.0 494.0 828.0 494.0 large-vehicle 0
1187.0 366.0 1235.0 366.0 1235.0 426.0 1187.0 426.0 large-vehicle 0
479.0 486.0 543.0 486.0 543.0 572.0 479.0 572.0 large-vehicle 0
253.0 336.0 333.0 336.0 333.0 366.0 253.0 366.0 large-vehicle 0
129.0 618.0 224.0 618.0 224.0 649.0 129.0 649.0 large-vehicle 0
469.0 294.0 544.0 294.0 544.0 322.0 469.0 322.0 large-vehicle 0
466.0 255.0 517.0 255.0 517.0 280.0 466.0 280.0 large-vehicle 0
598.0 268.0 676.0 268.0 676.0 297.0 598.0 297.0 large-vehicle 0
429.0 495.0 495.0 495.0 495.0 580.0 429.0 580.0 large-vehicle 0
509.0 495.0 556.0 495.0 556.0 554.0 509.0 554.0 large-vehicle 0
797.0 427.0 858.0 427.0 858.0 510.0 797.0 510.0 large-vehicle 0
531.0 494.0 577.0 494.0 577.0 553.0 531.0 553.0 large-vehicle 0
654.0 474.0 701.0 474.0 701.0 533.0 654.0 533.0 large-vehicle 0
708.0 455.0 756.0 455.0 756.0 514.0 708.0 514.0 large-vehicle 0
723.0 452.0 779.0 452.0 779.0 522.0 723.0 522.0 large-vehicle 0
754.0 448.0 801.0 448.0 801.0 506.0 754.0 506.0 large-vehicle 0
802.0 518.0 863.0 518.0 863.0 545.0 802.0 545.0 large-vehicle 0
1136.0 356.0 1197.0 356.0 1197.0 443.0 1136.0 443.0 large-vehicle 0
1208.0 368.0 1253.0 368.0 1253.0 424.0 1208.0 424.0 large-vehicle 0
206.0 40.0 220.0 40.0 220.0 62.0 206.0 62.0 small-vehicle 0
113.0 55.0 129.0 55.0 129.0 83.0 113.0 83.0 small-vehicle 0
29.0 72.0 45.0 72.0 45.0 97.0 29.0 97.0 small-vehicle 0
43.0 71.0 58.0 71.0 58.0 95.0 43.0 95.0 small-vehicle 0
54.0 65.0 71.0 65.0 71.0 89.0 54.0 89.0 small-vehicle 0
74.0 62.0 89.0 62.0 89.0 87.0 74.0 87.0 small-vehicle 0
84.0 60.0 100.0 60.0 100.0 84.0 84.0 84.0 small-vehicle 0
94.0 56.0 113.0 56.0 113.0 84.0 94.0 84.0 small-vehicle 0
125.0 53.0 140.0 53.0 140.0 78.0 125.0 78.0 small-vehicle 0
1484.0 296.0 1531.0 296.0 1531.0 360.0 1484.0 360.0 large-vehicle 0
138.0 52.0 153.0 52.0 153.0 76.0 138.0 76.0 small-vehicle 0
151.0 49.0 164.0 49.0 164.0 73.0 151.0 73.0 small-vehicle 0
161.0 48.0 175.0 48.0 175.0 69.0 161.0 69.0 small-vehicle 0
173.0 47.0 187.0 47.0 187.0 69.0 173.0 69.0 small-vehicle 0
184.0 44.0 196.0 44.0 196.0 63.0 184.0 63.0 small-vehicle 0
195.0 41.0 209.0 41.0 209.0 64.0 195.0 64.0 small-vehicle 0
12.0 77.0 29.0 77.0 29.0 102.0 12.0 102.0 small-vehicle 0
1459.0 308.0 1504.0 308.0 1504.0 361.0 1459.0 361.0 large-vehicle 0
1235.0 354.0 1282.0 354.0 1282.0 415.0 1235.0 415.0 large-vehicle 0
1341.0 112.0 1401.0 112.0 1401.0 141.0 1341.0 141.0 large-vehicle 0
1261.0 348.0 1308.0 348.0 1308.0 407.0 1261.0 407.0 large-vehicle 0
1223.0 301.0 1282.0 301.0 1282.0 326.0 1223.0 326.0 large-vehicle 0
1195.0 139.0 1257.0 139.0 1257.0 171.0 1195.0 171.0 large-vehicle 0
1224.0 128.0 1284.0 128.0 1284.0 160.0 1224.0 160.0 large-vehicle 0
1266.0 124.0 1334.0 124.0 1334.0 159.0 1266.0 159.0 large-vehicle 0
1312.0 120.0 1374.0 120.0 1374.0 153.0 1312.0 153.0 large-vehicle 0
1370.0 102.0 1431.0 102.0 1431.0 133.0 1370.0 133.0 large-vehicle 0
1430.0 313.0 1475.0 313.0 1475.0 376.0 1430.0 376.0 large-vehicle 0
1417.0 99.0 1481.0 99.0 1481.0 128.0 1417.0 128.0 large-vehicle 0
1284.0 347.0 1328.0 347.0 1328.0 405.0 1284.0 405.0 large-vehicle 0
1306.0 347.0 1350.0 347.0 1350.0 404.0 1306.0 404.0 large-vehicle 0
1330.0 336.0 1379.0 336.0 1379.0 398.0 1330.0 398.0 large-vehicle 0
1395.0 311.0 1436.0 311.0 1436.0 365.0 1395.0 365.0 large-vehicle 0
1408.0 314.0 1455.0 314.0 1455.0 376.0 1408.0 376.0 large-vehicle 0
361.0 432.0 378.0 432.0 378.0 458.0 361.0 458.0 small-vehicle 0
385.0 431.0 396.0 431.0 396.0 453.0 385.0 453.0 small-vehicle 0
1562.0 186.0 1578.0 186.0 1578.0 213.0 1562.0 213.0 small-vehicle 0
935.0 264.0 947.0 264.0 947.0 286.0 935.0 286.0 small-vehicle 0
970.0 314.0 987.0 314.0 987.0 338.0 970.0 338.0 small-vehicle 0
983.0 314.0 999.0 314.0 999.0 337.0 983.0 337.0 small-vehicle 0
997.0 311.0 1015.0 311.0 1015.0 336.0 997.0 336.0 small-vehicle 0
1011.0 310.0 1025.0 310.0 1025.0 336.0 1011.0 336.0 small-vehicle 0
1022.0 309.0 1038.0 309.0 1038.0 330.0 1022.0 330.0 small-vehicle 0
1035.0 306.0 1049.0 306.0 1049.0 323.0 1035.0 323.0 small-vehicle 0
946.0 261.0 959.0 261.0 959.0 284.0 946.0 284.0 small-vehicle 0
945.0 325.0 959.0 325.0 959.0 347.0 945.0 347.0 small-vehicle 0
957.0 259.0 971.0 259.0 971.0 284.0 957.0 284.0 small-vehicle 0
972.0 257.0 985.0 257.0 985.0 281.0 972.0 281.0 small-vehicle 0
989.0 256.0 1003.0 256.0 1003.0 279.0 989.0 279.0 small-vehicle 0
999.0 251.0 1015.0 251.0 1015.0 276.0 999.0 276.0 small-vehicle 0
1014.0 249.0 1027.0 249.0 1027.0 272.0 1014.0 272.0 small-vehicle 0
1027.0 247.0 1040.0 247.0 1040.0 272.0 1027.0 272.0 small-vehicle 0
960.0 319.0 972.0 319.0 972.0 339.0 960.0 339.0 small-vehicle 0
932.0 324.0 949.0 324.0 949.0 350.0 932.0 350.0 small-vehicle 0
1051.0 241.0 1065.0 241.0 1065.0 266.0 1051.0 266.0 small-vehicle 0
860.0 278.0 876.0 278.0 876.0 300.0 860.0 300.0 small-vehicle 0
868.0 339.0 883.0 339.0 883.0 360.0 868.0 360.0 small-vehicle 0
813.0 286.0 829.0 286.0 829.0 310.0 813.0 310.0 small-vehicle 0
812.0 237.0 838.0 237.0 838.0 253.0 812.0 253.0 small-vehicle 0
827.0 281.0 841.0 281.0 841.0 305.0 827.0 305.0 small-vehicle 0
837.0 281.0 853.0 281.0 853.0 307.0 837.0 307.0 small-vehicle 0
848.0 278.0 864.0 278.0 864.0 304.0 848.0 304.0 small-vehicle 0
880.0 274.0 893.0 274.0 893.0 297.0 880.0 297.0 small-vehicle 0
920.0 326.0 934.0 326.0 934.0 352.0 920.0 352.0 small-vehicle 0
890.0 271.0 906.0 271.0 906.0 295.0 890.0 295.0 small-vehicle 0
903.0 270.0 918.0 270.0 918.0 295.0 903.0 295.0 small-vehicle 0
913.0 265.0 929.0 265.0 929.0 292.0 913.0 292.0 small-vehicle 0
881.0 332.0 898.0 332.0 898.0 360.0 881.0 360.0 small-vehicle 0
896.0 331.0 911.0 331.0 911.0 356.0 896.0 356.0 small-vehicle 0
907.0 328.0 923.0 328.0 923.0 352.0 907.0 352.0 small-vehicle 0
1037.0 244.0 1052.0 244.0 1052.0 270.0 1037.0 270.0 small-vehicle 0
1048.0 302.0 1061.0 302.0 1061.0 327.0 1048.0 327.0 small-vehicle 0
837.0 344.0 852.0 344.0 852.0 367.0 837.0 367.0 small-vehicle 0
1167.0 279.0 1183.0 279.0 1183.0 305.0 1167.0 305.0 small-vehicle 0
1088.0 294.0 1103.0 294.0 1103.0 318.0 1088.0 318.0 small-vehicle 0
1101.0 289.0 1116.0 289.0 1116.0 315.0 1101.0 315.0 small-vehicle 0
1113.0 288.0 1127.0 288.0 1127.0 313.0 1113.0 313.0 small-vehicle 0
1124.0 286.0 1143.0 286.0 1143.0 312.0 1124.0 312.0 small-vehicle 0
1142.0 284.0 1157.0 284.0 1157.0 313.0 1142.0 313.0 small-vehicle 0
1154.0 280.0 1170.0 280.0 1170.0 303.0 1154.0 303.0 small-vehicle 0
1183.0 273.0 1200.0 273.0 1200.0 299.0 1183.0 299.0 small-vehicle 0
1311.0 189.0 1325.0 189.0 1325.0 212.0 1311.0 212.0 small-vehicle 0
1194.0 270.0 1210.0 270.0 1210.0 297.0 1194.0 297.0 small-vehicle 0
1205.0 268.0 1221.0 268.0 1221.0 292.0 1205.0 292.0 small-vehicle 0
1219.0 266.0 1234.0 266.0 1234.0 292.0 1219.0 292.0 small-vehicle 0
1548.0 113.0 1563.0 113.0 1563.0 138.0 1548.0 138.0 small-vehicle 0
1555.0 139.0 1567.0 139.0 1567.0 160.0 1555.0 160.0 small-vehicle 0
1555.0 160.0 1573.0 160.0 1573.0 186.0 1555.0 186.0 small-vehicle 0
1069.0 298.0 1085.0 298.0 1085.0 322.0 1069.0 322.0 small-vehicle 0
1299.0 195.0 1313.0 195.0 1313.0 217.0 1299.0 217.0 small-vehicle 0
1058.0 302.0 1072.0 302.0 1072.0 326.0 1058.0 326.0 small-vehicle 0
1137.0 224.0 1151.0 224.0 1151.0 248.0 1137.0 248.0 small-vehicle 0
1063.0 239.0 1076.0 239.0 1076.0 265.0 1063.0 265.0 small-vehicle 0
1073.0 237.0 1089.0 237.0 1089.0 261.0 1073.0 261.0 small-vehicle 0
1089.0 235.0 1102.0 235.0 1102.0 256.0 1089.0 256.0 small-vehicle 0
1099.0 233.0 1113.0 233.0 1113.0 256.0 1099.0 256.0 small-vehicle 0
1112.0 232.0 1125.0 232.0 1125.0 251.0 1112.0 251.0 small-vehicle 0
1124.0 227.0 1138.0 227.0 1138.0 249.0 1124.0 249.0 small-vehicle 0
1148.0 221.0 1162.0 221.0 1162.0 246.0 1148.0 246.0 small-vehicle 0
1285.0 195.0 1301.0 195.0 1301.0 220.0 1285.0 220.0 small-vehicle 0
1162.0 220.0 1177.0 220.0 1177.0 246.0 1162.0 246.0 small-vehicle 0
1175.0 213.0 1190.0 213.0 1190.0 241.0 1175.0 241.0 small-vehicle 0
1187.0 213.0 1202.0 213.0 1202.0 236.0 1187.0 236.0 small-vehicle 0
1208.0 210.0 1222.0 210.0 1222.0 235.0 1208.0 235.0 small-vehicle 0
1229.0 207.0 1243.0 207.0 1243.0 231.0 1229.0 231.0 small-vehicle 0
1274.0 197.0 1289.0 197.0 1289.0 221.0 1274.0 221.0 small-vehicle 0
851.0 340.0 866.0 340.0 866.0 367.0 851.0 367.0 small-vehicle 0
827.0 349.0 840.0 349.0 840.0 372.0 827.0 372.0 small-vehicle 0
394.0 426.0 409.0 426.0 409.0 452.0 394.0 452.0 small-vehicle 0
499.0 346.0 513.0 346.0 513.0 368.0 499.0 368.0 small-vehicle 0
420.0 358.0 436.0 358.0 436.0 383.0 420.0 383.0 small-vehicle 0
432.0 358.0 446.0 358.0 446.0 378.0 432.0 378.0 small-vehicle 0
447.0 355.0 463.0 355.0 463.0 381.0 447.0 381.0 small-vehicle 0
465.0 351.0 479.0 351.0 479.0 376.0 465.0 376.0 small-vehicle 0
475.0 352.0 488.0 352.0 488.0 370.0 475.0 370.0 small-vehicle 1
485.0 346.0 502.0 346.0 502.0 371.0 485.0 371.0 small-vehicle 0
509.0 343.0 525.0 343.0 525.0 370.0 509.0 370.0 small-vehicle 0
390.0 363.0 405.0 363.0 405.0 389.0 390.0 389.0 small-vehicle 0
520.0 342.0 534.0 342.0 534.0 365.0 520.0 365.0 small-vehicle 0
530.0 343.0 543.0 343.0 543.0 362.0 530.0 362.0 small-vehicle 0
542.0 339.0 556.0 339.0 556.0 363.0 542.0 363.0 small-vehicle 0
552.0 336.0 568.0 336.0 568.0 361.0 552.0 361.0 small-vehicle 0
564.0 336.0 578.0 336.0 578.0 356.0 564.0 356.0 small-vehicle 0
600.0 422.0 617.0 422.0 617.0 448.0 600.0 448.0 small-vehicle 0
404.0 362.0 421.0 362.0 421.0 389.0 404.0 389.0 small-vehicle 0
382.0 371.0 395.0 371.0 395.0 391.0 382.0 391.0 small-vehicle 0
611.0 476.0 627.0 476.0 627.0 501.0 611.0 501.0 small-vehicle 0
472.0 411.0 489.0 411.0 489.0 438.0 472.0 438.0 small-vehicle 0
405.0 425.0 422.0 425.0 422.0 450.0 405.0 450.0 small-vehicle 0
417.0 423.0 432.0 423.0 432.0 446.0 417.0 446.0 small-vehicle 0
428.0 419.0 443.0 419.0 443.0 444.0 428.0 444.0 small-vehicle 0
438.0 417.0 455.0 417.0 455.0 444.0 438.0 444.0 small-vehicle 0
450.0 416.0 466.0 416.0 466.0 441.0 450.0 441.0 small-vehicle 0
463.0 415.0 476.0 415.0 476.0 437.0 463.0 437.0 small-vehicle 0
485.0 409.0 502.0 409.0 502.0 433.0 485.0 433.0 small-vehicle 0
370.0 373.0 385.0 373.0 385.0 395.0 370.0 395.0 small-vehicle 0
502.0 409.0 515.0 409.0 515.0 428.0 502.0 428.0 small-vehicle 0
517.0 403.0 535.0 403.0 535.0 426.0 517.0 426.0 small-vehicle 0
323.0 379.0 339.0 379.0 339.0 406.0 323.0 406.0 small-vehicle 0
336.0 379.0 349.0 379.0 349.0 403.0 336.0 403.0 small-vehicle 0
347.0 376.0 360.0 376.0 360.0 399.0 347.0 399.0 small-vehicle 0
356.0 374.0 371.0 374.0 371.0 397.0 356.0 397.0 small-vehicle 0
606.0 451.0 621.0 451.0 621.0 474.0 606.0 474.0 small-vehicle 0
616.0 505.0 633.0 505.0 633.0 529.0 616.0 529.0 small-vehicle 0
809.0 351.0 822.0 351.0 822.0 373.0 809.0 373.0 small-vehicle 0
706.0 366.0 722.0 366.0 722.0 393.0 706.0 393.0 small-vehicle 0
752.0 298.0 767.0 298.0 767.0 320.0 752.0 320.0 small-vehicle 0
765.0 294.0 782.0 294.0 782.0 318.0 765.0 318.0 small-vehicle 0
779.0 291.0 797.0 291.0 797.0 317.0 779.0 317.0 small-vehicle 0
794.0 290.0 809.0 290.0 809.0 315.0 794.0 315.0 small-vehicle 0
678.0 370.0 696.0 370.0 696.0 396.0 678.0 396.0 small-vehicle 0
694.0 372.0 706.0 372.0 706.0 392.0 694.0 392.0 small-vehicle 0
718.0 365.0 735.0 365.0 735.0 390.0 718.0 390.0 small-vehicle 0
727.0 303.0 744.0 303.0 744.0 328.0 727.0 328.0 small-vehicle 0
733.0 364.0 748.0 364.0 748.0 390.0 733.0 390.0 small-vehicle 0
748.0 359.0 760.0 359.0 760.0 384.0 748.0 384.0 small-vehicle 0
760.0 359.0 775.0 359.0 775.0 385.0 760.0 385.0 small-vehicle 0
773.0 355.0 788.0 355.0 788.0 378.0 773.0 378.0 small-vehicle 0
785.0 357.0 799.0 357.0 799.0 379.0 785.0 379.0 small-vehicle 0
797.0 353.0 812.0 353.0 812.0 377.0 797.0 377.0 small-vehicle 0
741.0 301.0 755.0 301.0 755.0 323.0 741.0 323.0 small-vehicle 0
715.0 304.0 732.0 304.0 732.0 330.0 715.0 330.0 small-vehicle 0
622.0 532.0 638.0 532.0 638.0 560.0 622.0 560.0 small-vehicle 0
599.0 325.0 613.0 325.0 613.0 349.0 599.0 349.0 small-vehicle 0
628.0 559.0 645.0 559.0 645.0 583.0 628.0 583.0 small-vehicle 0
643.0 632.0 658.0 632.0 658.0 654.0 643.0 654.0 small-vehicle 0
648.0 659.0 662.0 659.0 662.0 683.0 648.0 683.0 small-vehicle 0
652.0 686.0 668.0 686.0 668.0 712.0 652.0 712.0 small-vehicle 0
656.0 715.0 672.0 715.0 672.0 738.0 656.0 738.0 small-vehicle 0
581.0 329.0 597.0 329.0 597.0 353.0 581.0 353.0 small-vehicle 0
616.0 324.0 631.0 324.0 631.0 347.0 616.0 347.0 small-vehicle 0
704.0 306.0 720.0 306.0 720.0 330.0 704.0 330.0 small-vehicle 0
627.0 319.0 643.0 319.0 643.0 347.0 627.0 347.0 small-vehicle 0
638.0 316.0 654.0 316.0 654.0 341.0 638.0 341.0 small-vehicle 0
652.0 316.0 666.0 316.0 666.0 340.0 652.0 340.0 small-vehicle 0
662.0 314.0 679.0 314.0 679.0 339.0 662.0 339.0 small-vehicle 0
680.0 309.0 698.0 309.0 698.0 336.0 680.0 336.0 small-vehicle 0
693.0 308.0 708.0 308.0 708.0 332.0 693.0 332.0 small-vehicle 0
209.0 328.0 271.0 328.0 271.0 354.0 209.0 354.0 large-vehicle 0
