1247.0 382.0 1358.0 382.0 1358.0 433.0 1247.0 433.0 large-vehicle 0
535.0 496.0 706.0 496.0 706.0 570.0 535.0 570.0 large-vehicle 0
201.0 333.0 318.0 333.0 318.0 391.0 201.0 391.0 large-vehicle 0
209.0 368.0 322.0 368.0 322.0 422.0 209.0 422.0 large-vehicle 0
216.0 398.0 332.0 398.0 332.0 455.0 216.0 455.0 large-vehicle 0
226.0 433.0 339.0 433.0 339.0 490.0 226.0 490.0 large-vehicle 0
277.0 589.0 392.0 589.0 392.0 645.0 277.0 645.0 large-vehicle 0
284.0 621.0 399.0 621.0 399.0 677.0 284.0 677.0 large-vehicle 0
294.0 653.0 408.0 653.0 408.0 711.0 294.0 711.0 large-vehicle 0
453.0 210.0 625.0 210.0 625.0 283.0 453.0 283.0 large-vehicle 0
482.0 303.0 654.0 303.0 654.0 379.0 482.0 379.0 large-vehicle 0
492.0 337.0 660.0 337.0 660.0 410.0 492.0 410.0 large-vehicle 0
501.0 366.0 670.0 366.0 670.0 440.0 501.0 440.0 large-vehicle 0
503.0 402.0 677.0 402.0 677.0 475.0 503.0 475.0 large-vehicle 0
519.0 431.0 689.0 431.0 689.0 505.0 519.0 505.0 large-vehicle 0
526.0 462.0 695.0 462.0 695.0 539.0 526.0 539.0 large-vehicle 0
547.0 526.0 719.0 526.0 719.0 602.0 547.0 602.0 large-vehicle 0
1233.0 307.0 1346.0 307.0 1346.0 363.0 1233.0 363.0 large-vehicle 0
791.0 110.0 960.0 110.0 960.0 185.0 791.0 185.0 large-vehicle 0
798.0 144.0 972.0 144.0 972.0 214.0 798.0 214.0 large-vehicle 0
808.0 171.0 978.0 171.0 978.0 248.0 808.0 248.0 large-vehicle 0
818.0 202.0 987.0 202.0 987.0 279.0 818.0 279.0 large-vehicle 0
827.0 234.0 997.0 234.0 997.0 313.0 827.0 313.0 large-vehicle 0
837.0 266.0 1007.0 266.0 1007.0 344.0 837.0 344.0 large-vehicle 0
848.0 300.0 1017.0 300.0 1017.0 376.0 848.0 376.0 large-vehicle 0
858.0 331.0 1026.0 331.0 1026.0 406.0 858.0 406.0 large-vehicle 0
869.0 361.0 1041.0 361.0 1041.0 438.0 869.0 438.0 large-vehicle 0
877.0 392.0 1045.0 392.0 1045.0 471.0 877.0 471.0 large-vehicle 0
1167.0 147.0 1280.0 147.0 1280.0 204.0 1167.0 204.0 large-vehicle 0
1179.0 175.0 1293.0 175.0 1293.0 236.0 1179.0 236.0 large-vehicle 0
1198.0 254.0 1312.0 254.0 1312.0 311.0 1198.0 311.0 large-vehicle 0
1207.0 282.0 1319.0 282.0 1319.0 337.0 1207.0 337.0 large-vehicle 0
189.0 301.0 306.0 301.0 306.0 358.0 189.0 358.0 large-vehicle 0
