1385.0 261.0 1411.0 261.0 1411.0 276.0 1385.0 276.0 small-vehicle 0
652.0 426.0 686.0 426.0 686.0 448.0 652.0 448.0 small-vehicle 0
733.0 532.0 773.0 532.0 773.0 554.0 733.0 554.0 small-vehicle 0
726.0 515.0 770.0 515.0 770.0 533.0 726.0 533.0 small-vehicle 0
658.0 522.0 693.0 522.0 693.0 542.0 658.0 542.0 small-vehicle 0
653.0 502.0 697.0 502.0 697.0 524.0 653.0 524.0 small-vehicle 0
618.0 525.0 655.0 525.0 655.0 543.0 618.0 543.0 small-vehicle 0
614.0 504.0 654.0 504.0 654.0 526.0 614.0 526.0 small-vehicle 0
657.0 480.0 698.0 480.0 698.0 505.0 657.0 505.0 small-vehicle 0
614.0 489.0 649.0 489.0 649.0 507.0 614.0 507.0 small-vehicle 0
609.0 468.0 647.0 468.0 647.0 488.0 609.0 488.0 small-vehicle 0
651.0 465.0 693.0 465.0 693.0 485.0 651.0 485.0 small-vehicle 0
654.0 444.0 692.0 444.0 692.0 467.0 654.0 467.0 small-vehicle 0
611.0 450.0 648.0 450.0 648.0 467.0 611.0 467.0 small-vehicle 0
612.0 430.0 645.0 430.0 645.0 450.0 612.0 450.0 small-vehicle 0
542.0 514.0 577.0 514.0 577.0 535.0 542.0 535.0 small-vehicle 0
726.0 458.0 758.0 458.0 758.0 476.0 726.0 476.0 small-vehicle 0
539.0 496.0 579.0 496.0 579.0 515.0 539.0 515.0 small-vehicle 0
535.0 475.0 580.0 475.0 580.0 495.0 535.0 495.0 small-vehicle 0
537.0 456.0 576.0 456.0 576.0 478.0 537.0 478.0 small-vehicle 0
537.0 435.0 577.0 435.0 577.0 458.0 537.0 458.0 small-vehicle 0
532.0 419.0 573.0 419.0 573.0 439.0 532.0 439.0 small-vehicle 0
502.0 517.0 539.0 517.0 539.0 537.0 502.0 537.0 small-vehicle 0
422.0 486.0 462.0 486.0 462.0 508.0 422.0 508.0 small-vehicle 0
420.0 467.0 461.0 467.0 461.0 488.0 420.0 488.0 small-vehicle 0
415.0 412.0 454.0 412.0 454.0 431.0 415.0 431.0 small-vehicle 0
726.0 496.0 768.0 496.0 768.0 517.0 726.0 517.0 small-vehicle 0
773.0 493.0 811.0 493.0 811.0 511.0 773.0 511.0 small-vehicle 0
765.0 473.0 807.0 473.0 807.0 492.0 765.0 492.0 small-vehicle 0
726.0 478.0 765.0 478.0 765.0 496.0 726.0 496.0 small-vehicle 0
773.0 513.0 807.0 513.0 807.0 533.0 773.0 533.0 small-vehicle 0
774.0 530.0 812.0 530.0 812.0 550.0 774.0 550.0 small-vehicle 0
777.0 549.0 814.0 549.0 814.0 568.0 777.0 568.0 small-vehicle 0
741.0 555.0 772.0 555.0 772.0 573.0 741.0 573.0 small-vehicle 0
620.0 563.0 656.0 563.0 656.0 582.0 620.0 582.0 small-vehicle 0
661.0 540.0 702.0 540.0 702.0 561.0 661.0 561.0 small-vehicle 0
616.0 545.0 658.0 545.0 658.0 563.0 616.0 563.0 small-vehicle 0
553.0 607.0 591.0 607.0 591.0 629.0 553.0 629.0 small-vehicle 0
511.0 613.0 549.0 613.0 549.0 631.0 511.0 631.0 small-vehicle 0
551.0 591.0 589.0 591.0 589.0 608.0 551.0 608.0 small-vehicle 0
508.0 592.0 546.0 592.0 546.0 613.0 508.0 613.0 small-vehicle 0
549.0 570.0 585.0 570.0 585.0 590.0 549.0 590.0 small-vehicle 0
505.0 574.0 547.0 574.0 547.0 592.0 505.0 592.0 small-vehicle 0
549.0 555.0 582.0 555.0 582.0 572.0 549.0 572.0 small-vehicle 0
544.0 533.0 582.0 533.0 582.0 552.0 544.0 552.0 small-vehicle 0
504.0 536.0 544.0 536.0 544.0 557.0 504.0 557.0 small-vehicle 0
442.0 624.0 472.0 624.0 472.0 638.0 442.0 638.0 small-vehicle 0
438.0 602.0 474.0 602.0 474.0 620.0 438.0 620.0 small-vehicle 0
438.0 581.0 470.0 581.0 470.0 603.0 438.0 603.0 small-vehicle 0
431.0 563.0 468.0 563.0 468.0 583.0 431.0 583.0 small-vehicle 0
431.0 542.0 471.0 542.0 471.0 562.0 431.0 562.0 small-vehicle 0
431.0 524.0 469.0 524.0 469.0 544.0 431.0 544.0 small-vehicle 0
744.0 629.0 779.0 629.0 779.0 650.0 744.0 650.0 small-vehicle 0
787.0 645.0 818.0 645.0 818.0 662.0 787.0 662.0 small-vehicle 0
782.0 623.0 821.0 623.0 821.0 644.0 782.0 644.0 small-vehicle 0
740.0 611.0 774.0 611.0 774.0 629.0 740.0 629.0 small-vehicle 0
784.0 605.0 821.0 605.0 821.0 626.0 784.0 626.0 small-vehicle 0
776.0 587.0 816.0 587.0 816.0 606.0 776.0 606.0 small-vehicle 0
737.0 592.0 772.0 592.0 772.0 609.0 737.0 609.0 small-vehicle 0
778.0 568.0 816.0 568.0 816.0 588.0 778.0 588.0 small-vehicle 0
740.0 572.0 772.0 572.0 772.0 590.0 740.0 590.0 small-vehicle 0
763.0 453.0 805.0 453.0 805.0 475.0 763.0 475.0 small-vehicle 0
762.0 435.0 803.0 435.0 803.0 455.0 762.0 455.0 small-vehicle 0
624.0 582.0 660.0 582.0 660.0 601.0 624.0 601.0 small-vehicle 0
628.0 202.0 644.0 202.0 644.0 236.0 628.0 236.0 small-vehicle 0
714.0 325.0 751.0 325.0 751.0 346.0 714.0 346.0 small-vehicle 0
751.0 305.0 785.0 305.0 785.0 322.0 751.0 322.0 small-vehicle 0
714.0 309.0 747.0 309.0 747.0 326.0 714.0 326.0 small-vehicle 0
707.0 285.0 749.0 285.0 749.0 307.0 707.0 307.0 small-vehicle 0
751.0 284.0 789.0 284.0 789.0 305.0 751.0 305.0 small-vehicle 0
431.0 221.0 453.0 221.0 453.0 256.0 431.0 256.0 small-vehicle 0
465.0 215.0 487.0 215.0 487.0 248.0 465.0 248.0 small-vehicle 0
493.0 209.0 509.0 209.0 509.0 249.0 493.0 249.0 small-vehicle 0
512.0 208.0 529.0 208.0 529.0 247.0 512.0 247.0 small-vehicle 0
551.0 205.0 565.0 205.0 565.0 244.0 551.0 244.0 small-vehicle 0
567.0 203.0 587.0 203.0 587.0 241.0 567.0 241.0 small-vehicle 0
586.0 201.0 605.0 201.0 605.0 238.0 586.0 238.0 small-vehicle 0
605.0 196.0 624.0 196.0 624.0 240.0 605.0 240.0 small-vehicle 0
645.0 199.0 663.0 199.0 663.0 234.0 645.0 234.0 small-vehicle 0
724.0 438.0 764.0 438.0 764.0 459.0 724.0 459.0 small-vehicle 0
659.0 195.0 680.0 195.0 680.0 232.0 659.0 232.0 small-vehicle 0
681.0 194.0 703.0 194.0 703.0 232.0 681.0 232.0 small-vehicle 0
703.0 190.0 723.0 190.0 723.0 228.0 703.0 228.0 small-vehicle 0
721.0 186.0 741.0 186.0 741.0 228.0 721.0 228.0 small-vehicle 0
742.0 187.0 757.0 187.0 757.0 220.0 742.0 220.0 small-vehicle 0
760.0 185.0 778.0 185.0 778.0 222.0 760.0 222.0 small-vehicle 0
777.0 184.0 795.0 184.0 795.0 223.0 777.0 223.0 small-vehicle 0
797.0 183.0 815.0 183.0 815.0 219.0 797.0 219.0 small-vehicle 0
817.0 183.0 834.0 183.0 834.0 216.0 817.0 216.0 small-vehicle 0
834.0 177.0 855.0 177.0 855.0 216.0 834.0 216.0 small-vehicle 0
851.0 175.0 869.0 175.0 869.0 208.0 851.0 208.0 small-vehicle 0
868.0 179.0 885.0 179.0 885.0 208.0 868.0 208.0 small-vehicle 0
889.0 172.0 908.0 172.0 908.0 208.0 889.0 208.0 small-vehicle 0
753.0 322.0 791.0 322.0 791.0 342.0 753.0 342.0 small-vehicle 0
716.0 346.0 752.0 346.0 752.0 365.0 716.0 365.0 small-vehicle 0
755.0 342.0 790.0 342.0 790.0 360.0 755.0 360.0 small-vehicle 0
719.0 383.0 754.0 383.0 754.0 401.0 719.0 401.0 small-vehicle 0
719.0 421.0 760.0 421.0 760.0 441.0 719.0 441.0 small-vehicle 0
760.0 416.0 795.0 416.0 795.0 437.0 760.0 437.0 small-vehicle 0
650.0 410.0 686.0 410.0 686.0 428.0 650.0 428.0 small-vehicle 0
603.0 411.0 644.0 411.0 644.0 430.0 603.0 430.0 small-vehicle 0
642.0 389.0 684.0 389.0 684.0 409.0 642.0 409.0 small-vehicle 0
646.0 372.0 681.0 372.0 681.0 389.0 646.0 389.0 small-vehicle 0
603.0 373.0 639.0 373.0 639.0 393.0 603.0 393.0 small-vehicle 0
607.0 392.0 641.0 392.0 641.0 412.0 607.0 412.0 small-vehicle 0
536.0 401.0 569.0 401.0 569.0 418.0 536.0 418.0 small-vehicle 0
531.0 381.0 573.0 381.0 573.0 400.0 531.0 400.0 small-vehicle 0
534.0 364.0 565.0 364.0 565.0 381.0 534.0 381.0 small-vehicle 0
412.0 374.0 451.0 374.0 451.0 393.0 412.0 393.0 small-vehicle 0
485.0 347.0 525.0 347.0 525.0 367.0 485.0 367.0 small-vehicle 0
525.0 343.0 566.0 343.0 566.0 365.0 525.0 365.0 small-vehicle 0
601.0 356.0 638.0 356.0 638.0 374.0 601.0 374.0 small-vehicle 0
644.0 353.0 678.0 353.0 678.0 370.0 644.0 370.0 small-vehicle 0
643.0 334.0 674.0 334.0 674.0 351.0 643.0 351.0 small-vehicle 0
636.0 314.0 675.0 314.0 675.0 333.0 636.0 333.0 small-vehicle 0
595.0 317.0 632.0 317.0 632.0 338.0 595.0 338.0 small-vehicle 0
603.0 336.0 636.0 336.0 636.0 356.0 603.0 356.0 small-vehicle 0
526.0 303.0 561.0 303.0 561.0 327.0 526.0 327.0 small-vehicle 0
410.0 315.0 451.0 315.0 451.0 334.0 410.0 334.0 small-vehicle 0
722.0 403.0 759.0 403.0 759.0 421.0 722.0 421.0 small-vehicle 0
760.0 398.0 797.0 398.0 797.0 417.0 760.0 417.0 small-vehicle 0
760.0 380.0 794.0 380.0 794.0 398.0 760.0 398.0 small-vehicle 0
758.0 360.0 796.0 360.0 796.0 378.0 758.0 378.0 small-vehicle 0
717.0 365.0 754.0 365.0 754.0 384.0 717.0 384.0 small-vehicle 0
668.0 559.0 708.0 559.0 708.0 578.0 668.0 578.0 small-vehicle 0
663.0 581.0 705.0 581.0 705.0 595.0 663.0 595.0 small-vehicle 0
1385.0 281.0 1420.0 281.0 1420.0 300.0 1385.0 300.0 small-vehicle 0
661.0 924.0 682.0 924.0 682.0 955.0 661.0 955.0 small-vehicle 0
406.0 936.0 425.0 936.0 425.0 972.0 406.0 972.0 small-vehicle 0
426.0 937.0 447.0 937.0 447.0 971.0 426.0 971.0 small-vehicle 0
442.0 936.0 463.0 936.0 463.0 972.0 442.0 972.0 small-vehicle 0
461.0 935.0 484.0 935.0 484.0 973.0 461.0 973.0 small-vehicle 0
482.0 935.0 500.0 935.0 500.0 971.0 482.0 971.0 small-vehicle 0
502.0 936.0 522.0 936.0 522.0 971.0 502.0 971.0 small-vehicle 0
520.0 933.0 542.0 933.0 542.0 971.0 520.0 971.0 small-vehicle 0
542.0 934.0 561.0 934.0 561.0 971.0 542.0 971.0 small-vehicle 0
558.0 934.0 581.0 934.0 581.0 972.0 558.0 972.0 small-vehicle 0
584.0 939.0 600.0 939.0 600.0 969.0 584.0 969.0 small-vehicle 0
599.0 933.0 617.0 933.0 617.0 969.0 599.0 969.0 small-vehicle 0
621.0 935.0 636.0 935.0 636.0 964.0 621.0 964.0 small-vehicle 0
639.0 932.0 656.0 932.0 656.0 960.0 639.0 960.0 small-vehicle 0
417.0 869.0 457.0 869.0 457.0 890.0 417.0 890.0 small-vehicle 0
573.0 797.0 608.0 797.0 608.0 817.0 573.0 817.0 small-vehicle 0
460.0 866.0 501.0 866.0 501.0 887.0 460.0 887.0 small-vehicle 0
533.0 860.0 574.0 860.0 574.0 879.0 533.0 879.0 small-vehicle 0
573.0 856.0 615.0 856.0 615.0 877.0 573.0 877.0 small-vehicle 0
574.0 835.0 615.0 835.0 615.0 856.0 574.0 856.0 small-vehicle 0
535.0 840.0 569.0 840.0 569.0 859.0 535.0 859.0 small-vehicle 0
573.0 815.0 611.0 815.0 611.0 836.0 573.0 836.0 small-vehicle 0
529.0 820.0 570.0 820.0 570.0 840.0 529.0 840.0 small-vehicle 0
462.0 848.0 498.0 848.0 498.0 868.0 462.0 868.0 small-vehicle 0
419.0 851.0 457.0 851.0 457.0 870.0 419.0 870.0 small-vehicle 0
459.0 828.0 495.0 828.0 495.0 847.0 459.0 847.0 small-vehicle 0
416.0 831.0 459.0 831.0 459.0 852.0 416.0 852.0 small-vehicle 0
414.0 811.0 456.0 811.0 456.0 833.0 414.0 833.0 small-vehicle 0
459.0 809.0 495.0 809.0 495.0 829.0 459.0 829.0 small-vehicle 0
387.0 936.0 407.0 936.0 407.0 974.0 387.0 974.0 small-vehicle 0
368.0 935.0 388.0 935.0 388.0 976.0 368.0 976.0 small-vehicle 0
350.0 934.0 368.0 934.0 368.0 973.0 350.0 973.0 small-vehicle 0
315.0 929.0 350.0 929.0 350.0 969.0 315.0 969.0 small-vehicle 0
1237.0 998.0 1321.0 998.0 1321.0 1032.0 1237.0 1032.0 large-vehicle 0
388.0 142.0 430.0 142.0 430.0 163.0 388.0 163.0 small-vehicle 0
260.0 259.0 281.0 259.0 281.0 296.0 260.0 296.0 small-vehicle 0
332.0 235.0 359.0 235.0 359.0 280.0 332.0 280.0 small-vehicle 0
391.0 229.0 414.0 229.0 414.0 263.0 391.0 263.0 small-vehicle 0
173.0 361.0 209.0 361.0 209.0 377.0 173.0 377.0 small-vehicle 0
294.0 346.0 332.0 346.0 332.0 367.0 294.0 367.0 small-vehicle 0
367.0 317.0 409.0 317.0 409.0 338.0 367.0 338.0 small-vehicle 0
188.0 540.0 230.0 540.0 230.0 561.0 188.0 561.0 small-vehicle 0
326.0 648.0 366.0 648.0 366.0 671.0 326.0 671.0 small-vehicle 0
334.0 687.0 362.0 687.0 362.0 705.0 334.0 705.0 small-vehicle 0
287.0 709.0 324.0 709.0 324.0 731.0 287.0 731.0 small-vehicle 0
205.0 697.0 243.0 697.0 243.0 720.0 205.0 720.0 small-vehicle 0
207.0 732.0 251.0 732.0 251.0 757.0 207.0 757.0 small-vehicle 0
331.0 743.0 373.0 743.0 373.0 762.0 331.0 762.0 small-vehicle 0
296.0 805.0 338.0 805.0 338.0 825.0 296.0 825.0 small-vehicle 0
343.0 800.0 381.0 800.0 381.0 821.0 343.0 821.0 small-vehicle 0
344.0 821.0 378.0 821.0 378.0 840.0 344.0 840.0 small-vehicle 0
345.0 839.0 388.0 839.0 388.0 859.0 345.0 859.0 small-vehicle 0
343.0 858.0 387.0 858.0 387.0 879.0 343.0 879.0 small-vehicle 0
302.0 843.0 342.0 843.0 342.0 863.0 302.0 863.0 small-vehicle 0
220.0 849.0 261.0 849.0 261.0 870.0 220.0 870.0 small-vehicle 0
224.0 869.0 262.0 869.0 262.0 890.0 224.0 890.0 small-vehicle 0
244.0 886.0 282.0 886.0 282.0 924.0 244.0 924.0 small-vehicle 0
261.0 903.0 292.0 903.0 292.0 938.0 261.0 938.0 small-vehicle 0
280.0 915.0 311.0 915.0 311.0 953.0 280.0 953.0 small-vehicle 0
298.0 922.0 331.0 922.0 331.0 961.0 298.0 961.0 small-vehicle 0
530.0 801.0 569.0 801.0 569.0 821.0 530.0 821.0 small-vehicle 0
570.0 779.0 604.0 779.0 604.0 800.0 570.0 800.0 small-vehicle 0
619.0 601.0 660.0 601.0 660.0 619.0 619.0 619.0 small-vehicle 0
672.0 692.0 711.0 692.0 711.0 712.0 672.0 712.0 small-vehicle 0
518.0 709.0 560.0 709.0 560.0 728.0 518.0 728.0 small-vehicle 0
557.0 685.0 598.0 685.0 598.0 706.0 557.0 706.0 small-vehicle 0
517.0 687.0 560.0 687.0 560.0 707.0 517.0 707.0 small-vehicle 0
555.0 667.0 596.0 667.0 596.0 685.0 555.0 685.0 small-vehicle 0
518.0 670.0 553.0 670.0 553.0 687.0 518.0 687.0 small-vehicle 0
558.0 648.0 592.0 648.0 592.0 667.0 558.0 667.0 small-vehicle 0
515.0 648.0 557.0 648.0 557.0 669.0 515.0 669.0 small-vehicle 0
509.0 631.0 548.0 631.0 548.0 653.0 509.0 653.0 small-vehicle 0
557.0 624.0 595.0 624.0 595.0 648.0 557.0 648.0 small-vehicle 0
680.0 731.0 711.0 731.0 711.0 746.0 680.0 746.0 small-vehicle 0
640.0 732.0 678.0 732.0 678.0 751.0 640.0 751.0 small-vehicle 0
677.0 712.0 720.0 712.0 720.0 729.0 677.0 729.0 small-vehicle 0
639.0 716.0 672.0 716.0 672.0 733.0 639.0 733.0 small-vehicle 0
635.0 696.0 669.0 696.0 669.0 715.0 635.0 715.0 small-vehicle 0
529.0 783.0 563.0 783.0 563.0 802.0 529.0 802.0 small-vehicle 0
628.0 677.0 669.0 677.0 669.0 697.0 628.0 697.0 small-vehicle 0
670.0 672.0 712.0 672.0 712.0 693.0 670.0 693.0 small-vehicle 0
754.0 724.0 790.0 724.0 790.0 741.0 754.0 741.0 small-vehicle 0
747.0 706.0 787.0 706.0 787.0 726.0 747.0 726.0 small-vehicle 0
750.0 684.0 787.0 684.0 787.0 706.0 750.0 706.0 small-vehicle 0
744.0 667.0 784.0 667.0 784.0 686.0 744.0 686.0 small-vehicle 0
632.0 658.0 665.0 658.0 665.0 677.0 632.0 677.0 small-vehicle 0
675.0 656.0 708.0 656.0 708.0 675.0 675.0 675.0 small-vehicle 0
625.0 639.0 667.0 639.0 667.0 659.0 625.0 659.0 small-vehicle 0
666.0 637.0 710.0 637.0 710.0 655.0 666.0 655.0 small-vehicle 0
667.0 618.0 706.0 618.0 706.0 633.0 667.0 633.0 small-vehicle 0
666.0 598.0 703.0 598.0 703.0 618.0 666.0 618.0 small-vehicle 0
622.0 620.0 665.0 620.0 665.0 640.0 622.0 640.0 small-vehicle 0
560.0 703.0 600.0 703.0 600.0 721.0 560.0 721.0 small-vehicle 0
563.0 725.0 597.0 725.0 597.0 741.0 563.0 741.0 small-vehicle 0
523.0 725.0 561.0 725.0 561.0 747.0 523.0 747.0 small-vehicle 0
440.0 640.0 474.0 640.0 474.0 656.0 440.0 656.0 small-vehicle 0
457.0 789.0 492.0 789.0 492.0 810.0 457.0 810.0 small-vehicle 0
413.0 794.0 451.0 794.0 451.0 815.0 413.0 815.0 small-vehicle 0
453.0 772.0 488.0 772.0 488.0 790.0 453.0 790.0 small-vehicle 0
410.0 771.0 450.0 771.0 450.0 795.0 410.0 795.0 small-vehicle 0
449.0 754.0 491.0 754.0 491.0 773.0 449.0 773.0 small-vehicle 0
526.0 766.0 563.0 766.0 563.0 784.0 526.0 784.0 small-vehicle 0
568.0 759.0 605.0 759.0 605.0 779.0 568.0 779.0 small-vehicle 0
640.0 790.0 678.0 790.0 678.0 813.0 640.0 813.0 small-vehicle 0
686.0 789.0 723.0 789.0 723.0 808.0 686.0 808.0 small-vehicle 0
755.0 781.0 794.0 781.0 794.0 800.0 755.0 800.0 small-vehicle 0
758.0 762.0 788.0 762.0 788.0 779.0 758.0 779.0 small-vehicle 0
685.0 767.0 719.0 767.0 719.0 788.0 685.0 788.0 small-vehicle 0
645.0 772.0 677.0 772.0 677.0 790.0 645.0 790.0 small-vehicle 0
636.0 751.0 675.0 751.0 675.0 772.0 636.0 772.0 small-vehicle 0
679.0 747.0 723.0 747.0 723.0 770.0 679.0 770.0 small-vehicle 0
748.0 742.0 790.0 742.0 790.0 762.0 748.0 762.0 small-vehicle 0
565.0 742.0 602.0 742.0 602.0 759.0 565.0 759.0 small-vehicle 0
526.0 741.0 562.0 741.0 562.0 763.0 526.0 763.0 small-vehicle 0
410.0 755.0 449.0 755.0 449.0 777.0 410.0 777.0 small-vehicle 0
448.0 734.0 487.0 734.0 487.0 752.0 448.0 752.0 small-vehicle 0
406.0 716.0 445.0 716.0 445.0 737.0 406.0 737.0 small-vehicle 0
409.0 737.0 445.0 737.0 445.0 756.0 409.0 756.0 small-vehicle 0
448.0 716.0 485.0 716.0 485.0 735.0 448.0 735.0 small-vehicle 0
444.0 697.0 481.0 697.0 481.0 716.0 444.0 716.0 small-vehicle 0
400.0 699.0 444.0 699.0 444.0 718.0 400.0 718.0 small-vehicle 0
445.0 676.0 485.0 676.0 485.0 699.0 445.0 699.0 small-vehicle 0
447.0 658.0 478.0 658.0 478.0 675.0 447.0 675.0 small-vehicle 0
906.0 170.0 926.0 170.0 926.0 210.0 906.0 210.0 small-vehicle 0
925.0 170.0 945.0 170.0 945.0 208.0 925.0 208.0 small-vehicle 0
946.0 168.0 964.0 168.0 964.0 204.0 946.0 204.0 small-vehicle 0
867.0 749.0 907.0 749.0 907.0 772.0 867.0 772.0 small-vehicle 0
1040.0 733.0 1080.0 733.0 1080.0 754.0 1040.0 754.0 small-vehicle 0
1040.0 753.0 1081.0 753.0 1081.0 774.0 1040.0 774.0 small-vehicle 0
996.0 757.0 1040.0 757.0 1040.0 776.0 996.0 776.0 small-vehicle 0
1006.0 777.0 1046.0 777.0 1046.0 796.0 1006.0 796.0 small-vehicle 0
1048.0 772.0 1082.0 772.0 1082.0 792.0 1048.0 792.0 small-vehicle 0
1119.0 766.0 1152.0 766.0 1152.0 785.0 1119.0 785.0 small-vehicle 0
1165.0 761.0 1209.0 761.0 1209.0 781.0 1165.0 781.0 small-vehicle 0
1168.0 741.0 1205.0 741.0 1205.0 761.0 1168.0 761.0 small-vehicle 0
1112.0 747.0 1153.0 747.0 1153.0 765.0 1112.0 765.0 small-vehicle 0
1111.0 728.0 1151.0 728.0 1151.0 747.0 1111.0 747.0 small-vehicle 0
925.0 763.0 966.0 763.0 966.0 785.0 925.0 785.0 small-vehicle 0
931.0 783.0 970.0 783.0 970.0 804.0 931.0 804.0 small-vehicle 0
867.0 773.0 910.0 773.0 910.0 791.0 867.0 791.0 small-vehicle 0
796.0 777.0 835.0 777.0 835.0 795.0 796.0 795.0 small-vehicle 0
1129.0 865.0 1147.0 865.0 1147.0 900.0 1129.0 900.0 small-vehicle 0
793.0 754.0 835.0 754.0 835.0 776.0 793.0 776.0 small-vehicle 0
794.0 739.0 831.0 739.0 831.0 759.0 794.0 759.0 small-vehicle 0
793.0 720.0 826.0 720.0 826.0 741.0 793.0 741.0 small-vehicle 0
785.0 698.0 828.0 698.0 828.0 721.0 785.0 721.0 small-vehicle 0
790.0 681.0 829.0 681.0 829.0 699.0 790.0 699.0 small-vehicle 0
786.0 662.0 826.0 662.0 826.0 682.0 786.0 682.0 small-vehicle 0
994.0 680.0 1030.0 680.0 1030.0 701.0 994.0 701.0 small-vehicle 0
984.0 872.0 1004.0 872.0 1004.0 905.0 984.0 905.0 small-vehicle 0
1008.0 871.0 1026.0 871.0 1026.0 907.0 1008.0 907.0 small-vehicle 0
1028.0 866.0 1047.0 866.0 1047.0 907.0 1028.0 907.0 small-vehicle 0
1049.0 863.0 1069.0 863.0 1069.0 903.0 1049.0 903.0 small-vehicle 0
1066.0 866.0 1090.0 866.0 1090.0 903.0 1066.0 903.0 small-vehicle 0
1088.0 863.0 1108.0 863.0 1108.0 900.0 1088.0 900.0 small-vehicle 0
997.0 737.0 1038.0 737.0 1038.0 758.0 997.0 758.0 small-vehicle 0
924.0 745.0 962.0 745.0 962.0 764.0 924.0 764.0 small-vehicle 0
926.0 726.0 965.0 726.0 965.0 741.0 926.0 741.0 small-vehicle 0
871.0 732.0 900.0 732.0 900.0 750.0 871.0 750.0 small-vehicle 0
919.0 649.0 955.0 649.0 955.0 669.0 919.0 669.0 small-vehicle 0
857.0 656.0 896.0 656.0 896.0 676.0 857.0 676.0 small-vehicle 0
861.0 673.0 900.0 673.0 900.0 694.0 861.0 694.0 small-vehicle 0
916.0 668.0 956.0 668.0 956.0 686.0 916.0 686.0 small-vehicle 0
860.0 693.0 903.0 693.0 903.0 713.0 860.0 713.0 small-vehicle 0
918.0 685.0 958.0 685.0 958.0 706.0 918.0 706.0 small-vehicle 0
992.0 661.0 1034.0 661.0 1034.0 682.0 992.0 682.0 small-vehicle 0
1039.0 660.0 1067.0 660.0 1067.0 676.0 1039.0 676.0 small-vehicle 0
994.0 700.0 1030.0 700.0 1030.0 719.0 994.0 719.0 small-vehicle 0
1034.0 677.0 1070.0 677.0 1070.0 698.0 1034.0 698.0 small-vehicle 0
1100.0 615.0 1136.0 615.0 1136.0 631.0 1100.0 631.0 small-vehicle 0
1105.0 632.0 1139.0 632.0 1139.0 650.0 1105.0 650.0 small-vehicle 0
1157.0 629.0 1196.0 629.0 1196.0 645.0 1157.0 645.0 small-vehicle 0
1101.0 650.0 1140.0 650.0 1140.0 669.0 1101.0 669.0 small-vehicle 0
1159.0 645.0 1201.0 645.0 1201.0 665.0 1159.0 665.0 small-vehicle 0
1160.0 664.0 1197.0 664.0 1197.0 684.0 1160.0 684.0 small-vehicle 0
1102.0 670.0 1145.0 670.0 1145.0 689.0 1102.0 689.0 small-vehicle 0
1164.0 681.0 1202.0 681.0 1202.0 702.0 1164.0 702.0 small-vehicle 0
1106.0 690.0 1144.0 690.0 1144.0 709.0 1106.0 709.0 small-vehicle 0
1163.0 702.0 1203.0 702.0 1203.0 721.0 1163.0 721.0 small-vehicle 0
1113.0 707.0 1150.0 707.0 1150.0 727.0 1113.0 727.0 small-vehicle 0
1168.0 723.0 1203.0 723.0 1203.0 741.0 1168.0 741.0 small-vehicle 0
1000.0 721.0 1034.0 721.0 1034.0 740.0 1000.0 740.0 small-vehicle 0
1037.0 695.0 1076.0 695.0 1076.0 715.0 1037.0 715.0 small-vehicle 0
1037.0 715.0 1076.0 715.0 1076.0 733.0 1037.0 733.0 small-vehicle 0
925.0 708.0 960.0 708.0 960.0 724.0 925.0 724.0 small-vehicle 0
870.0 713.0 901.0 713.0 901.0 731.0 870.0 731.0 small-vehicle 0
1109.0 866.0 1129.0 866.0 1129.0 901.0 1109.0 901.0 small-vehicle 0
1150.0 862.0 1170.0 862.0 1170.0 893.0 1150.0 893.0 small-vehicle 0
967.0 172.0 983.0 172.0 983.0 203.0 967.0 203.0 small-vehicle 0
1250.0 371.0 1286.0 371.0 1286.0 390.0 1250.0 390.0 small-vehicle 0
1223.0 505.0 1259.0 505.0 1259.0 525.0 1223.0 525.0 small-vehicle 0
1261.0 502.0 1296.0 502.0 1296.0 521.0 1261.0 521.0 small-vehicle 0
1263.0 483.0 1297.0 483.0 1297.0 502.0 1263.0 502.0 small-vehicle 0
1219.0 488.0 1252.0 488.0 1252.0 506.0 1219.0 506.0 small-vehicle 0
1219.0 466.0 1254.0 466.0 1254.0 486.0 1219.0 486.0 small-vehicle 0
1258.0 444.0 1295.0 444.0 1295.0 464.0 1258.0 464.0 small-vehicle 0
1211.0 447.0 1251.0 447.0 1251.0 467.0 1211.0 467.0 small-vehicle 0
1256.0 426.0 1290.0 426.0 1290.0 446.0 1256.0 446.0 small-vehicle 0
1215.0 430.0 1247.0 430.0 1247.0 447.0 1215.0 447.0 small-vehicle 0
1252.0 408.0 1290.0 408.0 1290.0 427.0 1252.0 427.0 small-vehicle 0
1212.0 409.0 1251.0 409.0 1251.0 430.0 1212.0 430.0 small-vehicle 0
1251.0 387.0 1290.0 387.0 1290.0 408.0 1251.0 408.0 small-vehicle 0
1205.0 391.0 1245.0 391.0 1245.0 409.0 1205.0 409.0 small-vehicle 0
1208.0 374.0 1244.0 374.0 1244.0 390.0 1208.0 390.0 small-vehicle 0
1178.0 853.0 1197.0 853.0 1197.0 891.0 1178.0 891.0 small-vehicle 0
1245.0 351.0 1284.0 351.0 1284.0 372.0 1245.0 372.0 small-vehicle 0
1407.0 489.0 1433.0 489.0 1433.0 505.0 1407.0 505.0 small-vehicle 0
1404.0 507.0 1437.0 507.0 1437.0 526.0 1404.0 526.0 small-vehicle 0
1407.0 470.0 1436.0 470.0 1436.0 489.0 1407.0 489.0 small-vehicle 0
1399.0 452.0 1435.0 452.0 1435.0 470.0 1399.0 470.0 small-vehicle 0
1397.0 431.0 1433.0 431.0 1433.0 451.0 1397.0 451.0 small-vehicle 0
1397.0 411.0 1434.0 411.0 1434.0 431.0 1397.0 431.0 small-vehicle 0
1397.0 394.0 1425.0 394.0 1425.0 411.0 1397.0 411.0 small-vehicle 0
1391.0 376.0 1427.0 376.0 1427.0 394.0 1391.0 394.0 small-vehicle 0
1388.0 356.0 1424.0 356.0 1424.0 375.0 1388.0 375.0 small-vehicle 0
1391.0 337.0 1420.0 337.0 1420.0 353.0 1391.0 353.0 small-vehicle 0
1385.0 317.0 1422.0 317.0 1422.0 337.0 1385.0 337.0 small-vehicle 0
1385.0 300.0 1423.0 300.0 1423.0 317.0 1385.0 317.0 small-vehicle 0
1264.0 521.0 1297.0 521.0 1297.0 540.0 1264.0 540.0 small-vehicle 0
1226.0 527.0 1256.0 527.0 1256.0 545.0 1226.0 545.0 small-vehicle 0
1222.0 546.0 1259.0 546.0 1259.0 563.0 1222.0 563.0 small-vehicle 0
1268.0 541.0 1301.0 541.0 1301.0 559.0 1268.0 559.0 small-vehicle 0
1204.0 854.0 1223.0 854.0 1223.0 889.0 1204.0 889.0 small-vehicle 0
1234.0 848.0 1252.0 848.0 1252.0 886.0 1234.0 886.0 small-vehicle 0
1262.0 846.0 1280.0 846.0 1280.0 884.0 1262.0 884.0 small-vehicle 0
1290.0 843.0 1307.0 843.0 1307.0 882.0 1290.0 882.0 small-vehicle 0
1317.0 843.0 1333.0 843.0 1333.0 877.0 1317.0 877.0 small-vehicle 0
1249.0 753.0 1283.0 753.0 1283.0 772.0 1249.0 772.0 small-vehicle 0
1283.0 751.0 1323.0 751.0 1323.0 769.0 1283.0 769.0 small-vehicle 0
1281.0 729.0 1321.0 729.0 1321.0 749.0 1281.0 749.0 small-vehicle 0
1244.0 732.0 1281.0 732.0 1281.0 753.0 1244.0 753.0 small-vehicle 0
1287.0 711.0 1319.0 711.0 1319.0 728.0 1287.0 728.0 small-vehicle 0
1236.0 716.0 1275.0 716.0 1275.0 735.0 1236.0 735.0 small-vehicle 0
1281.0 694.0 1311.0 694.0 1311.0 710.0 1281.0 710.0 small-vehicle 0
1236.0 693.0 1277.0 693.0 1277.0 713.0 1236.0 713.0 small-vehicle 0
1281.0 675.0 1310.0 675.0 1310.0 690.0 1281.0 690.0 small-vehicle 0
1238.0 675.0 1273.0 675.0 1273.0 696.0 1238.0 696.0 small-vehicle 0
1280.0 655.0 1313.0 655.0 1313.0 674.0 1280.0 674.0 small-vehicle 0
1234.0 655.0 1274.0 655.0 1274.0 676.0 1234.0 676.0 small-vehicle 0
1276.0 635.0 1310.0 635.0 1310.0 653.0 1276.0 653.0 small-vehicle 0
1231.0 639.0 1270.0 639.0 1270.0 658.0 1231.0 658.0 small-vehicle 0
1275.0 616.0 1311.0 616.0 1311.0 637.0 1275.0 637.0 small-vehicle 0
1234.0 621.0 1268.0 621.0 1268.0 638.0 1234.0 638.0 small-vehicle 0
1227.0 603.0 1267.0 603.0 1267.0 621.0 1227.0 621.0 small-vehicle 0
1269.0 599.0 1307.0 599.0 1307.0 616.0 1269.0 616.0 small-vehicle 0
1266.0 580.0 1305.0 580.0 1305.0 599.0 1266.0 599.0 small-vehicle 0
1266.0 560.0 1303.0 560.0 1303.0 581.0 1266.0 581.0 small-vehicle 0
1225.0 582.0 1265.0 582.0 1265.0 600.0 1225.0 600.0 small-vehicle 0
1229.0 561.0 1265.0 561.0 1265.0 582.0 1229.0 582.0 small-vehicle 0
915.0 632.0 951.0 632.0 951.0 651.0 915.0 651.0 small-vehicle 0
855.0 639.0 895.0 639.0 895.0 656.0 855.0 656.0 small-vehicle 0
990.0 644.0 1029.0 644.0 1029.0 663.0 990.0 663.0 small-vehicle 0
838.0 448.0 877.0 448.0 877.0 465.0 838.0 465.0 small-vehicle 0
963.0 359.0 1000.0 359.0 1000.0 378.0 963.0 378.0 small-vehicle 0
1002.0 355.0 1043.0 355.0 1043.0 373.0 1002.0 373.0 small-vehicle 0
1070.0 252.0 1104.0 252.0 1104.0 273.0 1070.0 273.0 small-vehicle 0
1070.0 273.0 1109.0 273.0 1109.0 291.0 1070.0 291.0 small-vehicle 0
1070.0 291.0 1108.0 291.0 1108.0 311.0 1070.0 311.0 small-vehicle 0
1075.0 312.0 1106.0 312.0 1106.0 329.0 1075.0 329.0 small-vehicle 0
1074.0 331.0 1114.0 331.0 1114.0 349.0 1074.0 349.0 small-vehicle 0
1072.0 349.0 1117.0 349.0 1117.0 367.0 1072.0 367.0 small-vehicle 0
1127.0 360.0 1170.0 360.0 1170.0 380.0 1127.0 380.0 small-vehicle 0
1208.0 354.0 1241.0 354.0 1241.0 375.0 1208.0 375.0 small-vehicle 0
831.0 388.0 876.0 388.0 876.0 408.0 831.0 408.0 small-vehicle 0
837.0 409.0 877.0 409.0 877.0 427.0 837.0 427.0 small-vehicle 0
838.0 427.0 875.0 427.0 875.0 446.0 838.0 446.0 small-vehicle 0
841.0 464.0 886.0 464.0 886.0 485.0 841.0 485.0 small-vehicle 0
1034.0 641.0 1065.0 641.0 1065.0 660.0 1034.0 660.0 small-vehicle 0
890.0 386.0 929.0 386.0 929.0 402.0 890.0 402.0 small-vehicle 0
893.0 404.0 931.0 404.0 931.0 423.0 893.0 423.0 small-vehicle 0
895.0 423.0 931.0 423.0 931.0 443.0 895.0 443.0 small-vehicle 0
895.0 444.0 933.0 444.0 933.0 462.0 895.0 462.0 small-vehicle 0
898.0 462.0 938.0 462.0 938.0 482.0 898.0 482.0 small-vehicle 0
906.0 481.0 938.0 481.0 938.0 499.0 906.0 499.0 small-vehicle 0
968.0 378.0 997.0 378.0 997.0 396.0 968.0 396.0 small-vehicle 0
1003.0 375.0 1044.0 375.0 1044.0 391.0 1003.0 391.0 small-vehicle 0
1007.0 394.0 1042.0 394.0 1042.0 412.0 1007.0 412.0 small-vehicle 0
965.0 396.0 1003.0 396.0 1003.0 416.0 965.0 416.0 small-vehicle 0
969.0 415.0 1010.0 415.0 1010.0 436.0 969.0 436.0 small-vehicle 0
1010.0 414.0 1043.0 414.0 1043.0 429.0 1010.0 429.0 small-vehicle 0
971.0 434.0 1009.0 434.0 1009.0 455.0 971.0 455.0 small-vehicle 0
1003.0 335.0 1038.0 335.0 1038.0 352.0 1003.0 352.0 small-vehicle 0
962.0 340.0 1001.0 340.0 1001.0 359.0 962.0 359.0 small-vehicle 0
997.0 317.0 1038.0 317.0 1038.0 335.0 997.0 335.0 small-vehicle 0
998.0 299.0 1037.0 299.0 1037.0 317.0 998.0 317.0 small-vehicle 0
986.0 164.0 1003.0 164.0 1003.0 201.0 986.0 201.0 small-vehicle 0
1004.0 162.0 1021.0 162.0 1021.0 200.0 1004.0 200.0 small-vehicle 0
1027.0 161.0 1045.0 161.0 1045.0 199.0 1027.0 199.0 small-vehicle 0
1045.0 162.0 1060.0 162.0 1060.0 191.0 1045.0 191.0 small-vehicle 0
1061.0 158.0 1077.0 158.0 1077.0 194.0 1061.0 194.0 small-vehicle 0
1079.0 156.0 1098.0 156.0 1098.0 191.0 1079.0 191.0 small-vehicle 0
823.0 276.0 863.0 276.0 863.0 297.0 823.0 297.0 small-vehicle 0
822.0 295.0 863.0 295.0 863.0 314.0 822.0 314.0 small-vehicle 0
880.0 251.0 919.0 251.0 919.0 271.0 880.0 271.0 small-vehicle 0
883.0 273.0 925.0 273.0 925.0 290.0 883.0 290.0 small-vehicle 0
882.0 291.0 920.0 291.0 920.0 311.0 882.0 311.0 small-vehicle 0
886.0 310.0 920.0 310.0 920.0 327.0 886.0 327.0 small-vehicle 0
826.0 311.0 869.0 311.0 869.0 335.0 826.0 335.0 small-vehicle 0
831.0 334.0 866.0 334.0 866.0 353.0 831.0 353.0 small-vehicle 0
884.0 328.0 924.0 328.0 924.0 346.0 884.0 346.0 small-vehicle 0
833.0 352.0 867.0 352.0 867.0 371.0 833.0 371.0 small-vehicle 0
887.0 347.0 926.0 347.0 926.0 365.0 887.0 365.0 small-vehicle 0
834.0 372.0 866.0 372.0 866.0 389.0 834.0 389.0 small-vehicle 0
887.0 368.0 926.0 368.0 926.0 384.0 887.0 384.0 small-vehicle 0
952.0 242.0 993.0 242.0 993.0 264.0 952.0 264.0 small-vehicle 0
997.0 237.0 1033.0 237.0 1033.0 259.0 997.0 259.0 small-vehicle 0
952.0 263.0 996.0 263.0 996.0 282.0 952.0 282.0 small-vehicle 0
999.0 258.0 1035.0 258.0 1035.0 279.0 999.0 279.0 small-vehicle 0
955.0 285.0 989.0 285.0 989.0 302.0 955.0 302.0 small-vehicle 0
953.0 301.0 997.0 301.0 997.0 323.0 953.0 323.0 small-vehicle 0
962.0 321.0 994.0 321.0 994.0 338.0 962.0 338.0 small-vehicle 0
997.0 279.0 1031.0 279.0 1031.0 300.0 997.0 300.0 small-vehicle 0
1014.0 430.0 1047.0 430.0 1047.0 450.0 1014.0 450.0 small-vehicle 0
971.0 453.0 1009.0 453.0 1009.0 474.0 971.0 474.0 small-vehicle 0
1013.0 450.0 1049.0 450.0 1049.0 470.0 1013.0 470.0 small-vehicle 0
977.0 530.0 1018.0 530.0 1018.0 549.0 977.0 549.0 small-vehicle 0
1021.0 543.0 1063.0 543.0 1063.0 563.0 1021.0 563.0 small-vehicle 0
978.0 548.0 1022.0 548.0 1022.0 566.0 978.0 566.0 small-vehicle 0
1022.0 562.0 1063.0 562.0 1063.0 583.0 1022.0 583.0 small-vehicle 0
976.0 565.0 1024.0 565.0 1024.0 587.0 976.0 587.0 small-vehicle 0
982.0 587.0 1025.0 587.0 1025.0 606.0 982.0 606.0 small-vehicle 0
1024.0 581.0 1068.0 581.0 1068.0 602.0 1024.0 602.0 small-vehicle 0
1090.0 500.0 1129.0 500.0 1129.0 519.0 1090.0 519.0 small-vehicle 0
1093.0 520.0 1129.0 520.0 1129.0 538.0 1093.0 538.0 small-vehicle 0
1095.0 537.0 1132.0 537.0 1132.0 558.0 1095.0 558.0 small-vehicle 0
1095.0 556.0 1136.0 556.0 1136.0 578.0 1095.0 578.0 small-vehicle 0
1098.0 575.0 1138.0 575.0 1138.0 597.0 1098.0 597.0 small-vehicle 0
1144.0 496.0 1185.0 496.0 1185.0 513.0 1144.0 513.0 small-vehicle 0
1148.0 516.0 1181.0 516.0 1181.0 535.0 1148.0 535.0 small-vehicle 0
1150.0 532.0 1187.0 532.0 1187.0 551.0 1150.0 551.0 small-vehicle 0
1154.0 553.0 1185.0 553.0 1185.0 569.0 1154.0 569.0 small-vehicle 0
1156.0 571.0 1188.0 571.0 1188.0 588.0 1156.0 588.0 small-vehicle 0
1149.0 587.0 1191.0 587.0 1191.0 608.0 1149.0 608.0 small-vehicle 0
851.0 598.0 895.0 598.0 895.0 618.0 851.0 618.0 small-vehicle 0
910.0 593.0 949.0 593.0 949.0 612.0 910.0 612.0 small-vehicle 0
984.0 608.0 1024.0 608.0 1024.0 626.0 984.0 626.0 small-vehicle 0
1025.0 601.0 1069.0 601.0 1069.0 621.0 1025.0 621.0 small-vehicle 0
1097.0 595.0 1142.0 595.0 1142.0 614.0 1097.0 614.0 small-vehicle 0
1155.0 607.0 1195.0 607.0 1195.0 628.0 1155.0 628.0 small-vehicle 0
853.0 617.0 898.0 617.0 898.0 637.0 853.0 637.0 small-vehicle 0
913.0 615.0 952.0 615.0 952.0 630.0 913.0 630.0 small-vehicle 0
988.0 625.0 1023.0 625.0 1023.0 645.0 988.0 645.0 small-vehicle 0
1034.0 621.0 1065.0 621.0 1065.0 640.0 1034.0 640.0 small-vehicle 0
1023.0 524.0 1061.0 524.0 1061.0 546.0 1023.0 546.0 small-vehicle 0
1016.0 507.0 1058.0 507.0 1058.0 526.0 1016.0 526.0 small-vehicle 0
974.0 474.0 1009.0 474.0 1009.0 492.0 974.0 492.0 small-vehicle 0
972.0 511.0 1016.0 511.0 1016.0 531.0 972.0 531.0 small-vehicle 0
1016.0 466.0 1056.0 466.0 1056.0 489.0 1016.0 489.0 small-vehicle 0
1079.0 368.0 1113.0 368.0 1113.0 386.0 1079.0 386.0 small-vehicle 0
1081.0 385.0 1117.0 385.0 1117.0 405.0 1081.0 405.0 small-vehicle 0
1084.0 404.0 1119.0 404.0 1119.0 425.0 1084.0 425.0 small-vehicle 0
1086.0 423.0 1121.0 423.0 1121.0 444.0 1086.0 444.0 small-vehicle 0
1082.0 443.0 1125.0 443.0 1125.0 464.0 1082.0 464.0 small-vehicle 0
1088.0 461.0 1124.0 461.0 1124.0 479.0 1088.0 479.0 small-vehicle 0
1088.0 479.0 1129.0 479.0 1129.0 500.0 1088.0 500.0 small-vehicle 0
1132.0 380.0 1173.0 380.0 1173.0 401.0 1132.0 401.0 small-vehicle 0
1137.0 402.0 1174.0 402.0 1174.0 421.0 1137.0 421.0 small-vehicle 0
1136.0 418.0 1175.0 418.0 1175.0 438.0 1136.0 438.0 small-vehicle 0
1140.0 438.0 1173.0 438.0 1173.0 455.0 1140.0 455.0 small-vehicle 0
1140.0 454.0 1179.0 454.0 1179.0 472.0 1140.0 472.0 small-vehicle 0
1139.0 475.0 1182.0 475.0 1182.0 494.0 1139.0 494.0 small-vehicle 0
847.0 485.0 876.0 485.0 876.0 504.0 847.0 504.0 small-vehicle 0
845.0 503.0 884.0 503.0 884.0 523.0 845.0 523.0 small-vehicle 0
908.0 500.0 936.0 500.0 936.0 515.0 908.0 515.0 small-vehicle 0
902.0 518.0 941.0 518.0 941.0 537.0 902.0 537.0 small-vehicle 0
849.0 522.0 883.0 522.0 883.0 540.0 849.0 540.0 small-vehicle 0
852.0 541.0 885.0 541.0 885.0 562.0 852.0 562.0 small-vehicle 0
906.0 537.0 947.0 537.0 947.0 556.0 906.0 556.0 small-vehicle 0
907.0 558.0 946.0 558.0 946.0 575.0 907.0 575.0 small-vehicle 0
851.0 560.0 890.0 560.0 890.0 581.0 851.0 581.0 small-vehicle 0
909.0 574.0 948.0 574.0 948.0 594.0 909.0 594.0 small-vehicle 0
853.0 579.0 894.0 579.0 894.0 601.0 853.0 601.0 small-vehicle 0
975.0 490.0 1017.0 490.0 1017.0 512.0 975.0 512.0 small-vehicle 0
1020.0 488.0 1053.0 488.0 1053.0 506.0 1020.0 506.0 small-vehicle 0
181.0 304.0 223.0 304.0 223.0 343.0 181.0 343.0 small-vehicle 0
