1076.0 535.0 1096.0 535.0 1096.0 558.0 1076.0 558.0 small-vehicle 0
650.0 665.0 694.0 665.0 694.0 708.0 650.0 708.0 large-vehicle 0
692.0 529.0 737.0 529.0 737.0 571.0 692.0 571.0 large-vehicle 0
700.0 540.0 745.0 540.0 745.0 583.0 700.0 583.0 large-vehicle 0
722.0 464.0 765.0 464.0 765.0 508.0 722.0 508.0 large-vehicle 0
569.0 573.0 615.0 573.0 615.0 618.0 569.0 618.0 large-vehicle 0
578.0 586.0 623.0 586.0 623.0 629.0 578.0 629.0 large-vehicle 0
587.0 596.0 633.0 596.0 633.0 640.0 587.0 640.0 large-vehicle 0
608.0 620.0 653.0 620.0 653.0 662.0 608.0 662.0 large-vehicle 0
618.0 631.0 664.0 631.0 664.0 673.0 618.0 673.0 large-vehicle 0
634.0 642.0 673.0 642.0 673.0 679.0 634.0 679.0 large-vehicle 0
643.0 652.0 686.0 652.0 686.0 693.0 643.0 693.0 large-vehicle 0
663.0 677.0 707.0 677.0 707.0 718.0 663.0 718.0 large-vehicle 0
1065.0 541.0 1084.0 541.0 1084.0 565.0 1065.0 565.0 small-vehicle 0
709.0 726.0 753.0 726.0 753.0 769.0 709.0 769.0 large-vehicle 0
718.0 746.0 761.0 746.0 761.0 787.0 718.0 787.0 large-vehicle 0
729.0 755.0 774.0 755.0 774.0 800.0 729.0 800.0 large-vehicle 0
738.0 769.0 782.0 769.0 782.0 811.0 738.0 811.0 large-vehicle 0
800.0 836.0 844.0 836.0 844.0 879.0 800.0 879.0 large-vehicle 0
812.0 847.0 854.0 847.0 854.0 890.0 812.0 890.0 large-vehicle 0
828.0 864.0 874.0 864.0 874.0 908.0 828.0 908.0 large-vehicle 0
779.0 628.0 824.0 628.0 824.0 672.0 779.0 672.0 large-vehicle 0
790.0 641.0 834.0 641.0 834.0 682.0 790.0 682.0 large-vehicle 0
799.0 653.0 843.0 653.0 843.0 695.0 799.0 695.0 large-vehicle 0
682.0 518.0 726.0 518.0 726.0 560.0 682.0 560.0 large-vehicle 0
670.0 504.0 717.0 504.0 717.0 550.0 670.0 550.0 large-vehicle 0
659.0 495.0 707.0 495.0 707.0 539.0 659.0 539.0 large-vehicle 0
651.0 483.0 697.0 483.0 697.0 526.0 651.0 526.0 large-vehicle 0
226.0 320.0 263.0 320.0 263.0 373.0 226.0 373.0 large-vehicle 0
246.0 311.0 275.0 311.0 275.0 358.0 246.0 358.0 large-vehicle 0
373.0 328.0 426.0 328.0 426.0 363.0 373.0 363.0 large-vehicle 0
331.0 469.0 366.0 469.0 366.0 518.0 331.0 518.0 large-vehicle 0
344.0 462.0 379.0 462.0 379.0 513.0 344.0 513.0 large-vehicle 0
364.0 448.0 400.0 448.0 400.0 501.0 364.0 501.0 large-vehicle 0
379.0 444.0 413.0 444.0 413.0 495.0 379.0 495.0 large-vehicle 0
391.0 437.0 426.0 437.0 426.0 488.0 391.0 488.0 large-vehicle 0
491.0 519.0 542.0 519.0 542.0 536.0 491.0 536.0 large-vehicle 0
518.0 335.0 568.0 335.0 568.0 382.0 518.0 382.0 large-vehicle 0
532.0 349.0 576.0 349.0 576.0 391.0 532.0 391.0 large-vehicle 0
538.0 358.0 586.0 358.0 586.0 403.0 538.0 403.0 large-vehicle 0
553.0 370.0 597.0 370.0 597.0 412.0 553.0 412.0 large-vehicle 0
570.0 394.0 617.0 394.0 617.0 438.0 570.0 438.0 large-vehicle 0
559.0 386.0 603.0 386.0 603.0 427.0 559.0 427.0 large-vehicle 0
581.0 405.0 627.0 405.0 627.0 448.0 581.0 448.0 large-vehicle 0
599.0 428.0 646.0 428.0 646.0 472.0 599.0 472.0 large-vehicle 0
611.0 438.0 656.0 438.0 656.0 482.0 611.0 482.0 large-vehicle 0
621.0 450.0 666.0 450.0 666.0 492.0 621.0 492.0 large-vehicle 0
632.0 461.0 676.0 461.0 676.0 502.0 632.0 502.0 large-vehicle 0
642.0 473.0 687.0 473.0 687.0 515.0 642.0 515.0 large-vehicle 0
810.0 664.0 853.0 664.0 853.0 707.0 810.0 707.0 large-vehicle 0
817.0 676.0 865.0 676.0 865.0 721.0 817.0 721.0 large-vehicle 0
828.0 687.0 874.0 687.0 874.0 730.0 828.0 730.0 large-vehicle 0
300.0 472.0 321.0 472.0 321.0 495.0 300.0 495.0 small-vehicle 0
399.0 45.0 420.0 45.0 420.0 64.0 399.0 64.0 small-vehicle 0
403.0 54.0 428.0 54.0 428.0 72.0 403.0 72.0 small-vehicle 0
317.0 373.0 334.0 373.0 334.0 397.0 317.0 397.0 small-vehicle 0
350.0 355.0 371.0 355.0 371.0 382.0 350.0 382.0 small-vehicle 0
1003.0 633.0 1020.0 633.0 1020.0 654.0 1003.0 654.0 small-vehicle 0
953.0 598.0 969.0 598.0 969.0 620.0 953.0 620.0 small-vehicle 0
1011.0 621.0 1030.0 621.0 1030.0 645.0 1011.0 645.0 small-vehicle 0
1023.0 616.0 1040.0 616.0 1040.0 639.0 1023.0 639.0 small-vehicle 0
1032.0 608.0 1049.0 608.0 1049.0 633.0 1032.0 633.0 small-vehicle 0
1041.0 605.0 1058.0 605.0 1058.0 628.0 1041.0 628.0 small-vehicle 0
1051.0 599.0 1067.0 599.0 1067.0 622.0 1051.0 622.0 small-vehicle 0
1060.0 593.0 1077.0 593.0 1077.0 617.0 1060.0 617.0 small-vehicle 0
1068.0 588.0 1087.0 588.0 1087.0 613.0 1068.0 613.0 small-vehicle 0
1077.0 582.0 1097.0 582.0 1097.0 606.0 1077.0 606.0 small-vehicle 0
1037.0 673.0 1055.0 673.0 1055.0 695.0 1037.0 695.0 small-vehicle 0
1051.0 668.0 1066.0 668.0 1066.0 688.0 1051.0 688.0 small-vehicle 0
1058.0 660.0 1076.0 660.0 1076.0 684.0 1058.0 684.0 small-vehicle 0
1068.0 654.0 1087.0 654.0 1087.0 678.0 1068.0 678.0 small-vehicle 0
1079.0 646.0 1098.0 646.0 1098.0 671.0 1079.0 671.0 small-vehicle 0
1046.0 554.0 1062.0 554.0 1062.0 572.0 1046.0 572.0 small-vehicle 0
1055.0 547.0 1072.0 547.0 1072.0 571.0 1055.0 571.0 small-vehicle 0
326.0 53.0 349.0 53.0 349.0 72.0 326.0 72.0 small-vehicle 0
274.0 447.0 295.0 447.0 295.0 468.0 274.0 468.0 small-vehicle 0
837.0 702.0 880.0 702.0 880.0 742.0 837.0 742.0 large-vehicle 0
213.0 404.0 234.0 404.0 234.0 425.0 213.0 425.0 small-vehicle 0
845.0 710.0 893.0 710.0 893.0 755.0 845.0 755.0 large-vehicle 0
279.0 60.0 300.0 60.0 300.0 77.0 279.0 77.0 small-vehicle 0
289.0 79.0 312.0 79.0 312.0 95.0 289.0 95.0 small-vehicle 0
293.0 89.0 313.0 89.0 313.0 107.0 293.0 107.0 small-vehicle 0
26.0 156.0 44.0 156.0 44.0 175.0 26.0 175.0 small-vehicle 0
32.0 162.0 56.0 162.0 56.0 184.0 32.0 184.0 small-vehicle 0
116.0 176.0 138.0 176.0 138.0 196.0 116.0 196.0 small-vehicle 0
131.0 192.0 154.0 192.0 154.0 212.0 131.0 212.0 small-vehicle 0
141.0 201.0 160.0 201.0 160.0 219.0 141.0 219.0 small-vehicle 0
153.0 217.0 175.0 217.0 175.0 237.0 153.0 237.0 small-vehicle 0
70.0 232.0 93.0 232.0 93.0 255.0 70.0 255.0 small-vehicle 0
81.0 258.0 100.0 258.0 100.0 276.0 81.0 276.0 small-vehicle 0
90.0 267.0 110.0 267.0 110.0 285.0 90.0 285.0 small-vehicle 0
184.0 251.0 206.0 251.0 206.0 271.0 184.0 271.0 small-vehicle 0
213.0 266.0 233.0 266.0 233.0 285.0 213.0 285.0 small-vehicle 0
215.0 272.0 243.0 272.0 243.0 296.0 215.0 296.0 small-vehicle 0
125.0 304.0 146.0 304.0 146.0 325.0 125.0 325.0 small-vehicle 0
133.0 314.0 154.0 314.0 154.0 335.0 133.0 335.0 small-vehicle 0
151.0 331.0 174.0 331.0 174.0 353.0 151.0 353.0 small-vehicle 0
175.0 367.0 196.0 367.0 196.0 386.0 175.0 386.0 small-vehicle 0
201.0 390.0 226.0 390.0 226.0 419.0 201.0 419.0 small-vehicle 0
440.0 206.0 489.0 206.0 489.0 240.0 440.0 240.0 large-vehicle 0
