325.0 369.0 388.0 369.0 388.0 422.0 325.0 422.0 large-vehicle 0
220.0 324.0 264.0 324.0 264.0 360.0 220.0 360.0 large-vehicle 0
179.0 355.0 222.0 355.0 222.0 391.0 179.0 391.0 large-vehicle 0
180.0 241.0 219.0 241.0 219.0 282.0 180.0 282.0 large-vehicle 0
145.0 220.0 185.0 220.0 185.0 263.0 145.0 263.0 large-vehicle 0
135.0 234.0 176.0 234.0 176.0 276.0 135.0 276.0 large-vehicle 0
182.0 264.0 219.0 264.0 219.0 304.0 182.0 304.0 large-vehicle 0
173.0 274.0 212.0 274.0 212.0 314.0 173.0 314.0 large-vehicle 0
162.0 281.0 200.0 281.0 200.0 323.0 162.0 323.0 large-vehicle 0
148.0 286.0 178.0 286.0 178.0 321.0 148.0 321.0 large-vehicle 0
111.0 262.0 149.0 262.0 149.0 305.0 111.0 305.0 large-vehicle 0
101.0 275.0 140.0 275.0 140.0 316.0 101.0 316.0 large-vehicle 0
117.0 334.0 157.0 334.0 157.0 376.0 117.0 376.0 large-vehicle 0
108.0 345.0 148.0 345.0 148.0 388.0 108.0 388.0 large-vehicle 0
92.0 368.0 130.0 368.0 130.0 410.0 92.0 410.0 large-vehicle 0
61.0 327.0 95.0 327.0 95.0 372.0 61.0 372.0 large-vehicle 0
