214.0 218.0 237.0 218.0 237.0 234.0 214.0 234.0 small-vehicle 0
299.0 372.0 361.0 372.0 361.0 472.0 299.0 472.0 tennis-court 0
61.0 59.0 84.0 59.0 84.0 76.0 61.0 76.0 small-vehicle 0
69.0 27.0 94.0 27.0 94.0 44.0 69.0 44.0 small-vehicle 0
65.0 49.0 87.0 49.0 87.0 66.0 65.0 66.0 small-vehicle 0
558.0 426.0 617.0 426.0 617.0 524.0 558.0 524.0 tennis-court 0
502.0 416.0 562.0 416.0 562.0 513.0 502.0 513.0 tennis-court 0
395.0 392.0 458.0 392.0 458.0 492.0 395.0 492.0 tennis-court 0
232.0 358.0 293.0 358.0 293.0 457.0 232.0 457.0 tennis-court 0
101.0 98.0 123.0 98.0 123.0 115.0 101.0 115.0 small-vehicle 0
178.0 347.0 240.0 347.0 240.0 446.0 178.0 446.0 tennis-court 0
123.0 335.0 186.0 335.0 186.0 435.0 123.0 435.0 tennis-court 0
558.0 253.0 617.0 253.0 617.0 350.0 558.0 350.0 tennis-court 0
501.0 242.0 563.0 242.0 563.0 341.0 501.0 341.0 tennis-court 0
418.0 225.0 479.0 225.0 479.0 323.0 418.0 323.0 tennis-court 0
364.0 213.0 425.0 213.0 425.0 312.0 364.0 312.0 tennis-court 0
105.0 88.0 126.0 88.0 126.0 104.0 105.0 104.0 small-vehicle 0
123.0 107.0 145.0 107.0 145.0 123.0 123.0 123.0 small-vehicle 0
208.0 229.0 230.0 229.0 230.0 245.0 208.0 245.0 small-vehicle 0
166.0 207.0 187.0 207.0 187.0 226.0 166.0 226.0 small-vehicle 0
204.0 239.0 228.0 239.0 228.0 256.0 204.0 256.0 small-vehicle 0
147.0 252.0 167.0 252.0 167.0 266.0 147.0 266.0 small-vehicle 0
153.0 242.0 175.0 242.0 175.0 260.0 153.0 260.0 small-vehicle 0
134.0 232.0 153.0 232.0 153.0 249.0 134.0 249.0 small-vehicle 0
155.0 232.0 177.0 232.0 177.0 247.0 155.0 247.0 small-vehicle 0
139.0 212.0 161.0 212.0 161.0 229.0 139.0 229.0 small-vehicle 0
144.0 202.0 164.0 202.0 164.0 218.0 144.0 218.0 small-vehicle 0
186.0 70.0 207.0 70.0 207.0 88.0 186.0 88.0 small-vehicle 0
94.0 169.0 117.0 169.0 117.0 189.0 94.0 189.0 small-vehicle 0
103.0 148.0 127.0 148.0 127.0 166.0 103.0 166.0 small-vehicle 0
109.0 139.0 132.0 139.0 132.0 158.0 109.0 158.0 small-vehicle 0
89.0 129.0 111.0 129.0 111.0 146.0 89.0 146.0 small-vehicle 0
112.0 127.0 135.0 127.0 135.0 145.0 112.0 145.0 small-vehicle 0
118.0 119.0 140.0 119.0 140.0 134.0 118.0 134.0 small-vehicle 0
298.0 200.0 358.0 200.0 358.0 298.0 298.0 298.0 tennis-court 0
