599.0 528.0 655.0 528.0 655.0 619.0 599.0 619.0 basketball-court 1
544.0 528.0 599.0 528.0 599.0 619.0 544.0 619.0 basketball-court 1
219.0 279.0 265.0 279.0 265.0 369.0 219.0 369.0 tennis-court 0
273.0 279.0 319.0 279.0 319.0 370.0 273.0 370.0 tennis-court 0
328.0 281.0 374.0 281.0 374.0 370.0 328.0 370.0 tennis-court 0
396.0 313.0 441.0 313.0 441.0 405.0 396.0 405.0 tennis-court 0
452.0 313.0 498.0 313.0 498.0 404.0 452.0 404.0 tennis-court 0
230.0 425.0 276.0 425.0 276.0 516.0 230.0 516.0 tennis-court 0
172.0 569.0 218.0 569.0 218.0 660.0 172.0 660.0 tennis-court 0
226.0 568.0 272.0 568.0 272.0 661.0 226.0 661.0 tennis-court 0
281.0 568.0 328.0 568.0 328.0 661.0 281.0 661.0 tennis-court 0
336.0 569.0 382.0 569.0 382.0 661.0 336.0 661.0 tennis-court 0
162.0 799.0 208.0 799.0 208.0 889.0 162.0 889.0 tennis-court 0
216.0 798.0 262.0 798.0 262.0 891.0 216.0 891.0 tennis-court 0
270.0 799.0 316.0 799.0 316.0 891.0 270.0 891.0 tennis-court 0
436.0 837.0 482.0 837.0 482.0 929.0 436.0 929.0 tennis-court 0
492.0 838.0 538.0 838.0 538.0 929.0 492.0 929.0 tennis-court 0
547.0 837.0 592.0 837.0 592.0 931.0 547.0 931.0 tennis-court 0
602.0 838.0 647.0 838.0 647.0 929.0 602.0 929.0 tennis-court 0
164.0 279.0 209.0 279.0 209.0 369.0 164.0 369.0 tennis-court 0
