375.0 448.0 413.0 448.0 413.0 478.0 375.0 478.0 small-vehicle 0
161.0 405.0 200.0 405.0 200.0 437.0 161.0 437.0 small-vehicle 0
127.0 387.0 162.0 387.0 162.0 413.0 127.0 413.0 small-vehicle 0
134.0 367.0 172.0 367.0 172.0 396.0 134.0 396.0 small-vehicle 0
145.0 350.0 182.0 350.0 182.0 378.0 145.0 378.0 small-vehicle 0
153.0 331.0 190.0 331.0 190.0 360.0 153.0 360.0 small-vehicle 0
190.0 351.0 230.0 351.0 230.0 381.0 190.0 381.0 small-vehicle 0
180.0 369.0 218.0 369.0 218.0 395.0 180.0 395.0 small-vehicle 0
169.0 386.0 208.0 386.0 208.0 416.0 169.0 416.0 small-vehicle 0
149.0 423.0 187.0 423.0 187.0 452.0 149.0 452.0 small-vehicle 0
106.0 424.0 143.0 424.0 143.0 452.0 106.0 452.0 small-vehicle 0
143.0 444.0 178.0 444.0 178.0 470.0 143.0 470.0 small-vehicle 0
130.0 460.0 167.0 460.0 167.0 488.0 130.0 488.0 small-vehicle 0
118.0 477.0 156.0 477.0 156.0 505.0 118.0 505.0 small-vehicle 0
154.0 499.0 192.0 499.0 192.0 526.0 154.0 526.0 small-vehicle 0
164.0 480.0 201.0 480.0 201.0 507.0 164.0 507.0 small-vehicle 0
177.0 463.0 214.0 463.0 214.0 490.0 177.0 490.0 small-vehicle 0
186.0 444.0 222.0 444.0 222.0 473.0 186.0 473.0 small-vehicle 0
116.0 406.0 151.0 406.0 151.0 433.0 116.0 433.0 small-vehicle 0
92.0 441.0 131.0 441.0 131.0 469.0 92.0 469.0 small-vehicle 0
341.0 429.0 380.0 429.0 380.0 459.0 341.0 459.0 small-vehicle 0
116.0 313.0 153.0 313.0 153.0 341.0 116.0 341.0 small-vehicle 0
71.0 310.0 111.0 310.0 111.0 341.0 71.0 341.0 small-vehicle 0
63.0 329.0 98.0 329.0 98.0 358.0 63.0 358.0 small-vehicle 0
55.0 348.0 91.0 348.0 91.0 374.0 55.0 374.0 small-vehicle 0
41.0 367.0 78.0 367.0 78.0 395.0 41.0 395.0 small-vehicle 0
28.0 382.0 66.0 382.0 66.0 411.0 28.0 411.0 small-vehicle 0
15.0 398.0 54.0 398.0 54.0 429.0 15.0 429.0 small-vehicle 0
5.0 419.0 43.0 419.0 43.0 447.0 5.0 447.0 small-vehicle 0
147.0 305.0 188.0 305.0 188.0 336.0 147.0 336.0 small-vehicle 0
78.0 455.0 119.0 455.0 119.0 487.0 78.0 487.0 small-vehicle 0
108.0 331.0 145.0 331.0 145.0 358.0 108.0 358.0 small-vehicle 0
100.0 349.0 137.0 349.0 137.0 377.0 100.0 377.0 small-vehicle 0
89.0 365.0 127.0 365.0 127.0 393.0 89.0 393.0 small-vehicle 0
77.0 385.0 114.0 385.0 114.0 415.0 77.0 415.0 small-vehicle 0
68.0 405.0 107.0 405.0 107.0 433.0 68.0 433.0 small-vehicle 0
52.0 418.0 91.0 418.0 91.0 447.0 52.0 447.0 small-vehicle 0
42.0 438.0 80.0 438.0 80.0 465.0 42.0 465.0 small-vehicle 0
198.0 424.0 234.0 424.0 234.0 453.0 198.0 453.0 small-vehicle 0
206.0 406.0 246.0 406.0 246.0 437.0 206.0 437.0 small-vehicle 0
217.0 389.0 255.0 389.0 255.0 417.0 217.0 417.0 small-vehicle 0
322.0 540.0 362.0 540.0 362.0 570.0 322.0 570.0 small-vehicle 0
228.0 535.0 266.0 535.0 266.0 565.0 228.0 565.0 small-vehicle 0
263.0 553.0 304.0 553.0 304.0 583.0 263.0 583.0 small-vehicle 0
293.0 594.0 330.0 594.0 330.0 623.0 293.0 623.0 small-vehicle 0
302.0 575.0 340.0 575.0 340.0 605.0 302.0 605.0 small-vehicle 0
312.0 558.0 352.0 558.0 352.0 588.0 312.0 588.0 small-vehicle 0
274.0 537.0 314.0 537.0 314.0 568.0 274.0 568.0 small-vehicle 0
286.0 520.0 326.0 520.0 326.0 550.0 286.0 550.0 small-vehicle 0
338.0 523.0 375.0 523.0 375.0 551.0 338.0 551.0 small-vehicle 0
228.0 372.0 265.0 372.0 265.0 399.0 228.0 399.0 small-vehicle 0
301.0 504.0 338.0 504.0 338.0 531.0 301.0 531.0 small-vehicle 0
347.0 505.0 384.0 505.0 384.0 533.0 347.0 533.0 small-vehicle 0
310.0 484.0 350.0 484.0 350.0 514.0 310.0 514.0 small-vehicle 0
319.0 466.0 359.0 466.0 359.0 495.0 319.0 495.0 small-vehicle 0
359.0 487.0 394.0 487.0 394.0 514.0 359.0 514.0 small-vehicle 0
364.0 466.0 406.0 466.0 406.0 499.0 364.0 499.0 small-vehicle 0
331.0 449.0 370.0 449.0 370.0 478.0 331.0 478.0 small-vehicle 0
242.0 520.0 277.0 520.0 277.0 548.0 242.0 548.0 small-vehicle 0
250.0 500.0 288.0 500.0 288.0 530.0 250.0 530.0 small-vehicle 0
261.0 482.0 298.0 482.0 298.0 511.0 261.0 511.0 small-vehicle 0
270.0 462.0 309.0 462.0 309.0 493.0 270.0 493.0 small-vehicle 0
243.0 357.0 292.0 357.0 292.0 391.0 243.0 391.0 small-vehicle 0
288.0 379.0 336.0 379.0 336.0 413.0 288.0 413.0 small-vehicle 0
331.0 403.0 385.0 403.0 385.0 441.0 331.0 441.0 small-vehicle 0
380.0 430.0 427.0 430.0 427.0 466.0 380.0 466.0 small-vehicle 0
267.0 390.0 307.0 390.0 307.0 421.0 267.0 421.0 small-vehicle 0
256.0 408.0 294.0 408.0 294.0 436.0 256.0 436.0 small-vehicle 0
244.0 425.0 283.0 425.0 283.0 455.0 244.0 455.0 small-vehicle 0
235.0 446.0 272.0 446.0 272.0 475.0 235.0 475.0 small-vehicle 0
222.0 461.0 263.0 461.0 263.0 492.0 222.0 492.0 small-vehicle 0
211.0 481.0 253.0 481.0 253.0 511.0 211.0 511.0 small-vehicle 0
201.0 498.0 241.0 498.0 241.0 528.0 201.0 528.0 small-vehicle 0
191.0 515.0 230.0 515.0 230.0 545.0 191.0 545.0 small-vehicle 0
306.0 411.0 345.0 411.0 345.0 440.0 306.0 440.0 small-vehicle 0
289.0 424.0 330.0 424.0 330.0 455.0 289.0 455.0 small-vehicle 0
278.0 443.0 319.0 443.0 319.0 474.0 278.0 474.0 small-vehicle 0
239.0 203.0 396.0 203.0 396.0 260.0 239.0 260.0 large-vehicle 0
