233.0 192.0 254.0 192.0 254.0 213.0 233.0 213.0 small-vehicle 0
85.0 360.0 104.0 360.0 104.0 382.0 85.0 382.0 large-vehicle 0
127.0 273.0 150.0 273.0 150.0 301.0 127.0 301.0 large-vehicle 0
191.0 346.0 246.0 346.0 246.0 405.0 191.0 405.0 large-vehicle 0
211.0 329.0 264.0 329.0 264.0 392.0 211.0 392.0 large-vehicle 0
234.0 338.0 274.0 338.0 274.0 385.0 234.0 385.0 large-vehicle 0
228.0 318.0 282.0 318.0 282.0 377.0 228.0 377.0 large-vehicle 0
301.0 312.0 329.0 312.0 329.0 343.0 301.0 343.0 large-vehicle 0
303.0 297.0 338.0 297.0 338.0 335.0 303.0 335.0 large-vehicle 0
331.0 297.0 357.0 297.0 357.0 324.0 331.0 324.0 large-vehicle 0
301.0 270.0 319.0 270.0 319.0 288.0 301.0 288.0 small-vehicle 0
183.0 148.0 197.0 148.0 197.0 164.0 183.0 164.0 small-vehicle 0
174.0 155.0 189.0 155.0 189.0 171.0 174.0 171.0 small-vehicle 0
200.0 427.0 220.0 427.0 220.0 451.0 200.0 451.0 small-vehicle 0
16.0 52.0 36.0 52.0 36.0 73.0 16.0 73.0 small-vehicle 0
187.0 410.0 206.0 410.0 206.0 432.0 187.0 432.0 small-vehicle 0
115.0 400.0 133.0 400.0 133.0 420.0 115.0 420.0 small-vehicle 0
213.0 397.0 232.0 397.0 232.0 421.0 213.0 421.0 small-vehicle 0
271.0 518.0 289.0 518.0 289.0 539.0 271.0 539.0 small-vehicle 0
289.0 542.0 307.0 542.0 307.0 561.0 289.0 561.0 small-vehicle 0
31.0 39.0 47.0 39.0 47.0 56.0 31.0 56.0 small-vehicle 0
428.0 516.0 447.0 516.0 447.0 534.0 428.0 534.0 small-vehicle 0
433.0 531.0 451.0 531.0 451.0 550.0 433.0 550.0 small-vehicle 0
164.0 162.0 178.0 162.0 178.0 177.0 164.0 177.0 small-vehicle 1
60.0 381.0 81.0 381.0 81.0 399.0 60.0 399.0 large-vehicle 0
70.0 61.0 88.0 61.0 88.0 78.0 70.0 78.0 small-vehicle 0
117.0 278.0 144.0 278.0 144.0 310.0 117.0 310.0 large-vehicle 0
