553.0 400.0 565.0 400.0 565.0 421.0 553.0 421.0 small-vehicle 0
348.0 242.0 379.0 242.0 379.0 252.0 348.0 252.0 large-vehicle 0
492.0 305.0 502.0 305.0 502.0 338.0 492.0 338.0 large-vehicle 0
562.0 297.0 573.0 297.0 573.0 343.0 562.0 343.0 large-vehicle 0
576.0 297.0 587.0 297.0 587.0 344.0 576.0 344.0 large-vehicle 0
602.0 312.0 613.0 312.0 613.0 347.0 602.0 347.0 large-vehicle 0
644.0 297.0 657.0 297.0 657.0 345.0 644.0 345.0 large-vehicle 0
337.0 280.0 382.0 280.0 382.0 293.0 337.0 293.0 large-vehicle 0
338.0 266.0 381.0 266.0 381.0 279.0 338.0 279.0 large-vehicle 0
337.0 252.0 380.0 252.0 380.0 267.0 337.0 267.0 large-vehicle 0
349.0 227.0 382.0 227.0 382.0 240.0 349.0 240.0 large-vehicle 0
208.0 384.0 234.0 384.0 234.0 393.0 208.0 393.0 large-vehicle 0
339.0 201.0 382.0 201.0 382.0 213.0 339.0 213.0 large-vehicle 0
340.0 187.0 383.0 187.0 383.0 199.0 340.0 199.0 large-vehicle 0
338.0 173.0 381.0 173.0 381.0 186.0 338.0 186.0 large-vehicle 0
351.0 161.0 384.0 161.0 384.0 173.0 351.0 173.0 large-vehicle 0
281.0 179.0 320.0 179.0 320.0 190.0 281.0 190.0 large-vehicle 0
284.0 164.0 327.0 164.0 327.0 177.0 284.0 177.0 large-vehicle 0
287.0 147.0 322.0 147.0 322.0 160.0 287.0 160.0 large-vehicle 0
163.0 405.0 198.0 405.0 198.0 418.0 163.0 418.0 large-vehicle 0
479.0 302.0 491.0 302.0 491.0 336.0 479.0 336.0 large-vehicle 0
441.0 302.0 452.0 302.0 452.0 336.0 441.0 336.0 large-vehicle 0
630.0 129.0 642.0 129.0 642.0 169.0 630.0 169.0 large-vehicle 0
617.0 127.0 630.0 127.0 630.0 167.0 617.0 167.0 large-vehicle 0
527.0 220.0 539.0 220.0 539.0 267.0 527.0 267.0 large-vehicle 0
540.0 220.0 552.0 220.0 552.0 267.0 540.0 267.0 large-vehicle 0
553.0 223.0 564.0 223.0 564.0 263.0 553.0 263.0 large-vehicle 0
566.0 223.0 577.0 223.0 577.0 265.0 566.0 265.0 large-vehicle 0
578.0 226.0 591.0 226.0 591.0 268.0 578.0 268.0 large-vehicle 0
591.0 222.0 605.0 222.0 605.0 267.0 591.0 267.0 large-vehicle 0
603.0 229.0 616.0 229.0 616.0 272.0 603.0 272.0 large-vehicle 0
616.0 226.0 631.0 226.0 631.0 271.0 616.0 271.0 large-vehicle 0
632.0 227.0 643.0 227.0 643.0 269.0 632.0 269.0 large-vehicle 0
446.0 112.0 458.0 112.0 458.0 160.0 446.0 160.0 large-vehicle 0
459.0 120.0 472.0 120.0 472.0 161.0 459.0 161.0 large-vehicle 0
473.0 121.0 483.0 121.0 483.0 163.0 473.0 163.0 large-vehicle 0
486.0 119.0 498.0 119.0 498.0 164.0 486.0 164.0 large-vehicle 0
512.0 120.0 525.0 120.0 525.0 165.0 512.0 165.0 large-vehicle 0
566.0 121.0 577.0 121.0 577.0 164.0 566.0 164.0 large-vehicle 0
579.0 134.0 589.0 134.0 589.0 167.0 579.0 167.0 large-vehicle 0
592.0 120.0 604.0 120.0 604.0 161.0 592.0 161.0 large-vehicle 0
205.0 401.0 231.0 401.0 231.0 411.0 205.0 411.0 large-vehicle 0
212.0 369.0 235.0 369.0 235.0 380.0 212.0 380.0 large-vehicle 0
466.0 390.0 478.0 390.0 478.0 416.0 466.0 416.0 small-vehicle 0
627.0 296.0 640.0 296.0 640.0 344.0 627.0 344.0 large-vehicle 0
288.0 255.0 328.0 255.0 328.0 267.0 288.0 267.0 large-vehicle 0
289.0 239.0 329.0 239.0 329.0 251.0 289.0 251.0 large-vehicle 0
345.0 322.0 383.0 322.0 383.0 332.0 345.0 332.0 large-vehicle 0
346.0 337.0 383.0 337.0 383.0 348.0 346.0 348.0 large-vehicle 0
182.0 335.0 229.0 335.0 229.0 346.0 182.0 346.0 large-vehicle 0
283.0 194.0 322.0 194.0 322.0 204.0 283.0 204.0 large-vehicle 0
588.0 299.0 600.0 299.0 600.0 345.0 588.0 345.0 large-vehicle 0
453.0 302.0 465.0 302.0 465.0 337.0 453.0 337.0 large-vehicle 0
216.0 128.0 237.0 128.0 237.0 141.0 216.0 141.0 small-vehicle 0
177.0 355.0 222.0 355.0 222.0 366.0 177.0 366.0 large-vehicle 1
291.0 104.0 310.0 104.0 310.0 116.0 291.0 116.0 small-vehicle 0
162.0 314.0 175.0 314.0 175.0 334.0 162.0 334.0 small-vehicle 0
178.0 364.0 202.0 364.0 202.0 376.0 178.0 376.0 small-vehicle 0
178.0 375.0 203.0 375.0 203.0 385.0 178.0 385.0 small-vehicle 0
283.0 399.0 295.0 399.0 295.0 420.0 283.0 420.0 small-vehicle 0
378.0 385.0 388.0 385.0 388.0 407.0 378.0 407.0 small-vehicle 0
408.0 385.0 416.0 385.0 416.0 406.0 408.0 406.0 small-vehicle 0
419.0 386.0 429.0 386.0 429.0 409.0 419.0 409.0 small-vehicle 0
286.0 268.0 327.0 268.0 327.0 280.0 286.0 280.0 large-vehicle 0
288.0 295.0 327.0 295.0 327.0 306.0 288.0 306.0 large-vehicle 0
287.0 316.0 326.0 316.0 326.0 331.0 287.0 331.0 large-vehicle 0
643.0 128.0 654.0 128.0 654.0 169.0 643.0 169.0 large-vehicle 0
188.0 321.0 227.0 321.0 227.0 332.0 188.0 332.0 large-vehicle 0
195.0 300.0 232.0 300.0 232.0 310.0 195.0 310.0 large-vehicle 0
188.0 270.0 228.0 270.0 228.0 284.0 188.0 284.0 large-vehicle 0
193.0 215.0 232.0 215.0 232.0 226.0 193.0 226.0 large-vehicle 0
193.0 199.0 231.0 199.0 231.0 209.0 193.0 209.0 large-vehicle 0
191.0 186.0 229.0 186.0 229.0 197.0 191.0 197.0 large-vehicle 0
197.0 172.0 234.0 172.0 234.0 184.0 197.0 184.0 large-vehicle 0
197.0 159.0 236.0 159.0 236.0 172.0 197.0 172.0 large-vehicle 0
131.0 215.0 162.0 215.0 162.0 228.0 131.0 228.0 large-vehicle 0
127.0 173.0 164.0 173.0 164.0 186.0 127.0 186.0 large-vehicle 0
126.0 159.0 164.0 159.0 164.0 171.0 126.0 171.0 large-vehicle 0
538.0 127.0 549.0 127.0 549.0 164.0 538.0 164.0 large-vehicle 0
551.0 129.0 563.0 129.0 563.0 165.0 551.0 165.0 large-vehicle 0
606.0 134.0 615.0 134.0 615.0 167.0 606.0 167.0 large-vehicle 0
616.0 312.0 625.0 312.0 625.0 347.0 616.0 347.0 large-vehicle 0
484.0 218.0 495.0 218.0 495.0 263.0 484.0 263.0 large-vehicle 0
127.0 231.0 166.0 231.0 166.0 242.0 127.0 242.0 large-vehicle 0
456.0 217.0 467.0 217.0 467.0 265.0 456.0 265.0 large-vehicle 0
