1268.0 571.0 1308.0 571.0 1308.0 601.0 1268.0 601.0 small-vehicle 0
302.0 527.0 348.0 527.0 348.0 561.0 302.0 561.0 small-vehicle 0
283.0 466.0 329.0 466.0 329.0 501.0 283.0 501.0 small-vehicle 0
325.0 489.0 368.0 489.0 368.0 523.0 325.0 523.0 small-vehicle 0
478.0 521.0 517.0 521.0 517.0 551.0 478.0 551.0 small-vehicle 0
312.0 508.0 356.0 508.0 356.0 540.0 312.0 540.0 small-vehicle 0
431.0 522.0 467.0 522.0 467.0 551.0 431.0 551.0 small-vehicle 0
473.0 542.0 514.0 542.0 514.0 577.0 473.0 577.0 small-vehicle 0
422.0 543.0 464.0 543.0 464.0 574.0 422.0 574.0 small-vehicle 0
336.0 467.0 376.0 467.0 376.0 498.0 336.0 498.0 small-vehicle 0
465.0 565.0 502.0 565.0 502.0 595.0 465.0 595.0 small-vehicle 0
294.0 549.0 335.0 549.0 335.0 581.0 294.0 581.0 small-vehicle 0
416.0 563.0 454.0 563.0 454.0 595.0 416.0 595.0 small-vehicle 0
451.0 583.0 491.0 583.0 491.0 616.0 451.0 616.0 small-vehicle 0
399.0 577.0 441.0 577.0 441.0 611.0 399.0 611.0 small-vehicle 0
436.0 602.0 478.0 602.0 478.0 635.0 436.0 635.0 small-vehicle 0
297.0 446.0 339.0 446.0 339.0 478.0 297.0 478.0 small-vehicle 0
488.0 500.0 532.0 500.0 532.0 534.0 488.0 534.0 small-vehicle 0
581.0 551.0 627.0 551.0 627.0 587.0 581.0 587.0 small-vehicle 0
486.0 421.0 527.0 421.0 527.0 452.0 486.0 452.0 small-vehicle 0
351.0 349.0 395.0 349.0 395.0 384.0 351.0 384.0 small-vehicle 0
392.0 370.0 438.0 370.0 438.0 408.0 392.0 408.0 small-vehicle 0
512.0 381.0 551.0 381.0 551.0 411.0 512.0 411.0 small-vehicle 0
501.0 401.0 541.0 401.0 541.0 433.0 501.0 433.0 small-vehicle 0
381.0 389.0 431.0 389.0 431.0 428.0 381.0 428.0 small-vehicle 0
331.0 387.0 372.0 387.0 372.0 421.0 331.0 421.0 small-vehicle 0
319.0 405.0 359.0 405.0 359.0 435.0 319.0 435.0 small-vehicle 0
455.0 480.0 492.0 480.0 492.0 511.0 455.0 511.0 small-vehicle 0
355.0 426.0 398.0 426.0 398.0 457.0 355.0 457.0 small-vehicle 0
308.0 423.0 348.0 423.0 348.0 452.0 308.0 452.0 small-vehicle 0
351.0 452.0 393.0 452.0 393.0 483.0 351.0 483.0 small-vehicle 0
512.0 462.0 561.0 462.0 561.0 501.0 512.0 501.0 small-vehicle 0
462.0 457.0 503.0 457.0 503.0 494.0 462.0 494.0 small-vehicle 0
499.0 478.0 542.0 478.0 542.0 512.0 499.0 512.0 small-vehicle 0
384.0 597.0 424.0 597.0 424.0 627.0 384.0 627.0 small-vehicle 0
306.0 627.0 350.0 627.0 350.0 646.0 306.0 646.0 small-vehicle 0
424.0 621.0 467.0 621.0 467.0 655.0 424.0 655.0 small-vehicle 0
541.0 425.0 581.0 425.0 581.0 458.0 541.0 458.0 small-vehicle 0
746.0 335.0 799.0 335.0 799.0 376.0 746.0 376.0 small-vehicle 0
552.0 305.0 591.0 305.0 591.0 338.0 552.0 338.0 small-vehicle 0
532.0 321.0 579.0 321.0 579.0 355.0 532.0 355.0 small-vehicle 0
568.0 361.0 608.0 361.0 608.0 393.0 568.0 393.0 small-vehicle 0
556.0 378.0 599.0 378.0 599.0 415.0 556.0 415.0 small-vehicle 0
658.0 416.0 698.0 416.0 698.0 445.0 658.0 445.0 small-vehicle 0
636.0 448.0 679.0 448.0 679.0 485.0 636.0 485.0 small-vehicle 0
368.0 612.0 412.0 612.0 412.0 647.0 368.0 647.0 small-vehicle 0
677.0 475.0 718.0 475.0 718.0 508.0 677.0 508.0 small-vehicle 0
625.0 471.0 668.0 471.0 668.0 508.0 625.0 508.0 small-vehicle 0
669.0 494.0 712.0 494.0 712.0 532.0 669.0 532.0 small-vehicle 0
746.0 567.0 787.0 567.0 787.0 599.0 746.0 599.0 small-vehicle 0
655.0 517.0 697.0 517.0 697.0 549.0 655.0 549.0 small-vehicle 0
643.0 536.0 686.0 536.0 686.0 571.0 643.0 571.0 small-vehicle 0
560.0 286.0 602.0 286.0 602.0 320.0 560.0 320.0 small-vehicle 0
721.0 295.0 763.0 295.0 763.0 329.0 721.0 329.0 small-vehicle 0
573.0 264.0 615.0 264.0 615.0 299.0 573.0 299.0 small-vehicle 0
621.0 267.0 660.0 267.0 660.0 299.0 621.0 299.0 small-vehicle 0
590.0 219.0 635.0 219.0 635.0 257.0 590.0 257.0 small-vehicle 0
470.0 1034.0 531.0 1034.0 531.0 1125.0 470.0 1125.0 large-vehicle 0
528.0 756.0 568.0 756.0 568.0 785.0 528.0 785.0 small-vehicle 0
487.0 733.0 526.0 733.0 526.0 764.0 487.0 764.0 small-vehicle 0
496.0 711.0 538.0 711.0 538.0 745.0 496.0 745.0 small-vehicle 0
398.0 685.0 442.0 685.0 442.0 720.0 398.0 720.0 small-vehicle 0
346.0 666.0 390.0 666.0 390.0 702.0 346.0 702.0 small-vehicle 0
363.0 637.0 407.0 637.0 407.0 672.0 363.0 672.0 small-vehicle 0
409.0 662.0 448.0 662.0 448.0 693.0 409.0 693.0 small-vehicle 0
508.0 691.0 548.0 691.0 548.0 725.0 508.0 725.0 small-vehicle 0
514.0 671.0 558.0 671.0 558.0 705.0 514.0 705.0 small-vehicle 0
527.0 652.0 568.0 652.0 568.0 684.0 527.0 684.0 small-vehicle 0
411.0 637.0 451.0 637.0 451.0 669.0 411.0 669.0 small-vehicle 0
363.0 325.0 413.0 325.0 413.0 364.0 363.0 364.0 small-vehicle 0
519.0 356.0 560.0 356.0 560.0 391.0 519.0 391.0 small-vehicle 0
526.0 340.0 563.0 340.0 563.0 369.0 526.0 369.0 small-vehicle 0
163.0 476.0 206.0 476.0 206.0 509.0 163.0 509.0 small-vehicle 0
56.0 374.0 102.0 374.0 102.0 432.0 56.0 432.0 large-vehicle 0
195.0 415.0 234.0 415.0 234.0 444.0 195.0 444.0 small-vehicle 0
140.0 411.0 184.0 411.0 184.0 446.0 140.0 446.0 small-vehicle 0
183.0 434.0 224.0 434.0 224.0 467.0 183.0 467.0 small-vehicle 0
132.0 431.0 175.0 431.0 175.0 466.0 132.0 466.0 small-vehicle 0
174.0 453.0 218.0 453.0 218.0 488.0 174.0 488.0 small-vehicle 0
147.0 491.0 187.0 491.0 187.0 527.0 147.0 527.0 small-vehicle 0
277.0 572.0 316.0 572.0 316.0 605.0 277.0 605.0 small-vehicle 0
138.0 518.0 179.0 518.0 179.0 550.0 138.0 550.0 small-vehicle 0
266.0 508.0 307.0 508.0 307.0 542.0 266.0 542.0 small-vehicle 0
275.0 484.0 315.0 484.0 315.0 517.0 275.0 517.0 small-vehicle 0
253.0 528.0 295.0 528.0 295.0 562.0 253.0 562.0 small-vehicle 0
239.0 548.0 282.0 548.0 282.0 583.0 239.0 583.0 small-vehicle 0
227.0 567.0 266.0 567.0 266.0 599.0 227.0 599.0 small-vehicle 0
154.0 391.0 197.0 391.0 197.0 423.0 154.0 423.0 small-vehicle 0
207.0 396.0 244.0 396.0 244.0 425.0 207.0 425.0 small-vehicle 0
166.0 372.0 207.0 372.0 207.0 404.0 166.0 404.0 small-vehicle 0
216.0 375.0 256.0 375.0 256.0 408.0 216.0 408.0 small-vehicle 0
176.0 353.0 218.0 353.0 218.0 387.0 176.0 387.0 small-vehicle 0
225.0 354.0 266.0 354.0 266.0 387.0 225.0 387.0 small-vehicle 0
186.0 332.0 225.0 332.0 225.0 366.0 186.0 366.0 small-vehicle 0
233.0 335.0 276.0 335.0 276.0 368.0 233.0 368.0 small-vehicle 0
197.0 313.0 238.0 313.0 238.0 343.0 197.0 343.0 small-vehicle 0
250.0 317.0 289.0 317.0 289.0 349.0 250.0 349.0 small-vehicle 0
260.0 296.0 309.0 296.0 309.0 335.0 260.0 335.0 small-vehicle 0
272.0 278.0 308.0 278.0 308.0 308.0 272.0 308.0 small-vehicle 0
212.0 296.0 253.0 296.0 253.0 329.0 212.0 329.0 small-vehicle 0
222.0 274.0 264.0 274.0 264.0 308.0 222.0 308.0 small-vehicle 0
233.0 256.0 275.0 256.0 275.0 288.0 233.0 288.0 small-vehicle 0
239.0 234.0 283.0 234.0 283.0 267.0 239.0 267.0 small-vehicle 0
254.0 212.0 294.0 212.0 294.0 243.0 254.0 243.0 small-vehicle 0
80.0 631.0 121.0 631.0 121.0 662.0 80.0 662.0 small-vehicle 0
282.0 157.0 325.0 157.0 325.0 185.0 282.0 185.0 small-vehicle 0
419.0 333.0 457.0 333.0 457.0 364.0 419.0 364.0 small-vehicle 0
409.0 250.0 454.0 250.0 454.0 284.0 409.0 284.0 small-vehicle 0
277.0 177.0 317.0 177.0 317.0 207.0 277.0 207.0 small-vehicle 0
432.0 213.0 474.0 213.0 474.0 243.0 432.0 243.0 small-vehicle 0
474.0 233.0 512.0 233.0 512.0 265.0 474.0 265.0 small-vehicle 0
307.0 218.0 349.0 218.0 349.0 250.0 307.0 250.0 small-vehicle 0
292.0 237.0 335.0 237.0 335.0 270.0 292.0 270.0 small-vehicle 0
421.0 229.0 461.0 229.0 461.0 261.0 421.0 261.0 small-vehicle 0
448.0 272.0 490.0 272.0 490.0 307.0 448.0 307.0 small-vehicle 0
293.0 138.0 337.0 138.0 337.0 168.0 293.0 168.0 small-vehicle 0
338.0 265.0 362.0 265.0 362.0 306.0 338.0 306.0 small-vehicle 0
399.0 272.0 437.0 272.0 437.0 302.0 399.0 302.0 small-vehicle 0
437.0 292.0 482.0 292.0 482.0 327.0 437.0 327.0 small-vehicle 0
390.0 292.0 430.0 292.0 430.0 321.0 390.0 321.0 small-vehicle 0
425.0 311.0 467.0 311.0 467.0 346.0 425.0 346.0 small-vehicle 0
375.0 308.0 418.0 308.0 418.0 341.0 375.0 341.0 small-vehicle 0
318.0 197.0 358.0 197.0 358.0 229.0 318.0 229.0 small-vehicle 0
326.0 176.0 370.0 176.0 370.0 207.0 326.0 207.0 small-vehicle 0
477.0 211.0 517.0 211.0 517.0 242.0 477.0 242.0 small-vehicle 0
435.0 187.0 477.0 187.0 477.0 219.0 435.0 219.0 small-vehicle 0
438.0 164.0 479.0 164.0 479.0 198.0 438.0 198.0 small-vehicle 0
336.0 156.0 377.0 156.0 377.0 188.0 336.0 188.0 small-vehicle 0
349.0 138.0 392.0 138.0 392.0 172.0 349.0 172.0 small-vehicle 0
501.0 172.0 544.0 172.0 544.0 206.0 501.0 206.0 small-vehicle 0
460.0 150.0 501.0 150.0 501.0 185.0 460.0 185.0 small-vehicle 0
522.0 133.0 564.0 133.0 564.0 166.0 522.0 166.0 small-vehicle 0
483.0 111.0 524.0 111.0 524.0 145.0 483.0 145.0 small-vehicle 0
390.0 61.0 430.0 61.0 430.0 94.0 390.0 94.0 small-vehicle 0
379.0 79.0 418.0 79.0 418.0 110.0 379.0 110.0 small-vehicle 0
367.0 100.0 411.0 100.0 411.0 133.0 367.0 133.0 small-vehicle 0
331.0 76.0 372.0 76.0 372.0 106.0 331.0 106.0 small-vehicle 0
317.0 96.0 362.0 96.0 362.0 130.0 317.0 130.0 small-vehicle 0
307.0 117.0 350.0 117.0 350.0 152.0 307.0 152.0 small-vehicle 0
637.0 557.0 675.0 557.0 675.0 587.0 637.0 587.0 small-vehicle 0
625.0 577.0 663.0 577.0 663.0 605.0 625.0 605.0 small-vehicle 0
1386.0 601.0 1484.0 601.0 1484.0 669.0 1386.0 669.0 large-vehicle 0
1158.0 1056.0 1199.0 1056.0 1199.0 1088.0 1158.0 1088.0 small-vehicle 0
1084.0 985.0 1132.0 985.0 1132.0 1023.0 1084.0 1023.0 small-vehicle 0
1034.0 985.0 1075.0 985.0 1075.0 1016.0 1034.0 1016.0 small-vehicle 0
1027.0 1007.0 1069.0 1007.0 1069.0 1041.0 1027.0 1041.0 small-vehicle 0
1017.0 1030.0 1057.0 1030.0 1057.0 1061.0 1017.0 1061.0 small-vehicle 0
1064.0 1033.0 1107.0 1033.0 1107.0 1066.0 1064.0 1066.0 small-vehicle 0
1150.0 1082.0 1187.0 1082.0 1187.0 1111.0 1150.0 1111.0 small-vehicle 0
1320.0 1093.0 1357.0 1093.0 1357.0 1125.0 1320.0 1125.0 small-vehicle 0
1094.0 967.0 1135.0 967.0 1135.0 999.0 1094.0 999.0 small-vehicle 0
1171.0 1042.0 1209.0 1042.0 1209.0 1070.0 1171.0 1070.0 small-vehicle 0
1326.0 1074.0 1366.0 1074.0 1366.0 1108.0 1326.0 1108.0 small-vehicle 0
1342.0 1054.0 1381.0 1054.0 1381.0 1089.0 1342.0 1089.0 small-vehicle 0
1348.0 1037.0 1386.0 1037.0 1386.0 1064.0 1348.0 1064.0 small-vehicle 0
1234.0 1023.0 1274.0 1023.0 1274.0 1056.0 1234.0 1056.0 small-vehicle 0
1179.0 1014.0 1222.0 1014.0 1222.0 1051.0 1179.0 1051.0 small-vehicle 0
1042.0 963.0 1087.0 963.0 1087.0 998.0 1042.0 998.0 small-vehicle 0
1057.0 947.0 1097.0 947.0 1097.0 978.0 1057.0 978.0 small-vehicle 0
581.0 578.0 617.0 578.0 617.0 606.0 581.0 606.0 small-vehicle 0
1103.0 868.0 1142.0 868.0 1142.0 900.0 1103.0 900.0 small-vehicle 0
953.0 811.0 997.0 811.0 997.0 848.0 953.0 848.0 small-vehicle 0
997.0 830.0 1035.0 830.0 1035.0 863.0 997.0 863.0 small-vehicle 0
986.0 852.0 1025.0 852.0 1025.0 884.0 986.0 884.0 small-vehicle 0
977.0 876.0 1016.0 876.0 1016.0 908.0 977.0 908.0 small-vehicle 0
1127.0 828.0 1163.0 828.0 1163.0 858.0 1127.0 858.0 small-vehicle 0
1114.0 845.0 1154.0 845.0 1154.0 878.0 1114.0 878.0 small-vehicle 0
1138.0 887.0 1180.0 887.0 1180.0 922.0 1138.0 922.0 small-vehicle 0
1107.0 946.0 1143.0 946.0 1143.0 976.0 1107.0 976.0 small-vehicle 0
965.0 896.0 1005.0 896.0 1005.0 927.0 965.0 927.0 small-vehicle 0
954.0 916.0 997.0 916.0 997.0 949.0 954.0 949.0 small-vehicle 0
1094.0 885.0 1132.0 885.0 1132.0 917.0 1094.0 917.0 small-vehicle 0
1078.0 907.0 1117.0 907.0 1117.0 939.0 1078.0 939.0 small-vehicle 0
1118.0 927.0 1155.0 927.0 1155.0 958.0 1118.0 958.0 small-vehicle 0
1057.0 918.0 1107.0 918.0 1107.0 958.0 1057.0 958.0 small-vehicle 0
1196.0 1002.0 1236.0 1002.0 1236.0 1034.0 1196.0 1034.0 small-vehicle 0
1244.0 1003.0 1282.0 1003.0 1282.0 1035.0 1244.0 1035.0 small-vehicle 0
1204.0 980.0 1244.0 980.0 1244.0 1012.0 1204.0 1012.0 small-vehicle 0
1304.0 806.0 1345.0 806.0 1345.0 838.0 1304.0 838.0 small-vehicle 0
1407.0 934.0 1448.0 934.0 1448.0 968.0 1407.0 968.0 small-vehicle 0
1416.0 916.0 1457.0 916.0 1457.0 947.0 1416.0 947.0 small-vehicle 0
1315.0 861.0 1365.0 861.0 1365.0 901.0 1315.0 901.0 small-vehicle 0
1293.0 823.0 1333.0 823.0 1333.0 855.0 1293.0 855.0 small-vehicle 0
1332.0 842.0 1377.0 842.0 1377.0 878.0 1332.0 878.0 small-vehicle 0
1197.0 807.0 1239.0 807.0 1239.0 846.0 1197.0 846.0 small-vehicle 0
1351.0 804.0 1393.0 804.0 1393.0 836.0 1351.0 836.0 small-vehicle 0
1252.0 983.0 1293.0 983.0 1293.0 1015.0 1252.0 1015.0 small-vehicle 0
1345.0 825.0 1387.0 825.0 1387.0 857.0 1345.0 857.0 small-vehicle 0
1446.0 956.0 1490.0 956.0 1490.0 989.0 1446.0 989.0 small-vehicle 0
1459.0 939.0 1499.0 939.0 1499.0 968.0 1459.0 968.0 small-vehicle 0
1565.0 880.0 1601.0 880.0 1601.0 922.0 1565.0 922.0 small-vehicle 0
1436.0 677.0 1476.0 677.0 1476.0 706.0 1436.0 706.0 small-vehicle 0
1489.0 881.0 1533.0 881.0 1533.0 914.0 1489.0 914.0 small-vehicle 0
1430.0 976.0 1472.0 976.0 1472.0 1010.0 1430.0 1010.0 small-vehicle 0
1388.0 951.0 1428.0 951.0 1428.0 983.0 1388.0 983.0 small-vehicle 0
1163.0 848.0 1208.0 848.0 1208.0 880.0 1163.0 880.0 small-vehicle 0
1300.0 878.0 1349.0 878.0 1349.0 917.0 1300.0 917.0 small-vehicle 0
1299.0 905.0 1339.0 905.0 1339.0 938.0 1299.0 938.0 small-vehicle 0
1262.0 883.0 1303.0 883.0 1303.0 915.0 1262.0 915.0 small-vehicle 0
1235.0 912.0 1277.0 912.0 1277.0 949.0 1235.0 949.0 small-vehicle 0
1291.0 926.0 1331.0 926.0 1331.0 957.0 1291.0 957.0 small-vehicle 0
1279.0 942.0 1314.0 942.0 1314.0 969.0 1279.0 969.0 small-vehicle 0
1263.0 954.0 1310.0 954.0 1310.0 994.0 1263.0 994.0 small-vehicle 0
1221.0 941.0 1264.0 941.0 1264.0 970.0 1221.0 970.0 small-vehicle 0
1213.0 959.0 1257.0 959.0 1257.0 989.0 1213.0 989.0 small-vehicle 0
1379.0 973.0 1422.0 973.0 1422.0 1005.0 1379.0 1005.0 small-vehicle 0
1368.0 992.0 1412.0 992.0 1412.0 1026.0 1368.0 1026.0 small-vehicle 0
1411.0 1016.0 1449.0 1016.0 1449.0 1047.0 1411.0 1047.0 small-vehicle 0
1401.0 1039.0 1436.0 1039.0 1436.0 1068.0 1401.0 1068.0 small-vehicle 0
1362.0 1017.0 1402.0 1017.0 1402.0 1049.0 1362.0 1049.0 small-vehicle 0
969.0 793.0 1011.0 793.0 1011.0 824.0 969.0 824.0 small-vehicle 0
983.0 774.0 1021.0 774.0 1021.0 804.0 983.0 804.0 small-vehicle 0
1144.0 782.0 1186.0 782.0 1186.0 817.0 1144.0 817.0 small-vehicle 0
709.0 727.0 756.0 727.0 756.0 764.0 709.0 764.0 small-vehicle 0
743.0 668.0 782.0 668.0 782.0 697.0 743.0 697.0 small-vehicle 0
683.0 687.0 723.0 687.0 723.0 719.0 683.0 719.0 small-vehicle 0
734.0 691.0 776.0 691.0 776.0 722.0 734.0 722.0 small-vehicle 0
722.0 708.0 762.0 708.0 762.0 740.0 722.0 740.0 small-vehicle 0
554.0 693.0 598.0 693.0 598.0 726.0 554.0 726.0 small-vehicle 0
668.0 706.0 714.0 706.0 714.0 740.0 668.0 740.0 small-vehicle 0
661.0 727.0 699.0 727.0 699.0 759.0 661.0 759.0 small-vehicle 0
665.0 808.0 706.0 808.0 706.0 843.0 665.0 843.0 small-vehicle 0
545.0 712.0 585.0 712.0 585.0 744.0 545.0 744.0 small-vehicle 0
645.0 746.0 690.0 746.0 690.0 780.0 645.0 780.0 small-vehicle 0
687.0 768.0 727.0 768.0 727.0 801.0 687.0 801.0 small-vehicle 0
534.0 735.0 579.0 735.0 579.0 768.0 534.0 768.0 small-vehicle 0
641.0 768.0 677.0 768.0 677.0 799.0 641.0 799.0 small-vehicle 0
678.0 788.0 714.0 788.0 714.0 816.0 678.0 816.0 small-vehicle 0
696.0 667.0 735.0 667.0 735.0 699.0 696.0 699.0 small-vehicle 0
571.0 676.0 610.0 676.0 610.0 706.0 571.0 706.0 small-vehicle 0
543.0 634.0 585.0 634.0 585.0 668.0 543.0 668.0 small-vehicle 0
580.0 656.0 621.0 656.0 621.0 688.0 580.0 688.0 small-vehicle 0
705.0 650.0 745.0 650.0 745.0 681.0 705.0 681.0 small-vehicle 0
596.0 638.0 638.0 638.0 638.0 672.0 596.0 672.0 small-vehicle 0
752.0 647.0 794.0 647.0 794.0 681.0 752.0 681.0 small-vehicle 0
713.0 628.0 754.0 628.0 754.0 660.0 713.0 660.0 small-vehicle 0
769.0 633.0 807.0 633.0 807.0 662.0 769.0 662.0 small-vehicle 0
790.0 591.0 833.0 591.0 833.0 623.0 790.0 623.0 small-vehicle 0
807.0 551.0 850.0 551.0 850.0 583.0 807.0 583.0 small-vehicle 0
780.0 612.0 817.0 612.0 817.0 643.0 780.0 643.0 small-vehicle 0
719.0 604.0 758.0 604.0 758.0 635.0 719.0 635.0 small-vehicle 0
555.0 615.0 593.0 615.0 593.0 645.0 555.0 645.0 small-vehicle 0
603.0 618.0 647.0 618.0 647.0 651.0 603.0 651.0 small-vehicle 0
615.0 596.0 653.0 596.0 653.0 626.0 615.0 626.0 small-vehicle 0
563.0 593.0 605.0 593.0 605.0 627.0 563.0 627.0 small-vehicle 0
630.0 788.0 669.0 788.0 669.0 815.0 630.0 815.0 small-vehicle 0
619.0 806.0 657.0 806.0 657.0 839.0 619.0 839.0 small-vehicle 0
1031.0 772.0 1072.0 772.0 1072.0 808.0 1031.0 808.0 small-vehicle 0
863.0 451.0 903.0 451.0 903.0 482.0 863.0 482.0 small-vehicle 0
878.0 741.0 920.0 741.0 920.0 776.0 878.0 776.0 small-vehicle 0
836.0 718.0 878.0 718.0 878.0 752.0 836.0 752.0 small-vehicle 0
889.0 724.0 928.0 724.0 928.0 757.0 889.0 757.0 small-vehicle 0
911.0 682.0 955.0 682.0 955.0 715.0 911.0 715.0 small-vehicle 0
883.0 640.0 924.0 640.0 924.0 673.0 883.0 673.0 small-vehicle 0
886.0 619.0 930.0 619.0 930.0 652.0 886.0 652.0 small-vehicle 0
904.0 372.0 948.0 372.0 948.0 407.0 904.0 407.0 small-vehicle 0
654.0 828.0 693.0 828.0 693.0 859.0 654.0 859.0 small-vehicle 0
1001.0 429.0 1042.0 429.0 1042.0 459.0 1001.0 459.0 small-vehicle 0
1061.0 415.0 1116.0 415.0 1116.0 459.0 1061.0 459.0 large-vehicle 0
1077.0 693.0 1117.0 693.0 1117.0 725.0 1077.0 725.0 small-vehicle 0
1066.0 716.0 1106.0 716.0 1106.0 748.0 1066.0 748.0 small-vehicle 0
997.0 730.0 1042.0 730.0 1042.0 763.0 997.0 763.0 small-vehicle 0
990.0 755.0 1032.0 755.0 1032.0 787.0 990.0 787.0 small-vehicle 0
943.0 832.0 984.0 832.0 984.0 863.0 943.0 863.0 small-vehicle 0
858.0 784.0 900.0 784.0 900.0 816.0 858.0 816.0 small-vehicle 0
851.0 803.0 892.0 803.0 892.0 835.0 851.0 835.0 small-vehicle 0
799.0 798.0 840.0 798.0 840.0 832.0 799.0 832.0 small-vehicle 0
930.0 851.0 975.0 851.0 975.0 885.0 930.0 885.0 small-vehicle 0
923.0 869.0 959.0 869.0 959.0 898.0 923.0 898.0 small-vehicle 0
915.0 894.0 957.0 894.0 957.0 926.0 915.0 926.0 small-vehicle 0
941.0 933.0 980.0 933.0 980.0 965.0 941.0 965.0 small-vehicle 0
905.0 910.0 943.0 910.0 943.0 943.0 905.0 943.0 small-vehicle 0
890.0 929.0 930.0 929.0 930.0 962.0 890.0 962.0 small-vehicle 0
879.0 951.0 920.0 951.0 920.0 984.0 879.0 984.0 small-vehicle 0
912.0 984.0 956.0 984.0 956.0 1017.0 912.0 1017.0 small-vehicle 0
815.0 839.0 857.0 839.0 857.0 871.0 815.0 871.0 small-vehicle 0
810.0 862.0 851.0 862.0 851.0 896.0 810.0 896.0 small-vehicle 0
755.0 857.0 794.0 857.0 794.0 888.0 755.0 888.0 small-vehicle 0
749.0 877.0 790.0 877.0 790.0 910.0 749.0 910.0 small-vehicle 0
788.0 899.0 833.0 899.0 833.0 932.0 788.0 932.0 small-vehicle 0
267.0 195.0 306.0 195.0 306.0 226.0 267.0 226.0 small-vehicle 0
