1133.0 634.0 1185.0 634.0 1185.0 738.0 1133.0 738.0 tennis-court 0
1078.0 633.0 1129.0 633.0 1129.0 737.0 1078.0 737.0 tennis-court 0
1019.0 632.0 1072.0 632.0 1072.0 735.0 1019.0 735.0 tennis-court 0
1082.0 484.0 1133.0 484.0 1133.0 586.0 1082.0 586.0 tennis-court 0
1027.0 483.0 1079.0 483.0 1079.0 586.0 1027.0 586.0 tennis-court 0
337.0 645.0 426.0 645.0 426.0 736.0 337.0 736.0 basketball-court 1
392.0 557.0 517.0 557.0 517.0 681.0 392.0 681.0 basketball-court 0
292.0 460.0 417.0 460.0 417.0 582.0 292.0 582.0 basketball-court 0
229.0 374.0 357.0 374.0 357.0 499.0 229.0 499.0 basketball-court 0
707.0 398.0 903.0 398.0 903.0 581.0 707.0 581.0 baseball-diamond 0
671.0 64.0 816.0 64.0 816.0 203.0 671.0 203.0 baseball-diamond 0
408.0 268.0 569.0 268.0 569.0 427.0 408.0 427.0 baseball-diamond 0
