392.0 798.0 477.0 798.0 477.0 861.0 392.0 861.0 basketball-court 0
393.0 737.0 480.0 737.0 480.0 797.0 393.0 797.0 basketball-court 0
241.0 760.0 288.0 760.0 288.0 850.0 241.0 850.0 tennis-court 0
191.0 757.0 238.0 757.0 238.0 848.0 191.0 848.0 tennis-court 0
261.0 469.0 285.0 469.0 285.0 510.0 261.0 510.0 large-vehicle 0
178.0 384.0 234.0 384.0 234.0 477.0 178.0 477.0 tennis-court 0
119.0 376.0 176.0 376.0 176.0 470.0 119.0 470.0 tennis-court 0
216.0 253.0 271.0 253.0 271.0 347.0 216.0 347.0 tennis-court 0
157.0 245.0 212.0 245.0 212.0 339.0 157.0 339.0 tennis-court 0
249.0 123.0 304.0 123.0 304.0 216.0 249.0 216.0 tennis-court 0
192.0 115.0 248.0 115.0 248.0 209.0 192.0 209.0 tennis-court 0
