79.0 387.0 175.0 387.0 175.0 485.0 79.0 485.0 tennis-court 0
120.0 422.0 216.0 422.0 216.0 521.0 120.0 521.0 tennis-court 0
176.0 470.0 270.0 470.0 270.0 570.0 176.0 570.0 tennis-court 0
223.0 508.0 316.0 508.0 316.0 608.0 223.0 608.0 tennis-court 0
268.0 546.0 362.0 546.0 362.0 645.0 268.0 645.0 tennis-court 0
370.0 428.0 463.0 428.0 463.0 528.0 370.0 528.0 tennis-court 0
322.0 390.0 417.0 390.0 417.0 489.0 322.0 489.0 tennis-court 0
277.0 350.0 374.0 350.0 374.0 452.0 277.0 452.0 tennis-court 0
222.0 304.0 318.0 304.0 318.0 405.0 222.0 405.0 tennis-court 0
182.0 267.0 277.0 267.0 277.0 368.0 182.0 368.0 tennis-court 0
137.0 232.0 236.0 232.0 236.0 333.0 137.0 333.0 tennis-court 0
37.0 351.0 134.0 351.0 134.0 451.0 37.0 451.0 tennis-court 0
