281.0 463.0 337.0 463.0 337.0 560.0 281.0 560.0 tennis-court 0
226.0 459.0 281.0 459.0 281.0 556.0 226.0 556.0 tennis-court 0
119.0 448.0 174.0 448.0 174.0 545.0 119.0 545.0 tennis-court 0
64.0 442.0 118.0 442.0 118.0 539.0 64.0 539.0 tennis-court 0
9.0 438.0 64.0 438.0 64.0 534.0 9.0 534.0 tennis-court 0
296.0 326.0 349.0 326.0 349.0 424.0 296.0 424.0 tennis-court 0
239.0 321.0 293.0 321.0 293.0 418.0 239.0 418.0 tennis-court 0
133.0 311.0 188.0 311.0 188.0 407.0 133.0 407.0 tennis-court 0
78.0 305.0 133.0 305.0 133.0 402.0 78.0 402.0 tennis-court 0
22.0 298.0 78.0 298.0 78.0 397.0 22.0 397.0 tennis-court 0
309.0 213.0 379.0 213.0 379.0 306.0 309.0 306.0 basketball-court 0
235.0 207.0 304.0 207.0 304.0 299.0 235.0 299.0 basketball-court 0
