621.0 214.0 675.0 214.0 675.0 260.0 621.0 260.0 large-vehicle 1
249.0 573.0 295.0 573.0 295.0 623.0 249.0 623.0 large-vehicle 0
272.0 553.0 318.0 553.0 318.0 605.0 272.0 605.0 large-vehicle 0
422.0 421.0 474.0 421.0 474.0 476.0 422.0 476.0 large-vehicle 0
376.0 458.0 431.0 458.0 431.0 515.0 376.0 515.0 large-vehicle 0
368.0 468.0 420.0 468.0 420.0 523.0 368.0 523.0 large-vehicle 0
643.0 110.0 692.0 110.0 692.0 167.0 643.0 167.0 large-vehicle 0
632.0 106.0 678.0 106.0 678.0 159.0 632.0 159.0 large-vehicle 0
637.0 206.0 686.0 206.0 686.0 246.0 637.0 246.0 large-vehicle 0
274.0 335.0 328.0 335.0 328.0 393.0 274.0 393.0 large-vehicle 0
381.0 274.0 430.0 274.0 430.0 320.0 381.0 320.0 large-vehicle 0
373.0 264.0 420.0 264.0 420.0 308.0 373.0 308.0 large-vehicle 0
350.0 240.0 399.0 240.0 399.0 286.0 350.0 286.0 large-vehicle 0
339.0 228.0 388.0 228.0 388.0 273.0 339.0 273.0 large-vehicle 0
370.0 127.0 418.0 127.0 418.0 172.0 370.0 172.0 large-vehicle 0
361.0 116.0 408.0 116.0 408.0 161.0 361.0 161.0 large-vehicle 0
264.0 159.0 308.0 159.0 308.0 203.0 264.0 203.0 large-vehicle 0
247.0 160.0 299.0 160.0 299.0 213.0 247.0 213.0 large-vehicle 0
239.0 171.0 286.0 171.0 286.0 220.0 239.0 220.0 large-vehicle 0
213.0 198.0 260.0 198.0 260.0 248.0 213.0 248.0 large-vehicle 0
194.0 214.0 246.0 214.0 246.0 268.0 194.0 268.0 large-vehicle 0
283.0 545.0 331.0 545.0 331.0 597.0 283.0 597.0 large-vehicle 0
260.0 561.0 307.0 561.0 307.0 613.0 260.0 613.0 large-vehicle 0
613.0 225.0 666.0 225.0 666.0 271.0 613.0 271.0 large-vehicle 0
294.0 535.0 341.0 535.0 341.0 588.0 294.0 588.0 large-vehicle 0
602.0 236.0 656.0 236.0 656.0 282.0 602.0 282.0 large-vehicle 0
593.0 247.0 648.0 247.0 648.0 292.0 593.0 292.0 large-vehicle 0
585.0 259.0 639.0 259.0 639.0 303.0 585.0 303.0 large-vehicle 0
555.0 307.0 609.0 307.0 609.0 353.0 555.0 353.0 large-vehicle 0
541.0 320.0 590.0 320.0 590.0 370.0 541.0 370.0 large-vehicle 0
531.0 326.0 583.0 326.0 583.0 385.0 531.0 385.0 large-vehicle 0
484.0 363.0 539.0 363.0 539.0 420.0 484.0 420.0 large-vehicle 0
463.0 382.0 518.0 382.0 518.0 439.0 463.0 439.0 large-vehicle 0
456.0 394.0 505.0 394.0 505.0 446.0 456.0 446.0 large-vehicle 0
480.0 378.0 528.0 378.0 528.0 430.0 480.0 430.0 large-vehicle 0
441.0 399.0 496.0 399.0 496.0 456.0 441.0 456.0 large-vehicle 0
437.0 416.0 484.0 416.0 484.0 468.0 437.0 468.0 large-vehicle 0
413.0 433.0 466.0 433.0 466.0 490.0 413.0 490.0 large-vehicle 0
402.0 440.0 456.0 440.0 456.0 500.0 402.0 500.0 large-vehicle 0
350.0 490.0 398.0 490.0 398.0 542.0 350.0 542.0 large-vehicle 0
340.0 500.0 387.0 500.0 387.0 550.0 340.0 550.0 large-vehicle 0
326.0 506.0 374.0 506.0 374.0 557.0 326.0 557.0 large-vehicle 0
315.0 515.0 362.0 515.0 362.0 566.0 315.0 566.0 large-vehicle 0
305.0 524.0 350.0 524.0 350.0 575.0 305.0 575.0 large-vehicle 0
307.0 50.0 342.0 50.0 342.0 107.0 307.0 107.0 large-vehicle 0
