1202.0 97.0 1278.0 97.0 1278.0 215.0 1202.0 215.0 basketball-court 0
1121.0 102.0 1199.0 102.0 1199.0 220.0 1121.0 220.0 basketball-court 0
1042.0 106.0 1120.0 106.0 1120.0 225.0 1042.0 225.0 basketball-court 0
861.0 98.0 916.0 98.0 916.0 207.0 861.0 207.0 tennis-court 0
781.0 101.0 837.0 101.0 837.0 211.0 781.0 211.0 tennis-court 0
700.0 106.0 759.0 106.0 759.0 215.0 700.0 215.0 tennis-court 0
515.0 115.0 573.0 115.0 573.0 226.0 515.0 226.0 tennis-court 0
437.0 120.0 494.0 120.0 494.0 230.0 437.0 230.0 tennis-court 0
292.0 128.0 350.0 128.0 350.0 237.0 292.0 237.0 tennis-court 0
213.0 133.0 271.0 133.0 271.0 242.0 213.0 242.0 tennis-court 0
131.0 136.0 192.0 136.0 192.0 247.0 131.0 247.0 tennis-court 0
