709.0 791.0 752.0 791.0 752.0 824.0 709.0 824.0 large-vehicle 0
731.0 477.0 847.0 477.0 847.0 578.0 731.0 578.0 basketball-court 0
174.0 591.0 259.0 591.0 259.0 695.0 174.0 695.0 tennis-court 0
221.0 562.0 307.0 562.0 307.0 666.0 221.0 666.0 tennis-court 0
268.0 536.0 355.0 536.0 355.0 639.0 268.0 639.0 tennis-court 0
316.0 506.0 401.0 506.0 401.0 611.0 316.0 611.0 tennis-court 0
365.0 478.0 450.0 478.0 450.0 582.0 365.0 582.0 tennis-court 0
410.0 451.0 497.0 451.0 497.0 554.0 410.0 554.0 tennis-court 0
460.0 422.0 545.0 422.0 545.0 525.0 460.0 525.0 tennis-court 0
506.0 393.0 592.0 393.0 592.0 497.0 506.0 497.0 tennis-court 0
554.0 365.0 638.0 365.0 638.0 468.0 554.0 468.0 tennis-court 0
606.0 337.0 646.0 337.0 646.0 387.0 606.0 387.0 tennis-court 0
636.0 392.0 680.0 392.0 680.0 443.0 636.0 443.0 tennis-court 0
662.0 376.0 706.0 376.0 706.0 428.0 662.0 428.0 tennis-court 0
687.0 363.0 732.0 363.0 732.0 413.0 687.0 413.0 tennis-court 0
716.0 347.0 758.0 347.0 758.0 398.0 716.0 398.0 tennis-court 0
632.0 323.0 672.0 323.0 672.0 372.0 632.0 372.0 tennis-court 0
656.0 308.0 698.0 308.0 698.0 358.0 656.0 358.0 tennis-court 0
682.0 293.0 724.0 293.0 724.0 342.0 682.0 342.0 tennis-court 0
267.0 571.0 584.0 571.0 584.0 834.0 267.0 834.0 soccer-ball-field 0
610.0 473.0 724.0 473.0 724.0 575.0 610.0 575.0 basketball-court 0
699.0 422.0 811.0 422.0 811.0 521.0 699.0 521.0 basketball-court 0
641.0 527.0 760.0 527.0 760.0 632.0 641.0 632.0 basketball-court 0
126.0 620.0 212.0 620.0 212.0 723.0 126.0 723.0 tennis-court 0
