1247.0 803.0 1262.0 803.0 1262.0 814.0 1247.0 814.0 large-vehicle 1
280.0 851.0 295.0 851.0 295.0 856.0 280.0 856.0 large-vehicle 0
446.0 498.0 463.0 498.0 463.0 557.0 446.0 557.0 ship 0
85.0 448.0 98.0 448.0 98.0 455.0 85.0 455.0 ship 1
122.0 356.0 132.0 356.0 132.0 374.0 122.0 374.0 ship 0
41.0 193.0 62.0 193.0 62.0 210.0 41.0 210.0 ship 0
175.0 488.0 187.0 488.0 187.0 506.0 175.0 506.0 ship 0
180.0 348.0 189.0 348.0 189.0 368.0 180.0 368.0 ship 1
170.0 409.0 187.0 409.0 187.0 429.0 170.0 429.0 ship 1
425.0 546.0 434.0 546.0 434.0 564.0 425.0 564.0 ship 0
434.0 539.0 441.0 539.0 441.0 555.0 434.0 555.0 ship 0
648.0 552.0 663.0 552.0 663.0 576.0 648.0 576.0 ship 0
315.0 826.0 326.0 826.0 326.0 832.0 315.0 832.0 large-vehicle 1
282.0 825.0 295.0 825.0 295.0 831.0 282.0 831.0 large-vehicle 1
261.0 807.0 266.0 807.0 266.0 818.0 261.0 818.0 large-vehicle 1
253.0 805.0 259.0 805.0 259.0 817.0 253.0 817.0 large-vehicle 1
306.0 851.0 318.0 851.0 318.0 857.0 306.0 857.0 large-vehicle 1
1126.0 819.0 1138.0 819.0 1138.0 838.0 1126.0 838.0 large-vehicle 0
249.0 855.0 259.0 855.0 259.0 860.0 249.0 860.0 large-vehicle 1
260.0 898.0 265.0 898.0 265.0 908.0 260.0 908.0 small-vehicle 1
362.0 894.0 372.0 894.0 372.0 907.0 362.0 907.0 small-vehicle 1
177.0 176.0 260.0 176.0 260.0 682.0 177.0 682.0 ship 0
992.0 713.0 1025.0 713.0 1025.0 743.0 992.0 743.0 storage-tank 0
1025.0 698.0 1057.0 698.0 1057.0 728.0 1025.0 728.0 storage-tank 0
1054.0 733.0 1073.0 733.0 1073.0 751.0 1054.0 751.0 storage-tank 0
1066.0 759.0 1084.0 759.0 1084.0 775.0 1066.0 775.0 storage-tank 0
1005.0 755.0 1031.0 755.0 1031.0 775.0 1005.0 775.0 storage-tank 0
1043.0 767.0 1068.0 767.0 1068.0 788.0 1043.0 788.0 storage-tank 0
1017.0 780.0 1042.0 780.0 1042.0 800.0 1017.0 800.0 storage-tank 0
240.0 108.0 429.0 108.0 429.0 784.0 240.0 784.0 harbor 0
2.0 750.0 183.0 750.0 183.0 962.0 2.0 962.0 harbor 1
922.0 850.0 951.0 850.0 951.0 876.0 922.0 876.0 storage-tank 0
637.0 439.0 662.0 439.0 662.0 469.0 637.0 469.0 ship 0
