581.0 500.0 599.0 500.0 599.0 523.0 581.0 523.0 small-vehicle 0
873.0 1268.0 923.0 1268.0 923.0 1359.0 873.0 1359.0 tennis-court 0
196.0 761.0 205.0 761.0 205.0 780.0 196.0 780.0 small-vehicle 0
186.0 764.0 196.0 764.0 196.0 781.0 186.0 781.0 small-vehicle 0
177.0 761.0 185.0 761.0 185.0 780.0 177.0 780.0 small-vehicle 0
166.0 759.0 177.0 759.0 177.0 779.0 166.0 779.0 small-vehicle 0
277.0 645.0 288.0 645.0 288.0 670.0 277.0 670.0 small-vehicle 0
213.0 693.0 223.0 693.0 223.0 712.0 213.0 712.0 small-vehicle 0
183.0 710.0 192.0 710.0 192.0 730.0 183.0 730.0 small-vehicle 0
173.0 708.0 183.0 708.0 183.0 728.0 173.0 728.0 small-vehicle 0
153.0 709.0 163.0 709.0 163.0 727.0 153.0 727.0 small-vehicle 0
109.0 702.0 121.0 702.0 121.0 720.0 109.0 720.0 small-vehicle 0
820.0 1264.0 871.0 1264.0 871.0 1356.0 820.0 1356.0 tennis-court 0
568.0 649.0 579.0 649.0 579.0 670.0 568.0 670.0 small-vehicle 0
686.0 470.0 1041.0 470.0 1041.0 1150.0 686.0 1150.0 ground-track-field 0
928.0 1271.0 974.0 1271.0 974.0 1362.0 928.0 1362.0 tennis-court 0
769.0 1258.0 815.0 1258.0 815.0 1347.0 769.0 1347.0 tennis-court 0
713.0 1254.0 761.0 1254.0 761.0 1344.0 713.0 1344.0 tennis-court 0
565.0 1074.0 660.0 1074.0 660.0 1137.0 565.0 1137.0 basketball-court 0
569.0 1004.0 666.0 1004.0 666.0 1069.0 569.0 1069.0 basketball-court 0
573.0 936.0 671.0 936.0 671.0 1000.0 573.0 1000.0 basketball-court 0
761.0 604.0 973.0 604.0 973.0 1016.0 761.0 1016.0 soccer-ball-field 0
555.0 73.0 898.0 73.0 898.0 258.0 555.0 258.0 soccer-ball-field 1
583.0 242.0 720.0 242.0 720.0 376.0 583.0 376.0 baseball-diamond 0
154.0 756.0 166.0 756.0 166.0 777.0 154.0 777.0 small-vehicle 0
122.0 702.0 132.0 702.0 132.0 718.0 122.0 718.0 small-vehicle 0
141.0 703.0 154.0 703.0 154.0 722.0 141.0 722.0 small-vehicle 0
163.0 704.0 173.0 704.0 173.0 724.0 163.0 724.0 small-vehicle 0
562.0 733.0 574.0 733.0 574.0 752.0 562.0 752.0 small-vehicle 0
540.0 736.0 551.0 736.0 551.0 757.0 540.0 757.0 small-vehicle 0
556.0 792.0 566.0 792.0 566.0 809.0 556.0 809.0 small-vehicle 0
546.0 791.0 555.0 791.0 555.0 809.0 546.0 809.0 small-vehicle 0
535.0 789.0 546.0 789.0 546.0 809.0 535.0 809.0 small-vehicle 0
515.0 788.0 527.0 788.0 527.0 806.0 515.0 806.0 small-vehicle 0
495.0 785.0 506.0 785.0 506.0 803.0 495.0 803.0 small-vehicle 0
332.0 721.0 341.0 721.0 341.0 740.0 332.0 740.0 small-vehicle 0
321.0 720.0 331.0 720.0 331.0 740.0 321.0 740.0 small-vehicle 0
311.0 720.0 321.0 720.0 321.0 739.0 311.0 739.0 small-vehicle 0
301.0 717.0 311.0 717.0 311.0 738.0 301.0 738.0 small-vehicle 0
288.0 714.0 303.0 714.0 303.0 736.0 288.0 736.0 small-vehicle 0
224.0 763.0 235.0 763.0 235.0 782.0 224.0 782.0 small-vehicle 0
204.0 758.0 215.0 758.0 215.0 780.0 204.0 780.0 small-vehicle 0
262.0 717.0 272.0 717.0 272.0 735.0 262.0 735.0 small-vehicle 0
251.0 714.0 262.0 714.0 262.0 733.0 251.0 733.0 small-vehicle 0
231.0 715.0 242.0 715.0 242.0 732.0 231.0 732.0 small-vehicle 0
273.0 697.0 286.0 697.0 286.0 719.0 273.0 719.0 small-vehicle 0
244.0 694.0 254.0 694.0 254.0 711.0 244.0 711.0 small-vehicle 0
224.0 695.0 233.0 695.0 233.0 712.0 224.0 712.0 small-vehicle 0
184.0 686.0 195.0 686.0 195.0 706.0 184.0 706.0 small-vehicle 0
239.0 222.0 432.0 222.0 432.0 421.0 239.0 421.0 baseball-diamond 0
