1057.0 1545.0 1063.0 1545.0 1063.0 1564.0 1057.0 1564.0 large-vehicle 0
485.0 230.0 500.0 230.0 500.0 243.0 485.0 243.0 ship 1
480.0 365.0 501.0 365.0 501.0 371.0 480.0 371.0 ship 0
483.0 360.0 498.0 360.0 498.0 366.0 483.0 366.0 ship 0
474.0 352.0 495.0 352.0 495.0 359.0 474.0 359.0 ship 0
470.0 333.0 493.0 333.0 493.0 344.0 470.0 344.0 ship 0
468.0 320.0 495.0 320.0 495.0 328.0 468.0 328.0 ship 0
463.0 303.0 485.0 303.0 485.0 310.0 463.0 310.0 ship 0
460.0 290.0 482.0 290.0 482.0 298.0 460.0 298.0 ship 0
460.0 278.0 471.0 278.0 471.0 284.0 460.0 284.0 ship 1
455.0 259.0 473.0 259.0 473.0 272.0 455.0 272.0 ship 0
480.0 236.0 491.0 236.0 491.0 248.0 480.0 248.0 ship 1
595.0 351.0 602.0 351.0 602.0 366.0 595.0 366.0 ship 1
465.0 251.0 485.0 251.0 485.0 267.0 465.0 267.0 ship 0
724.0 79.0 746.0 79.0 746.0 98.0 724.0 98.0 storage-tank 0
524.0 370.0 609.0 370.0 609.0 435.0 524.0 435.0 bridge 0
1276.0 1180.0 1295.0 1180.0 1295.0 1221.0 1276.0 1221.0 tennis-court 0
1183.0 1555.0 1198.0 1555.0 1198.0 1562.0 1183.0 1562.0 large-vehicle 1
1482.0 408.0 1497.0 408.0 1497.0 414.0 1482.0 414.0 large-vehicle 1
731.0 982.0 828.0 982.0 828.0 1073.0 731.0 1073.0 baseball-diamond 0
817.0 895.0 891.0 895.0 891.0 971.0 817.0 971.0 baseball-diamond 0
725.0 769.0 835.0 769.0 835.0 873.0 725.0 873.0 baseball-diamond 0
508.0 357.0 529.0 357.0 529.0 370.0 508.0 370.0 ship 1
594.0 323.0 600.0 323.0 600.0 341.0 594.0 341.0 ship 0
1250.0 1179.0 1271.0 1179.0 1271.0 1221.0 1250.0 1221.0 tennis-court 0
416.0 693.0 426.0 693.0 426.0 708.0 416.0 708.0 ship 1
525.0 604.0 546.0 604.0 546.0 617.0 525.0 617.0 ship 0
524.0 619.0 538.0 619.0 538.0 629.0 524.0 629.0 ship 1
503.0 637.0 521.0 637.0 521.0 654.0 503.0 654.0 ship 0
492.0 646.0 514.0 646.0 514.0 663.0 492.0 663.0 ship 0
488.0 661.0 507.0 661.0 507.0 671.0 488.0 671.0 ship 0
483.0 672.0 501.0 672.0 501.0 684.0 483.0 684.0 ship 0
463.0 669.0 479.0 669.0 479.0 691.0 463.0 691.0 ship 0
441.0 683.0 457.0 683.0 457.0 700.0 441.0 700.0 ship 0
430.0 682.0 447.0 682.0 447.0 702.0 430.0 702.0 ship 0
406.0 693.0 416.0 693.0 416.0 710.0 406.0 710.0 ship 1
592.0 286.0 600.0 286.0 600.0 309.0 592.0 309.0 ship 0
353.0 697.0 361.0 697.0 361.0 718.0 353.0 718.0 ship 0
326.0 695.0 345.0 695.0 345.0 714.0 326.0 714.0 ship 1
567.0 554.0 580.0 554.0 580.0 567.0 567.0 567.0 ship 1
579.0 529.0 597.0 529.0 597.0 538.0 579.0 538.0 ship 0
590.0 493.0 599.0 493.0 599.0 513.0 590.0 513.0 ship 0
594.0 464.0 601.0 464.0 601.0 478.0 594.0 478.0 ship 1
589.0 199.0 602.0 199.0 602.0 219.0 589.0 219.0 ship 1
592.0 222.0 601.0 222.0 601.0 246.0 592.0 246.0 ship 0
592.0 259.0 600.0 259.0 600.0 276.0 592.0 276.0 ship 1
986.0 1260.0 1071.0 1260.0 1071.0 1342.0 986.0 1342.0 baseball-diamond 0
