228.0 11.0 239.0 11.0 239.0 30.0 228.0 30.0 small-vehicle 0
1378.0 1440.0 1425.0 1440.0 1425.0 1479.0 1378.0 1479.0 plane 0
921.0 675.0 960.0 675.0 960.0 726.0 921.0 726.0 plane 0
897.0 722.0 943.0 722.0 943.0 774.0 897.0 774.0 plane 0
1061.0 648.0 1104.0 648.0 1104.0 696.0 1061.0 696.0 plane 0
1058.0 730.0 1096.0 730.0 1096.0 777.0 1058.0 777.0 plane 0
1042.0 696.0 1082.0 696.0 1082.0 741.0 1042.0 741.0 plane 0
1038.0 774.0 1082.0 774.0 1082.0 828.0 1038.0 828.0 plane 0
1212.0 730.0 1255.0 730.0 1255.0 785.0 1212.0 785.0 plane 0
1193.0 775.0 1241.0 775.0 1241.0 832.0 1193.0 832.0 plane 0
1161.0 792.0 1202.0 792.0 1202.0 846.0 1161.0 846.0 plane 0
1352.0 785.0 1392.0 785.0 1392.0 833.0 1352.0 833.0 plane 0
1329.0 831.0 1378.0 831.0 1378.0 882.0 1329.0 882.0 plane 0
1316.0 878.0 1356.0 878.0 1356.0 925.0 1316.0 925.0 plane 0
1484.0 827.0 1533.0 827.0 1533.0 893.0 1484.0 893.0 plane 0
1282.0 1400.0 1334.0 1400.0 1334.0 1443.0 1282.0 1443.0 plane 0
1234.0 1383.0 1284.0 1383.0 1284.0 1424.0 1234.0 1424.0 plane 0
938.0 629.0 979.0 629.0 979.0 678.0 938.0 678.0 plane 0
921.0 594.0 964.0 594.0 964.0 644.0 921.0 644.0 plane 0
759.0 618.0 799.0 618.0 799.0 665.0 759.0 665.0 plane 0
540.0 339.0 582.0 339.0 582.0 387.0 540.0 387.0 plane 0
126.0 1749.0 160.0 1749.0 160.0 1789.0 126.0 1789.0 swimming-pool 0
18.0 1798.0 61.0 1798.0 61.0 1821.0 18.0 1821.0 swimming-pool 0
114.0 2460.0 151.0 2460.0 151.0 2476.0 114.0 2476.0 swimming-pool 0
160.0 1540.0 183.0 1540.0 183.0 1567.0 160.0 1567.0 swimming-pool 0
425.0 303.0 458.0 303.0 458.0 343.0 425.0 343.0 plane 0
461.0 323.0 506.0 323.0 506.0 368.0 461.0 368.0 plane 0
337.0 260.0 382.0 260.0 382.0 301.0 337.0 301.0 plane 0
792.0 602.0 832.0 602.0 832.0 649.0 792.0 649.0 plane 0
395.0 514.0 453.0 514.0 453.0 578.0 395.0 578.0 plane 0
499.0 576.0 559.0 576.0 559.0 631.0 499.0 631.0 plane 0
551.0 614.0 598.0 614.0 598.0 661.0 551.0 661.0 plane 0
487.0 544.0 528.0 544.0 528.0 589.0 487.0 589.0 plane 0
812.0 558.0 851.0 558.0 851.0 601.0 812.0 601.0 plane 0
776.0 571.0 814.0 571.0 814.0 614.0 776.0 614.0 plane 0
1182.0 1365.0 1236.0 1365.0 1236.0 1409.0 1182.0 1409.0 plane 0
1425.0 1457.0 1475.0 1457.0 1475.0 1499.0 1425.0 1499.0 plane 0
37.0 1011.0 51.0 1011.0 51.0 1041.0 37.0 1041.0 large-vehicle 0
1474.0 1473.0 1520.0 1473.0 1520.0 1514.0 1474.0 1514.0 plane 0
1479.0 1585.0 1531.0 1585.0 1531.0 1630.0 1479.0 1630.0 plane 0
1495.0 1622.0 1545.0 1622.0 1545.0 1665.0 1495.0 1665.0 plane 0
1349.0 1675.0 1401.0 1675.0 1401.0 1719.0 1349.0 1719.0 plane 0
1442.0 1708.0 1497.0 1708.0 1497.0 1756.0 1442.0 1756.0 plane 0
1489.0 1726.0 1548.0 1726.0 1548.0 1778.0 1489.0 1778.0 plane 0
1540.0 1745.0 1592.0 1745.0 1592.0 1792.0 1540.0 1792.0 plane 0
2510.0 1572.0 2554.0 1572.0 2554.0 1618.0 2510.0 1618.0 plane 0
303.0 1198.0 325.0 1198.0 325.0 1224.0 303.0 1224.0 small-vehicle 0
293.0 1198.0 311.0 1198.0 311.0 1219.0 293.0 1219.0 small-vehicle 0
322.0 1213.0 341.0 1213.0 341.0 1238.0 322.0 1238.0 small-vehicle 0
335.0 1216.0 352.0 1216.0 352.0 1241.0 335.0 1241.0 small-vehicle 0
275.0 1189.0 291.0 1189.0 291.0 1210.0 275.0 1210.0 small-vehicle 0
259.0 1180.0 285.0 1180.0 285.0 1210.0 259.0 1210.0 large-vehicle 0
97.0 1117.0 118.0 1117.0 118.0 1126.0 97.0 1126.0 small-vehicle 0
97.0 1005.0 110.0 1005.0 110.0 1029.0 97.0 1029.0 small-vehicle 0
1542.0 1640.0 1591.0 1640.0 1591.0 1684.0 1542.0 1684.0 plane 0
1532.0 1606.0 1579.0 1606.0 1579.0 1643.0 1532.0 1643.0 plane 0
1578.0 1619.0 1623.0 1619.0 1623.0 1661.0 1578.0 1661.0 plane 0
1105.0 1468.0 1160.0 1468.0 1160.0 1519.0 1105.0 1519.0 plane 0
1522.0 1495.0 1569.0 1495.0 1569.0 1535.0 1522.0 1535.0 plane 0
1566.0 1510.0 1615.0 1510.0 1615.0 1551.0 1566.0 1551.0 plane 0
1615.0 1531.0 1663.0 1531.0 1663.0 1570.0 1615.0 1570.0 plane 0
1663.0 1549.0 1708.0 1549.0 1708.0 1589.0 1663.0 1589.0 plane 0
1230.0 1493.0 1284.0 1493.0 1284.0 1541.0 1230.0 1541.0 plane 0
1182.0 1472.0 1238.0 1472.0 1238.0 1521.0 1182.0 1521.0 plane 0
931.0 1493.0 971.0 1493.0 971.0 1539.0 931.0 1539.0 plane 0
1616.0 1596.0 1658.0 1596.0 1658.0 1645.0 1616.0 1645.0 plane 0
922.0 1545.0 956.0 1545.0 956.0 1587.0 922.0 1587.0 plane 0
893.0 1641.0 935.0 1641.0 935.0 1686.0 893.0 1686.0 plane 0
335.0 496.0 365.0 496.0 365.0 531.0 335.0 531.0 plane 0
875.0 1609.0 911.0 1609.0 911.0 1654.0 875.0 1654.0 plane 0
1032.0 1818.0 1053.0 1818.0 1053.0 1849.0 1032.0 1849.0 large-vehicle 0
1000.0 1684.0 1032.0 1684.0 1032.0 1704.0 1000.0 1704.0 large-vehicle 0
163.0 256.0 207.0 256.0 207.0 289.0 163.0 289.0 plane 0
