407.0 627.0 439.0 627.0 439.0 661.0 407.0 661.0 roundabout 0
446.0 553.0 477.0 553.0 477.0 597.0 446.0 597.0 tennis-court 0
497.0 564.0 528.0 564.0 528.0 608.0 497.0 608.0 tennis-court 0
526.0 553.0 558.0 553.0 558.0 597.0 526.0 597.0 tennis-court 0
567.0 532.0 596.0 532.0 596.0 576.0 567.0 576.0 tennis-court 0
597.0 522.0 627.0 522.0 627.0 566.0 597.0 566.0 tennis-court 0
577.0 462.0 607.0 462.0 607.0 506.0 577.0 506.0 tennis-court 0
497.0 452.0 528.0 452.0 528.0 495.0 497.0 495.0 tennis-court 0
428.0 492.0 457.0 492.0 457.0 536.0 428.0 536.0 tennis-court 0
301.0 233.0 426.0 233.0 426.0 432.0 301.0 432.0 swimming-pool 0
1048.0 22.0 1071.0 22.0 1071.0 30.0 1048.0 30.0 bridge 0
893.0 54.0 934.0 54.0 934.0 72.0 893.0 72.0 bridge 0
981.0 96.0 995.0 96.0 995.0 110.0 981.0 110.0 bridge 1
950.0 116.0 978.0 116.0 978.0 172.0 950.0 172.0 bridge 0
