1754.0 1602.0 1851.0 1602.0 1851.0 1704.0 1754.0 1704.0 plane 0
806.0 2018.0 855.0 2018.0 855.0 2068.0 806.0 2068.0 plane 0
660.0 2740.0 716.0 2740.0 716.0 2795.0 660.0 2795.0 plane 0
714.0 2024.0 759.0 2024.0 759.0 2068.0 714.0 2068.0 plane 0
739.0 2054.0 788.0 2054.0 788.0 2103.0 739.0 2103.0 plane 0
770.0 2084.0 817.0 2084.0 817.0 2131.0 770.0 2131.0 plane 0
775.0 1962.0 823.0 1962.0 823.0 2011.0 775.0 2011.0 plane 0
804.0 1992.0 853.0 1992.0 853.0 2041.0 804.0 2041.0 plane 0
836.0 2022.0 883.0 2022.0 883.0 2072.0 836.0 2072.0 plane 0
856.0 1931.0 910.0 1931.0 910.0 1983.0 856.0 1983.0 plane 0
920.0 1991.0 968.0 1991.0 968.0 2039.0 920.0 2039.0 plane 0
661.0 2084.0 708.0 2084.0 708.0 2129.0 661.0 2129.0 plane 0
1614.0 1819.0 1665.0 1819.0 1665.0 1872.0 1614.0 1872.0 plane 0
777.0 1990.0 824.0 1990.0 824.0 2037.0 777.0 2037.0 plane 0
1412.0 1787.0 1453.0 1787.0 1453.0 1829.0 1412.0 1829.0 plane 0
1468.0 1724.0 1519.0 1724.0 1519.0 1777.0 1468.0 1777.0 plane 0
1502.0 1695.0 1548.0 1695.0 1548.0 1742.0 1502.0 1742.0 plane 0
1525.0 1662.0 1578.0 1662.0 1578.0 1714.0 1525.0 1714.0 plane 0
1515.0 1615.0 1554.0 1615.0 1554.0 1656.0 1515.0 1656.0 plane 0
1101.0 1483.0 1199.0 1483.0 1199.0 1584.0 1101.0 1584.0 plane 0
1636.0 1444.0 1710.0 1444.0 1710.0 1518.0 1636.0 1518.0 plane 0
1320.0 1283.0 1391.0 1283.0 1391.0 1355.0 1320.0 1355.0 plane 0
735.0 2668.0 791.0 2668.0 791.0 2724.0 735.0 2724.0 plane 0
760.0 2612.0 832.0 2612.0 832.0 2684.0 760.0 2684.0 plane 0
813.0 2576.0 879.0 2576.0 879.0 2642.0 813.0 2642.0 plane 0
786.0 2327.0 911.0 2327.0 911.0 2456.0 786.0 2456.0 plane 0
679.0 1231.0 748.0 1231.0 748.0 1298.0 679.0 1298.0 large-vehicle 0
799.0 928.0 862.0 928.0 862.0 992.0 799.0 992.0 large-vehicle 0
1152.0 581.0 1215.0 581.0 1215.0 644.0 1152.0 644.0 large-vehicle 0
1752.0 138.0 1819.0 138.0 1819.0 203.0 1752.0 203.0 large-vehicle 0
1603.0 125.0 1671.0 125.0 1671.0 194.0 1603.0 194.0 large-vehicle 0
58.0 3148.0 96.0 3148.0 96.0 3186.0 58.0 3186.0 large-vehicle 0
73.0 3160.0 108.0 3160.0 108.0 3192.0 73.0 3192.0 large-vehicle 0
53.0 3135.0 82.0 3135.0 82.0 3162.0 53.0 3162.0 large-vehicle 0
301.0 289.0 464.0 289.0 464.0 453.0 301.0 453.0 baseball-diamond 0
102.0 487.0 263.0 487.0 263.0 648.0 102.0 648.0 baseball-diamond 0
72.0 3186.0 147.0 3186.0 147.0 3258.0 72.0 3258.0 plane 0
129.0 3208.0 218.0 3208.0 218.0 3294.0 129.0 3294.0 plane 0
211.0 3209.0 257.0 3209.0 257.0 3256.0 211.0 3256.0 plane 0
248.0 3176.0 293.0 3176.0 293.0 3223.0 248.0 3223.0 plane 0
432.0 2653.0 489.0 2653.0 489.0 2711.0 432.0 2711.0 plane 0
460.0 2681.0 541.0 2681.0 541.0 2760.0 460.0 2760.0 plane 0
504.0 2634.0 564.0 2634.0 564.0 2691.0 504.0 2691.0 plane 0
546.0 2574.0 649.0 2574.0 649.0 2674.0 546.0 2674.0 plane 0
544.0 2482.0 648.0 2482.0 648.0 2585.0 544.0 2585.0 plane 0
1232.0 1364.0 1308.0 1364.0 1308.0 1445.0 1232.0 1445.0 plane 0
1192.0 1411.0 1262.0 1411.0 1262.0 1484.0 1192.0 1484.0 plane 0
1163.0 1450.0 1231.0 1450.0 1231.0 1523.0 1163.0 1523.0 plane 0
2423.0 663.0 2475.0 663.0 2475.0 715.0 2423.0 715.0 plane 0
2543.0 506.0 2610.0 506.0 2610.0 576.0 2543.0 576.0 plane 0
2412.0 345.0 2455.0 345.0 2455.0 388.0 2412.0 388.0 plane 0
2408.0 361.0 2492.0 361.0 2492.0 444.0 2408.0 444.0 plane 0
2460.0 413.0 2539.0 413.0 2539.0 493.0 2460.0 493.0 plane 0
2406.0 418.0 2483.0 418.0 2483.0 495.0 2406.0 495.0 plane 0
2727.0 283.0 2776.0 283.0 2776.0 334.0 2727.0 334.0 plane 0
2695.0 317.0 2743.0 317.0 2743.0 365.0 2695.0 365.0 plane 0
2626.0 375.0 2685.0 375.0 2685.0 436.0 2626.0 436.0 plane 0
2295.0 281.0 2414.0 281.0 2414.0 396.0 2295.0 396.0 plane 0
2420.0 189.0 2502.0 189.0 2502.0 268.0 2420.0 268.0 plane 0
2413.0 135.0 2508.0 135.0 2508.0 233.0 2413.0 233.0 plane 0
2464.0 196.0 2539.0 196.0 2539.0 272.0 2464.0 272.0 plane 0
2511.0 247.0 2569.0 247.0 2569.0 308.0 2511.0 308.0 plane 0
2540.0 273.0 2610.0 273.0 2610.0 343.0 2540.0 343.0 plane 0
2772.0 565.0 2892.0 565.0 2892.0 667.0 2772.0 667.0 plane 0
2844.0 552.0 2922.0 552.0 2922.0 626.0 2844.0 626.0 plane 0
2881.0 484.0 2970.0 484.0 2970.0 572.0 2881.0 572.0 plane 0
2830.0 416.0 2914.0 416.0 2914.0 501.0 2830.0 501.0 plane 0
2972.0 3120.0 3002.0 3120.0 3002.0 3184.0 2972.0 3184.0 large-vehicle 0
2580.0 548.0 2663.0 548.0 2663.0 632.0 2580.0 632.0 plane 0
2387.0 624.0 2438.0 624.0 2438.0 676.0 2387.0 676.0 plane 0
1420.0 1098.0 1457.0 1098.0 1457.0 1147.0 1420.0 1147.0 plane 0
2345.0 580.0 2402.0 580.0 2402.0 635.0 2345.0 635.0 plane 0
1483.0 1098.0 1530.0 1098.0 1530.0 1134.0 1483.0 1134.0 plane 0
1519.0 1178.0 1564.0 1178.0 1564.0 1219.0 1519.0 1219.0 plane 0
1548.0 1152.0 1592.0 1152.0 1592.0 1195.0 1548.0 1195.0 plane 0
1771.0 988.0 1804.0 988.0 1804.0 1020.0 1771.0 1020.0 large-vehicle 0
1785.0 1001.0 1819.0 1001.0 1819.0 1037.0 1785.0 1037.0 large-vehicle 0
1737.0 1033.0 1768.0 1033.0 1768.0 1065.0 1737.0 1065.0 large-vehicle 0
1769.0 1059.0 1795.0 1059.0 1795.0 1088.0 1769.0 1088.0 large-vehicle 0
1830.0 1073.0 1979.0 1073.0 1979.0 1224.0 1830.0 1224.0 plane 0
1793.0 1023.0 1898.0 1023.0 1898.0 1131.0 1793.0 1131.0 plane 0
1669.0 1141.0 1797.0 1141.0 1797.0 1271.0 1669.0 1271.0 plane 0
1732.0 1227.0 1881.0 1227.0 1881.0 1376.0 1732.0 1376.0 plane 0
1967.0 936.0 2099.0 936.0 2099.0 1067.0 1967.0 1067.0 plane 0
2062.0 1006.0 2166.0 1006.0 2166.0 1117.0 2062.0 1117.0 plane 0
2122.0 815.0 2249.0 815.0 2249.0 946.0 2122.0 946.0 plane 0
2196.0 883.0 2304.0 883.0 2304.0 993.0 2196.0 993.0 plane 0
2265.0 709.0 2349.0 709.0 2349.0 794.0 2265.0 794.0 plane 0
1893.0 232.0 1930.0 232.0 1930.0 270.0 1893.0 270.0 large-vehicle 0
2230.0 470.0 2282.0 470.0 2282.0 520.0 2230.0 520.0 plane 0
2275.0 504.0 2325.0 504.0 2325.0 553.0 2275.0 553.0 plane 0
102.0 90.0 263.0 90.0 263.0 250.0 102.0 250.0 baseball-diamond 0
