958.0 388.0 1154.0 388.0 1154.0 583.0 958.0 583.0 baseball-diamond 0
824.0 726.0 955.0 726.0 955.0 861.0 824.0 861.0 baseball-diamond 0
244.0 75.0 287.0 75.0 287.0 159.0 244.0 159.0 tennis-court 0
302.0 77.0 343.0 77.0 343.0 162.0 302.0 162.0 tennis-court 0
380.0 80.0 422.0 80.0 422.0 165.0 380.0 165.0 tennis-court 0
438.0 83.0 479.0 83.0 479.0 166.0 438.0 166.0 tennis-court 0
496.0 84.0 538.0 84.0 538.0 168.0 496.0 168.0 tennis-court 0
111.0 224.0 152.0 224.0 152.0 309.0 111.0 309.0 tennis-court 0
167.0 227.0 211.0 227.0 211.0 310.0 167.0 310.0 tennis-court 0
224.0 227.0 268.0 227.0 268.0 313.0 224.0 313.0 tennis-court 0
303.0 231.0 346.0 231.0 346.0 316.0 303.0 316.0 tennis-court 0
360.0 232.0 404.0 232.0 404.0 317.0 360.0 317.0 tennis-court 0
419.0 234.0 462.0 234.0 462.0 319.0 419.0 319.0 tennis-court 0
211.0 405.0 253.0 405.0 253.0 490.0 211.0 490.0 tennis-court 0
666.0 1376.0 916.0 1376.0 916.0 1767.0 666.0 1767.0 soccer-ball-field 0
1001.0 1398.0 1211.0 1398.0 1211.0 1760.0 1001.0 1760.0 soccer-ball-field 0
581.0 1436.0 1162.0 1436.0 1162.0 1730.0 581.0 1730.0 ground-track-field 0
315.0 1358.0 561.0 1358.0 561.0 1753.0 315.0 1753.0 soccer-ball-field 0
62.0 560.0 422.0 560.0 422.0 1005.0 62.0 1005.0 soccer-ball-field 0
588.0 58.0 654.0 58.0 654.0 123.0 588.0 123.0 roundabout 0
983.0 1178.0 1046.0 1178.0 1046.0 1245.0 983.0 1245.0 roundabout 0
600.0 1162.0 663.0 1162.0 663.0 1227.0 600.0 1227.0 roundabout 0
658.0 301.0 793.0 301.0 793.0 434.0 658.0 434.0 baseball-diamond 0
187.0 74.0 228.0 74.0 228.0 158.0 187.0 158.0 tennis-court 0
