3808.0 451.0 3848.0 451.0 3848.0 482.0 3808.0 482.0 plane 0
1843.0 527.0 1883.0 527.0 1883.0 557.0 1843.0 557.0 plane 0
1699.0 615.0 1742.0 615.0 1742.0 646.0 1699.0 646.0 plane 0
1718.0 627.0 1770.0 627.0 1770.0 668.0 1718.0 668.0 plane 0
1768.0 625.0 1815.0 625.0 1815.0 666.0 1768.0 666.0 plane 0
1804.0 570.0 1876.0 570.0 1876.0 636.0 1804.0 636.0 plane 0
1906.0 654.0 1999.0 654.0 1999.0 756.0 1906.0 756.0 plane 0
2008.0 719.0 2039.0 719.0 2039.0 759.0 2008.0 759.0 plane 0
1755.0 514.0 1842.0 514.0 1842.0 567.0 1755.0 567.0 plane 0
1631.0 631.0 1679.0 631.0 1679.0 666.0 1631.0 666.0 plane 0
1722.0 524.0 1772.0 524.0 1772.0 563.0 1722.0 563.0 plane 0
1667.0 523.0 1723.0 523.0 1723.0 572.0 1667.0 572.0 plane 0
1606.0 527.0 1654.0 527.0 1654.0 567.0 1606.0 567.0 plane 0
1562.0 530.0 1606.0 530.0 1606.0 567.0 1562.0 567.0 plane 0
1677.0 377.0 1746.0 377.0 1746.0 441.0 1677.0 441.0 plane 0
1596.0 380.0 1717.0 380.0 1717.0 483.0 1596.0 483.0 plane 0
1678.0 636.0 1721.0 636.0 1721.0 665.0 1678.0 665.0 plane 0
1700.0 665.0 1760.0 665.0 1760.0 722.0 1700.0 722.0 plane 0
1588.0 634.0 1630.0 634.0 1630.0 666.0 1588.0 666.0 plane 0
2327.0 408.0 2358.0 408.0 2358.0 433.0 2327.0 433.0 plane 0
2644.0 394.0 2687.0 394.0 2687.0 426.0 2644.0 426.0 plane 0
2597.0 396.0 2641.0 396.0 2641.0 427.0 2597.0 427.0 plane 0
2554.0 396.0 2590.0 396.0 2590.0 425.0 2554.0 425.0 plane 0
2459.0 402.0 2498.0 402.0 2498.0 431.0 2459.0 431.0 plane 0
2415.0 401.0 2456.0 401.0 2456.0 431.0 2415.0 431.0 plane 0
2369.0 400.0 2410.0 400.0 2410.0 432.0 2369.0 432.0 plane 0
2238.0 404.0 2277.0 404.0 2277.0 435.0 2238.0 435.0 plane 0
1756.0 659.0 1827.0 659.0 1827.0 722.0 1756.0 722.0 plane 0
2170.0 403.0 2212.0 403.0 2212.0 436.0 2170.0 436.0 plane 0
2101.0 410.0 2148.0 410.0 2148.0 440.0 2101.0 440.0 plane 0
2237.0 507.0 2281.0 507.0 2281.0 535.0 2237.0 535.0 plane 0
2147.0 505.0 2187.0 505.0 2187.0 534.0 2147.0 534.0 plane 0
2046.0 1027.0 2075.0 1027.0 2075.0 1072.0 2046.0 1072.0 plane 0
1831.0 692.0 1890.0 692.0 1890.0 744.0 1831.0 744.0 plane 0
1561.0 399.0 1614.0 399.0 1614.0 460.0 1561.0 460.0 plane 0
1542.0 632.0 1584.0 632.0 1584.0 665.0 1542.0 665.0 plane 0
3761.0 453.0 3803.0 453.0 3803.0 483.0 3761.0 483.0 plane 0
164.0 714.0 219.0 714.0 219.0 767.0 164.0 767.0 plane 0
970.0 545.0 1009.0 545.0 1009.0 584.0 970.0 584.0 plane 0
973.0 499.0 1002.0 499.0 1002.0 538.0 973.0 538.0 plane 0
887.0 582.0 928.0 582.0 928.0 643.0 887.0 643.0 plane 0
883.0 544.0 917.0 544.0 917.0 590.0 883.0 590.0 plane 0
890.0 502.0 921.0 502.0 921.0 545.0 890.0 545.0 plane 0
881.0 456.0 920.0 456.0 920.0 496.0 881.0 496.0 plane 0
452.0 634.0 497.0 634.0 497.0 664.0 452.0 664.0 plane 0
980.0 632.0 1010.0 632.0 1010.0 673.0 980.0 673.0 plane 0
326.0 641.0 370.0 641.0 370.0 670.0 326.0 670.0 plane 0
296.0 634.0 338.0 634.0 338.0 663.0 296.0 663.0 plane 0
353.0 536.0 397.0 536.0 397.0 565.0 353.0 565.0 plane 0
263.0 545.0 299.0 545.0 299.0 576.0 263.0 576.0 plane 0
385.0 447.0 423.0 447.0 423.0 476.0 385.0 476.0 plane 0
355.0 443.0 395.0 443.0 395.0 473.0 355.0 473.0 plane 0
980.0 587.0 1008.0 587.0 1008.0 627.0 980.0 627.0 plane 0
1065.0 542.0 1100.0 542.0 1100.0 581.0 1065.0 581.0 plane 0
1506.0 638.0 1536.0 638.0 1536.0 668.0 1506.0 668.0 plane 0
1340.0 642.0 1367.0 642.0 1367.0 678.0 1340.0 678.0 plane 0
1455.0 639.0 1498.0 639.0 1498.0 670.0 1455.0 670.0 plane 0
1511.0 727.0 1565.0 727.0 1565.0 776.0 1511.0 776.0 plane 0
1454.0 741.0 1530.0 741.0 1530.0 817.0 1454.0 817.0 plane 0
1473.0 538.0 1508.0 538.0 1508.0 565.0 1473.0 565.0 plane 0
1424.0 531.0 1465.0 531.0 1465.0 571.0 1424.0 571.0 plane 0
1304.0 566.0 1370.0 566.0 1370.0 634.0 1304.0 634.0 plane 0
1251.0 632.0 1278.0 632.0 1278.0 658.0 1251.0 658.0 plane 0
1065.0 585.0 1097.0 585.0 1097.0 627.0 1065.0 627.0 plane 0
1246.0 576.0 1276.0 576.0 1276.0 618.0 1246.0 618.0 plane 0
1248.0 528.0 1274.0 528.0 1274.0 569.0 1248.0 569.0 plane 0
1159.0 632.0 1187.0 632.0 1187.0 665.0 1159.0 665.0 plane 0
1153.0 583.0 1185.0 583.0 1185.0 624.0 1153.0 624.0 plane 0
1035.0 421.0 1091.0 421.0 1091.0 481.0 1035.0 481.0 plane 0
1068.0 632.0 1098.0 632.0 1098.0 672.0 1068.0 672.0 plane 0
2749.0 388.0 2793.0 388.0 2793.0 422.0 2749.0 422.0 plane 0
2818.0 387.0 2862.0 387.0 2862.0 416.0 2818.0 416.0 plane 0
2327.0 503.0 2371.0 503.0 2371.0 534.0 2327.0 534.0 plane 0
1512.0 431.0 1560.0 431.0 1560.0 469.0 1512.0 469.0 plane 0
1885.0 518.0 1938.0 518.0 1938.0 566.0 1885.0 566.0 plane 0
1832.0 425.0 1877.0 425.0 1877.0 458.0 1832.0 458.0 plane 0
1796.0 406.0 1851.0 406.0 1851.0 452.0 1796.0 452.0 plane 0
1516.0 532.0 1559.0 532.0 1559.0 565.0 1516.0 565.0 plane 0
1334.0 497.0 1364.0 497.0 1364.0 536.0 1334.0 536.0 plane 0
1472.0 438.0 1515.0 438.0 1515.0 468.0 1472.0 468.0 plane 0
1344.0 690.0 1368.0 690.0 1368.0 719.0 1344.0 719.0 plane 0
2103.0 510.0 2145.0 510.0 2145.0 540.0 2103.0 540.0 plane 0
1249.0 681.0 1282.0 681.0 1282.0 724.0 1249.0 724.0 plane 0
1154.0 536.0 1188.0 536.0 1188.0 579.0 1154.0 579.0 plane 0
1155.0 492.0 1187.0 492.0 1187.0 535.0 1155.0 535.0 plane 0
244.0 750.0 286.0 750.0 286.0 791.0 244.0 791.0 plane 0
450.0 538.0 494.0 538.0 494.0 568.0 450.0 568.0 plane 0
420.0 539.0 459.0 539.0 459.0 562.0 420.0 562.0 plane 0
2057.0 508.0 2102.0 508.0 2102.0 544.0 2057.0 544.0 plane 0
2462.0 498.0 2504.0 498.0 2504.0 528.0 2462.0 528.0 plane 0
2416.0 501.0 2454.0 501.0 2454.0 529.0 2416.0 529.0 plane 0
3380.0 360.0 3425.0 360.0 3425.0 396.0 3380.0 396.0 plane 0
3713.0 450.0 3759.0 450.0 3759.0 483.0 3713.0 483.0 plane 0
3625.0 457.0 3662.0 457.0 3662.0 483.0 3625.0 483.0 plane 0
3571.0 456.0 3615.0 456.0 3615.0 490.0 3571.0 490.0 plane 0
3576.0 554.0 3618.0 554.0 3618.0 587.0 3576.0 587.0 plane 0
3431.0 461.0 3476.0 461.0 3476.0 494.0 3431.0 494.0 plane 0
3253.0 465.0 3291.0 465.0 3291.0 501.0 3253.0 501.0 plane 0
3557.0 324.0 3609.0 324.0 3609.0 367.0 3557.0 367.0 plane 0
2505.0 496.0 2549.0 496.0 2549.0 528.0 2505.0 528.0 plane 0
4322.0 778.0 4386.0 778.0 4386.0 836.0 4322.0 836.0 plane 0
4420.0 813.0 4461.0 813.0 4461.0 845.0 4420.0 845.0 plane 0
2695.0 489.0 2740.0 489.0 2740.0 525.0 2695.0 525.0 plane 0
2800.0 586.0 2845.0 586.0 2845.0 619.0 2800.0 619.0 plane 0
2644.0 595.0 2684.0 595.0 2684.0 628.0 2644.0 628.0 plane 0
2545.0 594.0 2588.0 594.0 2588.0 628.0 2545.0 628.0 plane 0
436.0 429.0 494.0 429.0 494.0 470.0 436.0 470.0 plane 0
1854.0 394.0 1913.0 394.0 1913.0 457.0 1854.0 457.0 plane 0
3568.0 992.0 3601.0 992.0 3601.0 1038.0 3568.0 1038.0 plane 0
2421.0 597.0 2462.0 597.0 2462.0 630.0 2421.0 630.0 plane 0
3086.0 840.0 3130.0 840.0 3130.0 894.0 3086.0 894.0 plane 0
3071.0 408.0 3106.0 408.0 3106.0 453.0 3071.0 453.0 plane 0
2447.0 698.0 2505.0 698.0 2505.0 742.0 2447.0 742.0 plane 0
2572.0 632.0 2609.0 632.0 2609.0 679.0 2572.0 679.0 plane 0
2593.0 592.0 2636.0 592.0 2636.0 625.0 2593.0 625.0 plane 0
2499.0 595.0 2541.0 595.0 2541.0 628.0 2499.0 628.0 plane 0
2377.0 600.0 2419.0 600.0 2419.0 631.0 2377.0 631.0 plane 0
3560.0 796.0 3606.0 796.0 3606.0 826.0 3560.0 826.0 plane 0
2334.0 601.0 2370.0 601.0 2370.0 629.0 2334.0 629.0 plane 0
2808.0 490.0 2851.0 490.0 2851.0 521.0 2808.0 521.0 plane 0
2753.0 493.0 2793.0 493.0 2793.0 525.0 2753.0 525.0 plane 0
2646.0 492.0 2686.0 492.0 2686.0 526.0 2646.0 526.0 plane 0
2597.0 487.0 2643.0 487.0 2643.0 529.0 2597.0 529.0 plane 0
2554.0 497.0 2596.0 497.0 2596.0 525.0 2554.0 525.0 plane 0
3290.0 363.0 3335.0 363.0 3335.0 394.0 3290.0 394.0 plane 0
3441.0 336.0 3504.0 336.0 3504.0 392.0 3441.0 392.0 plane 0
3479.0 325.0 3535.0 325.0 3535.0 375.0 3479.0 375.0 plane 0
3593.0 337.0 3656.0 337.0 3656.0 393.0 3593.0 393.0 plane 0
3294.0 465.0 3334.0 465.0 3334.0 498.0 3294.0 498.0 plane 0
3384.0 462.0 3425.0 462.0 3425.0 492.0 3384.0 492.0 plane 0
3477.0 460.0 3521.0 460.0 3521.0 493.0 3477.0 493.0 plane 0
3623.0 552.0 3666.0 552.0 3666.0 586.0 3623.0 586.0 plane 0
3670.0 550.0 3713.0 550.0 3713.0 582.0 3670.0 582.0 plane 0
3804.0 543.0 3855.0 543.0 3855.0 586.0 3804.0 586.0 plane 0
4379.0 755.0 4448.0 755.0 4448.0 829.0 4379.0 829.0 plane 0
4438.0 762.0 4498.0 762.0 4498.0 819.0 4438.0 819.0 plane 0
4484.0 761.0 4557.0 761.0 4557.0 837.0 4484.0 837.0 plane 0
4453.0 806.0 4514.0 806.0 4514.0 859.0 4453.0 859.0 plane 0
4445.0 850.0 4501.0 850.0 4501.0 913.0 4445.0 913.0 plane 0
4518.0 819.0 4594.0 819.0 4594.0 908.0 4518.0 908.0 plane 0
3982.0 1110.0 4023.0 1110.0 4023.0 1123.0 3982.0 1123.0 large-vehicle 0
324.0 446.0 361.0 446.0 361.0 475.0 324.0 475.0 plane 0
