164.0 814.0 186.0 814.0 186.0 826.0 164.0 826.0 swimming-pool 1
274.0 920.0 285.0 920.0 285.0 945.0 274.0 945.0 swimming-pool 1
330.0 957.0 353.0 957.0 353.0 975.0 330.0 975.0 swimming-pool 1
385.0 948.0 402.0 948.0 402.0 971.0 385.0 971.0 swimming-pool 1
451.0 975.0 477.0 975.0 477.0 994.0 451.0 994.0 swimming-pool 1
538.0 976.0 561.0 976.0 561.0 992.0 538.0 992.0 swimming-pool 1
710.0 666.0 726.0 666.0 726.0 684.0 710.0 684.0 swimming-pool 1
641.0 703.0 659.0 703.0 659.0 727.0 641.0 727.0 swimming-pool 1
594.0 742.0 611.0 742.0 611.0 765.0 594.0 765.0 swimming-pool 0
552.0 789.0 578.0 789.0 578.0 812.0 552.0 812.0 swimming-pool 0
708.0 204.0 724.0 204.0 724.0 223.0 708.0 223.0 swimming-pool 0
527.0 287.0 542.0 287.0 542.0 301.0 527.0 301.0 swimming-pool 1
769.0 268.0 786.0 268.0 786.0 282.0 769.0 282.0 swimming-pool 1
783.0 92.0 804.0 92.0 804.0 109.0 783.0 109.0 swimming-pool 0
279.0 76.0 302.0 76.0 302.0 105.0 279.0 105.0 swimming-pool 0
