382.0 1065.0 531.0 1065.0 531.0 1084.0 382.0 1084.0 harbor 0
355.0 983.0 396.0 983.0 396.0 1002.0 355.0 1002.0 harbor 0
88.0 773.0 106.0 773.0 106.0 784.0 88.0 784.0 swimming-pool 0
9.0 785.0 24.0 785.0 24.0 796.0 9.0 796.0 swimming-pool 0
167.0 756.0 188.0 756.0 188.0 772.0 167.0 772.0 swimming-pool 0
55.0 602.0 69.0 602.0 69.0 629.0 55.0 629.0 swimming-pool 0
174.0 424.0 189.0 424.0 189.0 445.0 174.0 445.0 swimming-pool 0
104.0 326.0 128.0 326.0 128.0 354.0 104.0 354.0 swimming-pool 0
86.0 334.0 107.0 334.0 107.0 354.0 86.0 354.0 swimming-pool 0
411.0 782.0 448.0 782.0 448.0 796.0 411.0 796.0 large-vehicle 0
3059.0 467.0 3096.0 467.0 3096.0 478.0 3059.0 478.0 large-vehicle 0
1824.0 448.0 3131.0 448.0 3131.0 648.0 1824.0 648.0 bridge 0
2507.0 477.0 3139.0 477.0 3139.0 609.0 2507.0 609.0 bridge 0
1856.0 573.0 2509.0 573.0 2509.0 685.0 1856.0 685.0 bridge 0
261.0 765.0 525.0 765.0 525.0 823.0 261.0 823.0 bridge 0
256.0 805.0 531.0 805.0 531.0 862.0 256.0 862.0 bridge 0
414.0 330.0 493.0 330.0 493.0 350.0 414.0 350.0 harbor 0
449.0 382.0 531.0 382.0 531.0 422.0 449.0 422.0 harbor 0
414.0 553.0 473.0 553.0 473.0 566.0 414.0 566.0 harbor 0
363.0 618.0 445.0 618.0 445.0 630.0 363.0 630.0 harbor 0
349.0 642.0 406.0 642.0 406.0 663.0 349.0 663.0 harbor 0
367.0 720.0 416.0 720.0 416.0 741.0 367.0 741.0 harbor 0
377.0 921.0 400.0 921.0 400.0 935.0 377.0 935.0 harbor 0
56.0 663.0 67.0 663.0 67.0 684.0 56.0 684.0 swimming-pool 0
