543.0 102.0 581.0 102.0 581.0 120.0 543.0 120.0 ship 0
540.0 95.0 579.0 95.0 579.0 114.0 540.0 114.0 ship 0
538.0 88.0 578.0 88.0 578.0 106.0 538.0 106.0 ship 0
546.0 68.0 583.0 68.0 583.0 95.0 546.0 95.0 ship 0
438.0 96.0 472.0 96.0 472.0 136.0 438.0 136.0 ship 0
233.0 224.0 272.0 224.0 272.0 249.0 233.0 249.0 ship 0
276.0 216.0 293.0 216.0 293.0 257.0 276.0 257.0 ship 1
81.0 277.0 119.0 277.0 119.0 300.0 81.0 300.0 ship 0
78.0 270.0 114.0 270.0 114.0 292.0 78.0 292.0 ship 0
214.0 140.0 262.0 140.0 262.0 161.0 214.0 161.0 ship 0
371.0 72.0 413.0 72.0 413.0 96.0 371.0 96.0 ship 0
