668.0 512.0 705.0 512.0 705.0 538.0 668.0 538.0 ship 0
469.0 170.0 510.0 170.0 510.0 186.0 469.0 186.0 ship 0
239.0 101.0 278.0 101.0 278.0 117.0 239.0 117.0 ship 0
243.0 109.0 279.0 109.0 279.0 124.0 243.0 124.0 ship 0
242.0 116.0 280.0 116.0 280.0 133.0 242.0 133.0 ship 0
399.0 91.0 444.0 91.0 444.0 109.0 399.0 109.0 ship 1
555.0 29.0 595.0 29.0 595.0 47.0 555.0 47.0 ship 0
594.0 85.0 636.0 85.0 636.0 103.0 594.0 103.0 ship 0
467.0 163.0 510.0 163.0 510.0 179.0 467.0 179.0 ship 0
470.0 178.0 510.0 178.0 510.0 193.0 470.0 193.0 ship 1
671.0 518.0 710.0 518.0 710.0 545.0 671.0 545.0 ship 0
201.0 302.0 241.0 302.0 241.0 329.0 201.0 329.0 ship 1
202.0 309.0 242.0 309.0 242.0 337.0 202.0 337.0 ship 1
208.0 317.0 246.0 317.0 246.0 344.0 208.0 344.0 ship 1
108.0 434.0 149.0 434.0 149.0 461.0 108.0 461.0 ship 1
570.0 446.0 609.0 446.0 609.0 458.0 570.0 458.0 ship 1
660.0 497.0 698.0 497.0 698.0 523.0 660.0 523.0 ship 0
662.0 506.0 701.0 506.0 701.0 532.0 662.0 532.0 ship 0
237.0 94.0 277.0 94.0 277.0 110.0 237.0 110.0 ship 0
