2740.0 123.0 2757.0 123.0 2757.0 155.0 2740.0 155.0 bridge 0
2710.0 35.0 2730.0 35.0 2730.0 73.0 2710.0 73.0 bridge 0
298.0 1790.0 474.0 1790.0 474.0 1880.0 298.0 1880.0 ground-track-field 0
9.0 962.0 122.0 962.0 122.0 1095.0 9.0 1095.0 ground-track-field 0
2453.0 1632.0 2484.0 1632.0 2484.0 1679.0 2453.0 1679.0 tennis-court 0
2484.0 1625.0 2513.0 1625.0 2513.0 1669.0 2484.0 1669.0 tennis-court 0
2513.0 1617.0 2541.0 1617.0 2541.0 1660.0 2513.0 1660.0 tennis-court 0
2542.0 1607.0 2570.0 1607.0 2570.0 1653.0 2542.0 1653.0 tennis-court 0
76.0 1360.0 235.0 1360.0 235.0 1474.0 76.0 1474.0 ground-track-field 0
154.0 1378.0 204.0 1378.0 204.0 1418.0 154.0 1418.0 basketball-court 0
116.0 1416.0 170.0 1416.0 170.0 1461.0 116.0 1461.0 basketball-court 0
165.0 1402.0 214.0 1402.0 214.0 1446.0 165.0 1446.0 basketball-court 0
346.0 1816.0 384.0 1816.0 384.0 1867.0 346.0 1867.0 basketball-court 0
390.0 1807.0 428.0 1807.0 428.0 1865.0 390.0 1865.0 basketball-court 0
1937.0 1876.0 2103.0 1876.0 2103.0 2011.0 1937.0 2011.0 ground-track-field 0
1964.0 1923.0 2005.0 1923.0 2005.0 1981.0 1964.0 1981.0 basketball-court 0
1990.0 1909.0 2037.0 1909.0 2037.0 1941.0 1990.0 1941.0 basketball-court 0
2001.0 1943.0 2048.0 1943.0 2048.0 1978.0 2001.0 1978.0 basketball-court 0
2374.0 1787.0 2409.0 1787.0 2409.0 1835.0 2374.0 1835.0 tennis-court 0
2311.0 1815.0 2349.0 1815.0 2349.0 1872.0 2311.0 1872.0 basketball-court 0
2327.0 1885.0 2367.0 1885.0 2367.0 1942.0 2327.0 1942.0 basketball-court 0
2296.0 1749.0 2334.0 1749.0 2334.0 1808.0 2296.0 1808.0 basketball-court 0
2282.0 1702.0 2319.0 1702.0 2319.0 1754.0 2282.0 1754.0 basketball-court 0
2055.0 1766.0 2099.0 1766.0 2099.0 1797.0 2055.0 1797.0 tennis-court 0
2061.0 1791.0 2106.0 1791.0 2106.0 1821.0 2061.0 1821.0 tennis-court 0
2660.0 58.0 2689.0 58.0 2689.0 97.0 2660.0 97.0 bridge 0
2703.0 143.0 2727.0 143.0 2727.0 176.0 2703.0 176.0 bridge 0
2353.0 1717.0 2488.0 1717.0 2488.0 1900.0 2353.0 1900.0 ground-track-field 0
