3880.0 971.0 3979.0 971.0 3979.0 1071.0 3880.0 1071.0 plane 0
4085.0 767.0 4231.0 767.0 4231.0 919.0 4085.0 919.0 plane 0
1400.0 1048.0 1544.0 1048.0 1544.0 1174.0 1400.0 1174.0 plane 0
857.0 1747.0 1015.0 1747.0 1015.0 1916.0 857.0 1916.0 plane 0
442.0 2186.0 556.0 2186.0 556.0 2293.0 442.0 2293.0 plane 0
1604.0 2418.0 1699.0 2418.0 1699.0 2512.0 1604.0 2512.0 plane 0
1922.0 2134.0 2024.0 2134.0 2024.0 2235.0 1922.0 2235.0 plane 0
2690.0 1470.0 2770.0 1470.0 2770.0 1554.0 2690.0 1554.0 plane 0
2759.0 1330.0 2837.0 1330.0 2837.0 1397.0 2759.0 1397.0 plane 0
2760.0 1650.0 2925.0 1650.0 2925.0 1815.0 2760.0 1815.0 plane 0
3336.0 1243.0 3520.0 1243.0 3520.0 1410.0 3336.0 1410.0 plane 0
3433.0 1385.0 3525.0 1385.0 3525.0 1484.0 3433.0 1484.0 plane 0
3795.0 1234.0 3978.0 1234.0 3978.0 1401.0 3795.0 1401.0 plane 0
4278.0 868.0 4397.0 868.0 4397.0 980.0 4278.0 980.0 plane 0
3150.0 1618.0 3251.0 1618.0 3251.0 1719.0 3150.0 1719.0 plane 0
4145.0 996.0 4241.0 996.0 4241.0 1090.0 4145.0 1090.0 plane 0
4520.0 858.0 4616.0 858.0 4616.0 967.0 4520.0 967.0 plane 0
1957.0 2670.0 2054.0 2670.0 2054.0 2767.0 1957.0 2767.0 plane 0
1330.0 3196.0 1461.0 3196.0 1461.0 3320.0 1330.0 3320.0 plane 0
857.0 3343.0 1028.0 3343.0 1028.0 3512.0 857.0 3512.0 plane 0
2067.0 3304.0 2196.0 3304.0 2196.0 3426.0 2067.0 3426.0 plane 0
369.0 2262.0 464.0 2262.0 464.0 2366.0 369.0 2366.0 plane 0
1076.0 2841.0 1228.0 2841.0 1228.0 3003.0 1076.0 3003.0 plane 0
1501.0 2510.0 1600.0 2510.0 1600.0 2618.0 1501.0 2618.0 plane 0
1676.0 2294.0 1861.0 2294.0 1861.0 2484.0 1676.0 2484.0 plane 0
2545.0 1502.0 2716.0 1502.0 2716.0 1673.0 2545.0 1673.0 plane 0
2247.0 739.0 2338.0 739.0 2338.0 834.0 2247.0 834.0 plane 0
