2862.0 31.0 2943.0 31.0 2943.0 104.0 2862.0 104.0 plane 0
2911.0 125.0 2985.0 125.0 2985.0 201.0 2911.0 201.0 plane 0
1308.0 779.0 1376.0 779.0 1376.0 860.0 1308.0 860.0 plane 0
1220.0 798.0 1291.0 798.0 1291.0 877.0 1220.0 877.0 plane 0
1118.0 775.0 1201.0 775.0 1201.0 862.0 1118.0 862.0 plane 0
1008.0 544.0 1092.0 544.0 1092.0 625.0 1008.0 625.0 plane 0
1362.0 69.0 1448.0 69.0 1448.0 169.0 1362.0 169.0 plane 0
1372.0 311.0 1467.0 311.0 1467.0 411.0 1372.0 411.0 plane 0
991.0 1986.0 1141.0 1986.0 1141.0 2147.0 991.0 2147.0 plane 0
1100.0 1495.0 1230.0 1495.0 1230.0 1625.0 1100.0 1625.0 plane 0
1045.0 1412.0 1130.0 1412.0 1130.0 1495.0 1045.0 1495.0 plane 0
965.0 1355.0 1030.0 1355.0 1030.0 1427.0 965.0 1427.0 plane 0
870.0 1381.0 952.0 1381.0 952.0 1464.0 870.0 1464.0 plane 0
539.0 1457.0 635.0 1457.0 635.0 1546.0 539.0 1546.0 plane 0
416.0 1236.0 507.0 1236.0 507.0 1319.0 416.0 1319.0 plane 0
494.0 1179.0 587.0 1179.0 587.0 1280.0 494.0 1280.0 plane 0
632.0 1101.0 726.0 1101.0 726.0 1201.0 632.0 1201.0 plane 0
794.0 865.0 870.0 865.0 870.0 942.0 794.0 942.0 plane 0
745.0 778.0 841.0 778.0 841.0 875.0 745.0 875.0 plane 0
1284.0 654.0 1366.0 654.0 1366.0 741.0 1284.0 741.0 plane 0
1438.0 704.0 1526.0 704.0 1526.0 789.0 1438.0 789.0 plane 0
1549.0 667.0 1622.0 667.0 1622.0 754.0 1549.0 754.0 plane 0
2156.0 1738.0 2231.0 1738.0 2231.0 1805.0 2156.0 1805.0 plane 0
2960.0 225.0 3034.0 225.0 3034.0 295.0 2960.0 295.0 plane 0
3103.0 505.0 3174.0 505.0 3174.0 575.0 3103.0 575.0 plane 0
2729.0 2368.0 2805.0 2368.0 2805.0 2450.0 2729.0 2450.0 plane 0
1843.0 396.0 1921.0 396.0 1921.0 474.0 1843.0 474.0 plane 0
2949.0 1640.0 3027.0 1640.0 3027.0 1728.0 2949.0 1728.0 plane 0
2264.0 1067.0 2339.0 1067.0 2339.0 1160.0 2264.0 1160.0 plane 0
2202.0 1811.0 2297.0 1811.0 2297.0 1909.0 2202.0 1909.0 plane 0
1852.0 1569.0 1918.0 1569.0 1918.0 1640.0 1852.0 1640.0 plane 0
1638.0 719.0 1758.0 719.0 1758.0 831.0 1638.0 831.0 plane 0
1791.0 1607.0 1854.0 1607.0 1854.0 1675.0 1791.0 1675.0 plane 0
1549.0 1561.0 1710.0 1561.0 1710.0 1728.0 1549.0 1728.0 plane 0
1410.0 1349.0 1497.0 1349.0 1497.0 1434.0 1410.0 1434.0 plane 0
1376.0 1232.0 1448.0 1232.0 1448.0 1304.0 1376.0 1304.0 plane 0
1536.0 1049.0 1612.0 1049.0 1612.0 1130.0 1536.0 1130.0 plane 0
1607.0 1014.0 1681.0 1014.0 1681.0 1092.0 1607.0 1092.0 plane 0
1721.0 874.0 1808.0 874.0 1808.0 968.0 1721.0 968.0 plane 0
544.0 889.0 651.0 889.0 651.0 981.0 544.0 981.0 plane 0
