2664.0 1678.0 2743.0 1678.0 2743.0 1755.0 2664.0 1755.0 plane 0
1528.0 756.0 1603.0 756.0 1603.0 824.0 1528.0 824.0 plane 0
357.0 1750.0 441.0 1750.0 441.0 1832.0 357.0 1832.0 plane 0
324.0 1309.0 471.0 1309.0 471.0 1446.0 324.0 1446.0 plane 0
564.0 1483.0 640.0 1483.0 640.0 1559.0 564.0 1559.0 plane 0
637.0 1531.0 727.0 1531.0 727.0 1620.0 637.0 1620.0 plane 0
714.0 1598.0 797.0 1598.0 797.0 1683.0 714.0 1683.0 plane 0
879.0 1706.0 968.0 1706.0 968.0 1800.0 879.0 1800.0 plane 0
997.0 1733.0 1074.0 1733.0 1074.0 1814.0 997.0 1814.0 plane 0
1091.0 1700.0 1166.0 1700.0 1166.0 1784.0 1091.0 1784.0 plane 0
1181.0 1650.0 1262.0 1650.0 1262.0 1733.0 1181.0 1733.0 plane 0
1360.0 1388.0 1436.0 1388.0 1436.0 1463.0 1360.0 1463.0 plane 0
1228.0 1428.0 1298.0 1428.0 1298.0 1491.0 1228.0 1491.0 plane 0
1368.0 1314.0 1442.0 1314.0 1442.0 1368.0 1368.0 1368.0 plane 0
1321.0 1151.0 1396.0 1151.0 1396.0 1220.0 1321.0 1220.0 plane 0
1289.0 1070.0 1369.0 1070.0 1369.0 1140.0 1289.0 1140.0 plane 0
1260.0 995.0 1332.0 995.0 1332.0 1068.0 1260.0 1068.0 plane 0
1126.0 1014.0 1208.0 1014.0 1208.0 1101.0 1126.0 1101.0 plane 0
1426.0 542.0 1516.0 542.0 1516.0 646.0 1426.0 646.0 plane 0
1295.0 560.0 1369.0 560.0 1369.0 646.0 1295.0 646.0 plane 0
1131.0 683.0 1221.0 683.0 1221.0 777.0 1131.0 777.0 plane 0
1167.0 547.0 1253.0 547.0 1253.0 642.0 1167.0 642.0 plane 0
1104.0 331.0 1182.0 331.0 1182.0 414.0 1104.0 414.0 plane 0
46.0 1889.0 152.0 1889.0 152.0 1994.0 46.0 1994.0 plane 0
1557.0 850.0 1646.0 850.0 1646.0 920.0 1557.0 920.0 plane 0
2702.0 1618.0 2787.0 1618.0 2787.0 1699.0 2702.0 1699.0 plane 0
1588.0 948.0 1671.0 948.0 1671.0 1020.0 1588.0 1020.0 plane 0
1754.0 420.0 1845.0 420.0 1845.0 510.0 1754.0 510.0 plane 0
1808.0 474.0 1918.0 474.0 1918.0 576.0 1808.0 576.0 plane 0
2558.0 728.0 2646.0 728.0 2646.0 816.0 2558.0 816.0 plane 0
2288.0 286.0 2378.0 286.0 2378.0 379.0 2288.0 379.0 plane 0
2191.0 1794.0 2269.0 1794.0 2269.0 1863.0 2191.0 1863.0 plane 0
1940.0 2170.0 2026.0 2170.0 2026.0 2258.0 1940.0 2258.0 plane 0
1638.0 2314.0 1728.0 2314.0 1728.0 2406.0 1638.0 2406.0 plane 0
1491.0 2207.0 1566.0 2207.0 1566.0 2284.0 1491.0 2284.0 plane 0
1406.0 1912.0 1474.0 1912.0 1474.0 1986.0 1406.0 1986.0 plane 0
1528.0 1714.0 1621.0 1714.0 1621.0 1806.0 1528.0 1806.0 plane 0
1598.0 1643.0 1691.0 1643.0 1691.0 1733.0 1598.0 1733.0 plane 0
1678.0 1591.0 1756.0 1591.0 1756.0 1672.0 1678.0 1672.0 plane 0
1913.0 1597.0 1985.0 1597.0 1985.0 1678.0 1913.0 1678.0 plane 0
1995.0 1611.0 2062.0 1611.0 2062.0 1683.0 1995.0 1683.0 plane 0
2065.0 1625.0 2136.0 1625.0 2136.0 1700.0 2065.0 1700.0 plane 0
2135.0 1641.0 2212.0 1641.0 2212.0 1719.0 2135.0 1719.0 plane 0
2480.0 1450.0 2552.0 1450.0 2552.0 1520.0 2480.0 1520.0 plane 0
2288.0 1288.0 2359.0 1288.0 2359.0 1363.0 2288.0 1363.0 plane 0
2191.0 1295.0 2256.0 1295.0 2256.0 1368.0 2191.0 1368.0 plane 0
1985.0 1263.0 2060.0 1263.0 2060.0 1349.0 1985.0 1349.0 plane 0
1603.0 1043.0 1721.0 1043.0 1721.0 1154.0 1603.0 1154.0 plane 0
961.0 511.0 1046.0 511.0 1046.0 595.0 961.0 595.0 plane 0
