1401.0 1330.0 1738.0 1330.0 1738.0 1795.0 1401.0 1795.0 soccer-ball-field 0
1344.0 1171.0 1768.0 1171.0 1768.0 1930.0 1344.0 1930.0 ground-track-field 0
209.0 886.0 277.0 886.0 277.0 992.0 209.0 992.0 tennis-court 0
126.0 873.0 192.0 873.0 192.0 982.0 126.0 982.0 tennis-court 1
232.0 724.0 297.0 724.0 297.0 831.0 232.0 831.0 tennis-court 0
148.0 712.0 212.0 712.0 212.0 818.0 148.0 818.0 tennis-court 0
246.0 558.0 306.0 558.0 306.0 670.0 246.0 670.0 tennis-court 0
317.0 420.0 377.0 420.0 377.0 523.0 317.0 523.0 tennis-court 0
239.0 406.0 301.0 406.0 301.0 515.0 239.0 515.0 tennis-court 0
167.0 398.0 232.0 398.0 232.0 506.0 167.0 506.0 tennis-court 0
680.0 1086.0 1082.0 1086.0 1082.0 1590.0 680.0 1590.0 soccer-ball-field 0
