992.0 1894.0 1039.0 1894.0 1039.0 1934.0 992.0 1934.0 small-vehicle 0
464.0 1946.0 500.0 1946.0 500.0 1976.0 464.0 1976.0 small-vehicle 1
847.0 603.0 1067.0 603.0 1067.0 797.0 847.0 797.0 tennis-court 0
929.0 474.0 1158.0 474.0 1158.0 675.0 929.0 675.0 tennis-court 0
1010.0 369.0 1234.0 369.0 1234.0 562.0 1010.0 562.0 tennis-court 0
1086.0 259.0 1310.0 259.0 1310.0 456.0 1086.0 456.0 tennis-court 0
1094.0 782.0 1316.0 782.0 1316.0 978.0 1094.0 978.0 tennis-court 0
291.0 1822.0 334.0 1822.0 334.0 1858.0 291.0 1858.0 large-vehicle 0
312.0 1839.0 352.0 1839.0 352.0 1869.0 312.0 1869.0 small-vehicle 0
338.0 1850.0 375.0 1850.0 375.0 1881.0 338.0 1881.0 small-vehicle 0
357.0 1867.0 389.0 1867.0 389.0 1893.0 357.0 1893.0 small-vehicle 0
392.0 1888.0 432.0 1888.0 432.0 1923.0 392.0 1923.0 small-vehicle 0
448.0 1931.0 484.0 1931.0 484.0 1960.0 448.0 1960.0 small-vehicle 0
425.0 1918.0 464.0 1918.0 464.0 1951.0 425.0 1951.0 small-vehicle 1
1568.0 754.0 1607.0 754.0 1607.0 789.0 1568.0 789.0 small-vehicle 0
401.0 1903.0 446.0 1903.0 446.0 1939.0 401.0 1939.0 small-vehicle 1
1109.0 1874.0 1139.0 1874.0 1139.0 1912.0 1109.0 1912.0 small-vehicle 0
1285.0 1955.0 1322.0 1955.0 1322.0 1996.0 1285.0 1996.0 small-vehicle 0
1453.0 1805.0 1503.0 1805.0 1503.0 1861.0 1453.0 1861.0 large-vehicle 0
1436.0 1890.0 1467.0 1890.0 1467.0 1925.0 1436.0 1925.0 small-vehicle 0
1265.0 1622.0 1322.0 1622.0 1322.0 1689.0 1265.0 1689.0 large-vehicle 0
1283.0 1498.0 1322.0 1498.0 1322.0 1531.0 1283.0 1531.0 small-vehicle 0
1518.0 1156.0 1558.0 1156.0 1558.0 1189.0 1518.0 1189.0 small-vehicle 0
1471.0 869.0 1516.0 869.0 1516.0 901.0 1471.0 901.0 small-vehicle 0
1526.0 812.0 1566.0 812.0 1566.0 846.0 1526.0 846.0 small-vehicle 0
1547.0 779.0 1588.0 779.0 1588.0 815.0 1547.0 815.0 small-vehicle 0
251.0 779.0 1289.0 779.0 1289.0 1872.0 251.0 1872.0 soccer-ball-field 0
