1266.0 669.0 1278.0 669.0 1278.0 690.0 1266.0 690.0 small-vehicle 1
210.0 1238.0 268.0 1238.0 268.0 1341.0 210.0 1341.0 tennis-court 0
571.0 551.0 1004.0 551.0 1004.0 882.0 571.0 882.0 soccer-ball-field 0
545.0 1460.0 605.0 1460.0 605.0 1565.0 545.0 1565.0 tennis-court 0
473.0 1471.0 531.0 1471.0 531.0 1571.0 473.0 1571.0 tennis-court 0
375.0 1396.0 431.0 1396.0 431.0 1500.0 375.0 1500.0 tennis-court 0
306.0 1405.0 362.0 1405.0 362.0 1508.0 306.0 1508.0 tennis-court 0
236.0 1411.0 292.0 1411.0 292.0 1516.0 236.0 1516.0 tennis-court 0
273.0 1000.0 332.0 1000.0 332.0 1103.0 273.0 1103.0 tennis-court 0
282.0 1229.0 339.0 1229.0 339.0 1333.0 282.0 1333.0 tennis-court 0
114.0 1248.0 173.0 1248.0 173.0 1350.0 114.0 1350.0 tennis-court 0
1296.0 860.0 1314.0 860.0 1314.0 887.0 1296.0 887.0 small-vehicle 0
41.0 1254.0 101.0 1254.0 101.0 1360.0 41.0 1360.0 tennis-court 0
144.0 609.0 201.0 609.0 201.0 715.0 144.0 715.0 tennis-court 0
67.0 791.0 122.0 791.0 122.0 894.0 67.0 894.0 tennis-court 0
161.0 780.0 219.0 780.0 219.0 883.0 161.0 883.0 tennis-court 0
232.0 772.0 291.0 772.0 291.0 878.0 232.0 878.0 tennis-court 0
1241.0 2366.0 1637.0 2366.0 1637.0 2631.0 1241.0 2631.0 ship 0
12.0 2013.0 79.0 2013.0 79.0 2041.0 12.0 2041.0 ship 0
217.0 2441.0 644.0 2441.0 644.0 2616.0 217.0 2616.0 ship 0
879.0 1096.0 978.0 1096.0 978.0 1201.0 879.0 1201.0 tennis-court 0
941.0 1050.0 1038.0 1050.0 1038.0 1157.0 941.0 1157.0 tennis-court 0
1002.0 1006.0 1098.0 1006.0 1098.0 1113.0 1002.0 1113.0 tennis-court 0
1063.0 960.0 1161.0 960.0 1161.0 1070.0 1063.0 1070.0 tennis-court 1
1434.0 1219.0 1452.0 1219.0 1452.0 1242.0 1434.0 1242.0 small-vehicle 0
1488.0 1324.0 1507.0 1324.0 1507.0 1346.0 1488.0 1346.0 small-vehicle 0
1570.0 1432.0 1590.0 1432.0 1590.0 1454.0 1570.0 1454.0 small-vehicle 0
1519.0 1402.0 1537.0 1402.0 1537.0 1423.0 1519.0 1423.0 small-vehicle 0
1316.0 978.0 1333.0 978.0 1333.0 1005.0 1316.0 1005.0 small-vehicle 0
1257.0 561.0 1275.0 561.0 1275.0 595.0 1257.0 595.0 large-vehicle 0
877.0 391.0 936.0 391.0 936.0 494.0 877.0 494.0 tennis-court 0
801.0 401.0 861.0 401.0 861.0 505.0 801.0 505.0 tennis-court 0
778.0 240.0 837.0 240.0 837.0 344.0 778.0 344.0 tennis-court 0
754.0 90.0 816.0 90.0 816.0 195.0 754.0 195.0 tennis-court 0
161.0 1.0 492.0 1.0 492.0 460.0 161.0 460.0 soccer-ball-field 1
446.0 998.0 490.0 998.0 490.0 1083.0 446.0 1083.0 swimming-pool 0
771.0 2213.0 1041.0 2213.0 1041.0 2326.0 771.0 2326.0 ship 0
1050.0 1551.0 1148.0 1551.0 1148.0 1655.0 1050.0 1655.0 tennis-court 0
997.0 1199.0 1095.0 1199.0 1095.0 1308.0 997.0 1308.0 tennis-court 0
1057.0 1157.0 1154.0 1157.0 1154.0 1262.0 1057.0 1262.0 tennis-court 0
936.0 1245.0 1030.0 1245.0 1030.0 1351.0 936.0 1351.0 tennis-court 0
252.0 2053.0 675.0 2053.0 675.0 2228.0 252.0 2228.0 ship 0
