878.0 299.0 997.0 299.0 997.0 505.0 878.0 505.0 tennis-court 0
657.0 320.0 772.0 320.0 772.0 526.0 657.0 526.0 tennis-court 0
495.0 347.0 614.0 347.0 614.0 549.0 495.0 549.0 tennis-court 0
706.0 679.0 831.0 679.0 831.0 870.0 706.0 870.0 tennis-court 1
546.0 677.0 657.0 677.0 657.0 878.0 546.0 878.0 tennis-court 0
402.0 697.0 515.0 697.0 515.0 899.0 402.0 899.0 tennis-court 0
256.0 719.0 372.0 719.0 372.0 923.0 256.0 923.0 tennis-court 0
99.0 740.0 216.0 740.0 216.0 944.0 99.0 944.0 tennis-court 0
1.0 1181.0 201.0 1181.0 201.0 1552.0 1.0 1552.0 soccer-ball-field 0
159.0 1159.0 383.0 1159.0 383.0 1528.0 159.0 1528.0 basketball-court 0
808.0 930.0 1615.0 930.0 1615.0 2338.0 808.0 2338.0 ground-track-field 0
927.0 1209.0 1589.0 1209.0 1589.0 2118.0 927.0 2118.0 soccer-ball-field 0
