894.0 1991.0 955.0 1991.0 955.0 2022.0 894.0 2022.0 large-vehicle 1
783.0 2434.0 815.0 2434.0 815.0 2451.0 783.0 2451.0 ship 0
773.0 2387.0 817.0 2387.0 817.0 2408.0 773.0 2408.0 ship 0
827.0 2442.0 886.0 2442.0 886.0 2461.0 827.0 2461.0 ship 0
826.0 2424.0 886.0 2424.0 886.0 2443.0 826.0 2443.0 ship 0
827.0 2400.0 883.0 2400.0 883.0 2421.0 827.0 2421.0 ship 0
821.0 2383.0 874.0 2383.0 874.0 2401.0 821.0 2401.0 ship 0
825.0 2365.0 891.0 2365.0 891.0 2385.0 825.0 2385.0 ship 0
823.0 2344.0 877.0 2344.0 877.0 2363.0 823.0 2363.0 ship 0
772.0 2375.0 814.0 2375.0 814.0 2390.0 772.0 2390.0 ship 0
772.0 2362.0 812.0 2362.0 812.0 2376.0 772.0 2376.0 ship 0
776.0 2345.0 815.0 2345.0 815.0 2360.0 776.0 2360.0 ship 0
811.0 2338.0 829.0 2338.0 829.0 2533.0 811.0 2533.0 harbor 0
628.0 2371.0 663.0 2371.0 663.0 2393.0 628.0 2393.0 ship 0
704.0 2508.0 776.0 2508.0 776.0 2533.0 704.0 2533.0 ship 0
690.0 2450.0 716.0 2450.0 716.0 2521.0 690.0 2521.0 ship 0
687.0 2383.0 720.0 2383.0 720.0 2454.0 687.0 2454.0 ship 0
688.0 2332.0 709.0 2332.0 709.0 2372.0 688.0 2372.0 ship 0
689.0 2273.0 714.0 2273.0 714.0 2330.0 689.0 2330.0 ship 0
710.0 2273.0 748.0 2273.0 748.0 2289.0 710.0 2289.0 ship 0
751.0 2266.0 822.0 2266.0 822.0 2305.0 751.0 2305.0 ship 0
829.0 2273.0 898.0 2273.0 898.0 2299.0 829.0 2299.0 ship 0
902.0 2273.0 961.0 2273.0 961.0 2296.0 902.0 2296.0 ship 0
966.0 2272.0 1030.0 2272.0 1030.0 2299.0 966.0 2299.0 ship 0
1029.0 2272.0 1090.0 2272.0 1090.0 2297.0 1029.0 2297.0 ship 0
1154.0 2265.0 1202.0 2265.0 1202.0 2286.0 1154.0 2286.0 ship 0
1200.0 2244.0 1262.0 2244.0 1262.0 2287.0 1200.0 2287.0 ship 0
1267.0 2132.0 1332.0 2132.0 1332.0 2249.0 1267.0 2249.0 ship 0
1045.0 1951.0 1081.0 1951.0 1081.0 2007.0 1045.0 2007.0 ship 0
776.0 2421.0 815.0 2421.0 815.0 2435.0 776.0 2435.0 ship 0
777.0 2450.0 814.0 2450.0 814.0 2467.0 777.0 2467.0 ship 0
900.0 1957.0 961.0 1957.0 961.0 1986.0 900.0 1986.0 large-vehicle 1
770.0 2467.0 814.0 2467.0 814.0 2486.0 770.0 2486.0 ship 0
1001.0 2335.0 1021.0 2335.0 1021.0 2534.0 1001.0 2534.0 harbor 0
946.0 2513.0 1006.0 2513.0 1006.0 2532.0 946.0 2532.0 ship 0
1023.0 2516.0 1070.0 2516.0 1070.0 2533.0 1023.0 2533.0 ship 0
943.0 2499.0 1004.0 2499.0 1004.0 2518.0 943.0 2518.0 ship 0
949.0 2483.0 1005.0 2483.0 1005.0 2499.0 949.0 2499.0 ship 0
950.0 2466.0 1005.0 2466.0 1005.0 2482.0 950.0 2482.0 ship 0
953.0 2450.0 1005.0 2450.0 1005.0 2466.0 953.0 2466.0 ship 0
955.0 2433.0 1005.0 2433.0 1005.0 2451.0 955.0 2451.0 ship 0
966.0 2414.0 1004.0 2414.0 1004.0 2431.0 966.0 2431.0 ship 0
960.0 2396.0 1004.0 2396.0 1004.0 2415.0 960.0 2415.0 ship 0
963.0 2379.0 1005.0 2379.0 1005.0 2396.0 963.0 2396.0 ship 0
1018.0 2497.0 1066.0 2497.0 1066.0 2516.0 1018.0 2516.0 ship 0
1014.0 2479.0 1057.0 2479.0 1057.0 2497.0 1014.0 2497.0 ship 0
1017.0 2459.0 1078.0 2459.0 1078.0 2481.0 1017.0 2481.0 ship 0
1015.0 2443.0 1065.0 2443.0 1065.0 2462.0 1015.0 2462.0 ship 0
1019.0 2404.0 1065.0 2404.0 1065.0 2423.0 1019.0 2423.0 ship 0
1018.0 2384.0 1075.0 2384.0 1075.0 2406.0 1018.0 2406.0 ship 0
1019.0 2361.0 1081.0 2361.0 1081.0 2382.0 1019.0 2382.0 ship 0
1014.0 2344.0 1065.0 2344.0 1065.0 2361.0 1014.0 2361.0 ship 0
963.0 2346.0 1004.0 2346.0 1004.0 2362.0 963.0 2362.0 ship 0
774.0 2499.0 814.0 2499.0 814.0 2515.0 774.0 2515.0 ship 0
776.0 2484.0 816.0 2484.0 816.0 2499.0 776.0 2499.0 ship 0
771.0 2516.0 812.0 2516.0 812.0 2533.0 771.0 2533.0 ship 0
829.0 2516.0 890.0 2516.0 890.0 2532.0 829.0 2532.0 ship 0
828.0 2497.0 874.0 2497.0 874.0 2516.0 828.0 2516.0 ship 0
828.0 2480.0 874.0 2480.0 874.0 2498.0 828.0 2498.0 ship 0
829.0 2462.0 875.0 2462.0 875.0 2478.0 829.0 2478.0 ship 0
1396.0 1683.0 1434.0 1683.0 1434.0 1752.0 1396.0 1752.0 ship 0
1561.0 1689.0 1578.0 1689.0 1578.0 1714.0 1561.0 1714.0 ship 0
1113.0 1618.0 1153.0 1618.0 1153.0 1679.0 1113.0 1679.0 ship 0
1127.0 1546.0 1176.0 1546.0 1176.0 1622.0 1127.0 1622.0 ship 0
1638.0 1389.0 1656.0 1389.0 1656.0 1421.0 1638.0 1421.0 ship 0
1649.0 1237.0 1669.0 1237.0 1669.0 1282.0 1649.0 1282.0 ship 0
1511.0 1509.0 1542.0 1509.0 1542.0 1552.0 1511.0 1552.0 ship 0
1533.0 1486.0 1579.0 1486.0 1579.0 1512.0 1533.0 1512.0 ship 0
1540.0 1468.0 1584.0 1468.0 1584.0 1498.0 1540.0 1498.0 ship 0
1572.0 1419.0 1631.0 1419.0 1631.0 1457.0 1572.0 1457.0 ship 0
1484.0 1521.0 1505.0 1521.0 1505.0 1549.0 1484.0 1549.0 ship 0
1498.0 1431.0 1543.0 1431.0 1543.0 1494.0 1498.0 1494.0 ship 0
1486.0 1435.0 1519.0 1435.0 1519.0 1477.0 1486.0 1477.0 ship 0
1529.0 1408.0 1546.0 1408.0 1546.0 1433.0 1529.0 1433.0 ship 0
1476.0 1380.0 1531.0 1380.0 1531.0 1415.0 1476.0 1415.0 ship 0
1434.0 1363.0 1478.0 1363.0 1478.0 1388.0 1434.0 1388.0 ship 0
1362.0 1332.0 1438.0 1332.0 1438.0 1387.0 1362.0 1387.0 ship 0
1297.0 1303.0 1362.0 1303.0 1362.0 1346.0 1297.0 1346.0 ship 0
1238.0 1284.0 1297.0 1284.0 1297.0 1322.0 1238.0 1322.0 ship 0
1175.0 1258.0 1245.0 1258.0 1245.0 1308.0 1175.0 1308.0 ship 0
1565.0 1080.0 1582.0 1080.0 1582.0 1119.0 1565.0 1119.0 ship 0
2588.0 669.0 2607.0 669.0 2607.0 687.0 2588.0 687.0 storage-tank 0
2461.0 696.0 2478.0 696.0 2478.0 715.0 2461.0 715.0 storage-tank 0
1948.0 1425.0 1965.0 1425.0 1965.0 1454.0 1948.0 1454.0 ship 0
2011.0 1320.0 2036.0 1320.0 2036.0 1360.0 2011.0 1360.0 ship 0
1481.0 1098.0 1501.0 1098.0 1501.0 1129.0 1481.0 1129.0 ship 0
1542.0 1143.0 1565.0 1143.0 1565.0 1189.0 1542.0 1189.0 ship 0
376.0 2154.0 441.0 2154.0 441.0 2178.0 376.0 2178.0 large-vehicle 0
311.0 1669.0 329.0 1669.0 329.0 1683.0 311.0 1683.0 storage-tank 0
312.0 1654.0 329.0 1654.0 329.0 1669.0 312.0 1669.0 storage-tank 0
319.0 1636.0 337.0 1636.0 337.0 1649.0 319.0 1649.0 storage-tank 0
1709.0 1475.0 1745.0 1475.0 1745.0 1501.0 1709.0 1501.0 ship 0
1737.0 1515.0 1764.0 1515.0 1764.0 1553.0 1737.0 1553.0 ship 0
1763.0 1458.0 1790.0 1458.0 1790.0 1503.0 1763.0 1503.0 ship 0
2383.0 1554.0 2456.0 1554.0 2456.0 1580.0 2383.0 1580.0 bridge 0
1039.0 1637.0 1113.0 1637.0 1113.0 1688.0 1039.0 1688.0 ship 0
971.0 1617.0 1040.0 1617.0 1040.0 1664.0 971.0 1664.0 ship 0
900.0 1600.0 973.0 1600.0 973.0 1644.0 900.0 1644.0 ship 0
910.0 1529.0 962.0 1529.0 962.0 1595.0 910.0 1595.0 ship 0
948.0 1471.0 996.0 1471.0 996.0 1529.0 948.0 1529.0 ship 0
982.0 1409.0 1032.0 1409.0 1032.0 1470.0 982.0 1470.0 ship 0
1029.0 1373.0 1070.0 1373.0 1070.0 1428.0 1029.0 1428.0 ship 0
1013.0 1360.0 1056.0 1360.0 1056.0 1414.0 1013.0 1414.0 ship 0
1068.0 1322.0 1115.0 1322.0 1115.0 1381.0 1068.0 1381.0 ship 0
1043.0 1302.0 1101.0 1302.0 1101.0 1367.0 1043.0 1367.0 ship 0
1491.0 1407.0 1568.0 1407.0 1568.0 1560.0 1491.0 1560.0 harbor 0
2233.0 2961.0 2439.0 2961.0 2439.0 3202.0 2233.0 3202.0 harbor 0
1971.0 1471.0 2043.0 1471.0 2043.0 1497.0 1971.0 1497.0 bridge 0
1771.0 1509.0 1794.0 1509.0 1794.0 1545.0 1771.0 1545.0 ship 0
1555.0 1693.0 1782.0 1693.0 1782.0 1746.0 1555.0 1746.0 harbor 0
1720.0 1722.0 1794.0 1722.0 1794.0 1749.0 1720.0 1749.0 ship 0
1714.0 1655.0 1734.0 1655.0 1734.0 1700.0 1714.0 1700.0 ship 0
1602.0 1670.0 1625.0 1670.0 1625.0 1713.0 1602.0 1713.0 ship 0
1787.0 1645.0 1811.0 1645.0 1811.0 1686.0 1787.0 1686.0 ship 0
1639.0 1728.0 1715.0 1728.0 1715.0 1760.0 1639.0 1760.0 ship 0
1630.0 1653.0 1651.0 1653.0 1651.0 1708.0 1630.0 1708.0 ship 0
1678.0 1664.0 1699.0 1664.0 1699.0 1702.0 1678.0 1702.0 ship 0
1759.0 1657.0 1778.0 1657.0 1778.0 1694.0 1759.0 1694.0 ship 0
1753.0 1616.0 1770.0 1616.0 1770.0 1651.0 1753.0 1651.0 ship 0
1778.0 1558.0 1804.0 1558.0 1804.0 1605.0 1778.0 1605.0 ship 0
1742.0 1563.0 1769.0 1563.0 1769.0 1613.0 1742.0 1613.0 ship 0
1139.0 2437.0 1203.0 2437.0 1203.0 2465.0 1139.0 2465.0 ship 0
1129.0 2467.0 1165.0 2467.0 1165.0 2528.0 1129.0 2528.0 ship 0
1193.0 2401.0 1254.0 2401.0 1254.0 2470.0 1193.0 2470.0 ship 0
1637.0 2705.0 1692.0 2705.0 1692.0 2737.0 1637.0 2737.0 ship 0
1899.0 2776.0 1947.0 2776.0 1947.0 2811.0 1899.0 2811.0 ship 0
1717.0 2755.0 1988.0 2755.0 1988.0 3124.0 1717.0 3124.0 harbor 0
1575.0 3004.0 1625.0 3004.0 1625.0 3043.0 1575.0 3043.0 ship 0
1584.0 2988.0 1622.0 2988.0 1622.0 3016.0 1584.0 3016.0 ship 1
1521.0 2965.0 1576.0 2965.0 1576.0 3007.0 1521.0 3007.0 ship 0
1596.0 2963.0 1641.0 2963.0 1641.0 2991.0 1596.0 2991.0 ship 0
1601.0 2946.0 1646.0 2946.0 1646.0 2976.0 1601.0 2976.0 ship 0
1558.0 2926.0 1591.0 2926.0 1591.0 2952.0 1558.0 2952.0 ship 1
1571.0 2904.0 1605.0 2904.0 1605.0 2926.0 1571.0 2926.0 ship 1
1570.0 2888.0 1610.0 2888.0 1610.0 2910.0 1570.0 2910.0 ship 0
1571.0 2867.0 1615.0 2867.0 1615.0 2897.0 1571.0 2897.0 ship 0
1626.0 2895.0 1674.0 2895.0 1674.0 2926.0 1626.0 2926.0 ship 0
1632.0 2878.0 1676.0 2878.0 1676.0 2907.0 1632.0 2907.0 ship 0
1587.0 2840.0 1627.0 2840.0 1627.0 2869.0 1587.0 2869.0 ship 0
1592.0 2832.0 1632.0 2832.0 1632.0 2857.0 1592.0 2857.0 ship 0
1647.0 2852.0 1688.0 2852.0 1688.0 2877.0 1647.0 2877.0 ship 0
1597.0 2817.0 1639.0 2817.0 1639.0 2846.0 1597.0 2846.0 ship 0
1651.0 2833.0 1707.0 2833.0 1707.0 2867.0 1651.0 2867.0 ship 0
1606.0 2802.0 1645.0 2802.0 1645.0 2830.0 1606.0 2830.0 ship 1
1662.0 2815.0 1711.0 2815.0 1711.0 2849.0 1662.0 2849.0 ship 0
1610.0 2786.0 1651.0 2786.0 1651.0 2814.0 1610.0 2814.0 ship 1
1607.0 2767.0 1660.0 2767.0 1660.0 2802.0 1607.0 2802.0 ship 0
1615.0 2751.0 1665.0 2751.0 1665.0 2785.0 1615.0 2785.0 ship 0
1682.0 2769.0 1736.0 2769.0 1736.0 2803.0 1682.0 2803.0 ship 0
1691.0 2746.0 1749.0 2746.0 1749.0 2782.0 1691.0 2782.0 ship 0
1697.0 2727.0 1750.0 2727.0 1750.0 2757.0 1697.0 2757.0 ship 0
1707.0 2709.0 1755.0 2709.0 1755.0 2739.0 1707.0 2739.0 ship 0
1956.0 2784.0 2030.0 2784.0 2030.0 2841.0 1956.0 2841.0 ship 0
1913.0 2855.0 1966.0 2855.0 1966.0 2901.0 1913.0 2901.0 ship 0
1870.0 2829.0 1910.0 2829.0 1910.0 2863.0 1870.0 2863.0 ship 0
1732.0 3107.0 1779.0 3107.0 1779.0 3146.0 1732.0 3146.0 ship 0
713.0 1895.0 778.0 1895.0 778.0 1916.0 713.0 1916.0 large-vehicle 1
771.0 1916.0 828.0 1916.0 828.0 1959.0 771.0 1959.0 large-vehicle 1
808.0 2625.0 827.0 2625.0 827.0 2670.0 808.0 2670.0 ship 0
1097.0 3075.0 1112.0 3075.0 1112.0 3103.0 1097.0 3103.0 ship 0
1067.0 3086.0 1091.0 3086.0 1091.0 3120.0 1067.0 3120.0 ship 0
2067.0 2612.0 2099.0 2612.0 2099.0 2637.0 2067.0 2637.0 ship 0
1922.0 3161.0 1950.0 3161.0 1950.0 3187.0 1922.0 3187.0 ship 0
1898.0 3155.0 1927.0 3155.0 1927.0 3181.0 1898.0 3181.0 ship 0
1957.0 3121.0 1985.0 3121.0 1985.0 3150.0 1957.0 3150.0 ship 1
1949.0 3091.0 1979.0 3091.0 1979.0 3126.0 1949.0 3126.0 ship 0
1899.0 3204.0 1914.0 3204.0 1914.0 3232.0 1899.0 3232.0 ship 1
1682.0 3074.0 1727.0 3074.0 1727.0 3112.0 1682.0 3112.0 ship 0
1742.0 3094.0 1780.0 3094.0 1780.0 3126.0 1742.0 3126.0 ship 0
1835.0 2856.0 1887.0 2856.0 1887.0 2897.0 1835.0 2897.0 ship 0
1710.0 3052.0 1748.0 3052.0 1748.0 3083.0 1710.0 3083.0 ship 0
1729.0 3035.0 1762.0 3035.0 1762.0 3061.0 1729.0 3061.0 ship 1
1738.0 3024.0 1770.0 3024.0 1770.0 3051.0 1738.0 3051.0 ship 0
1746.0 3013.0 1779.0 3013.0 1779.0 3040.0 1746.0 3040.0 ship 0
1748.0 2996.0 1789.0 2996.0 1789.0 3028.0 1748.0 3028.0 ship 1
1760.0 2984.0 1797.0 2984.0 1797.0 3015.0 1760.0 3015.0 ship 0
1795.0 3020.0 1836.0 3020.0 1836.0 3053.0 1795.0 3053.0 ship 0
1806.0 3008.0 1853.0 3008.0 1853.0 3044.0 1806.0 3044.0 ship 1
1814.0 2992.0 1856.0 2992.0 1856.0 3028.0 1814.0 3028.0 ship 0
1771.0 2952.0 1819.0 2952.0 1819.0 2988.0 1771.0 2988.0 ship 1
1798.0 2897.0 1853.0 2897.0 1853.0 2942.0 1798.0 2942.0 ship 0
1846.0 2938.0 1895.0 2938.0 1895.0 2985.0 1846.0 2985.0 ship 0
1714.0 2680.0 1781.0 2680.0 1781.0 2726.0 1714.0 2726.0 ship 1
1651.0 2683.0 1696.0 2683.0 1696.0 2718.0 1651.0 2718.0 ship 0
1209.0 2482.0 1269.0 2482.0 1269.0 2508.0 1209.0 2508.0 ship 0
1669.0 2656.0 1711.0 2656.0 1711.0 2686.0 1669.0 2686.0 ship 0
1483.0 2616.0 1532.0 2616.0 1532.0 2644.0 1483.0 2644.0 ship 0
1413.0 2657.0 1459.0 2657.0 1459.0 2680.0 1413.0 2680.0 ship 1
1428.0 2642.0 1462.0 2642.0 1462.0 2665.0 1428.0 2665.0 ship 1
1422.0 2626.0 1466.0 2626.0 1466.0 2650.0 1422.0 2650.0 ship 0
1417.0 2604.0 1470.0 2604.0 1470.0 2633.0 1417.0 2633.0 ship 0
1622.0 2538.0 1661.0 2538.0 1661.0 2584.0 1622.0 2584.0 ship 0
1488.0 2591.0 1546.0 2591.0 1546.0 2625.0 1488.0 2625.0 ship 0
1433.0 2592.0 1474.0 2592.0 1474.0 2615.0 1433.0 2615.0 ship 1
1414.0 2569.0 1479.0 2569.0 1479.0 2597.0 1414.0 2597.0 ship 0
1433.0 2553.0 1483.0 2553.0 1483.0 2579.0 1433.0 2579.0 ship 0
1422.0 2533.0 1486.0 2533.0 1486.0 2561.0 1422.0 2561.0 ship 0
1503.0 2539.0 1562.0 2539.0 1562.0 2564.0 1503.0 2564.0 ship 0
1443.0 2514.0 1492.0 2514.0 1492.0 2539.0 1443.0 2539.0 ship 0
1425.0 2489.0 1498.0 2489.0 1498.0 2522.0 1425.0 2522.0 ship 0
1447.0 2470.0 1502.0 2470.0 1502.0 2499.0 1447.0 2499.0 ship 1
1506.0 2518.0 1567.0 2518.0 1567.0 2551.0 1506.0 2551.0 ship 0
1511.0 2500.0 1573.0 2500.0 1573.0 2528.0 1511.0 2528.0 ship 0
1401.0 2470.0 1521.0 2470.0 1521.0 2916.0 1401.0 2916.0 harbor 0
1517.0 2480.0 1559.0 2480.0 1559.0 2501.0 1517.0 2501.0 ship 0
1870.0 3049.0 2034.0 3049.0 2034.0 3228.0 1870.0 3228.0 harbor 0
1561.0 2595.0 1764.0 2595.0 1764.0 3022.0 1561.0 3022.0 harbor 0
1308.0 2840.0 1369.0 2840.0 1369.0 2889.0 1308.0 2889.0 ship 0
1270.0 2818.0 1317.0 2818.0 1317.0 2858.0 1270.0 2858.0 ship 0
1203.0 2569.0 1263.0 2569.0 1263.0 2595.0 1203.0 2595.0 ship 0
1206.0 2550.0 1272.0 2550.0 1272.0 2573.0 1206.0 2573.0 ship 0
1205.0 2527.0 1266.0 2527.0 1266.0 2554.0 1205.0 2554.0 ship 0
1208.0 2505.0 1267.0 2505.0 1267.0 2529.0 1208.0 2529.0 ship 0
1479.0 2633.0 1533.0 2633.0 1533.0 2665.0 1479.0 2665.0 ship 0
1473.0 2652.0 1523.0 2652.0 1523.0 2680.0 1473.0 2680.0 ship 0
1471.0 2669.0 1518.0 2669.0 1518.0 2697.0 1471.0 2697.0 ship 0
1380.0 2829.0 1417.0 2829.0 1417.0 2852.0 1380.0 2852.0 ship 0
1730.0 2644.0 1792.0 2644.0 1792.0 2685.0 1730.0 2685.0 ship 1
1742.0 2627.0 1793.0 2627.0 1793.0 2660.0 1742.0 2660.0 ship 0
1666.0 2635.0 1717.0 2635.0 1717.0 2667.0 1666.0 2667.0 ship 0
1751.0 2605.0 1824.0 2605.0 1824.0 2652.0 1751.0 2652.0 ship 0
1672.0 2613.0 1728.0 2613.0 1728.0 2650.0 1672.0 2650.0 ship 0
1737.0 2582.0 1771.0 2582.0 1771.0 2602.0 1737.0 2602.0 ship 0
1415.0 2906.0 1460.0 2906.0 1460.0 2935.0 1415.0 2935.0 ship 0
1421.0 2887.0 1457.0 2887.0 1457.0 2910.0 1421.0 2910.0 ship 1
1424.0 2873.0 1463.0 2873.0 1463.0 2897.0 1424.0 2897.0 ship 1
1427.0 2859.0 1469.0 2859.0 1469.0 2882.0 1427.0 2882.0 ship 1
1431.0 2844.0 1469.0 2844.0 1469.0 2867.0 1431.0 2867.0 ship 1
1433.0 2827.0 1477.0 2827.0 1477.0 2855.0 1433.0 2855.0 ship 1
1383.0 2820.0 1421.0 2820.0 1421.0 2840.0 1383.0 2840.0 ship 1
1467.0 2686.0 1515.0 2686.0 1515.0 2715.0 1467.0 2715.0 ship 0
1387.0 2808.0 1424.0 2808.0 1424.0 2828.0 1387.0 2828.0 ship 0
1388.0 2794.0 1426.0 2794.0 1426.0 2814.0 1388.0 2814.0 ship 0
1441.0 2795.0 1494.0 2795.0 1494.0 2824.0 1441.0 2824.0 ship 1
1388.0 2777.0 1430.0 2777.0 1430.0 2800.0 1388.0 2800.0 ship 0
1389.0 2763.0 1433.0 2763.0 1433.0 2784.0 1389.0 2784.0 ship 0
1451.0 2755.0 1502.0 2755.0 1502.0 2791.0 1451.0 2791.0 ship 0
1400.0 2733.0 1441.0 2733.0 1441.0 2758.0 1400.0 2758.0 ship 1
1400.0 2717.0 1445.0 2717.0 1445.0 2741.0 1400.0 2741.0 ship 0
1403.0 2701.0 1447.0 2701.0 1447.0 2726.0 1403.0 2726.0 ship 0
1408.0 2685.0 1452.0 2685.0 1452.0 2711.0 1408.0 2711.0 ship 1
1457.0 2721.0 1512.0 2721.0 1512.0 2753.0 1457.0 2753.0 ship 0
1463.0 2705.0 1512.0 2705.0 1512.0 2734.0 1463.0 2734.0 ship 0
775.0 1560.0 817.0 1560.0 817.0 1592.0 775.0 1592.0 large-vehicle 0
