1934.0 165.0 1977.0 165.0 1977.0 184.0 1934.0 184.0 small-vehicle 0
1844.0 139.0 1887.0 139.0 1887.0 168.0 1844.0 168.0 small-vehicle 0
643.0 1380.0 674.0 1380.0 674.0 1427.0 643.0 1427.0 small-vehicle 0
624.0 1383.0 654.0 1383.0 654.0 1427.0 624.0 1427.0 small-vehicle 0
603.0 1392.0 636.0 1392.0 636.0 1437.0 603.0 1437.0 small-vehicle 0
672.0 1675.0 713.0 1675.0 713.0 1705.0 672.0 1705.0 small-vehicle 0
679.0 1695.0 722.0 1695.0 722.0 1727.0 679.0 1727.0 small-vehicle 0
698.0 1733.0 740.0 1733.0 740.0 1763.0 698.0 1763.0 small-vehicle 0
649.0 1768.0 697.0 1768.0 697.0 1803.0 649.0 1803.0 small-vehicle 0
838.0 1832.0 858.0 1832.0 858.0 1876.0 838.0 1876.0 small-vehicle 0
252.0 2135.0 290.0 2135.0 290.0 2172.0 252.0 2172.0 small-vehicle 0
194.0 1970.0 232.0 1970.0 232.0 2009.0 194.0 2009.0 small-vehicle 0
172.0 1751.0 223.0 1751.0 223.0 1839.0 172.0 1839.0 large-vehicle 0
177.0 1438.0 205.0 1438.0 205.0 1478.0 177.0 1478.0 small-vehicle 0
334.0 1012.0 360.0 1012.0 360.0 1052.0 334.0 1052.0 small-vehicle 0
439.0 686.0 469.0 686.0 469.0 735.0 439.0 735.0 small-vehicle 0
483.0 643.0 514.0 643.0 514.0 687.0 483.0 687.0 small-vehicle 1
471.0 524.0 498.0 524.0 498.0 565.0 471.0 565.0 small-vehicle 0
667.0 518.0 706.0 518.0 706.0 536.0 667.0 536.0 small-vehicle 0
500.0 435.0 527.0 435.0 527.0 473.0 500.0 473.0 small-vehicle 0
533.0 346.0 561.0 346.0 561.0 385.0 533.0 385.0 small-vehicle 0
635.0 292.0 664.0 292.0 664.0 333.0 635.0 333.0 small-vehicle 0
597.0 179.0 627.0 179.0 627.0 221.0 597.0 221.0 small-vehicle 0
60.0 559.0 101.0 559.0 101.0 590.0 60.0 590.0 small-vehicle 0
626.0 1556.0 690.0 1556.0 690.0 1646.0 626.0 1646.0 large-vehicle 0
1037.0 1495.0 1091.0 1495.0 1091.0 1583.0 1037.0 1583.0 large-vehicle 0
583.0 1401.0 618.0 1401.0 618.0 1447.0 583.0 1447.0 large-vehicle 0
815.0 1305.0 849.0 1305.0 849.0 1350.0 815.0 1350.0 small-vehicle 0
795.0 1313.0 828.0 1313.0 828.0 1361.0 795.0 1361.0 small-vehicle 0
982.0 1417.0 1012.0 1417.0 1012.0 1462.0 982.0 1462.0 small-vehicle 1
1624.0 1562.0 1651.0 1562.0 1651.0 1603.0 1624.0 1603.0 small-vehicle 0
1811.0 128.0 1848.0 128.0 1848.0 152.0 1811.0 152.0 small-vehicle 0
1724.0 145.0 1762.0 145.0 1762.0 170.0 1724.0 170.0 small-vehicle 0
1678.0 157.0 1716.0 157.0 1716.0 178.0 1678.0 178.0 small-vehicle 0
1391.0 223.0 1436.0 223.0 1436.0 273.0 1391.0 273.0 small-vehicle 0
735.0 34.0 772.0 34.0 772.0 82.0 735.0 82.0 small-vehicle 0
845.0 500.0 891.0 500.0 891.0 523.0 845.0 523.0 small-vehicle 0
769.0 513.0 812.0 513.0 812.0 532.0 769.0 532.0 small-vehicle 0
1642.0 1548.0 1677.0 1548.0 1677.0 1596.0 1642.0 1596.0 small-vehicle 0
1665.0 1542.0 1694.0 1542.0 1694.0 1584.0 1665.0 1584.0 small-vehicle 0
1708.0 1524.0 1740.0 1524.0 1740.0 1567.0 1708.0 1567.0 small-vehicle 0
1672.0 1469.0 1704.0 1469.0 1704.0 1512.0 1672.0 1512.0 small-vehicle 0
1587.0 1570.0 1619.0 1570.0 1619.0 1616.0 1587.0 1616.0 small-vehicle 0
1199.0 1714.0 1228.0 1714.0 1228.0 1765.0 1199.0 1765.0 small-vehicle 0
1502.0 1602.0 1532.0 1602.0 1532.0 1646.0 1502.0 1646.0 small-vehicle 0
1476.0 1609.0 1508.0 1609.0 1508.0 1653.0 1476.0 1653.0 small-vehicle 0
1454.0 1627.0 1481.0 1627.0 1481.0 1666.0 1454.0 1666.0 small-vehicle 0
1417.0 1636.0 1451.0 1636.0 1451.0 1680.0 1417.0 1680.0 small-vehicle 0
1393.0 1647.0 1423.0 1647.0 1423.0 1691.0 1393.0 1691.0 small-vehicle 0
1372.0 1650.0 1401.0 1650.0 1401.0 1692.0 1372.0 1692.0 small-vehicle 0
1328.0 1666.0 1360.0 1666.0 1360.0 1716.0 1328.0 1716.0 small-vehicle 0
1311.0 1677.0 1341.0 1677.0 1341.0 1720.0 1311.0 1720.0 small-vehicle 0
1290.0 1689.0 1316.0 1689.0 1316.0 1729.0 1290.0 1729.0 small-vehicle 0
1250.0 1700.0 1279.0 1700.0 1279.0 1743.0 1250.0 1743.0 small-vehicle 0
1220.0 1708.0 1251.0 1708.0 1251.0 1755.0 1220.0 1755.0 small-vehicle 0
561.0 1409.0 598.0 1409.0 598.0 1456.0 561.0 1456.0 large-vehicle 0
