1500.0 3049.0 1519.0 3049.0 1519.0 3085.0 1500.0 3085.0 small-vehicle 0
2123.0 4665.0 2162.0 4665.0 2162.0 4705.0 2123.0 4705.0 small-vehicle 1
2369.0 4687.0 2406.0 4687.0 2406.0 4708.0 2369.0 4708.0 small-vehicle 1
2407.0 4662.0 2429.0 4662.0 2429.0 4698.0 2407.0 4698.0 small-vehicle 1
2308.0 4616.0 2335.0 4616.0 2335.0 4657.0 2308.0 4657.0 small-vehicle 1
2330.0 4604.0 2353.0 4604.0 2353.0 4645.0 2330.0 4645.0 small-vehicle 1
2344.0 4582.0 2374.0 4582.0 2374.0 4627.0 2344.0 4627.0 small-vehicle 1
2365.0 4576.0 2393.0 4576.0 2393.0 4619.0 2365.0 4619.0 small-vehicle 1
2384.0 4565.0 2413.0 4565.0 2413.0 4610.0 2384.0 4610.0 small-vehicle 1
2403.0 4561.0 2429.0 4561.0 2429.0 4605.0 2403.0 4605.0 small-vehicle 1
2623.0 4481.0 2651.0 4481.0 2651.0 4519.0 2623.0 4519.0 small-vehicle 1
2645.0 4489.0 2683.0 4489.0 2683.0 4509.0 2645.0 4509.0 small-vehicle 1
2503.0 4440.0 2543.0 4440.0 2543.0 4482.0 2503.0 4482.0 small-vehicle 1
2518.0 4430.0 2555.0 4430.0 2555.0 4470.0 2518.0 4470.0 small-vehicle 1
2530.0 4415.0 2569.0 4415.0 2569.0 4458.0 2530.0 4458.0 small-vehicle 1
2548.0 4405.0 2585.0 4405.0 2585.0 4445.0 2548.0 4445.0 small-vehicle 1
2561.0 4393.0 2597.0 4393.0 2597.0 4430.0 2561.0 4430.0 small-vehicle 1
2608.0 4405.0 2647.0 4405.0 2647.0 4442.0 2608.0 4442.0 small-vehicle 1
2620.0 4378.0 2656.0 4378.0 2656.0 4418.0 2620.0 4418.0 small-vehicle 1
2635.0 4387.0 2673.0 4387.0 2673.0 4428.0 2635.0 4428.0 small-vehicle 1
2650.0 4403.0 2685.0 4403.0 2685.0 4441.0 2650.0 4441.0 small-vehicle 1
2663.0 4808.0 2698.0 4808.0 2698.0 4837.0 2663.0 4837.0 small-vehicle 1
2898.0 4692.0 2933.0 4692.0 2933.0 4729.0 2898.0 4729.0 small-vehicle 1
2831.0 4578.0 2878.0 4578.0 2878.0 4623.0 2831.0 4623.0 small-vehicle 1
2881.0 4599.0 2918.0 4599.0 2918.0 4639.0 2881.0 4639.0 small-vehicle 1
2850.0 4626.0 2886.0 4626.0 2886.0 4664.0 2850.0 4664.0 small-vehicle 1
2939.0 4651.0 2978.0 4651.0 2978.0 4692.0 2939.0 4692.0 small-vehicle 1
2922.0 4664.0 2962.0 4664.0 2962.0 4708.0 2922.0 4708.0 small-vehicle 1
2908.0 4679.0 2950.0 4679.0 2950.0 4721.0 2908.0 4721.0 small-vehicle 1
3312.0 4774.0 3357.0 4774.0 3357.0 4821.0 3312.0 4821.0 small-vehicle 1
2886.0 4824.0 2926.0 4824.0 2926.0 4861.0 2886.0 4861.0 small-vehicle 1
2188.0 4606.0 2226.0 4606.0 2226.0 4646.0 2188.0 4646.0 small-vehicle 1
2007.0 4701.0 2049.0 4701.0 2049.0 4744.0 2007.0 4744.0 small-vehicle 1
3198.0 4547.0 3237.0 4547.0 3237.0 4590.0 3198.0 4590.0 small-vehicle 1
1782.0 4638.0 1826.0 4638.0 1826.0 4681.0 1782.0 4681.0 small-vehicle 1
74.0 2447.0 116.0 2447.0 116.0 2482.0 74.0 2482.0 small-vehicle 1
329.0 2491.0 367.0 2491.0 367.0 2509.0 329.0 2509.0 small-vehicle 1
34.0 2522.0 75.0 2522.0 75.0 2542.0 34.0 2542.0 small-vehicle 1
113.0 4799.0 155.0 4799.0 155.0 4825.0 113.0 4825.0 small-vehicle 1
151.0 4770.0 191.0 4770.0 191.0 4798.0 151.0 4798.0 small-vehicle 1
262.0 4828.0 307.0 4828.0 307.0 4855.0 262.0 4855.0 small-vehicle 1
468.0 4778.0 510.0 4778.0 510.0 4808.0 468.0 4808.0 small-vehicle 1
562.0 4747.0 604.0 4747.0 604.0 4777.0 562.0 4777.0 small-vehicle 0
804.0 3661.0 843.0 3661.0 843.0 3684.0 804.0 3684.0 small-vehicle 1
895.0 3652.0 935.0 3652.0 935.0 3671.0 895.0 3671.0 small-vehicle 1
847.0 3653.0 890.0 3653.0 890.0 3678.0 847.0 3678.0 small-vehicle 1
1037.0 3634.0 1075.0 3634.0 1075.0 3657.0 1037.0 3657.0 small-vehicle 1
1119.0 3625.0 1163.0 3625.0 1163.0 3646.0 1119.0 3646.0 small-vehicle 1
1210.0 3617.0 1251.0 3617.0 1251.0 3638.0 1210.0 3638.0 small-vehicle 1
1275.0 3541.0 1307.0 3541.0 1307.0 3584.0 1275.0 3584.0 small-vehicle 1
1418.0 3585.0 1465.0 3585.0 1465.0 3610.0 1418.0 3610.0 small-vehicle 1
1460.0 3578.0 1497.0 3578.0 1497.0 3603.0 1460.0 3603.0 small-vehicle 1
1497.0 3571.0 1535.0 3571.0 1535.0 3595.0 1497.0 3595.0 small-vehicle 1
1613.0 3543.0 1657.0 3543.0 1657.0 3572.0 1613.0 3572.0 small-vehicle 1
1279.0 3734.0 1301.0 3734.0 1301.0 3771.0 1279.0 3771.0 small-vehicle 1
1032.0 4006.0 1067.0 4006.0 1067.0 4035.0 1032.0 4035.0 small-vehicle 1
1039.0 3972.0 1083.0 3972.0 1083.0 4002.0 1039.0 4002.0 small-vehicle 1
1047.0 3952.0 1090.0 3952.0 1090.0 3985.0 1047.0 3985.0 small-vehicle 1
1547.0 4398.0 1587.0 4398.0 1587.0 4441.0 1547.0 4441.0 small-vehicle 1
1606.0 4461.0 1646.0 4461.0 1646.0 4503.0 1606.0 4503.0 small-vehicle 1
1638.0 4492.0 1675.0 4492.0 1675.0 4530.0 1638.0 4530.0 small-vehicle 1
1675.0 4527.0 1713.0 4527.0 1713.0 4569.0 1675.0 4569.0 small-vehicle 1
1703.0 4558.0 1738.0 4558.0 1738.0 4593.0 1703.0 4593.0 small-vehicle 1
1726.0 4583.0 1766.0 4583.0 1766.0 4624.0 1726.0 4624.0 small-vehicle 1
3137.0 4631.0 3172.0 4631.0 3172.0 4668.0 3137.0 4668.0 small-vehicle 1
3284.0 3744.0 3329.0 3744.0 3329.0 3779.0 3284.0 3779.0 small-vehicle 1
1664.0 1065.0 1690.0 1065.0 1690.0 1100.0 1664.0 1100.0 small-vehicle 0
1471.0 725.0 1503.0 725.0 1503.0 767.0 1471.0 767.0 small-vehicle 0
1544.0 688.0 1576.0 688.0 1576.0 731.0 1544.0 731.0 small-vehicle 0
1560.0 680.0 1594.0 680.0 1594.0 724.0 1560.0 724.0 small-vehicle 0
1589.0 667.0 1622.0 667.0 1622.0 711.0 1589.0 711.0 small-vehicle 0
1613.0 665.0 1640.0 665.0 1640.0 703.0 1613.0 703.0 small-vehicle 0
1451.0 779.0 1479.0 779.0 1479.0 821.0 1451.0 821.0 small-vehicle 0
1471.0 775.0 1499.0 775.0 1499.0 818.0 1471.0 818.0 small-vehicle 0
1488.0 767.0 1518.0 767.0 1518.0 808.0 1488.0 808.0 small-vehicle 0
1506.0 757.0 1539.0 757.0 1539.0 803.0 1506.0 803.0 small-vehicle 0
1524.0 748.0 1556.0 748.0 1556.0 793.0 1524.0 793.0 small-vehicle 0
1544.0 739.0 1576.0 739.0 1576.0 783.0 1544.0 783.0 small-vehicle 0
1561.0 735.0 1594.0 735.0 1594.0 779.0 1561.0 779.0 small-vehicle 0
1580.0 726.0 1611.0 726.0 1611.0 768.0 1580.0 768.0 small-vehicle 0
1605.0 712.0 1638.0 712.0 1638.0 759.0 1605.0 759.0 small-vehicle 0
1625.0 700.0 1658.0 700.0 1658.0 745.0 1625.0 745.0 small-vehicle 0
1649.0 695.0 1680.0 695.0 1680.0 740.0 1649.0 740.0 small-vehicle 0
1666.0 689.0 1697.0 689.0 1697.0 733.0 1666.0 733.0 small-vehicle 0
1683.0 680.0 1713.0 680.0 1713.0 719.0 1683.0 719.0 small-vehicle 0
1705.0 670.0 1734.0 670.0 1734.0 713.0 1705.0 713.0 small-vehicle 0
1736.0 660.0 1766.0 660.0 1766.0 703.0 1736.0 703.0 small-vehicle 0
1756.0 654.0 1784.0 654.0 1784.0 691.0 1756.0 691.0 small-vehicle 0
1282.0 970.0 1320.0 970.0 1320.0 1000.0 1282.0 1000.0 small-vehicle 0
1473.0 1149.0 1501.0 1149.0 1501.0 1189.0 1473.0 1189.0 small-vehicle 0
1491.0 1140.0 1518.0 1140.0 1518.0 1176.0 1491.0 1176.0 small-vehicle 0
1529.0 1131.0 1557.0 1131.0 1557.0 1168.0 1529.0 1168.0 small-vehicle 0
1545.0 1118.0 1570.0 1118.0 1570.0 1152.0 1545.0 1152.0 small-vehicle 0
1561.0 1114.0 1591.0 1114.0 1591.0 1156.0 1561.0 1156.0 small-vehicle 0
1579.0 1102.0 1605.0 1102.0 1605.0 1139.0 1579.0 1139.0 small-vehicle 0
1611.0 1086.0 1641.0 1086.0 1641.0 1127.0 1611.0 1127.0 small-vehicle 0
1633.0 1085.0 1659.0 1085.0 1659.0 1123.0 1633.0 1123.0 small-vehicle 0
1509.0 709.0 1537.0 709.0 1537.0 750.0 1509.0 750.0 small-vehicle 0
1453.0 727.0 1481.0 727.0 1481.0 768.0 1453.0 768.0 small-vehicle 0
3367.0 3701.0 3408.0 3701.0 3408.0 3733.0 3367.0 3733.0 small-vehicle 1
1434.0 738.0 1463.0 738.0 1463.0 780.0 1434.0 780.0 small-vehicle 0
3553.0 3126.0 3583.0 3126.0 3583.0 3166.0 3553.0 3166.0 small-vehicle 1
3571.0 3120.0 3603.0 3120.0 3603.0 3162.0 3571.0 3162.0 small-vehicle 1
3537.0 3234.0 3573.0 3234.0 3573.0 3280.0 3537.0 3280.0 small-vehicle 1
3557.0 3226.0 3591.0 3226.0 3591.0 3269.0 3557.0 3269.0 small-vehicle 1
3592.0 3203.0 3630.0 3203.0 3630.0 3242.0 3592.0 3242.0 small-vehicle 1
3621.0 3196.0 3652.0 3196.0 3652.0 3228.0 3621.0 3228.0 small-vehicle 1
2184.0 2972.0 2218.0 2972.0 2218.0 3000.0 2184.0 3000.0 small-vehicle 1
2164.0 2779.0 2208.0 2779.0 2208.0 2799.0 2164.0 2799.0 small-vehicle 1
2258.0 2770.0 2299.0 2770.0 2299.0 2790.0 2258.0 2790.0 small-vehicle 1
2401.0 2754.0 2437.0 2754.0 2437.0 2775.0 2401.0 2775.0 small-vehicle 1
2363.0 2759.0 2397.0 2759.0 2397.0 2780.0 2363.0 2780.0 small-vehicle 1
2450.0 2751.0 2488.0 2751.0 2488.0 2771.0 2450.0 2771.0 small-vehicle 1
2497.0 2746.0 2537.0 2746.0 2537.0 2770.0 2497.0 2770.0 small-vehicle 1
2542.0 2743.0 2586.0 2743.0 2586.0 2765.0 2542.0 2765.0 small-vehicle 1
2388.0 3001.0 2408.0 3001.0 2408.0 3042.0 2388.0 3042.0 small-vehicle 1
2028.0 589.0 2054.0 589.0 2054.0 626.0 2028.0 626.0 small-vehicle 0
1732.0 614.0 1761.0 614.0 1761.0 658.0 1732.0 658.0 small-vehicle 0
1711.0 618.0 1740.0 618.0 1740.0 664.0 1711.0 664.0 small-vehicle 0
1689.0 629.0 1721.0 629.0 1721.0 671.0 1689.0 671.0 small-vehicle 0
1673.0 643.0 1699.0 643.0 1699.0 683.0 1673.0 683.0 small-vehicle 0
1651.0 651.0 1681.0 651.0 1681.0 689.0 1651.0 689.0 small-vehicle 0
1631.0 651.0 1661.0 651.0 1661.0 698.0 1631.0 698.0 small-vehicle 0
1368.0 815.0 1400.0 815.0 1400.0 859.0 1368.0 859.0 small-vehicle 0
1391.0 805.0 1419.0 805.0 1419.0 841.0 1391.0 841.0 small-vehicle 0
1411.0 796.0 1444.0 796.0 1444.0 838.0 1411.0 838.0 small-vehicle 0
1431.0 788.0 1461.0 788.0 1461.0 828.0 1431.0 828.0 small-vehicle 0
1378.0 763.0 1408.0 763.0 1408.0 801.0 1378.0 801.0 small-vehicle 0
1394.0 750.0 1428.0 750.0 1428.0 798.0 1394.0 798.0 small-vehicle 0
1416.0 745.0 1447.0 745.0 1447.0 787.0 1416.0 787.0 small-vehicle 0
364.0 2401.0 386.0 2401.0 386.0 2443.0 364.0 2443.0 small-vehicle 1
510.0 2316.0 544.0 2316.0 544.0 2363.0 510.0 2363.0 small-vehicle 0
554.0 2306.0 582.0 2306.0 582.0 2344.0 554.0 2344.0 small-vehicle 1
1726.0 1903.0 1765.0 1903.0 1765.0 1960.0 1726.0 1960.0 large-vehicle 0
1756.0 1027.0 1790.0 1027.0 1790.0 1075.0 1756.0 1075.0 large-vehicle 0
1710.0 3651.0 1760.0 3651.0 1760.0 3691.0 1710.0 3691.0 large-vehicle 0
1972.0 1667.0 2017.0 1667.0 2017.0 1727.0 1972.0 1727.0 large-vehicle 0
1841.0 1338.0 1909.0 1338.0 1909.0 1389.0 1841.0 1389.0 large-vehicle 1
1811.0 490.0 1894.0 490.0 1894.0 542.0 1811.0 542.0 large-vehicle 0
1926.0 430.0 2061.0 430.0 2061.0 506.0 1926.0 506.0 large-vehicle 0
2053.0 3380.0 2173.0 3380.0 2173.0 3446.0 2053.0 3446.0 large-vehicle 0
2255.0 3265.0 2287.0 3265.0 2287.0 3307.0 2255.0 3307.0 large-vehicle 0
2169.0 2992.0 2210.0 2992.0 2210.0 3026.0 2169.0 3026.0 large-vehicle 0
2105.0 1261.0 2194.0 1261.0 2194.0 1306.0 2105.0 1306.0 large-vehicle 1
2150.0 1234.0 2238.0 1234.0 2238.0 1287.0 2150.0 1287.0 large-vehicle 1
2060.0 1281.0 2151.0 1281.0 2151.0 1324.0 2060.0 1324.0 large-vehicle 1
2168.0 1209.0 2263.0 1209.0 2263.0 1260.0 2168.0 1260.0 large-vehicle 1
2097.0 519.0 2144.0 519.0 2144.0 552.0 2097.0 552.0 large-vehicle 0
2137.0 478.0 2222.0 478.0 2222.0 521.0 2137.0 521.0 large-vehicle 0
2283.0 370.0 2401.0 370.0 2401.0 441.0 2283.0 441.0 large-vehicle 1
2208.0 1187.0 2302.0 1187.0 2302.0 1238.0 2208.0 1238.0 large-vehicle 1
2311.0 1669.0 2363.0 1669.0 2363.0 1704.0 2311.0 1704.0 large-vehicle 0
2366.0 1840.0 2401.0 1840.0 2401.0 1891.0 2366.0 1891.0 large-vehicle 0
2387.0 1831.0 2422.0 1831.0 2422.0 1881.0 2387.0 1881.0 large-vehicle 0
2309.0 2765.0 2349.0 2765.0 2349.0 2785.0 2309.0 2785.0 large-vehicle 0
2322.0 2928.0 2363.0 2928.0 2363.0 2970.0 2322.0 2970.0 large-vehicle 0
2311.0 3775.0 2361.0 3775.0 2361.0 3808.0 2311.0 3808.0 large-vehicle 0
2447.0 4652.0 2474.0 4652.0 2474.0 4711.0 2447.0 4711.0 large-vehicle 0
2485.0 4450.0 2530.0 4450.0 2530.0 4495.0 2485.0 4495.0 large-vehicle 0
2459.0 4194.0 2504.0 4194.0 2504.0 4235.0 2459.0 4235.0 large-vehicle 0
2173.0 908.0 2217.0 908.0 2217.0 938.0 2173.0 938.0 large-vehicle 0
2386.0 357.0 2440.0 357.0 2440.0 394.0 2386.0 394.0 large-vehicle 0
2413.0 345.0 2465.0 345.0 2465.0 385.0 2413.0 385.0 large-vehicle 0
1796.0 770.0 1829.0 770.0 1829.0 823.0 1796.0 823.0 large-vehicle 0
1527.0 699.0 1560.0 699.0 1560.0 742.0 1527.0 742.0 large-vehicle 0
565.0 2285.0 601.0 2285.0 601.0 2330.0 565.0 2330.0 small-vehicle 1
1532.0 3198.0 1562.0 3198.0 1562.0 3236.0 1532.0 3236.0 large-vehicle 0
492.0 2320.0 529.0 2320.0 529.0 2373.0 492.0 2373.0 large-vehicle 0
231.0 2501.0 272.0 2501.0 272.0 2521.0 231.0 2521.0 large-vehicle 0
710.0 1521.0 746.0 1521.0 746.0 1568.0 710.0 1568.0 large-vehicle 0
746.0 1590.0 791.0 1590.0 791.0 1647.0 746.0 1647.0 large-vehicle 0
866.0 4443.0 909.0 4443.0 909.0 4484.0 866.0 4484.0 large-vehicle 0
909.0 565.0 951.0 565.0 951.0 612.0 909.0 612.0 large-vehicle 0
900.0 790.0 944.0 790.0 944.0 819.0 900.0 819.0 large-vehicle 0
994.0 903.0 1043.0 903.0 1043.0 930.0 994.0 930.0 large-vehicle 0
962.0 2089.0 1003.0 2089.0 1003.0 2138.0 962.0 2138.0 large-vehicle 0
975.0 3633.0 1034.0 3633.0 1034.0 3664.0 975.0 3664.0 large-vehicle 0
853.0 4384.0 881.0 4384.0 881.0 4416.0 853.0 4416.0 large-vehicle 0
834.0 4394.0 868.0 4394.0 868.0 4432.0 834.0 4432.0 large-vehicle 0
936.0 1028.0 963.0 1028.0 963.0 1069.0 936.0 1069.0 large-vehicle 0
1071.0 1023.0 1113.0 1023.0 1113.0 1050.0 1071.0 1050.0 large-vehicle 0
1203.0 3072.0 1225.0 3072.0 1225.0 3121.0 1203.0 3121.0 large-vehicle 0
1225.0 3072.0 1244.0 3072.0 1244.0 3114.0 1225.0 3114.0 large-vehicle 0
1244.0 3067.0 1266.0 3067.0 1266.0 3111.0 1244.0 3111.0 large-vehicle 0
1184.0 1875.0 1230.0 1875.0 1230.0 1914.0 1184.0 1914.0 large-vehicle 0
1287.0 1244.0 1319.0 1244.0 1319.0 1292.0 1287.0 1292.0 large-vehicle 0
1277.0 1220.0 1301.0 1220.0 1301.0 1260.0 1277.0 1260.0 large-vehicle 0
1174.0 1186.0 1220.0 1186.0 1220.0 1214.0 1174.0 1214.0 large-vehicle 0
1241.0 881.0 1293.0 881.0 1293.0 918.0 1241.0 918.0 large-vehicle 1
1307.0 1015.0 1362.0 1015.0 1362.0 1064.0 1307.0 1064.0 large-vehicle 0
1377.0 1118.0 1423.0 1118.0 1423.0 1164.0 1377.0 1164.0 large-vehicle 0
1390.0 1147.0 1430.0 1147.0 1430.0 1180.0 1390.0 1180.0 large-vehicle 0
1295.0 1463.0 1340.0 1463.0 1340.0 1487.0 1295.0 1487.0 large-vehicle 0
1344.0 1475.0 1392.0 1475.0 1392.0 1503.0 1344.0 1503.0 large-vehicle 0
1335.0 3540.0 1374.0 3540.0 1374.0 3586.0 1335.0 3586.0 large-vehicle 0
1577.0 4431.0 1615.0 4431.0 1615.0 4470.0 1577.0 4470.0 large-vehicle 0
2435.0 334.0 2484.0 334.0 2484.0 371.0 2435.0 371.0 large-vehicle 0
2439.0 310.0 2493.0 310.0 2493.0 349.0 2439.0 349.0 large-vehicle 0
2573.0 4373.0 2618.0 4373.0 2618.0 4418.0 2573.0 4418.0 large-vehicle 0
2580.0 4488.0 2607.0 4488.0 2607.0 4523.0 2580.0 4523.0 large-vehicle 0
268.0 306.0 310.0 306.0 310.0 341.0 268.0 341.0 small-vehicle 1
167.0 306.0 201.0 306.0 201.0 349.0 167.0 349.0 small-vehicle 1
193.0 351.0 231.0 351.0 231.0 395.0 193.0 395.0 small-vehicle 1
208.0 373.0 243.0 373.0 243.0 420.0 208.0 420.0 small-vehicle 1
221.0 393.0 259.0 393.0 259.0 440.0 221.0 440.0 small-vehicle 1
187.0 163.0 225.0 163.0 225.0 195.0 187.0 195.0 small-vehicle 1
218.0 140.0 264.0 140.0 264.0 176.0 218.0 176.0 small-vehicle 0
272.0 51.0 308.0 51.0 308.0 80.0 272.0 80.0 small-vehicle 1
244.0 1.0 282.0 1.0 282.0 30.0 244.0 30.0 small-vehicle 1
128.0 65.0 166.0 65.0 166.0 99.0 128.0 99.0 small-vehicle 1
534.0 5.0 568.0 5.0 568.0 45.0 534.0 45.0 small-vehicle 1
552.0 18.0 586.0 18.0 586.0 60.0 552.0 60.0 small-vehicle 1
119.0 50.0 157.0 50.0 157.0 85.0 119.0 85.0 small-vehicle 1
133.0 1.0 171.0 1.0 171.0 30.0 133.0 30.0 small-vehicle 1
146.0 10.0 185.0 10.0 185.0 45.0 146.0 45.0 small-vehicle 1
153.0 26.0 196.0 26.0 196.0 61.0 153.0 61.0 small-vehicle 1
171.0 60.0 211.0 60.0 211.0 95.0 171.0 95.0 small-vehicle 0
107.0 30.0 149.0 30.0 149.0 66.0 107.0 66.0 small-vehicle 0
96.0 18.0 138.0 18.0 138.0 49.0 96.0 49.0 small-vehicle 1
85.0 0.0 126.0 0.0 126.0 35.0 85.0 35.0 small-vehicle 1
229.0 159.0 270.0 159.0 270.0 195.0 229.0 195.0 small-vehicle 1
38.0 1301.0 66.0 1301.0 66.0 1338.0 38.0 1338.0 small-vehicle 1
56.0 1315.0 84.0 1315.0 84.0 1362.0 56.0 1362.0 small-vehicle 0
81.0 1303.0 109.0 1303.0 109.0 1347.0 81.0 1347.0 small-vehicle 0
168.0 1321.0 201.0 1321.0 201.0 1350.0 168.0 1350.0 small-vehicle 0
175.0 1287.0 211.0 1287.0 211.0 1320.0 175.0 1320.0 small-vehicle 0
441.0 2115.0 477.0 2115.0 477.0 2159.0 441.0 2159.0 small-vehicle 1
463.0 2105.0 498.0 2105.0 498.0 2148.0 463.0 2148.0 small-vehicle 1
485.0 2214.0 514.0 2214.0 514.0 2249.0 485.0 2249.0 small-vehicle 1
258.0 289.0 301.0 289.0 301.0 325.0 258.0 325.0 small-vehicle 1
246.0 270.0 291.0 270.0 291.0 307.0 246.0 307.0 small-vehicle 1
140.0 246.0 180.0 246.0 180.0 309.0 140.0 309.0 small-vehicle 1
3623.0 549.0 3716.0 549.0 3716.0 602.0 3623.0 602.0 large-vehicle 0
2643.0 4747.0 2690.0 4747.0 2690.0 4781.0 2643.0 4781.0 large-vehicle 0
2644.0 4831.0 2670.0 4831.0 2670.0 4860.0 2644.0 4860.0 large-vehicle 1
2567.0 4171.0 2701.0 4171.0 2701.0 4307.0 2567.0 4307.0 roundabout 0
2645.0 1742.0 2680.0 1742.0 2680.0 1786.0 2645.0 1786.0 large-vehicle 0
2117.0 1509.0 2151.0 1509.0 2151.0 1551.0 2117.0 1551.0 large-vehicle 0
2741.0 4474.0 2786.0 4474.0 2786.0 4514.0 2741.0 4514.0 large-vehicle 0
2761.0 626.0 2810.0 626.0 2810.0 665.0 2761.0 665.0 large-vehicle 0
3224.0 3449.0 3270.0 3449.0 3270.0 3486.0 3224.0 3486.0 large-vehicle 0
3257.0 3731.0 3307.0 3731.0 3307.0 3773.0 3257.0 3773.0 large-vehicle 0
3297.0 4017.0 3339.0 4017.0 3339.0 4039.0 3297.0 4039.0 large-vehicle 0
3548.0 3586.0 3599.0 3586.0 3599.0 3622.0 3548.0 3622.0 large-vehicle 0
3336.0 3722.0 3370.0 3722.0 3370.0 3750.0 3336.0 3750.0 large-vehicle 0
3710.0 3377.0 3752.0 3377.0 3752.0 3430.0 3710.0 3430.0 large-vehicle 0
3744.0 463.0 3822.0 463.0 3822.0 527.0 3744.0 527.0 large-vehicle 0
3357.0 2984.0 3404.0 2984.0 3404.0 3052.0 3357.0 3052.0 swimming-pool 0
3867.0 562.0 3920.0 562.0 3920.0 632.0 3867.0 632.0 large-vehicle 0
3818.0 1707.0 3864.0 1707.0 3864.0 1738.0 3818.0 1738.0 large-vehicle 0
3873.0 3090.0 3914.0 3090.0 3914.0 3119.0 3873.0 3119.0 large-vehicle 0
3721.0 3137.0 3759.0 3137.0 3759.0 3178.0 3721.0 3178.0 large-vehicle 0
3774.0 4238.0 3816.0 4238.0 3816.0 4282.0 3774.0 4282.0 large-vehicle 0
3879.0 4487.0 3912.0 4487.0 3912.0 4518.0 3879.0 4518.0 large-vehicle 1
3786.0 4075.0 3833.0 4075.0 3833.0 4111.0 3786.0 4111.0 large-vehicle 0
3716.0 831.0 3784.0 831.0 3784.0 877.0 3716.0 877.0 large-vehicle 0
3726.0 858.0 3800.0 858.0 3800.0 904.0 3726.0 904.0 large-vehicle 0
3825.0 910.0 3872.0 910.0 3872.0 940.0 3825.0 940.0 large-vehicle 0
1784.0 1015.0 1816.0 1015.0 1816.0 1064.0 1784.0 1064.0 large-vehicle 0
3712.0 1778.0 3740.0 1778.0 3740.0 1814.0 3712.0 1814.0 large-vehicle 0
1919.0 3763.0 1956.0 3763.0 1956.0 3790.0 1919.0 3790.0 large-vehicle 0
1648.0 1076.0 1676.0 1076.0 1676.0 1114.0 1648.0 1114.0 small-vehicle 0
1681.0 1058.0 1708.0 1058.0 1708.0 1096.0 1681.0 1096.0 small-vehicle 0
1478.0 3050.0 1499.0 3050.0 1499.0 3087.0 1478.0 3087.0 small-vehicle 0
1911.0 2170.0 1938.0 2170.0 1938.0 2208.0 1911.0 2208.0 small-vehicle 0
1932.0 2289.0 1961.0 2289.0 1961.0 2332.0 1932.0 2332.0 small-vehicle 0
1955.0 2282.0 1980.0 2282.0 1980.0 2320.0 1955.0 2320.0 small-vehicle 0
1972.0 2280.0 1999.0 2280.0 1999.0 2318.0 1972.0 2318.0 small-vehicle 0
1889.0 2397.0 1919.0 2397.0 1919.0 2439.0 1889.0 2439.0 small-vehicle 0
1853.0 1644.0 1883.0 1644.0 1883.0 1682.0 1853.0 1682.0 small-vehicle 0
1912.0 1613.0 1941.0 1613.0 1941.0 1654.0 1912.0 1654.0 small-vehicle 0
1856.0 1534.0 1883.0 1534.0 1883.0 1567.0 1856.0 1567.0 small-vehicle 0
1820.0 1551.0 1846.0 1551.0 1846.0 1586.0 1820.0 1586.0 small-vehicle 0
1800.0 1555.0 1826.0 1555.0 1826.0 1590.0 1800.0 1590.0 small-vehicle 0
1975.0 1492.0 2015.0 1492.0 2015.0 1522.0 1975.0 1522.0 small-vehicle 0
2077.0 1419.0 2112.0 1419.0 2112.0 1460.0 2077.0 1460.0 small-vehicle 0
1988.0 1520.0 2028.0 1520.0 2028.0 1551.0 1988.0 1551.0 small-vehicle 0
2031.0 1524.0 2068.0 1524.0 2068.0 1552.0 2031.0 1552.0 small-vehicle 0
1742.0 1685.0 1769.0 1685.0 1769.0 1725.0 1742.0 1725.0 small-vehicle 0
1872.0 1637.0 1902.0 1637.0 1902.0 1676.0 1872.0 1676.0 small-vehicle 0
2109.0 1487.0 2138.0 1487.0 2138.0 1528.0 2109.0 1528.0 small-vehicle 0
2145.0 1580.0 2178.0 1580.0 2178.0 1619.0 2145.0 1619.0 small-vehicle 0
2048.0 1573.0 2089.0 1573.0 2089.0 1604.0 2048.0 1604.0 small-vehicle 0
2003.0 1571.0 2044.0 1571.0 2044.0 1597.0 2003.0 1597.0 small-vehicle 0
2021.0 1598.0 2055.0 1598.0 2055.0 1623.0 2021.0 1623.0 small-vehicle 0
1965.0 1663.0 1995.0 1663.0 1995.0 1701.0 1965.0 1701.0 small-vehicle 0
2335.0 1689.0 2370.0 1689.0 2370.0 1718.0 2335.0 1718.0 small-vehicle 0
2289.0 1314.0 2317.0 1314.0 2317.0 1350.0 2289.0 1350.0 small-vehicle 0
2308.0 1310.0 2336.0 1310.0 2336.0 1342.0 2308.0 1342.0 small-vehicle 0
2272.0 1324.0 2296.0 1324.0 2296.0 1357.0 2272.0 1357.0 small-vehicle 0
2660.0 2743.0 2699.0 2743.0 2699.0 2760.0 2660.0 2760.0 small-vehicle 0
2713.0 2743.0 2747.0 2743.0 2747.0 2760.0 2713.0 2760.0 small-vehicle 0
2756.0 2740.0 2791.0 2740.0 2791.0 2759.0 2756.0 2759.0 small-vehicle 0
2795.0 2742.0 2829.0 2742.0 2829.0 2761.0 2795.0 2761.0 small-vehicle 0
1908.0 2288.0 1936.0 2288.0 1936.0 2327.0 1908.0 2327.0 small-vehicle 0
1873.0 2187.0 1901.0 2187.0 1901.0 2227.0 1873.0 2227.0 small-vehicle 0
3243.0 2002.0 3265.0 2002.0 3265.0 2042.0 3243.0 2042.0 small-vehicle 0
1713.0 2150.0 1744.0 2150.0 1744.0 2195.0 1713.0 2195.0 small-vehicle 0
2709.0 1719.0 2732.0 1719.0 2732.0 1755.0 2709.0 1755.0 small-vehicle 0
2668.0 1727.0 2699.0 1727.0 2699.0 1768.0 2668.0 1768.0 small-vehicle 0
2903.0 1707.0 2944.0 1707.0 2944.0 1734.0 2903.0 1734.0 small-vehicle 0
2865.0 1726.0 2901.0 1726.0 2901.0 1748.0 2865.0 1748.0 small-vehicle 0
2566.0 1844.0 2608.0 1844.0 2608.0 1871.0 2566.0 1871.0 small-vehicle 0
2506.0 1788.0 2537.0 1788.0 2537.0 1834.0 2506.0 1834.0 small-vehicle 0
2547.0 1776.0 2577.0 1776.0 2577.0 1819.0 2547.0 1819.0 small-vehicle 0
2564.0 1770.0 2591.0 1770.0 2591.0 1807.0 2564.0 1807.0 small-vehicle 0
2582.0 1763.0 2610.0 1763.0 2610.0 1805.0 2582.0 1805.0 small-vehicle 0
2603.0 1756.0 2630.0 1756.0 2630.0 1796.0 2603.0 1796.0 small-vehicle 0
2621.0 1752.0 2645.0 1752.0 2645.0 1787.0 2621.0 1787.0 small-vehicle 0
2526.0 1786.0 2554.0 1786.0 2554.0 1826.0 2526.0 1826.0 small-vehicle 0
2266.0 1891.0 2288.0 1891.0 2288.0 1928.0 2266.0 1928.0 small-vehicle 0
2332.0 1860.0 2360.0 1860.0 2360.0 1904.0 2332.0 1904.0 small-vehicle 0
2194.0 1917.0 2227.0 1917.0 2227.0 1962.0 2194.0 1962.0 small-vehicle 0
2331.0 1932.0 2373.0 1932.0 2373.0 1967.0 2331.0 1967.0 small-vehicle 0
2294.0 1951.0 2332.0 1951.0 2332.0 1980.0 2294.0 1980.0 small-vehicle 0
2248.0 1971.0 2288.0 1971.0 2288.0 2001.0 2248.0 2001.0 small-vehicle 0
2054.0 1974.0 2085.0 1974.0 2085.0 2010.0 2054.0 2010.0 small-vehicle 0
2153.0 2011.0 2193.0 2011.0 2193.0 2037.0 2153.0 2037.0 small-vehicle 0
2197.0 1989.0 2236.0 1989.0 2236.0 2021.0 2197.0 2021.0 small-vehicle 0
1974.0 2002.0 2002.0 2002.0 2002.0 2041.0 1974.0 2041.0 small-vehicle 0
1955.0 2009.0 1988.0 2009.0 1988.0 2054.0 1955.0 2054.0 small-vehicle 0
2045.0 2053.0 2085.0 2053.0 2085.0 2080.0 2045.0 2080.0 small-vehicle 0
2003.0 2072.0 2039.0 2072.0 2039.0 2098.0 2003.0 2098.0 small-vehicle 0
1896.0 2040.0 1925.0 2040.0 1925.0 2085.0 1896.0 2085.0 small-vehicle 0
1879.0 2047.0 1904.0 2047.0 1904.0 2085.0 1879.0 2085.0 small-vehicle 0
1861.0 2055.0 1884.0 2055.0 1884.0 2087.0 1861.0 2087.0 small-vehicle 0
1892.0 2180.0 1916.0 2180.0 1916.0 2214.0 1892.0 2214.0 small-vehicle 0
3105.0 2755.0 3142.0 2755.0 3142.0 2774.0 3105.0 2774.0 small-vehicle 0
3184.0 1817.0 3213.0 1817.0 3213.0 1857.0 3184.0 1857.0 small-vehicle 0
1700.0 1051.0 1729.0 1051.0 1729.0 1091.0 1700.0 1091.0 small-vehicle 0
1751.0 3718.0 1791.0 3718.0 1791.0 3752.0 1751.0 3752.0 small-vehicle 0
1892.0 3466.0 1928.0 3466.0 1928.0 3487.0 1892.0 3487.0 small-vehicle 0
1925.0 3455.0 1964.0 3455.0 1964.0 3481.0 1925.0 3481.0 small-vehicle 0
2012.0 3352.0 2045.0 3352.0 2045.0 3385.0 2012.0 3385.0 small-vehicle 0
2004.0 3330.0 2037.0 3330.0 2037.0 3365.0 2004.0 3365.0 small-vehicle 0
1989.0 3293.0 2018.0 3293.0 2018.0 3327.0 1989.0 3327.0 small-vehicle 0
1984.0 3272.0 2013.0 3272.0 2013.0 3305.0 1984.0 3305.0 small-vehicle 0
1959.0 3245.0 1978.0 3245.0 1978.0 3283.0 1959.0 3283.0 small-vehicle 0
1923.0 3264.0 1955.0 3264.0 1955.0 3310.0 1923.0 3310.0 small-vehicle 0
1860.0 3181.0 1893.0 3181.0 1893.0 3206.0 1860.0 3206.0 small-vehicle 0
1853.0 3165.0 1887.0 3165.0 1887.0 3190.0 1853.0 3190.0 small-vehicle 0
2135.0 3060.0 2158.0 3060.0 2158.0 3093.0 2135.0 3093.0 small-vehicle 0
1828.0 3094.0 1857.0 3094.0 1857.0 3118.0 1828.0 3118.0 small-vehicle 0
1913.0 2764.0 1950.0 2764.0 1950.0 2787.0 1913.0 2787.0 small-vehicle 0
1908.0 2743.0 1948.0 2743.0 1948.0 2766.0 1908.0 2766.0 small-vehicle 0
1902.0 2721.0 1940.0 2721.0 1940.0 2747.0 1902.0 2747.0 small-vehicle 0
1893.0 2684.0 1929.0 2684.0 1929.0 2709.0 1893.0 2709.0 small-vehicle 0
1873.0 2628.0 1907.0 2628.0 1907.0 2655.0 1873.0 2655.0 small-vehicle 0
1869.0 2612.0 1902.0 2612.0 1902.0 2635.0 1869.0 2635.0 small-vehicle 0
1860.0 2595.0 1894.0 2595.0 1894.0 2618.0 1860.0 2618.0 small-vehicle 0
1261.0 3150.0 1289.0 3150.0 1289.0 3192.0 1261.0 3192.0 small-vehicle 0
1294.0 3197.0 1317.0 3197.0 1317.0 3235.0 1294.0 3235.0 small-vehicle 0
1187.0 3079.0 1204.0 3079.0 1204.0 3114.0 1187.0 3114.0 small-vehicle 0
1296.0 3070.0 1316.0 3070.0 1316.0 3105.0 1296.0 3105.0 small-vehicle 0
1321.0 3069.0 1337.0 3069.0 1337.0 3101.0 1321.0 3101.0 small-vehicle 0
1339.0 3063.0 1357.0 3063.0 1357.0 3101.0 1339.0 3101.0 small-vehicle 0
1359.0 3061.0 1378.0 3061.0 1378.0 3104.0 1359.0 3104.0 small-vehicle 0
1393.0 3056.0 1412.0 3056.0 1412.0 3095.0 1393.0 3095.0 small-vehicle 0
1412.0 3055.0 1434.0 3055.0 1434.0 3095.0 1412.0 3095.0 small-vehicle 0
1433.0 3050.0 1456.0 3050.0 1456.0 3090.0 1433.0 3090.0 small-vehicle 0
1759.0 3511.0 1794.0 3511.0 1794.0 3535.0 1759.0 3535.0 small-vehicle 0
1781.0 3631.0 1814.0 3631.0 1814.0 3667.0 1781.0 3667.0 small-vehicle 0
3199.0 3254.0 3234.0 3254.0 3234.0 3281.0 3199.0 3281.0 small-vehicle 0
1832.0 3701.0 1865.0 3701.0 1865.0 3738.0 1832.0 3738.0 small-vehicle 0
2709.0 2958.0 2736.0 2958.0 2736.0 2998.0 2709.0 2998.0 small-vehicle 0
2877.0 3405.0 2906.0 3405.0 2906.0 3448.0 2877.0 3448.0 small-vehicle 0
2938.0 3439.0 2978.0 3439.0 2978.0 3464.0 2938.0 3464.0 small-vehicle 0
2907.0 3484.0 2934.0 3484.0 2934.0 3524.0 2907.0 3524.0 small-vehicle 0
2934.0 3558.0 2962.0 3558.0 2962.0 3599.0 2934.0 3599.0 small-vehicle 0
2952.0 3603.0 2983.0 3603.0 2983.0 3650.0 2952.0 3650.0 small-vehicle 0
2972.0 3661.0 3000.0 3661.0 3000.0 3701.0 2972.0 3701.0 small-vehicle 0
2776.0 3763.0 2812.0 3763.0 2812.0 3808.0 2776.0 3808.0 small-vehicle 0
2989.0 3699.0 3016.0 3699.0 3016.0 3736.0 2989.0 3736.0 small-vehicle 0
3004.0 3743.0 3033.0 3743.0 3033.0 3783.0 3004.0 3783.0 small-vehicle 0
3054.0 3837.0 3097.0 3837.0 3097.0 3874.0 3054.0 3874.0 small-vehicle 0
2731.0 3912.0 2770.0 3912.0 2770.0 3943.0 2731.0 3943.0 small-vehicle 0
2722.0 3896.0 2762.0 3896.0 2762.0 3927.0 2722.0 3927.0 small-vehicle 0
2320.0 3802.0 2360.0 3802.0 2360.0 3830.0 2320.0 3830.0 small-vehicle 0
2277.0 4323.0 2312.0 4323.0 2312.0 4362.0 2277.0 4362.0 small-vehicle 0
2248.0 4283.0 2284.0 4283.0 2284.0 4325.0 2248.0 4325.0 small-vehicle 0
2210.0 4235.0 2245.0 4235.0 2245.0 4271.0 2210.0 4271.0 small-vehicle 0
2186.0 4203.0 2220.0 4203.0 2220.0 4236.0 2186.0 4236.0 small-vehicle 0
2129.0 4125.0 2162.0 4125.0 2162.0 4160.0 2129.0 4160.0 small-vehicle 0
2135.0 4055.0 2173.0 4055.0 2173.0 4086.0 2135.0 4086.0 small-vehicle 0
2098.0 4047.0 2130.0 4047.0 2130.0 4086.0 2098.0 4086.0 small-vehicle 0
2106.0 4095.0 2139.0 4095.0 2139.0 4132.0 2106.0 4132.0 small-vehicle 0
2079.0 4061.0 2116.0 4061.0 2116.0 4103.0 2079.0 4103.0 small-vehicle 0
2039.0 4015.0 2074.0 4015.0 2074.0 4049.0 2039.0 4049.0 small-vehicle 0
2010.0 3977.0 2045.0 3977.0 2045.0 4015.0 2010.0 4015.0 small-vehicle 0
1942.0 3890.0 1973.0 3890.0 1973.0 3925.0 1942.0 3925.0 small-vehicle 0
1919.0 3855.0 1949.0 3855.0 1949.0 3892.0 1919.0 3892.0 small-vehicle 0
1928.0 3784.0 1966.0 3784.0 1966.0 3812.0 1928.0 3812.0 small-vehicle 0
1853.0 3810.0 1885.0 3810.0 1885.0 3837.0 1853.0 3837.0 small-vehicle 0
2724.0 1706.0 2749.0 1706.0 2749.0 1745.0 2724.0 1745.0 small-vehicle 0
2739.0 1697.0 2769.0 1697.0 2769.0 1737.0 2739.0 1737.0 small-vehicle 0
2628.0 1043.0 2657.0 1043.0 2657.0 1083.0 2628.0 1083.0 small-vehicle 0
1114.0 1092.0 1154.0 1092.0 1154.0 1117.0 1114.0 1117.0 small-vehicle 0
1125.0 1114.0 1162.0 1114.0 1162.0 1137.0 1125.0 1137.0 small-vehicle 0
1101.0 1128.0 1141.0 1128.0 1141.0 1154.0 1101.0 1154.0 small-vehicle 0
1141.0 1136.0 1182.0 1136.0 1182.0 1164.0 1141.0 1164.0 small-vehicle 0
1106.0 1150.0 1145.0 1150.0 1145.0 1172.0 1106.0 1172.0 small-vehicle 0
984.0 1118.0 1011.0 1118.0 1011.0 1155.0 984.0 1155.0 small-vehicle 0
1004.0 1142.0 1027.0 1142.0 1027.0 1181.0 1004.0 1181.0 small-vehicle 0
1015.0 1164.0 1043.0 1164.0 1043.0 1202.0 1015.0 1202.0 small-vehicle 0
1032.0 1194.0 1053.0 1194.0 1053.0 1233.0 1032.0 1233.0 small-vehicle 0
1046.0 1212.0 1071.0 1212.0 1071.0 1251.0 1046.0 1251.0 small-vehicle 0
1263.0 1197.0 1287.0 1197.0 1287.0 1235.0 1263.0 1235.0 small-vehicle 0
1173.0 1247.0 1214.0 1247.0 1214.0 1276.0 1173.0 1276.0 small-vehicle 0
1198.0 1235.0 1232.0 1235.0 1232.0 1258.0 1198.0 1258.0 small-vehicle 0
1216.0 1255.0 1255.0 1255.0 1255.0 1282.0 1216.0 1282.0 small-vehicle 0
1228.0 1284.0 1267.0 1284.0 1267.0 1308.0 1228.0 1308.0 small-vehicle 0
1306.0 1277.0 1328.0 1277.0 1328.0 1313.0 1306.0 1313.0 small-vehicle 0
1323.0 1293.0 1344.0 1293.0 1344.0 1330.0 1323.0 1330.0 small-vehicle 0
1335.0 1313.0 1359.0 1313.0 1359.0 1349.0 1335.0 1349.0 small-vehicle 0
1195.0 1295.0 1235.0 1295.0 1235.0 1321.0 1195.0 1321.0 small-vehicle 0
1245.0 1307.0 1285.0 1307.0 1285.0 1329.0 1245.0 1329.0 small-vehicle 0
1213.0 1321.0 1248.0 1321.0 1248.0 1343.0 1213.0 1343.0 small-vehicle 0
1259.0 1329.0 1295.0 1329.0 1295.0 1355.0 1259.0 1355.0 small-vehicle 0
1220.0 1341.0 1260.0 1341.0 1260.0 1369.0 1220.0 1369.0 small-vehicle 0
1268.0 1355.0 1307.0 1355.0 1307.0 1382.0 1268.0 1382.0 small-vehicle 0
1240.0 1367.0 1274.0 1367.0 1274.0 1393.0 1240.0 1393.0 small-vehicle 0
1282.0 1381.0 1319.0 1381.0 1319.0 1405.0 1282.0 1405.0 small-vehicle 0
1263.0 1394.0 1297.0 1394.0 1297.0 1418.0 1263.0 1418.0 small-vehicle 0
1317.0 1425.0 1355.0 1425.0 1355.0 1452.0 1317.0 1452.0 small-vehicle 0
1320.0 1490.0 1356.0 1490.0 1356.0 1514.0 1320.0 1514.0 small-vehicle 0
1324.0 1948.0 1355.0 1948.0 1355.0 1976.0 1324.0 1976.0 small-vehicle 0
1080.0 1103.0 1121.0 1103.0 1121.0 1131.0 1080.0 1131.0 small-vehicle 0
1068.0 1081.0 1106.0 1081.0 1106.0 1109.0 1068.0 1109.0 small-vehicle 0
3688.0 419.0 3725.0 419.0 3725.0 459.0 3688.0 459.0 small-vehicle 0
1104.0 1070.0 1143.0 1070.0 1143.0 1093.0 1104.0 1093.0 small-vehicle 0
1781.0 1153.0 1821.0 1153.0 1821.0 1184.0 1781.0 1184.0 small-vehicle 0
1735.0 1034.0 1763.0 1034.0 1763.0 1071.0 1735.0 1071.0 small-vehicle 0
1806.0 1007.0 1831.0 1007.0 1831.0 1045.0 1806.0 1045.0 small-vehicle 0
1788.0 1182.0 1822.0 1182.0 1822.0 1208.0 1788.0 1208.0 small-vehicle 0
1496.0 1278.0 1532.0 1278.0 1532.0 1316.0 1496.0 1316.0 small-vehicle 0
1553.0 1350.0 1583.0 1350.0 1583.0 1391.0 1553.0 1391.0 small-vehicle 0
1066.0 775.0 1103.0 775.0 1103.0 817.0 1066.0 817.0 small-vehicle 0
879.0 805.0 917.0 805.0 917.0 834.0 879.0 834.0 small-vehicle 0
855.0 822.0 890.0 822.0 890.0 849.0 855.0 849.0 small-vehicle 0
836.0 841.0 875.0 841.0 875.0 868.0 836.0 868.0 small-vehicle 0
862.0 915.0 885.0 915.0 885.0 952.0 862.0 952.0 small-vehicle 0
876.0 930.0 904.0 930.0 904.0 970.0 876.0 970.0 small-vehicle 0
887.0 954.0 915.0 954.0 915.0 1000.0 887.0 1000.0 small-vehicle 0
907.0 979.0 932.0 979.0 932.0 1018.0 907.0 1018.0 small-vehicle 0
919.0 1008.0 944.0 1008.0 944.0 1050.0 919.0 1050.0 small-vehicle 0
954.0 889.0 991.0 889.0 991.0 918.0 954.0 918.0 small-vehicle 0
990.0 878.0 1024.0 878.0 1024.0 901.0 990.0 901.0 small-vehicle 0
970.0 916.0 1009.0 916.0 1009.0 945.0 970.0 945.0 small-vehicle 0
1012.0 926.0 1051.0 926.0 1051.0 953.0 1012.0 953.0 small-vehicle 0
991.0 944.0 1024.0 944.0 1024.0 966.0 991.0 966.0 small-vehicle 0
1034.0 954.0 1070.0 954.0 1070.0 979.0 1034.0 979.0 small-vehicle 0
996.0 964.0 1035.0 964.0 1035.0 991.0 996.0 991.0 small-vehicle 0
1042.0 976.0 1084.0 976.0 1084.0 1002.0 1042.0 1002.0 small-vehicle 0
1010.0 989.0 1049.0 989.0 1049.0 1016.0 1010.0 1016.0 small-vehicle 0
1056.0 1002.0 1094.0 1002.0 1094.0 1027.0 1056.0 1027.0 small-vehicle 0
1025.0 1016.0 1057.0 1016.0 1057.0 1038.0 1025.0 1038.0 small-vehicle 0
1036.0 1036.0 1079.0 1036.0 1079.0 1063.0 1036.0 1063.0 small-vehicle 0
1086.0 1046.0 1127.0 1046.0 1127.0 1071.0 1086.0 1071.0 small-vehicle 0
1059.0 1059.0 1098.0 1059.0 1098.0 1086.0 1059.0 1086.0 small-vehicle 0
1311.0 1827.0 1348.0 1827.0 1348.0 1850.0 1311.0 1850.0 small-vehicle 0
1323.0 1841.0 1361.0 1841.0 1361.0 1872.0 1323.0 1872.0 small-vehicle 0
1336.0 1859.0 1368.0 1859.0 1368.0 1884.0 1336.0 1884.0 small-vehicle 0
1343.0 1873.0 1378.0 1873.0 1378.0 1901.0 1343.0 1901.0 small-vehicle 0
3822.0 4295.0 3856.0 4295.0 3856.0 4337.0 3822.0 4337.0 small-vehicle 0
3836.0 4055.0 3877.0 4055.0 3877.0 4086.0 3836.0 4086.0 small-vehicle 0
3664.0 3833.0 3694.0 3833.0 3694.0 3875.0 3664.0 3875.0 small-vehicle 0
3677.0 3805.0 3708.0 3805.0 3708.0 3847.0 3677.0 3847.0 small-vehicle 0
3873.0 3397.0 3911.0 3397.0 3911.0 3427.0 3873.0 3427.0 small-vehicle 0
3867.0 3306.0 3900.0 3306.0 3900.0 3350.0 3867.0 3350.0 small-vehicle 0
3851.0 3319.0 3881.0 3319.0 3881.0 3359.0 3851.0 3359.0 small-vehicle 0
3811.0 3333.0 3839.0 3333.0 3839.0 3372.0 3811.0 3372.0 small-vehicle 0
3774.0 3350.0 3808.0 3350.0 3808.0 3393.0 3774.0 3393.0 small-vehicle 0
3591.0 3114.0 3620.0 3114.0 3620.0 3154.0 3591.0 3154.0 small-vehicle 0
3670.0 3173.0 3697.0 3173.0 3697.0 3202.0 3670.0 3202.0 small-vehicle 0
3769.0 3110.0 3810.0 3110.0 3810.0 3132.0 3769.0 3132.0 small-vehicle 0
3683.0 3067.0 3713.0 3067.0 3713.0 3106.0 3683.0 3106.0 small-vehicle 0
3662.0 3076.0 3692.0 3076.0 3692.0 3114.0 3662.0 3114.0 small-vehicle 0
3641.0 3082.0 3674.0 3082.0 3674.0 3123.0 3641.0 3123.0 small-vehicle 0
3623.0 3094.0 3656.0 3094.0 3656.0 3131.0 3623.0 3131.0 small-vehicle 0
3606.0 3101.0 3637.0 3101.0 3637.0 3140.0 3606.0 3140.0 small-vehicle 0
3689.0 3162.0 3718.0 3162.0 3718.0 3197.0 3689.0 3197.0 small-vehicle 0
3706.0 3153.0 3735.0 3153.0 3735.0 3188.0 3706.0 3188.0 small-vehicle 0
3260.0 2721.0 3275.0 2721.0 3275.0 2758.0 3260.0 2758.0 small-vehicle 0
3233.0 2622.0 3254.0 2622.0 3254.0 2663.0 3233.0 2663.0 small-vehicle 0
3732.0 2562.0 3771.0 2562.0 3771.0 2581.0 3732.0 2581.0 small-vehicle 0
3687.0 2556.0 3729.0 2556.0 3729.0 2578.0 3687.0 2578.0 small-vehicle 0
3644.0 2556.0 3685.0 2556.0 3685.0 2574.0 3644.0 2574.0 small-vehicle 0
3331.0 2528.0 3375.0 2528.0 3375.0 2548.0 3331.0 2548.0 small-vehicle 0
3855.0 2596.0 3874.0 2596.0 3874.0 2626.0 3855.0 2626.0 small-vehicle 0
3881.0 2599.0 3895.0 2599.0 3895.0 2624.0 3881.0 2624.0 small-vehicle 0
3533.0 1845.0 3556.0 1845.0 3556.0 1875.0 3533.0 1875.0 small-vehicle 0
3549.0 1783.0 3588.0 1783.0 3588.0 1813.0 3549.0 1813.0 small-vehicle 0
3620.0 4217.0 3662.0 4217.0 3662.0 4250.0 3620.0 4250.0 small-vehicle 0
3593.0 4244.0 3625.0 4244.0 3625.0 4273.0 3593.0 4273.0 small-vehicle 0
3555.0 4264.0 3594.0 4264.0 3594.0 4299.0 3555.0 4299.0 small-vehicle 0
984.0 1973.0 1018.0 1973.0 1018.0 2009.0 984.0 2009.0 small-vehicle 0
1225.0 1862.0 1259.0 1862.0 1259.0 1887.0 1225.0 1887.0 small-vehicle 0
1229.0 1873.0 1271.0 1873.0 1271.0 1905.0 1229.0 1905.0 small-vehicle 0
1239.0 1893.0 1274.0 1893.0 1274.0 1924.0 1239.0 1924.0 small-vehicle 0
1251.0 1906.0 1287.0 1906.0 1287.0 1938.0 1251.0 1938.0 small-vehicle 0
1263.0 1917.0 1303.0 1917.0 1303.0 1953.0 1263.0 1953.0 small-vehicle 0
1196.0 1899.0 1235.0 1899.0 1235.0 1928.0 1196.0 1928.0 small-vehicle 0
1206.0 1914.0 1243.0 1914.0 1243.0 1943.0 1206.0 1943.0 small-vehicle 0
1213.0 1927.0 1257.0 1927.0 1257.0 1961.0 1213.0 1961.0 small-vehicle 0
1225.0 1945.0 1265.0 1945.0 1265.0 1979.0 1225.0 1979.0 small-vehicle 0
1105.0 1934.0 1147.0 1934.0 1147.0 1965.0 1105.0 1965.0 small-vehicle 0
1115.0 1953.0 1154.0 1953.0 1154.0 1986.0 1115.0 1986.0 small-vehicle 0
1126.0 1973.0 1163.0 1973.0 1163.0 2003.0 1126.0 2003.0 small-vehicle 0
1131.0 1988.0 1177.0 1988.0 1177.0 2021.0 1131.0 2021.0 small-vehicle 0
851.0 2217.0 893.0 2217.0 893.0 2248.0 851.0 2248.0 small-vehicle 0
3526.0 4288.0 3558.0 4288.0 3558.0 4318.0 3526.0 4318.0 small-vehicle 0
812.0 2242.0 850.0 2242.0 850.0 2276.0 812.0 2276.0 small-vehicle 0
772.0 2265.0 813.0 2265.0 813.0 2299.0 772.0 2299.0 small-vehicle 0
733.0 2287.0 770.0 2287.0 770.0 2325.0 733.0 2325.0 small-vehicle 0
809.0 1680.0 840.0 1680.0 840.0 1716.0 809.0 1716.0 small-vehicle 0
828.0 1720.0 861.0 1720.0 861.0 1764.0 828.0 1764.0 small-vehicle 0
681.0 1471.0 717.0 1471.0 717.0 1516.0 681.0 1516.0 small-vehicle 0
3294.0 4491.0 3330.0 4491.0 3330.0 4525.0 3294.0 4525.0 small-vehicle 0
3358.0 4432.0 3393.0 4432.0 3393.0 4462.0 3358.0 4462.0 small-vehicle 0
3807.0 4373.0 3847.0 4373.0 3847.0 4408.0 3807.0 4408.0 small-vehicle 0
3391.0 4402.0 3422.0 4402.0 3422.0 4434.0 3391.0 4434.0 small-vehicle 0
3414.0 4370.0 3459.0 4370.0 3459.0 4410.0 3414.0 4410.0 small-vehicle 0
3451.0 4347.0 3487.0 4347.0 3487.0 4380.0 3451.0 4380.0 small-vehicle 0
3480.0 4320.0 3517.0 4320.0 3517.0 4355.0 3480.0 4355.0 small-vehicle 0
251.0 11.0 294.0 11.0 294.0 46.0 251.0 46.0 large-vehicle 0
