962.0 1997.0 982.0 1997.0 982.0 2035.0 962.0 2035.0 small-vehicle 0
1318.0 1895.0 1341.0 1895.0 1341.0 1931.0 1318.0 1931.0 small-vehicle 0
1125.0 1852.0 1153.0 1852.0 1153.0 1895.0 1125.0 1895.0 small-vehicle 0
1146.0 1845.0 1173.0 1845.0 1173.0 1887.0 1146.0 1887.0 small-vehicle 0
1184.0 1835.0 1211.0 1835.0 1211.0 1878.0 1184.0 1878.0 small-vehicle 0
1241.0 1816.0 1264.0 1816.0 1264.0 1857.0 1241.0 1857.0 small-vehicle 0
1260.0 1814.0 1284.0 1814.0 1284.0 1850.0 1260.0 1850.0 small-vehicle 0
1277.0 1806.0 1303.0 1806.0 1303.0 1849.0 1277.0 1849.0 small-vehicle 0
1299.0 1802.0 1322.0 1802.0 1322.0 1837.0 1299.0 1837.0 small-vehicle 0
1315.0 1796.0 1339.0 1796.0 1339.0 1832.0 1315.0 1832.0 small-vehicle 0
1334.0 1791.0 1359.0 1791.0 1359.0 1834.0 1334.0 1834.0 small-vehicle 0
1351.0 1788.0 1377.0 1788.0 1377.0 1821.0 1351.0 1821.0 small-vehicle 0
1423.0 1864.0 1448.0 1864.0 1448.0 1900.0 1423.0 1900.0 small-vehicle 0
1444.0 1861.0 1466.0 1861.0 1466.0 1896.0 1444.0 1896.0 small-vehicle 0
1299.0 1899.0 1323.0 1899.0 1323.0 1935.0 1299.0 1935.0 small-vehicle 0
1352.0 1887.0 1374.0 1887.0 1374.0 1922.0 1352.0 1922.0 small-vehicle 0
941.0 2006.0 963.0 2006.0 963.0 2042.0 941.0 2042.0 small-vehicle 0
1387.0 1876.0 1413.0 1876.0 1413.0 1912.0 1387.0 1912.0 small-vehicle 0
1460.0 1854.0 1484.0 1854.0 1484.0 1890.0 1460.0 1890.0 small-vehicle 0
1512.0 1839.0 1538.0 1839.0 1538.0 1876.0 1512.0 1876.0 small-vehicle 0
1244.0 1916.0 1269.0 1916.0 1269.0 1954.0 1244.0 1954.0 small-vehicle 0
1264.0 1909.0 1289.0 1909.0 1289.0 1946.0 1264.0 1946.0 small-vehicle 0
1249.0 2004.0 1283.0 2004.0 1283.0 2027.0 1249.0 2027.0 small-vehicle 0
1254.0 2022.0 1292.0 2022.0 1292.0 2046.0 1254.0 2046.0 small-vehicle 0
1139.0 1950.0 1173.0 1950.0 1173.0 1974.0 1139.0 1974.0 small-vehicle 0
1141.0 1969.0 1182.0 1969.0 1182.0 1997.0 1141.0 1997.0 small-vehicle 0
1169.0 2047.0 1206.0 2047.0 1206.0 2071.0 1169.0 2071.0 small-vehicle 0
1269.0 2060.0 1303.0 2060.0 1303.0 2083.0 1269.0 2083.0 small-vehicle 0
1269.0 2078.0 1305.0 2078.0 1305.0 2102.0 1269.0 2102.0 small-vehicle 0
1278.0 2097.0 1316.0 2097.0 1316.0 2126.0 1278.0 2126.0 small-vehicle 0
1369.0 1782.0 1395.0 1782.0 1395.0 1818.0 1369.0 1818.0 small-vehicle 0
1386.0 1773.0 1414.0 1773.0 1414.0 1814.0 1386.0 1814.0 small-vehicle 0
1425.0 1764.0 1451.0 1764.0 1451.0 1806.0 1425.0 1806.0 small-vehicle 0
1443.0 1757.0 1467.0 1757.0 1467.0 1794.0 1443.0 1794.0 small-vehicle 0
420.0 1604.0 636.0 1604.0 636.0 1820.0 420.0 1820.0 roundabout 0
1492.0 1841.0 1520.0 1841.0 1520.0 1879.0 1492.0 1879.0 large-vehicle 0
697.0 448.0 752.0 448.0 752.0 480.0 697.0 480.0 large-vehicle 0
645.0 1159.0 668.0 1159.0 668.0 1196.0 645.0 1196.0 large-vehicle 0
1205.0 2198.0 1250.0 2198.0 1250.0 2228.0 1205.0 2228.0 ship 0
784.0 1.0 1034.0 1.0 1034.0 150.0 784.0 150.0 basketball-court 0
846.0 417.0 890.0 417.0 890.0 456.0 846.0 456.0 large-vehicle 0
461.0 333.0 484.0 333.0 484.0 369.0 461.0 369.0 small-vehicle 0
515.0 350.0 554.0 350.0 554.0 373.0 515.0 373.0 small-vehicle 0
513.0 334.0 543.0 334.0 543.0 356.0 513.0 356.0 small-vehicle 0
695.0 376.0 724.0 376.0 724.0 413.0 695.0 413.0 small-vehicle 0
746.0 389.0 777.0 389.0 777.0 418.0 746.0 418.0 small-vehicle 0
924.0 325.0 953.0 325.0 953.0 360.0 924.0 360.0 small-vehicle 0
991.0 351.0 1030.0 351.0 1030.0 375.0 991.0 375.0 small-vehicle 0
1035.0 344.0 1069.0 344.0 1069.0 366.0 1035.0 366.0 small-vehicle 0
1080.0 312.0 1111.0 312.0 1111.0 347.0 1080.0 347.0 small-vehicle 0
1185.0 319.0 1219.0 319.0 1219.0 348.0 1185.0 348.0 small-vehicle 0
1161.0 345.0 1198.0 345.0 1198.0 381.0 1161.0 381.0 small-vehicle 0
1169.0 824.0 1200.0 824.0 1200.0 860.0 1169.0 860.0 small-vehicle 0
1172.0 932.0 1207.0 932.0 1207.0 975.0 1172.0 975.0 small-vehicle 0
1208.0 903.0 1241.0 903.0 1241.0 935.0 1208.0 935.0 small-vehicle 0
1342.0 1011.0 1378.0 1011.0 1378.0 1047.0 1342.0 1047.0 small-vehicle 0
1403.0 1082.0 1438.0 1082.0 1438.0 1121.0 1403.0 1121.0 small-vehicle 0
1531.0 1484.0 1556.0 1484.0 1556.0 1519.0 1531.0 1519.0 small-vehicle 0
1590.0 1764.0 1623.0 1764.0 1623.0 1800.0 1590.0 1800.0 small-vehicle 0
1500.0 1745.0 1526.0 1745.0 1526.0 1783.0 1500.0 1783.0 small-vehicle 0
1461.0 1754.0 1489.0 1754.0 1489.0 1794.0 1461.0 1794.0 small-vehicle 0
1179.0 2082.0 1216.0 2082.0 1216.0 2106.0 1179.0 2106.0 small-vehicle 0
1184.0 2123.0 1223.0 2123.0 1223.0 2147.0 1184.0 2147.0 small-vehicle 0
1192.0 2142.0 1233.0 2142.0 1233.0 2169.0 1192.0 2169.0 small-vehicle 0
626.0 854.0 655.0 854.0 655.0 873.0 626.0 873.0 small-vehicle 0
634.0 910.0 672.0 910.0 672.0 934.0 634.0 934.0 small-vehicle 0
643.0 947.0 677.0 947.0 677.0 971.0 643.0 971.0 small-vehicle 0
638.0 1115.0 656.0 1115.0 656.0 1149.0 638.0 1149.0 small-vehicle 0
657.0 1298.0 681.0 1298.0 681.0 1334.0 657.0 1334.0 small-vehicle 0
532.0 1237.0 572.0 1237.0 572.0 1264.0 532.0 1264.0 small-vehicle 1
525.0 1209.0 565.0 1209.0 565.0 1238.0 525.0 1238.0 small-vehicle 0
522.0 1183.0 552.0 1183.0 552.0 1204.0 522.0 1204.0 small-vehicle 0
423.0 1202.0 459.0 1202.0 459.0 1225.0 423.0 1225.0 small-vehicle 0
419.0 1183.0 450.0 1183.0 450.0 1201.0 419.0 1201.0 small-vehicle 0
410.0 1137.0 448.0 1137.0 448.0 1165.0 410.0 1165.0 small-vehicle 1
409.0 1124.0 443.0 1124.0 443.0 1144.0 409.0 1144.0 small-vehicle 0
491.0 1087.0 529.0 1087.0 529.0 1112.0 491.0 1112.0 small-vehicle 0
381.0 1007.0 424.0 1007.0 424.0 1035.0 381.0 1035.0 small-vehicle 0
383.0 1028.0 424.0 1028.0 424.0 1052.0 383.0 1052.0 small-vehicle 0
481.0 1007.0 514.0 1007.0 514.0 1028.0 481.0 1028.0 small-vehicle 0
394.0 1065.0 434.0 1065.0 434.0 1087.0 394.0 1087.0 small-vehicle 0
479.0 989.0 510.0 989.0 510.0 1012.0 479.0 1012.0 small-vehicle 0
490.0 1047.0 524.0 1047.0 524.0 1067.0 490.0 1067.0 small-vehicle 0
493.0 1064.0 530.0 1064.0 530.0 1088.0 493.0 1088.0 small-vehicle 0
400.0 1087.0 436.0 1087.0 436.0 1107.0 400.0 1107.0 small-vehicle 0
414.0 1161.0 444.0 1161.0 444.0 1181.0 414.0 1181.0 small-vehicle 0
466.0 1410.0 505.0 1410.0 505.0 1435.0 466.0 1435.0 small-vehicle 0
573.0 825.0 594.0 825.0 594.0 857.0 573.0 857.0 small-vehicle 0
451.0 1693.0 479.0 1693.0 479.0 1732.0 451.0 1732.0 small-vehicle 0
1007.0 148.0 1042.0 148.0 1042.0 187.0 1007.0 187.0 small-vehicle 0
866.0 1281.0 897.0 1281.0 897.0 1322.0 866.0 1322.0 small-vehicle 0
923.0 2013.0 942.0 2013.0 942.0 2046.0 923.0 2046.0 small-vehicle 0
633.0 887.0 669.0 887.0 669.0 913.0 633.0 913.0 small-vehicle 0
613.0 834.0 654.0 834.0 654.0 859.0 613.0 859.0 small-vehicle 0
1224.0 2235.0 1262.0 2235.0 1262.0 2260.0 1224.0 2260.0 small-vehicle 0
610.0 815.0 649.0 815.0 649.0 838.0 610.0 838.0 small-vehicle 0
1227.0 2255.0 1265.0 2255.0 1265.0 2280.0 1227.0 2280.0 small-vehicle 0
1227.0 2274.0 1266.0 2274.0 1266.0 2300.0 1227.0 2300.0 small-vehicle 0
1247.0 2334.0 1284.0 2334.0 1284.0 2358.0 1247.0 2358.0 small-vehicle 0
1256.0 2374.0 1294.0 2374.0 1294.0 2400.0 1256.0 2400.0 small-vehicle 0
1333.0 2534.0 1371.0 2534.0 1371.0 2558.0 1333.0 2558.0 small-vehicle 0
1346.0 2549.0 1385.0 2549.0 1385.0 2577.0 1346.0 2577.0 small-vehicle 0
1361.0 2608.0 1392.0 2608.0 1392.0 2630.0 1361.0 2630.0 small-vehicle 0
1311.0 2210.0 1345.0 2210.0 1345.0 2235.0 1311.0 2235.0 small-vehicle 0
1317.0 2228.0 1354.0 2228.0 1354.0 2256.0 1317.0 2256.0 small-vehicle 0
1319.0 2249.0 1358.0 2249.0 1358.0 2276.0 1319.0 2276.0 small-vehicle 0
1327.0 2265.0 1361.0 2265.0 1361.0 2292.0 1327.0 2292.0 small-vehicle 0
1329.0 2287.0 1370.0 2287.0 1370.0 2313.0 1329.0 2313.0 small-vehicle 0
1337.0 2307.0 1376.0 2307.0 1376.0 2332.0 1337.0 2332.0 small-vehicle 0
1505.0 173.0 1528.0 173.0 1528.0 204.0 1505.0 204.0 small-vehicle 0
553.0 552.0 590.0 552.0 590.0 577.0 553.0 577.0 small-vehicle 0
559.0 572.0 595.0 572.0 595.0 595.0 559.0 595.0 small-vehicle 0
564.0 590.0 598.0 590.0 598.0 613.0 564.0 613.0 small-vehicle 1
567.0 609.0 602.0 609.0 602.0 632.0 567.0 632.0 small-vehicle 0
574.0 622.0 613.0 622.0 613.0 650.0 574.0 650.0 small-vehicle 0
579.0 652.0 618.0 652.0 618.0 678.0 579.0 678.0 small-vehicle 0
530.0 639.0 552.0 639.0 552.0 678.0 530.0 678.0 small-vehicle 0
545.0 696.0 566.0 696.0 566.0 732.0 545.0 732.0 small-vehicle 0
597.0 726.0 638.0 726.0 638.0 751.0 597.0 751.0 small-vehicle 0
441.0 753.0 481.0 753.0 481.0 778.0 441.0 778.0 small-vehicle 0
452.0 790.0 488.0 790.0 488.0 812.0 452.0 812.0 small-vehicle 0
456.0 806.0 493.0 806.0 493.0 834.0 456.0 834.0 small-vehicle 0
613.0 797.0 647.0 797.0 647.0 819.0 613.0 819.0 small-vehicle 0
450.0 294.0 475.0 294.0 475.0 334.0 450.0 334.0 large-vehicle 0
