526.0 708.0 564.0 708.0 564.0 730.0 526.0 730.0 small-vehicle 0
771.0 292.0 829.0 292.0 829.0 402.0 771.0 402.0 large-vehicle 0
846.0 663.0 954.0 663.0 954.0 704.0 846.0 704.0 large-vehicle 0
844.0 633.0 950.0 633.0 950.0 677.0 844.0 677.0 large-vehicle 0
840.0 606.0 946.0 606.0 946.0 650.0 840.0 650.0 large-vehicle 0
836.0 578.0 941.0 578.0 941.0 621.0 836.0 621.0 large-vehicle 0
831.0 552.0 934.0 552.0 934.0 593.0 831.0 593.0 large-vehicle 0
827.0 525.0 930.0 525.0 930.0 567.0 827.0 567.0 large-vehicle 0
822.0 497.0 926.0 497.0 926.0 537.0 822.0 537.0 large-vehicle 0
819.0 470.0 923.0 470.0 923.0 511.0 819.0 511.0 large-vehicle 0
813.0 442.0 919.0 442.0 919.0 484.0 813.0 484.0 large-vehicle 0
809.0 415.0 915.0 415.0 915.0 457.0 809.0 457.0 large-vehicle 0
803.0 386.0 909.0 386.0 909.0 427.0 803.0 427.0 large-vehicle 0
835.0 281.0 895.0 281.0 895.0 388.0 835.0 388.0 large-vehicle 0
804.0 286.0 863.0 286.0 863.0 391.0 804.0 391.0 large-vehicle 0
739.0 298.0 797.0 298.0 797.0 406.0 739.0 406.0 large-vehicle 0
857.0 718.0 963.0 718.0 963.0 760.0 857.0 760.0 large-vehicle 0
707.0 303.0 766.0 303.0 766.0 412.0 707.0 412.0 large-vehicle 0
675.0 309.0 732.0 309.0 732.0 419.0 675.0 419.0 large-vehicle 0
643.0 314.0 702.0 314.0 702.0 423.0 643.0 423.0 large-vehicle 0
612.0 320.0 669.0 320.0 669.0 428.0 612.0 428.0 large-vehicle 0
579.0 327.0 635.0 327.0 635.0 435.0 579.0 435.0 large-vehicle 0
547.0 332.0 603.0 332.0 603.0 441.0 547.0 441.0 large-vehicle 0
516.0 337.0 571.0 337.0 571.0 446.0 516.0 446.0 large-vehicle 0
483.0 343.0 541.0 343.0 541.0 453.0 483.0 453.0 large-vehicle 0
451.0 348.0 508.0 348.0 508.0 460.0 451.0 460.0 large-vehicle 0
420.0 355.0 476.0 355.0 476.0 465.0 420.0 465.0 large-vehicle 0
387.0 360.0 445.0 360.0 445.0 470.0 387.0 470.0 large-vehicle 0
355.0 366.0 410.0 366.0 410.0 475.0 355.0 475.0 large-vehicle 0
323.0 372.0 378.0 372.0 378.0 482.0 323.0 482.0 large-vehicle 0
852.0 689.0 959.0 689.0 959.0 733.0 852.0 733.0 large-vehicle 0
863.0 744.0 969.0 744.0 969.0 788.0 863.0 788.0 large-vehicle 0
523.0 679.0 567.0 679.0 567.0 704.0 523.0 704.0 small-vehicle 0
520.0 749.0 622.0 749.0 622.0 789.0 520.0 789.0 large-vehicle 0
507.0 652.0 552.0 652.0 552.0 677.0 507.0 677.0 small-vehicle 0
495.0 631.0 532.0 631.0 532.0 651.0 495.0 651.0 small-vehicle 0
527.0 565.0 568.0 565.0 568.0 589.0 527.0 589.0 small-vehicle 0
526.0 540.0 562.0 540.0 562.0 562.0 526.0 562.0 small-vehicle 0
262.0 769.0 297.0 769.0 297.0 791.0 262.0 791.0 small-vehicle 0
380.0 653.0 402.0 653.0 402.0 692.0 380.0 692.0 small-vehicle 0
371.0 606.0 391.0 606.0 391.0 642.0 371.0 642.0 small-vehicle 0
359.0 562.0 382.0 562.0 382.0 601.0 359.0 601.0 small-vehicle 0
2.0 481.0 27.0 481.0 27.0 510.0 2.0 510.0 large-vehicle 1
35.0 462.0 141.0 462.0 141.0 504.0 35.0 504.0 large-vehicle 0
458.0 767.0 498.0 767.0 498.0 879.0 458.0 879.0 large-vehicle 0
428.0 771.0 468.0 771.0 468.0 884.0 428.0 884.0 large-vehicle 0
516.0 721.0 618.0 721.0 618.0 762.0 516.0 762.0 large-vehicle 0
525.0 777.0 626.0 777.0 626.0 819.0 525.0 819.0 large-vehicle 0
868.0 772.0 974.0 772.0 974.0 814.0 868.0 814.0 large-vehicle 0
530.0 804.0 632.0 804.0 632.0 845.0 530.0 845.0 large-vehicle 0
535.0 832.0 637.0 832.0 637.0 873.0 535.0 873.0 large-vehicle 0
643.0 813.0 747.0 813.0 747.0 855.0 643.0 855.0 large-vehicle 0
637.0 783.0 743.0 783.0 743.0 825.0 637.0 825.0 large-vehicle 0
633.0 755.0 738.0 755.0 738.0 798.0 633.0 798.0 large-vehicle 0
623.0 702.0 729.0 702.0 729.0 746.0 623.0 746.0 large-vehicle 0
618.0 674.0 723.0 674.0 723.0 714.0 618.0 714.0 large-vehicle 0
611.0 646.0 720.0 646.0 720.0 688.0 611.0 688.0 large-vehicle 0
608.0 618.0 714.0 618.0 714.0 660.0 608.0 660.0 large-vehicle 0
604.0 591.0 712.0 591.0 712.0 634.0 604.0 634.0 large-vehicle 0
598.0 563.0 705.0 563.0 705.0 605.0 598.0 605.0 large-vehicle 0
595.0 538.0 700.0 538.0 700.0 578.0 595.0 578.0 large-vehicle 0
590.0 509.0 695.0 509.0 695.0 551.0 590.0 551.0 large-vehicle 0
290.0 376.0 345.0 376.0 345.0 488.0 290.0 488.0 large-vehicle 0
