3193.0 1719.0 3236.0 1719.0 3236.0 1758.0 3193.0 1758.0 small-vehicle 0
3209.0 1700.0 3251.0 1700.0 3251.0 1742.0 3209.0 1742.0 small-vehicle 0
759.0 1831.0 802.0 1831.0 802.0 1878.0 759.0 1878.0 small-vehicle 0
897.0 1872.0 939.0 1872.0 939.0 1914.0 897.0 1914.0 small-vehicle 0
652.0 1656.0 675.0 1656.0 675.0 1702.0 652.0 1702.0 small-vehicle 0
627.0 1641.0 650.0 1641.0 650.0 1677.0 627.0 1677.0 small-vehicle 0
605.0 1619.0 628.0 1619.0 628.0 1659.0 605.0 1659.0 small-vehicle 0
559.0 1592.0 581.0 1592.0 581.0 1633.0 559.0 1633.0 small-vehicle 0
529.0 1569.0 549.0 1569.0 549.0 1609.0 529.0 1609.0 small-vehicle 0
173.0 1150.0 213.0 1150.0 213.0 1173.0 173.0 1173.0 small-vehicle 0
179.0 1130.0 215.0 1130.0 215.0 1154.0 179.0 1154.0 small-vehicle 0
202.0 1062.0 242.0 1062.0 242.0 1095.0 202.0 1095.0 small-vehicle 0
211.0 1038.0 257.0 1038.0 257.0 1073.0 211.0 1073.0 small-vehicle 0
228.0 993.0 275.0 993.0 275.0 1034.0 228.0 1034.0 small-vehicle 0
251.0 979.0 284.0 979.0 284.0 1010.0 251.0 1010.0 small-vehicle 0
362.0 810.0 416.0 810.0 416.0 838.0 362.0 838.0 large-vehicle 0
202.0 870.0 272.0 870.0 272.0 898.0 202.0 898.0 large-vehicle 0
3139.0 351.0 3192.0 351.0 3192.0 373.0 3139.0 373.0 large-vehicle 0
2916.0 868.0 2966.0 868.0 2966.0 913.0 2916.0 913.0 large-vehicle 0
893.0 1815.0 931.0 1815.0 931.0 1854.0 893.0 1854.0 small-vehicle 0
843.0 1203.0 888.0 1203.0 888.0 1226.0 843.0 1226.0 small-vehicle 0
818.0 1184.0 867.0 1184.0 867.0 1209.0 818.0 1209.0 small-vehicle 0
887.0 553.0 937.0 553.0 937.0 578.0 887.0 578.0 small-vehicle 0
1089.0 531.0 1122.0 531.0 1122.0 565.0 1089.0 565.0 small-vehicle 0
1142.0 529.0 1176.0 529.0 1176.0 562.0 1142.0 562.0 small-vehicle 0
1169.0 525.0 1203.0 525.0 1203.0 562.0 1169.0 562.0 small-vehicle 0
1197.0 521.0 1234.0 521.0 1234.0 562.0 1197.0 562.0 small-vehicle 0
1037.0 350.0 1077.0 350.0 1077.0 369.0 1037.0 369.0 small-vehicle 0
1072.0 335.0 1118.0 335.0 1118.0 360.0 1072.0 360.0 small-vehicle 0
824.0 567.0 869.0 567.0 869.0 589.0 824.0 589.0 small-vehicle 0
753.0 701.0 774.0 701.0 774.0 742.0 753.0 742.0 small-vehicle 0
798.0 1164.0 845.0 1164.0 845.0 1187.0 798.0 1187.0 small-vehicle 0
856.0 768.0 876.0 768.0 876.0 808.0 856.0 808.0 small-vehicle 0
732.0 1104.0 774.0 1104.0 774.0 1131.0 732.0 1131.0 small-vehicle 0
755.0 1124.0 800.0 1124.0 800.0 1147.0 755.0 1147.0 small-vehicle 0
780.0 1144.0 822.0 1144.0 822.0 1169.0 780.0 1169.0 small-vehicle 0
910.0 1265.0 952.0 1265.0 952.0 1286.0 910.0 1286.0 small-vehicle 0
1025.0 1235.0 1048.0 1235.0 1048.0 1279.0 1025.0 1279.0 small-vehicle 0
850.0 1072.0 869.0 1072.0 869.0 1116.0 850.0 1116.0 small-vehicle 0
2558.0 70.0 2599.0 70.0 2599.0 108.0 2558.0 108.0 large-vehicle 0
2521.0 38.0 2563.0 38.0 2563.0 78.0 2521.0 78.0 large-vehicle 0
2494.0 641.0 2516.0 641.0 2516.0 684.0 2494.0 684.0 large-vehicle 0
886.0 1240.0 936.0 1240.0 936.0 1266.0 886.0 1266.0 large-vehicle 0
1509.0 265.0 1563.0 265.0 1563.0 289.0 1509.0 289.0 large-vehicle 0
1500.0 551.0 1546.0 551.0 1546.0 574.0 1500.0 574.0 large-vehicle 0
1388.0 694.0 1432.0 694.0 1432.0 714.0 1388.0 714.0 large-vehicle 0
1397.0 48.0 1449.0 48.0 1449.0 100.0 1397.0 100.0 large-vehicle 0
1445.0 1.0 1465.0 1.0 1465.0 34.0 1445.0 34.0 large-vehicle 1
1346.0 243.0 1400.0 243.0 1400.0 267.0 1346.0 267.0 large-vehicle 0
919.0 1136.0 938.0 1136.0 938.0 1182.0 919.0 1182.0 large-vehicle 0
860.0 1840.0 905.0 1840.0 905.0 1883.0 860.0 1883.0 large-vehicle 0
1645.0 326.0 1664.0 326.0 1664.0 367.0 1645.0 367.0 large-vehicle 0
800.0 1286.0 847.0 1286.0 847.0 1330.0 800.0 1330.0 large-vehicle 0
826.0 1057.0 846.0 1057.0 846.0 1100.0 826.0 1100.0 large-vehicle 0
724.0 685.0 746.0 685.0 746.0 732.0 724.0 732.0 large-vehicle 0
580.0 1603.0 606.0 1603.0 606.0 1650.0 580.0 1650.0 large-vehicle 0
300.0 1503.0 332.0 1503.0 332.0 1551.0 300.0 1551.0 large-vehicle 0
270.0 1489.0 304.0 1489.0 304.0 1538.0 270.0 1538.0 large-vehicle 0
189.0 1088.0 233.0 1088.0 233.0 1115.0 189.0 1115.0 large-vehicle 0
1518.0 209.0 1568.0 209.0 1568.0 232.0 1518.0 232.0 large-vehicle 0
1670.0 326.0 1690.0 326.0 1690.0 368.0 1670.0 368.0 large-vehicle 0
2447.0 303.0 2492.0 303.0 2492.0 320.0 2447.0 320.0 large-vehicle 1
1997.0 18.0 2023.0 18.0 2023.0 73.0 1997.0 73.0 large-vehicle 1
2367.0 325.0 2412.0 325.0 2412.0 347.0 2367.0 347.0 large-vehicle 0
2161.0 677.0 2315.0 677.0 2315.0 718.0 2161.0 718.0 large-vehicle 0
2243.0 314.0 2260.0 314.0 2260.0 362.0 2243.0 362.0 large-vehicle 0
2198.0 311.0 2218.0 311.0 2218.0 352.0 2198.0 352.0 large-vehicle 0
2160.0 56.0 2205.0 56.0 2205.0 100.0 2160.0 100.0 large-vehicle 0
2125.0 315.0 2146.0 315.0 2146.0 358.0 2125.0 358.0 large-vehicle 0
2076.0 313.0 2098.0 313.0 2098.0 353.0 2076.0 353.0 large-vehicle 0
1871.0 1.0 1918.0 1.0 1918.0 48.0 1871.0 48.0 large-vehicle 0
1698.0 326.0 1720.0 326.0 1720.0 367.0 1698.0 367.0 large-vehicle 0
1738.0 1105.0 1760.0 1105.0 1760.0 1166.0 1738.0 1166.0 large-vehicle 0
1721.0 325.0 1738.0 325.0 1738.0 366.0 1721.0 366.0 large-vehicle 0
1744.0 15.0 1767.0 15.0 1767.0 62.0 1744.0 62.0 large-vehicle 0
1652.0 1034.0 1671.0 1034.0 1671.0 1080.0 1652.0 1080.0 large-vehicle 0
1628.0 1006.0 1648.0 1006.0 1648.0 1051.0 1628.0 1051.0 large-vehicle 0
1543.0 521.0 1593.0 521.0 1593.0 545.0 1543.0 545.0 large-vehicle 0
1547.0 486.0 1590.0 486.0 1590.0 507.0 1547.0 507.0 large-vehicle 0
1499.0 37.0 1545.0 37.0 1545.0 81.0 1499.0 81.0 small-vehicle 0
1401.0 144.0 1444.0 144.0 1444.0 166.0 1401.0 166.0 small-vehicle 0
1406.0 189.0 1446.0 189.0 1446.0 207.0 1406.0 207.0 small-vehicle 0
2803.0 626.0 2824.0 626.0 2824.0 664.0 2803.0 664.0 small-vehicle 0
3124.0 883.0 3144.0 883.0 3144.0 920.0 3124.0 920.0 small-vehicle 0
3075.0 839.0 3095.0 839.0 3095.0 878.0 3075.0 878.0 small-vehicle 0
3050.0 820.0 3073.0 820.0 3073.0 859.0 3050.0 859.0 small-vehicle 0
3024.0 798.0 3050.0 798.0 3050.0 837.0 3024.0 837.0 small-vehicle 0
3002.0 774.0 3018.0 774.0 3018.0 814.0 3002.0 814.0 small-vehicle 0
2977.0 758.0 2994.0 758.0 2994.0 795.0 2977.0 795.0 small-vehicle 0
2952.0 734.0 2975.0 734.0 2975.0 774.0 2952.0 774.0 small-vehicle 0
2925.0 711.0 2947.0 711.0 2947.0 748.0 2925.0 748.0 small-vehicle 0
3041.0 980.0 3086.0 980.0 3086.0 1019.0 3041.0 1019.0 small-vehicle 0
3179.0 764.0 3225.0 764.0 3225.0 807.0 3179.0 807.0 small-vehicle 0
2872.0 836.0 2918.0 836.0 2918.0 875.0 2872.0 875.0 small-vehicle 0
2950.0 555.0 2994.0 555.0 2994.0 597.0 2950.0 597.0 small-vehicle 0
2903.0 697.0 2922.0 697.0 2922.0 732.0 2903.0 732.0 small-vehicle 0
2774.0 625.0 2805.0 625.0 2805.0 674.0 2774.0 674.0 small-vehicle 0
3079.0 352.0 3119.0 352.0 3119.0 370.0 3079.0 370.0 small-vehicle 0
2296.0 142.0 2318.0 142.0 2318.0 184.0 2296.0 184.0 small-vehicle 0
3003.0 944.0 3048.0 944.0 3048.0 988.0 3003.0 988.0 small-vehicle 0
3130.0 1057.0 3171.0 1057.0 3171.0 1096.0 3130.0 1096.0 small-vehicle 0
2644.0 143.0 2685.0 143.0 2685.0 183.0 2644.0 183.0 small-vehicle 0
3015.0 48.0 3055.0 48.0 3055.0 92.0 3015.0 92.0 small-vehicle 0
3196.0 1527.0 3239.0 1527.0 3239.0 1568.0 3196.0 1568.0 small-vehicle 0
3168.0 1558.0 3208.0 1558.0 3208.0 1599.0 3168.0 1599.0 small-vehicle 0
3138.0 1588.0 3179.0 1588.0 3179.0 1628.0 3138.0 1628.0 small-vehicle 0
3100.0 1621.0 3146.0 1621.0 3146.0 1668.0 3100.0 1668.0 small-vehicle 0
3068.0 1657.0 3112.0 1657.0 3112.0 1698.0 3068.0 1698.0 small-vehicle 0
3036.0 1693.0 3080.0 1693.0 3080.0 1732.0 3036.0 1732.0 small-vehicle 0
3113.0 179.0 3150.0 179.0 3150.0 197.0 3113.0 197.0 small-vehicle 0
2988.0 74.0 3026.0 74.0 3026.0 116.0 2988.0 116.0 small-vehicle 0
3175.0 1094.0 3213.0 1094.0 3213.0 1133.0 3175.0 1133.0 small-vehicle 0
3101.0 130.0 3146.0 130.0 3146.0 151.0 3101.0 151.0 small-vehicle 0
3111.0 199.0 3150.0 199.0 3150.0 217.0 3111.0 217.0 small-vehicle 0
3250.0 995.0 3268.0 995.0 3268.0 1027.0 3250.0 1027.0 small-vehicle 0
3224.0 973.0 3244.0 973.0 3244.0 1016.0 3224.0 1016.0 small-vehicle 0
3199.0 946.0 3219.0 946.0 3219.0 986.0 3199.0 986.0 small-vehicle 0
3175.0 928.0 3196.0 928.0 3196.0 968.0 3175.0 968.0 small-vehicle 0
3151.0 904.0 3169.0 904.0 3169.0 944.0 3151.0 944.0 small-vehicle 0
2159.0 2.0 2204.0 2.0 2204.0 43.0 2159.0 43.0 small-vehicle 0
2371.0 183.0 2394.0 183.0 2394.0 230.0 2371.0 230.0 small-vehicle 0
1548.0 168.0 1568.0 168.0 1568.0 208.0 1548.0 208.0 small-vehicle 0
1511.0 600.0 1551.0 600.0 1551.0 619.0 1511.0 619.0 small-vehicle 0
1506.0 1042.0 1550.0 1042.0 1550.0 1068.0 1506.0 1068.0 small-vehicle 0
1585.0 960.0 1603.0 960.0 1603.0 1004.0 1585.0 1004.0 small-vehicle 0
1494.0 795.0 1537.0 795.0 1537.0 814.0 1494.0 814.0 small-vehicle 0
1676.0 632.0 1724.0 632.0 1724.0 655.0 1676.0 655.0 small-vehicle 0
1564.0 637.0 1607.0 637.0 1607.0 658.0 1564.0 658.0 small-vehicle 0
1513.0 620.0 1554.0 620.0 1554.0 640.0 1513.0 640.0 small-vehicle 0
1563.0 616.0 1605.0 616.0 1605.0 637.0 1563.0 637.0 small-vehicle 0
1557.0 595.0 1601.0 595.0 1601.0 614.0 1557.0 614.0 small-vehicle 0
1571.0 1106.0 1616.0 1106.0 1616.0 1131.0 1571.0 1131.0 small-vehicle 0
1554.0 569.0 1600.0 569.0 1600.0 591.0 1554.0 591.0 small-vehicle 0
1557.0 548.0 1595.0 548.0 1595.0 569.0 1557.0 569.0 small-vehicle 0
1506.0 577.0 1547.0 577.0 1547.0 595.0 1506.0 595.0 small-vehicle 0
1667.0 545.0 1707.0 545.0 1707.0 566.0 1667.0 566.0 small-vehicle 0
1668.0 564.0 1712.0 564.0 1712.0 590.0 1668.0 590.0 small-vehicle 0
1741.0 320.0 1761.0 320.0 1761.0 361.0 1741.0 361.0 small-vehicle 0
1624.0 329.0 1644.0 329.0 1644.0 366.0 1624.0 366.0 small-vehicle 0
1694.0 1070.0 1715.0 1070.0 1715.0 1113.0 1694.0 1113.0 small-vehicle 0
1723.0 1233.0 1764.0 1233.0 1764.0 1252.0 1723.0 1252.0 small-vehicle 0
2344.0 184.0 2368.0 184.0 2368.0 229.0 2344.0 229.0 small-vehicle 0
2422.0 1107.0 2474.0 1107.0 2474.0 1132.0 2422.0 1132.0 small-vehicle 0
2320.0 186.0 2341.0 186.0 2341.0 230.0 2320.0 230.0 small-vehicle 0
2297.0 187.0 2321.0 187.0 2321.0 230.0 2297.0 230.0 small-vehicle 0
2160.0 303.0 2179.0 303.0 2179.0 345.0 2160.0 345.0 small-vehicle 0
2439.0 1249.0 2479.0 1249.0 2479.0 1290.0 2439.0 1290.0 small-vehicle 0
2469.0 1150.0 2511.0 1150.0 2511.0 1172.0 2469.0 1172.0 small-vehicle 0
2487.0 1168.0 2529.0 1168.0 2529.0 1194.0 2487.0 1194.0 small-vehicle 0
2606.0 1137.0 2628.0 1137.0 2628.0 1171.0 2606.0 1171.0 small-vehicle 0
2401.0 1089.0 2443.0 1089.0 2443.0 1114.0 2401.0 1114.0 small-vehicle 0
1801.0 1170.0 1831.0 1170.0 1831.0 1218.0 1801.0 1218.0 small-vehicle 0
2359.0 1051.0 2404.0 1051.0 2404.0 1073.0 2359.0 1073.0 small-vehicle 0
2380.0 1071.0 2426.0 1071.0 2426.0 1096.0 2380.0 1096.0 small-vehicle 0
2543.0 1086.0 2563.0 1086.0 2563.0 1120.0 2543.0 1120.0 small-vehicle 0
2517.0 1070.0 2541.0 1070.0 2541.0 1110.0 2517.0 1110.0 small-vehicle 0
2435.0 985.0 2454.0 985.0 2454.0 1024.0 2435.0 1024.0 small-vehicle 0
2411.0 967.0 2430.0 967.0 2430.0 1009.0 2411.0 1009.0 small-vehicle 0
2368.0 945.0 2415.0 945.0 2415.0 974.0 2368.0 974.0 small-vehicle 0
243.0 727.0 262.0 727.0 262.0 773.0 243.0 773.0 large-vehicle 0
