2026.0 473.0 2091.0 473.0 2091.0 522.0 2026.0 522.0 large-vehicle 0
999.0 1249.0 1083.0 1249.0 1083.0 1276.0 999.0 1276.0 large-vehicle 0
543.0 812.0 568.0 812.0 568.0 865.0 543.0 865.0 large-vehicle 0
544.0 869.0 571.0 869.0 571.0 920.0 544.0 920.0 large-vehicle 0
322.0 1034.0 409.0 1034.0 409.0 1062.0 322.0 1062.0 large-vehicle 0
220.0 1184.0 297.0 1184.0 297.0 1214.0 220.0 1214.0 large-vehicle 0
110.0 1188.0 193.0 1188.0 193.0 1214.0 110.0 1214.0 large-vehicle 0
2.0 1191.0 51.0 1191.0 51.0 1218.0 2.0 1218.0 large-vehicle 1
786.0 1254.0 865.0 1254.0 865.0 1279.0 786.0 1279.0 large-vehicle 0
892.0 1251.0 974.0 1251.0 974.0 1276.0 892.0 1276.0 large-vehicle 0
855.0 1193.0 959.0 1193.0 959.0 1225.0 855.0 1225.0 large-vehicle 0
1446.0 1329.0 1512.0 1329.0 1512.0 1354.0 1446.0 1354.0 large-vehicle 0
705.0 1197.0 798.0 1197.0 798.0 1226.0 705.0 1226.0 large-vehicle 0
719.0 976.0 748.0 976.0 748.0 1068.0 719.0 1068.0 large-vehicle 0
752.0 972.0 781.0 972.0 781.0 1063.0 752.0 1063.0 large-vehicle 0
785.0 978.0 817.0 978.0 817.0 1067.0 785.0 1067.0 large-vehicle 0
861.0 1026.0 890.0 1026.0 890.0 1089.0 861.0 1089.0 large-vehicle 0
825.0 963.0 853.0 963.0 853.0 1045.0 825.0 1045.0 large-vehicle 0
890.0 959.0 920.0 959.0 920.0 1043.0 890.0 1043.0 large-vehicle 0
920.0 959.0 953.0 959.0 953.0 1040.0 920.0 1040.0 large-vehicle 0
543.0 727.0 565.0 727.0 565.0 778.0 543.0 778.0 large-vehicle 0
539.0 659.0 562.0 659.0 562.0 709.0 539.0 709.0 large-vehicle 0
536.0 604.0 559.0 604.0 559.0 657.0 536.0 657.0 large-vehicle 0
313.0 747.0 346.0 747.0 346.0 769.0 313.0 769.0 large-vehicle 1
295.0 111.0 433.0 111.0 433.0 140.0 295.0 140.0 large-vehicle 0
296.0 143.0 434.0 143.0 434.0 172.0 296.0 172.0 large-vehicle 0
296.0 175.0 435.0 175.0 435.0 205.0 296.0 205.0 large-vehicle 0
297.0 211.0 370.0 211.0 370.0 238.0 297.0 238.0 large-vehicle 0
298.0 242.0 372.0 242.0 372.0 270.0 298.0 270.0 large-vehicle 0
299.0 277.0 373.0 277.0 373.0 303.0 299.0 303.0 large-vehicle 0
299.0 330.0 359.0 330.0 359.0 351.0 299.0 351.0 large-vehicle 0
300.0 360.0 375.0 360.0 375.0 387.0 300.0 387.0 large-vehicle 0
305.0 486.0 441.0 486.0 441.0 515.0 305.0 515.0 large-vehicle 0
384.0 606.0 438.0 606.0 438.0 628.0 384.0 628.0 large-vehicle 0
388.0 676.0 442.0 676.0 442.0 700.0 388.0 700.0 large-vehicle 0
394.0 746.0 443.0 746.0 443.0 767.0 394.0 767.0 large-vehicle 0
397.0 813.0 445.0 813.0 445.0 837.0 397.0 837.0 large-vehicle 0
328.0 888.0 386.0 888.0 386.0 913.0 328.0 913.0 large-vehicle 0
308.0 609.0 342.0 609.0 342.0 630.0 308.0 630.0 large-vehicle 1
309.0 645.0 342.0 645.0 342.0 666.0 309.0 666.0 large-vehicle 1
311.0 677.0 344.0 677.0 344.0 699.0 311.0 699.0 large-vehicle 1
956.0 958.0 987.0 958.0 987.0 1039.0 956.0 1039.0 large-vehicle 0
1023.0 955.0 1060.0 955.0 1060.0 1097.0 1023.0 1097.0 large-vehicle 0
1058.0 953.0 1092.0 953.0 1092.0 1037.0 1058.0 1037.0 large-vehicle 0
1255.0 1237.0 1411.0 1237.0 1411.0 1268.0 1255.0 1268.0 large-vehicle 0
1815.0 513.0 1858.0 513.0 1858.0 535.0 1815.0 535.0 large-vehicle 1
1816.0 541.0 1869.0 541.0 1869.0 562.0 1816.0 562.0 large-vehicle 0
1817.0 568.0 1895.0 568.0 1895.0 596.0 1817.0 596.0 large-vehicle 0
1818.0 608.0 1894.0 608.0 1894.0 632.0 1818.0 632.0 large-vehicle 0
1820.0 638.0 1894.0 638.0 1894.0 666.0 1820.0 666.0 large-vehicle 0
1820.0 671.0 1901.0 671.0 1901.0 701.0 1820.0 701.0 large-vehicle 0
1824.0 753.0 1907.0 753.0 1907.0 781.0 1824.0 781.0 large-vehicle 0
1825.0 825.0 1908.0 825.0 1908.0 854.0 1825.0 854.0 large-vehicle 0
2059.0 859.0 2086.0 859.0 2086.0 922.0 2059.0 922.0 large-vehicle 0
2063.0 940.0 2091.0 940.0 2091.0 1034.0 2063.0 1034.0 large-vehicle 0
2064.0 1136.0 2098.0 1136.0 2098.0 1223.0 2064.0 1223.0 large-vehicle 1
2070.0 1230.0 2094.0 1230.0 2094.0 1317.0 2070.0 1317.0 large-vehicle 1
1897.0 1140.0 1966.0 1140.0 1966.0 1185.0 1897.0 1185.0 large-vehicle 1
1827.0 860.0 1892.0 860.0 1892.0 886.0 1827.0 886.0 large-vehicle 0
738.0 86.0 766.0 86.0 766.0 216.0 738.0 216.0 large-vehicle 0
1305.0 69.0 1337.0 69.0 1337.0 199.0 1305.0 199.0 large-vehicle 0
1422.0 63.0 1453.0 63.0 1453.0 195.0 1422.0 195.0 large-vehicle 0
1814.0 475.0 1871.0 475.0 1871.0 505.0 1814.0 505.0 large-vehicle 0
1229.0 1185.0 1322.0 1185.0 1322.0 1215.0 1229.0 1215.0 large-vehicle 0
1094.0 953.0 1129.0 953.0 1129.0 1097.0 1094.0 1097.0 large-vehicle 0
1345.0 1182.0 1437.0 1182.0 1437.0 1210.0 1345.0 1210.0 large-vehicle 0
1161.0 950.0 1191.0 950.0 1191.0 1036.0 1161.0 1036.0 large-vehicle 0
1229.0 954.0 1257.0 954.0 1257.0 1041.0 1229.0 1041.0 large-vehicle 0
1259.0 948.0 1286.0 948.0 1286.0 1034.0 1259.0 1034.0 large-vehicle 0
1287.0 949.0 1313.0 949.0 1313.0 1032.0 1287.0 1032.0 large-vehicle 0
1315.0 950.0 1343.0 950.0 1343.0 1035.0 1315.0 1035.0 large-vehicle 0
1461.0 941.0 1491.0 941.0 1491.0 1084.0 1461.0 1084.0 large-vehicle 0
1505.0 940.0 1535.0 940.0 1535.0 1013.0 1505.0 1013.0 large-vehicle 0
1509.0 1017.0 1540.0 1017.0 1540.0 1096.0 1509.0 1096.0 large-vehicle 0
1549.0 939.0 1580.0 939.0 1580.0 1080.0 1549.0 1080.0 large-vehicle 0
1589.0 987.0 1620.0 987.0 1620.0 1074.0 1589.0 1074.0 large-vehicle 0
1618.0 937.0 1642.0 937.0 1642.0 1012.0 1618.0 1012.0 large-vehicle 0
1648.0 939.0 1677.0 939.0 1677.0 1019.0 1648.0 1019.0 large-vehicle 0
1688.0 936.0 1718.0 936.0 1718.0 1018.0 1688.0 1018.0 large-vehicle 0
1751.0 945.0 1775.0 945.0 1775.0 1007.0 1751.0 1007.0 large-vehicle 0
1693.0 1174.0 1759.0 1174.0 1759.0 1196.0 1693.0 1196.0 large-vehicle 0
1611.0 1175.0 1689.0 1175.0 1689.0 1203.0 1611.0 1203.0 large-vehicle 0
1527.0 1178.0 1582.0 1178.0 1582.0 1203.0 1527.0 1203.0 large-vehicle 0
294.0 78.0 432.0 78.0 432.0 107.0 294.0 107.0 large-vehicle 0
