880.0 924.0 907.0 924.0 907.0 962.0 880.0 962.0 small-vehicle 1
604.0 731.0 643.0 731.0 643.0 767.0 604.0 767.0 small-vehicle 1
714.0 706.0 755.0 706.0 755.0 743.0 714.0 743.0 small-vehicle 0
685.0 677.0 723.0 677.0 723.0 714.0 685.0 714.0 small-vehicle 0
655.0 647.0 694.0 647.0 694.0 685.0 655.0 685.0 small-vehicle 0
648.0 630.0 683.0 630.0 683.0 665.0 648.0 665.0 small-vehicle 0
634.0 619.0 667.0 619.0 667.0 652.0 634.0 652.0 small-vehicle 0
600.0 587.0 645.0 587.0 645.0 629.0 600.0 629.0 small-vehicle 0
591.0 570.0 630.0 570.0 630.0 604.0 591.0 604.0 small-vehicle 0
547.0 623.0 578.0 623.0 578.0 657.0 547.0 657.0 small-vehicle 0
598.0 714.0 633.0 714.0 633.0 749.0 598.0 749.0 small-vehicle 0
651.0 773.0 689.0 773.0 689.0 810.0 651.0 810.0 small-vehicle 0
569.0 688.0 606.0 688.0 606.0 725.0 569.0 725.0 small-vehicle 0
554.0 678.0 587.0 678.0 587.0 712.0 554.0 712.0 small-vehicle 0
539.0 661.0 574.0 661.0 574.0 698.0 539.0 698.0 small-vehicle 0
525.0 651.0 559.0 651.0 559.0 685.0 525.0 685.0 small-vehicle 0
513.0 635.0 549.0 635.0 549.0 670.0 513.0 670.0 small-vehicle 0
501.0 625.0 532.0 625.0 532.0 654.0 501.0 654.0 small-vehicle 1
484.0 607.0 517.0 607.0 517.0 641.0 484.0 641.0 small-vehicle 0
472.0 591.0 505.0 591.0 505.0 626.0 472.0 626.0 small-vehicle 1
746.0 736.0 779.0 736.0 779.0 768.0 746.0 768.0 small-vehicle 1
667.0 793.0 698.0 793.0 698.0 824.0 667.0 824.0 small-vehicle 0
429.0 551.0 464.0 551.0 464.0 583.0 429.0 583.0 small-vehicle 0
924.0 778.0 960.0 778.0 960.0 813.0 924.0 813.0 small-vehicle 1
1042.0 707.0 1083.0 707.0 1083.0 724.0 1042.0 724.0 small-vehicle 0
1043.0 727.0 1080.0 727.0 1080.0 744.0 1043.0 744.0 small-vehicle 1
1037.0 787.0 1078.0 787.0 1078.0 804.0 1037.0 804.0 small-vehicle 0
1006.0 865.0 1037.0 865.0 1037.0 904.0 1006.0 904.0 small-vehicle 0
987.0 869.0 1014.0 869.0 1014.0 906.0 987.0 906.0 small-vehicle 1
971.0 882.0 998.0 882.0 998.0 916.0 971.0 916.0 small-vehicle 0
951.0 888.0 984.0 888.0 984.0 933.0 951.0 933.0 small-vehicle 1
942.0 769.0 979.0 769.0 979.0 804.0 942.0 804.0 small-vehicle 1
904.0 789.0 940.0 789.0 940.0 824.0 904.0 824.0 small-vehicle 1
694.0 822.0 726.0 822.0 726.0 852.0 694.0 852.0 small-vehicle 0
890.0 803.0 923.0 803.0 923.0 836.0 890.0 836.0 small-vehicle 0
861.0 806.0 899.0 806.0 899.0 841.0 861.0 841.0 small-vehicle 0
809.0 807.0 854.0 807.0 854.0 849.0 809.0 849.0 small-vehicle 1
786.0 915.0 830.0 915.0 830.0 957.0 786.0 957.0 small-vehicle 0
776.0 900.0 812.0 900.0 812.0 936.0 776.0 936.0 small-vehicle 1
730.0 863.0 764.0 863.0 764.0 898.0 730.0 898.0 small-vehicle 1
719.0 848.0 754.0 848.0 754.0 882.0 719.0 882.0 small-vehicle 1
702.0 832.0 743.0 832.0 743.0 872.0 702.0 872.0 small-vehicle 0
458.0 581.0 491.0 581.0 491.0 615.0 458.0 615.0 small-vehicle 0
401.0 520.0 438.0 520.0 438.0 554.0 401.0 554.0 small-vehicle 1
901.0 918.0 929.0 918.0 929.0 958.0 901.0 958.0 small-vehicle 1
383.0 488.0 413.0 488.0 413.0 518.0 383.0 518.0 small-vehicle 1
280.0 390.0 318.0 390.0 318.0 427.0 280.0 427.0 small-vehicle 0
269.0 376.0 302.0 376.0 302.0 409.0 269.0 409.0 small-vehicle 0
250.0 361.0 291.0 361.0 291.0 401.0 250.0 401.0 small-vehicle 0
264.0 237.0 300.0 237.0 300.0 277.0 264.0 277.0 small-vehicle 0
249.0 215.0 286.0 215.0 286.0 261.0 249.0 261.0 small-vehicle 0
228.0 199.0 270.0 199.0 270.0 242.0 228.0 242.0 small-vehicle 1
196.0 306.0 232.0 306.0 232.0 341.0 196.0 341.0 small-vehicle 0
184.0 286.0 223.0 286.0 223.0 327.0 184.0 327.0 small-vehicle 0
370.0 472.0 402.0 472.0 402.0 503.0 370.0 503.0 small-vehicle 1
293.0 267.0 332.0 267.0 332.0 303.0 293.0 303.0 small-vehicle 0
356.0 461.0 386.0 461.0 386.0 490.0 356.0 490.0 small-vehicle 1
336.0 451.0 368.0 451.0 368.0 483.0 336.0 483.0 small-vehicle 1
347.0 15.0 390.0 15.0 390.0 51.0 347.0 51.0 small-vehicle 1
316.0 35.0 355.0 35.0 355.0 70.0 316.0 70.0 small-vehicle 1
284.0 56.0 320.0 56.0 320.0 87.0 284.0 87.0 small-vehicle 1
233.0 8.0 268.0 8.0 268.0 43.0 233.0 43.0 small-vehicle 1
178.0 118.0 210.0 118.0 210.0 145.0 178.0 145.0 small-vehicle 1
823.0 61.0 859.0 61.0 859.0 101.0 823.0 101.0 small-vehicle 1
307.0 423.0 340.0 423.0 340.0 456.0 307.0 456.0 small-vehicle 1
321.0 298.0 356.0 298.0 356.0 334.0 321.0 334.0 small-vehicle 0
704.0 481.0 734.0 481.0 734.0 499.0 704.0 499.0 small-vehicle 0
484.0 479.0 524.0 479.0 524.0 517.0 484.0 517.0 small-vehicle 0
695.0 459.0 734.0 459.0 734.0 478.0 695.0 478.0 small-vehicle 0
687.0 318.0 725.0 318.0 725.0 337.0 687.0 337.0 small-vehicle 0
701.0 342.0 733.0 342.0 733.0 358.0 701.0 358.0 small-vehicle 1
591.0 455.0 629.0 455.0 629.0 493.0 591.0 493.0 small-vehicle 0
566.0 441.0 603.0 441.0 603.0 478.0 566.0 478.0 small-vehicle 0
581.0 430.0 615.0 430.0 615.0 464.0 581.0 464.0 small-vehicle 0
539.0 440.0 573.0 440.0 573.0 476.0 539.0 476.0 small-vehicle 1
518.0 452.0 555.0 452.0 555.0 489.0 518.0 489.0 small-vehicle 0
475.0 455.0 509.0 455.0 509.0 484.0 475.0 484.0 small-vehicle 0
305.0 285.0 344.0 285.0 344.0 323.0 305.0 323.0 small-vehicle 0
456.0 439.0 493.0 439.0 493.0 475.0 456.0 475.0 small-vehicle 0
443.0 423.0 484.0 423.0 484.0 459.0 443.0 459.0 small-vehicle 0
428.0 407.0 472.0 407.0 472.0 448.0 428.0 448.0 small-vehicle 0
402.0 380.0 442.0 380.0 442.0 418.0 402.0 418.0 small-vehicle 0
414.0 398.0 449.0 398.0 449.0 430.0 414.0 430.0 small-vehicle 0
365.0 335.0 400.0 335.0 400.0 371.0 365.0 371.0 small-vehicle 0
349.0 321.0 385.0 321.0 385.0 358.0 349.0 358.0 small-vehicle 1
336.0 310.0 370.0 310.0 370.0 345.0 336.0 345.0 small-vehicle 0
984.0 36.0 1023.0 36.0 1023.0 78.0 984.0 78.0 small-vehicle 1
