1661.0 1057.0 1704.0 1057.0 1704.0 1104.0 1661.0 1104.0 large-vehicle 0
848.0 844.0 885.0 844.0 885.0 863.0 848.0 863.0 small-vehicle 0
943.0 1181.0 978.0 1181.0 978.0 1219.0 943.0 1219.0 small-vehicle 0
993.0 1144.0 1024.0 1144.0 1024.0 1181.0 993.0 1181.0 small-vehicle 0
1042.0 1104.0 1075.0 1104.0 1075.0 1144.0 1042.0 1144.0 small-vehicle 0
1062.0 1092.0 1094.0 1092.0 1094.0 1130.0 1062.0 1130.0 small-vehicle 0
909.0 1144.0 937.0 1144.0 937.0 1178.0 909.0 1178.0 small-vehicle 0
942.0 1114.0 975.0 1114.0 975.0 1152.0 942.0 1152.0 small-vehicle 0
979.0 1087.0 1010.0 1087.0 1010.0 1123.0 979.0 1123.0 small-vehicle 0
995.0 1074.0 1028.0 1074.0 1028.0 1113.0 995.0 1113.0 small-vehicle 0
1013.0 1057.0 1048.0 1057.0 1048.0 1098.0 1013.0 1098.0 small-vehicle 0
1035.0 1043.0 1068.0 1043.0 1068.0 1080.0 1035.0 1080.0 small-vehicle 0
944.0 938.0 982.0 938.0 982.0 973.0 944.0 973.0 small-vehicle 0
928.0 922.0 967.0 922.0 967.0 957.0 928.0 957.0 small-vehicle 0
916.0 903.0 951.0 903.0 951.0 935.0 916.0 935.0 small-vehicle 0
835.0 821.0 872.0 821.0 872.0 841.0 835.0 841.0 small-vehicle 0
902.0 888.0 938.0 888.0 938.0 923.0 902.0 923.0 small-vehicle 0
658.0 1897.0 696.0 1897.0 696.0 1930.0 658.0 1930.0 small-vehicle 0
674.0 1317.0 708.0 1317.0 708.0 1355.0 674.0 1355.0 small-vehicle 0
470.0 1014.0 502.0 1014.0 502.0 1049.0 470.0 1049.0 small-vehicle 0
486.0 999.0 518.0 999.0 518.0 1036.0 486.0 1036.0 small-vehicle 0
503.0 984.0 536.0 984.0 536.0 1022.0 503.0 1022.0 small-vehicle 0
757.0 1087.0 793.0 1087.0 793.0 1126.0 757.0 1126.0 small-vehicle 0
607.0 1209.0 641.0 1209.0 641.0 1250.0 607.0 1250.0 small-vehicle 0
746.0 1335.0 776.0 1335.0 776.0 1371.0 746.0 1371.0 small-vehicle 0
727.0 1346.0 761.0 1346.0 761.0 1386.0 727.0 1386.0 small-vehicle 0
712.0 1364.0 743.0 1364.0 743.0 1398.0 712.0 1398.0 small-vehicle 0
686.0 1370.0 725.0 1370.0 725.0 1415.0 686.0 1415.0 small-vehicle 0
755.0 1497.0 790.0 1497.0 790.0 1536.0 755.0 1536.0 small-vehicle 0
690.0 1541.0 729.0 1541.0 729.0 1585.0 690.0 1585.0 small-vehicle 0
656.0 1709.0 686.0 1709.0 686.0 1746.0 656.0 1746.0 small-vehicle 0
678.0 1937.0 724.0 1937.0 724.0 1975.0 678.0 1975.0 small-vehicle 0
924.0 1193.0 959.0 1193.0 959.0 1233.0 924.0 1233.0 small-vehicle 0
905.0 1211.0 941.0 1211.0 941.0 1248.0 905.0 1248.0 small-vehicle 0
864.0 1231.0 901.0 1231.0 901.0 1272.0 864.0 1272.0 small-vehicle 0
924.0 1129.0 958.0 1129.0 958.0 1166.0 924.0 1166.0 small-vehicle 0
1372.0 1199.0 1406.0 1199.0 1406.0 1229.0 1372.0 1229.0 small-vehicle 0
1357.0 1180.0 1392.0 1180.0 1392.0 1211.0 1357.0 1211.0 small-vehicle 0
1149.0 1211.0 1184.0 1211.0 1184.0 1244.0 1149.0 1244.0 small-vehicle 0
1269.0 1138.0 1299.0 1138.0 1299.0 1173.0 1269.0 1173.0 small-vehicle 0
1236.0 1092.0 1269.0 1092.0 1269.0 1129.0 1236.0 1129.0 small-vehicle 0
1282.0 1067.0 1310.0 1067.0 1310.0 1108.0 1282.0 1108.0 small-vehicle 0
1210.0 1070.0 1234.0 1070.0 1234.0 1109.0 1210.0 1109.0 small-vehicle 0
1293.0 942.0 1329.0 942.0 1329.0 980.0 1293.0 980.0 small-vehicle 0
1264.0 910.0 1298.0 910.0 1298.0 947.0 1264.0 947.0 small-vehicle 0
1214.0 862.0 1251.0 862.0 1251.0 881.0 1214.0 881.0 small-vehicle 0
1201.0 842.0 1232.0 842.0 1232.0 855.0 1201.0 855.0 small-vehicle 0
1148.0 761.0 1177.0 761.0 1177.0 795.0 1148.0 795.0 small-vehicle 0
1125.0 730.0 1142.0 730.0 1142.0 767.0 1125.0 767.0 small-vehicle 0
1102.0 707.0 1122.0 707.0 1122.0 746.0 1102.0 746.0 small-vehicle 0
1080.0 812.0 1099.0 812.0 1099.0 848.0 1080.0 848.0 small-vehicle 0
1058.0 785.0 1080.0 785.0 1080.0 825.0 1058.0 825.0 small-vehicle 0
1025.0 748.0 1060.0 748.0 1060.0 788.0 1025.0 788.0 small-vehicle 0
990.0 722.0 1030.0 722.0 1030.0 741.0 990.0 741.0 small-vehicle 0
972.0 694.0 1008.0 694.0 1008.0 710.0 972.0 710.0 small-vehicle 0
950.0 666.0 991.0 666.0 991.0 686.0 950.0 686.0 small-vehicle 0
918.0 668.0 948.0 668.0 948.0 700.0 918.0 700.0 small-vehicle 0
929.0 731.0 965.0 731.0 965.0 749.0 929.0 749.0 small-vehicle 0
962.0 754.0 984.0 754.0 984.0 793.0 962.0 793.0 small-vehicle 0
984.0 792.0 1013.0 792.0 1013.0 825.0 984.0 825.0 small-vehicle 0
1013.0 838.0 1047.0 838.0 1047.0 857.0 1013.0 857.0 small-vehicle 0
1055.0 874.0 1075.0 874.0 1075.0 909.0 1055.0 909.0 small-vehicle 0
1100.0 858.0 1138.0 858.0 1138.0 878.0 1100.0 878.0 small-vehicle 0
1104.0 884.0 1141.0 884.0 1141.0 903.0 1104.0 903.0 small-vehicle 0
1084.0 897.0 1116.0 897.0 1116.0 933.0 1084.0 933.0 small-vehicle 0
674.0 1919.0 707.0 1919.0 707.0 1950.0 674.0 1950.0 small-vehicle 0
642.0 1877.0 680.0 1877.0 680.0 1910.0 642.0 1910.0 small-vehicle 0
1431.0 1264.0 1457.0 1264.0 1457.0 1305.0 1431.0 1305.0 small-vehicle 0
402.0 919.0 439.0 919.0 439.0 962.0 402.0 962.0 small-vehicle 0
339.0 1120.0 376.0 1120.0 376.0 1155.0 339.0 1155.0 small-vehicle 0
326.0 1107.0 361.0 1107.0 361.0 1138.0 326.0 1138.0 small-vehicle 0
305.0 1086.0 349.0 1086.0 349.0 1127.0 305.0 1127.0 small-vehicle 0
652.0 728.0 691.0 728.0 691.0 773.0 652.0 773.0 small-vehicle 0
635.0 742.0 675.0 742.0 675.0 788.0 635.0 788.0 small-vehicle 0
626.0 766.0 656.0 766.0 656.0 802.0 626.0 802.0 small-vehicle 0
599.0 772.0 642.0 772.0 642.0 821.0 599.0 821.0 small-vehicle 0
583.0 790.0 624.0 790.0 624.0 836.0 583.0 836.0 small-vehicle 0
564.0 803.0 606.0 803.0 606.0 851.0 564.0 851.0 small-vehicle 0
535.0 813.0 568.0 813.0 568.0 854.0 535.0 854.0 small-vehicle 0
502.0 845.0 535.0 845.0 535.0 881.0 502.0 881.0 small-vehicle 0
454.0 888.0 487.0 888.0 487.0 923.0 454.0 923.0 small-vehicle 0
437.0 899.0 470.0 899.0 470.0 937.0 437.0 937.0 small-vehicle 0
419.0 908.0 453.0 908.0 453.0 947.0 419.0 947.0 small-vehicle 0
608.0 368.0 645.0 368.0 645.0 399.0 608.0 399.0 small-vehicle 0
631.0 1855.0 668.0 1855.0 668.0 1888.0 631.0 1888.0 small-vehicle 0
588.0 391.0 623.0 391.0 623.0 427.0 588.0 427.0 small-vehicle 0
551.0 424.0 584.0 424.0 584.0 460.0 551.0 460.0 small-vehicle 0
532.0 441.0 564.0 441.0 564.0 475.0 532.0 475.0 small-vehicle 0
497.0 471.0 528.0 471.0 528.0 506.0 497.0 506.0 small-vehicle 0
475.0 483.0 507.0 483.0 507.0 518.0 475.0 518.0 small-vehicle 0
454.0 498.0 486.0 498.0 486.0 535.0 454.0 535.0 small-vehicle 0
435.0 514.0 468.0 514.0 468.0 550.0 435.0 550.0 small-vehicle 0
399.0 547.0 430.0 547.0 430.0 582.0 399.0 582.0 small-vehicle 0
366.0 576.0 398.0 576.0 398.0 613.0 366.0 613.0 small-vehicle 0
344.0 588.0 376.0 588.0 376.0 626.0 344.0 626.0 small-vehicle 0
326.0 607.0 360.0 607.0 360.0 645.0 326.0 645.0 small-vehicle 0
305.0 625.0 340.0 625.0 340.0 661.0 305.0 661.0 small-vehicle 0
290.0 642.0 324.0 642.0 324.0 678.0 290.0 678.0 small-vehicle 0
266.0 655.0 300.0 655.0 300.0 691.0 266.0 691.0 small-vehicle 0
375.0 1162.0 403.0 1162.0 403.0 1189.0 375.0 1189.0 small-vehicle 0
385.0 1175.0 418.0 1175.0 418.0 1206.0 385.0 1206.0 small-vehicle 0
391.0 1194.0 429.0 1194.0 429.0 1228.0 391.0 1228.0 small-vehicle 0
404.0 1206.0 447.0 1206.0 447.0 1244.0 404.0 1244.0 small-vehicle 0
620.0 1831.0 660.0 1831.0 660.0 1866.0 620.0 1866.0 small-vehicle 0
602.0 1814.0 644.0 1814.0 644.0 1850.0 602.0 1850.0 small-vehicle 0
590.0 1795.0 630.0 1795.0 630.0 1828.0 590.0 1828.0 small-vehicle 0
553.0 1735.0 592.0 1735.0 592.0 1770.0 553.0 1770.0 small-vehicle 0
617.0 2067.0 652.0 2067.0 652.0 2098.0 617.0 2098.0 small-vehicle 0
604.0 2044.0 641.0 2044.0 641.0 2078.0 604.0 2078.0 small-vehicle 0
583.0 2000.0 624.0 2000.0 624.0 2034.0 583.0 2034.0 small-vehicle 0
572.0 1982.0 602.0 1982.0 602.0 2013.0 572.0 2013.0 small-vehicle 0
536.0 2027.0 581.0 2027.0 581.0 2064.0 536.0 2064.0 small-vehicle 0
542.0 1939.0 579.0 1939.0 579.0 1971.0 542.0 1971.0 small-vehicle 0
508.0 1872.0 549.0 1872.0 549.0 1910.0 508.0 1910.0 small-vehicle 0
495.0 1860.0 531.0 1860.0 531.0 1890.0 495.0 1890.0 small-vehicle 0
480.0 1838.0 518.0 1838.0 518.0 1870.0 480.0 1870.0 small-vehicle 0
468.0 1811.0 506.0 1811.0 506.0 1847.0 468.0 1847.0 small-vehicle 0
452.0 1796.0 491.0 1796.0 491.0 1832.0 452.0 1832.0 small-vehicle 0
440.0 1771.0 478.0 1771.0 478.0 1807.0 440.0 1807.0 small-vehicle 0
353.0 1908.0 390.0 1908.0 390.0 1940.0 353.0 1940.0 small-vehicle 0
326.0 1891.0 371.0 1891.0 371.0 1927.0 326.0 1927.0 small-vehicle 0
309.0 1866.0 356.0 1866.0 356.0 1907.0 309.0 1907.0 small-vehicle 0
458.0 1895.0 495.0 1895.0 495.0 1924.0 458.0 1924.0 small-vehicle 0
444.0 1871.0 480.0 1871.0 480.0 1901.0 444.0 1901.0 small-vehicle 0
433.0 1849.0 468.0 1849.0 468.0 1878.0 433.0 1878.0 small-vehicle 0
421.0 1831.0 451.0 1831.0 451.0 1857.0 421.0 1857.0 small-vehicle 0
405.0 1810.0 438.0 1810.0 438.0 1838.0 405.0 1838.0 small-vehicle 0
390.0 1790.0 425.0 1790.0 425.0 1823.0 390.0 1823.0 small-vehicle 0
368.0 1764.0 414.0 1764.0 414.0 1803.0 368.0 1803.0 small-vehicle 0
453.0 1262.0 485.0 1262.0 485.0 1291.0 453.0 1291.0 small-vehicle 0
427.0 1241.0 469.0 1241.0 469.0 1278.0 427.0 1278.0 small-vehicle 0
421.0 1225.0 456.0 1225.0 456.0 1256.0 421.0 1256.0 small-vehicle 0
1413.0 1238.0 1440.0 1238.0 1440.0 1278.0 1413.0 1278.0 small-vehicle 0
1456.0 1302.0 1488.0 1302.0 1488.0 1337.0 1456.0 1337.0 small-vehicle 0
1506.0 1210.0 1549.0 1210.0 1549.0 1259.0 1506.0 1259.0 large-vehicle 0
939.0 511.0 957.0 511.0 957.0 554.0 939.0 554.0 small-vehicle 0
1289.0 1702.0 1321.0 1702.0 1321.0 1741.0 1289.0 1741.0 small-vehicle 0
1314.0 1965.0 1336.0 1965.0 1336.0 2015.0 1314.0 2015.0 large-vehicle 0
1290.0 1978.0 1312.0 1978.0 1312.0 2023.0 1290.0 2023.0 large-vehicle 0
1241.0 2010.0 1292.0 2010.0 1292.0 2040.0 1241.0 2040.0 large-vehicle 0
1211.0 2044.0 1262.0 2044.0 1262.0 2087.0 1211.0 2087.0 large-vehicle 0
1156.0 2087.0 1208.0 2087.0 1208.0 2133.0 1156.0 2133.0 large-vehicle 0
1124.0 2107.0 1147.0 2107.0 1147.0 2164.0 1124.0 2164.0 small-vehicle 0
1067.0 2153.0 1117.0 2153.0 1117.0 2194.0 1067.0 2194.0 small-vehicle 0
1083.0 681.0 1111.0 681.0 1111.0 727.0 1083.0 727.0 small-vehicle 0
1034.0 639.0 1073.0 639.0 1073.0 655.0 1034.0 655.0 small-vehicle 0
1008.0 617.0 1052.0 617.0 1052.0 635.0 1008.0 635.0 small-vehicle 0
993.0 594.0 1030.0 594.0 1030.0 611.0 993.0 611.0 small-vehicle 0
968.0 573.0 1011.0 573.0 1011.0 593.0 968.0 593.0 small-vehicle 0
958.0 554.0 994.0 554.0 994.0 569.0 958.0 569.0 small-vehicle 0
918.0 471.0 936.0 471.0 936.0 510.0 918.0 510.0 small-vehicle 0
761.0 1249.0 802.0 1249.0 802.0 1296.0 761.0 1296.0 large-vehicle 0
895.0 489.0 913.0 489.0 913.0 527.0 895.0 527.0 small-vehicle 0
849.0 521.0 867.0 521.0 867.0 561.0 849.0 561.0 small-vehicle 0
871.0 502.0 887.0 502.0 887.0 543.0 871.0 543.0 small-vehicle 0
828.0 531.0 846.0 531.0 846.0 572.0 828.0 572.0 small-vehicle 0
809.0 543.0 824.0 543.0 824.0 587.0 809.0 587.0 small-vehicle 0
784.0 556.0 801.0 556.0 801.0 596.0 784.0 596.0 small-vehicle 0
716.0 819.0 753.0 819.0 753.0 853.0 716.0 853.0 small-vehicle 0
732.0 834.0 774.0 834.0 774.0 873.0 732.0 873.0 small-vehicle 0
984.0 1296.0 1028.0 1296.0 1028.0 1342.0 984.0 1342.0 small-vehicle 0
949.0 1327.0 987.0 1327.0 987.0 1371.0 949.0 1371.0 small-vehicle 0
889.0 1154.0 929.0 1154.0 929.0 1199.0 889.0 1199.0 small-vehicle 0
852.0 1182.0 891.0 1182.0 891.0 1224.0 852.0 1224.0 small-vehicle 0
825.0 1039.0 863.0 1039.0 863.0 1083.0 825.0 1083.0 small-vehicle 0
585.0 1220.0 624.0 1220.0 624.0 1266.0 585.0 1266.0 small-vehicle 0
1300.0 1684.0 1343.0 1684.0 1343.0 1730.0 1300.0 1730.0 large-vehicle 0
1426.0 1487.0 1460.0 1487.0 1460.0 1539.0 1426.0 1539.0 large-vehicle 0
1408.0 1613.0 1446.0 1613.0 1446.0 1664.0 1408.0 1664.0 large-vehicle 0
1453.0 1710.0 1491.0 1710.0 1491.0 1759.0 1453.0 1759.0 large-vehicle 0
1536.0 1250.0 1579.0 1250.0 1579.0 1298.0 1536.0 1298.0 large-vehicle 0
1557.0 1299.0 1604.0 1299.0 1604.0 1317.0 1557.0 1317.0 large-vehicle 0
1569.0 1319.0 1616.0 1319.0 1616.0 1337.0 1569.0 1337.0 large-vehicle 0
1589.0 1342.0 1639.0 1342.0 1639.0 1363.0 1589.0 1363.0 large-vehicle 0
1623.0 1367.0 1663.0 1367.0 1663.0 1409.0 1623.0 1409.0 small-vehicle 0
1665.0 1398.0 1689.0 1398.0 1689.0 1444.0 1665.0 1444.0 small-vehicle 0
1687.0 1432.0 1730.0 1432.0 1730.0 1480.0 1687.0 1480.0 small-vehicle 0
1717.0 1479.0 1746.0 1479.0 1746.0 1530.0 1717.0 1530.0 small-vehicle 0
1739.0 1589.0 1789.0 1589.0 1789.0 1623.0 1739.0 1623.0 small-vehicle 0
1743.0 1636.0 1770.0 1636.0 1770.0 1686.0 1743.0 1686.0 small-vehicle 0
1695.0 1662.0 1739.0 1662.0 1739.0 1710.0 1695.0 1710.0 large-vehicle 0
1676.0 1687.0 1696.0 1687.0 1696.0 1734.0 1676.0 1734.0 large-vehicle 0
1647.0 1721.0 1667.0 1721.0 1667.0 1767.0 1647.0 1767.0 large-vehicle 0
1171.0 786.0 1200.0 786.0 1200.0 832.0 1171.0 832.0 large-vehicle 0
1400.0 1101.0 1451.0 1101.0 1451.0 1126.0 1400.0 1126.0 large-vehicle 0
1417.0 1127.0 1469.0 1127.0 1469.0 1148.0 1417.0 1148.0 large-vehicle 0
1445.0 1158.0 1493.0 1158.0 1493.0 1179.0 1445.0 1179.0 large-vehicle 0
1462.0 1184.0 1509.0 1184.0 1509.0 1204.0 1462.0 1204.0 large-vehicle 0
1336.0 1130.0 1372.0 1130.0 1372.0 1173.0 1336.0 1173.0 large-vehicle 0
1309.0 1090.0 1344.0 1090.0 1344.0 1128.0 1309.0 1128.0 large-vehicle 0
1384.0 1215.0 1424.0 1215.0 1424.0 1250.0 1384.0 1250.0 small-vehicle 0
1357.0 1236.0 1385.0 1236.0 1385.0 1290.0 1357.0 1290.0 large-vehicle 0
1379.0 1273.0 1404.0 1273.0 1404.0 1318.0 1379.0 1318.0 large-vehicle 0
1260.0 1365.0 1303.0 1365.0 1303.0 1403.0 1260.0 1403.0 large-vehicle 0
1276.0 1387.0 1313.0 1387.0 1313.0 1420.0 1276.0 1420.0 small-vehicle 0
1290.0 1408.0 1330.0 1408.0 1330.0 1441.0 1290.0 1441.0 small-vehicle 0
1310.0 1431.0 1340.0 1431.0 1340.0 1475.0 1310.0 1475.0 small-vehicle 0
1516.0 1666.0 1559.0 1666.0 1559.0 1713.0 1516.0 1713.0 large-vehicle 0
1473.0 1693.0 1516.0 1693.0 1516.0 1743.0 1473.0 1743.0 large-vehicle 0
793.0 1288.0 834.0 1288.0 834.0 1337.0 793.0 1337.0 large-vehicle 0
742.0 1263.0 787.0 1263.0 787.0 1317.0 742.0 1317.0 large-vehicle 0
1322.0 1216.0 1347.0 1216.0 1347.0 1250.0 1322.0 1250.0 small-vehicle 0
1346.0 1660.0 1378.0 1660.0 1378.0 1698.0 1346.0 1698.0 small-vehicle 0
1005.0 2069.0 1034.0 2069.0 1034.0 2105.0 1005.0 2105.0 small-vehicle 0
1133.0 1966.0 1168.0 1966.0 1168.0 2007.0 1133.0 2007.0 small-vehicle 0
1152.0 1952.0 1186.0 1952.0 1186.0 1992.0 1152.0 1992.0 small-vehicle 0
1173.0 1938.0 1206.0 1938.0 1206.0 1977.0 1173.0 1977.0 small-vehicle 0
1202.0 1907.0 1239.0 1907.0 1239.0 1947.0 1202.0 1947.0 small-vehicle 0
1241.0 1879.0 1274.0 1879.0 1274.0 1919.0 1241.0 1919.0 small-vehicle 0
1280.0 1852.0 1312.0 1852.0 1312.0 1894.0 1280.0 1894.0 small-vehicle 0
1358.0 1786.0 1399.0 1786.0 1399.0 1832.0 1358.0 1832.0 small-vehicle 0
1398.0 1764.0 1433.0 1764.0 1433.0 1804.0 1398.0 1804.0 small-vehicle 0
1436.0 1728.0 1468.0 1728.0 1468.0 1765.0 1436.0 1765.0 small-vehicle 0
1153.0 1758.0 1183.0 1758.0 1183.0 1795.0 1153.0 1795.0 small-vehicle 0
1269.0 1718.0 1300.0 1718.0 1300.0 1754.0 1269.0 1754.0 small-vehicle 0
1300.0 1581.0 1336.0 1581.0 1336.0 1613.0 1300.0 1613.0 small-vehicle 0
1329.0 1597.0 1366.0 1597.0 1366.0 1632.0 1329.0 1632.0 small-vehicle 0
1386.0 1633.0 1416.0 1633.0 1416.0 1670.0 1386.0 1670.0 small-vehicle 0
721.0 1273.0 763.0 1273.0 763.0 1319.0 721.0 1319.0 small-vehicle 0
1560.0 1508.0 1585.0 1508.0 1585.0 1548.0 1560.0 1548.0 small-vehicle 0
1545.0 1490.0 1569.0 1490.0 1569.0 1532.0 1545.0 1532.0 small-vehicle 0
1529.0 1472.0 1554.0 1472.0 1554.0 1512.0 1529.0 1512.0 small-vehicle 0
1514.0 1450.0 1538.0 1450.0 1538.0 1489.0 1514.0 1489.0 small-vehicle 0
1498.0 1430.0 1524.0 1430.0 1524.0 1469.0 1498.0 1469.0 small-vehicle 0
1481.0 1408.0 1507.0 1408.0 1507.0 1449.0 1481.0 1449.0 small-vehicle 0
1560.0 1427.0 1586.0 1427.0 1586.0 1468.0 1560.0 1468.0 small-vehicle 0
1545.0 1410.0 1572.0 1410.0 1572.0 1448.0 1545.0 1448.0 small-vehicle 0
1528.0 1395.0 1559.0 1395.0 1559.0 1433.0 1528.0 1433.0 small-vehicle 0
1485.0 1336.0 1519.0 1336.0 1519.0 1375.0 1485.0 1375.0 small-vehicle 0
1514.0 1371.0 1541.0 1371.0 1541.0 1410.0 1514.0 1410.0 small-vehicle 0
1460.0 1378.0 1486.0 1378.0 1486.0 1421.0 1460.0 1421.0 small-vehicle 0
1403.0 1323.0 1442.0 1323.0 1442.0 1364.0 1403.0 1364.0 small-vehicle 0
1309.0 1189.0 1336.0 1189.0 1336.0 1229.0 1309.0 1229.0 small-vehicle 0
1076.0 1817.0 1107.0 1817.0 1107.0 1852.0 1076.0 1852.0 small-vehicle 0
1058.0 1828.0 1090.0 1828.0 1090.0 1864.0 1058.0 1864.0 small-vehicle 0
1035.0 1840.0 1071.0 1840.0 1071.0 1881.0 1035.0 1881.0 small-vehicle 0
999.0 1871.0 1034.0 1871.0 1034.0 1912.0 999.0 1912.0 small-vehicle 0
423.0 48.0 454.0 48.0 454.0 84.0 423.0 84.0 small-vehicle 0
636.0 276.0 673.0 276.0 673.0 309.0 636.0 309.0 small-vehicle 0
447.0 1272.0 517.0 1272.0 517.0 1333.0 447.0 1333.0 large-vehicle 0
1303.0 981.0 1349.0 981.0 1349.0 1000.0 1303.0 1000.0 small-vehicle 0
1333.0 1026.0 1377.0 1026.0 1377.0 1043.0 1333.0 1043.0 small-vehicle 0
1382.0 1078.0 1425.0 1078.0 1425.0 1095.0 1382.0 1095.0 small-vehicle 0
1275.0 307.0 1307.0 307.0 1307.0 344.0 1275.0 344.0 small-vehicle 0
1558.0 647.0 1591.0 647.0 1591.0 682.0 1558.0 682.0 small-vehicle 0
1547.0 883.0 1580.0 883.0 1580.0 918.0 1547.0 918.0 small-vehicle 0
1739.0 1509.0 1770.0 1509.0 1770.0 1558.0 1739.0 1558.0 small-vehicle 0
1591.0 1738.0 1637.0 1738.0 1637.0 1779.0 1591.0 1779.0 small-vehicle 0
1560.0 1781.0 1608.0 1781.0 1608.0 1810.0 1560.0 1810.0 small-vehicle 0
1535.0 1801.0 1583.0 1801.0 1583.0 1831.0 1535.0 1831.0 small-vehicle 0
1502.0 1822.0 1546.0 1822.0 1546.0 1865.0 1502.0 1865.0 small-vehicle 0
1474.0 1842.0 1495.0 1842.0 1495.0 1892.0 1474.0 1892.0 small-vehicle 0
1451.0 1869.0 1468.0 1869.0 1468.0 1915.0 1451.0 1915.0 small-vehicle 0
1424.0 1888.0 1442.0 1888.0 1442.0 1933.0 1424.0 1933.0 small-vehicle 0
1392.0 1916.0 1410.0 1916.0 1410.0 1962.0 1392.0 1962.0 small-vehicle 0
1365.0 1936.0 1382.0 1936.0 1382.0 1980.0 1365.0 1980.0 small-vehicle 0
1340.0 1951.0 1358.0 1951.0 1358.0 1998.0 1340.0 1998.0 small-vehicle 0
1630.0 1583.0 1663.0 1583.0 1663.0 1622.0 1630.0 1622.0 small-vehicle 0
1584.0 1551.0 1608.0 1551.0 1608.0 1584.0 1584.0 1584.0 small-vehicle 0
1658.0 1548.0 1683.0 1548.0 1683.0 1586.0 1658.0 1586.0 small-vehicle 0
1636.0 1534.0 1662.0 1534.0 1662.0 1575.0 1636.0 1575.0 small-vehicle 0
1621.0 1509.0 1646.0 1509.0 1646.0 1548.0 1621.0 1548.0 small-vehicle 0
1606.0 1490.0 1632.0 1490.0 1632.0 1528.0 1606.0 1528.0 small-vehicle 0
1588.0 1471.0 1614.0 1471.0 1614.0 1507.0 1588.0 1507.0 small-vehicle 0
1574.0 1452.0 1599.0 1452.0 1599.0 1491.0 1574.0 1491.0 small-vehicle 0
1035.0 2038.0 1068.0 2038.0 1068.0 2076.0 1035.0 2076.0 small-vehicle 0
210.0 659.0 239.0 659.0 239.0 699.0 210.0 699.0 small-vehicle 0
