355.0 1744.0 374.0 1744.0 374.0 1763.0 355.0 1763.0 storage-tank 0
372.0 1719.0 391.0 1719.0 391.0 1741.0 372.0 1741.0 storage-tank 0
852.0 277.0 1059.0 277.0 1059.0 328.0 852.0 328.0 harbor 0
1622.0 701.0 1702.0 701.0 1702.0 781.0 1622.0 781.0 ship 0
1641.0 2315.0 1701.0 2315.0 1701.0 2394.0 1641.0 2394.0 bridge 1
681.0 1967.0 699.0 1967.0 699.0 1988.0 681.0 1988.0 storage-tank 0
404.0 2033.0 431.0 2033.0 431.0 2059.0 404.0 2059.0 storage-tank 0
424.0 2006.0 451.0 2006.0 451.0 2033.0 424.0 2033.0 storage-tank 0
604.0 1395.0 647.0 1395.0 647.0 1436.0 604.0 1436.0 storage-tank 0
654.0 1432.0 695.0 1432.0 695.0 1472.0 654.0 1472.0 storage-tank 0
719.0 1479.0 761.0 1479.0 761.0 1523.0 719.0 1523.0 storage-tank 0
770.0 1516.0 811.0 1516.0 811.0 1558.0 770.0 1558.0 storage-tank 0
835.0 1562.0 877.0 1562.0 877.0 1605.0 835.0 1605.0 storage-tank 0
884.0 1601.0 925.0 1601.0 925.0 1643.0 884.0 1643.0 storage-tank 0
826.0 1273.0 850.0 1273.0 850.0 1296.0 826.0 1296.0 storage-tank 0
815.0 1927.0 831.0 1927.0 831.0 1943.0 815.0 1943.0 storage-tank 0
811.0 2018.0 832.0 2018.0 832.0 2038.0 811.0 2038.0 storage-tank 0
845.0 1984.0 858.0 1984.0 858.0 1998.0 845.0 1998.0 storage-tank 1
837.0 1998.0 847.0 1998.0 847.0 2010.0 837.0 2010.0 storage-tank 1
400.0 1024.0 507.0 1024.0 507.0 1122.0 400.0 1122.0 ship 0
