1567.0 440.0 1614.0 440.0 1614.0 494.0 1567.0 494.0 baseball-diamond 0
1797.0 477.0 1856.0 477.0 1856.0 491.0 1797.0 491.0 bridge 0
1904.0 1753.0 1972.0 1753.0 1972.0 1843.0 1904.0 1843.0 ground-track-field 1
1514.0 766.0 1628.0 766.0 1628.0 849.0 1514.0 849.0 ground-track-field 1
1434.0 1000.0 1530.0 1000.0 1530.0 1076.0 1434.0 1076.0 ground-track-field 1
1537.0 2037.0 1546.0 2037.0 1546.0 2060.0 1537.0 2060.0 bridge 0
1054.0 1794.0 1073.0 1794.0 1073.0 1816.0 1054.0 1816.0 bridge 0
1229.0 1792.0 1403.0 1792.0 1403.0 1906.0 1229.0 1906.0 ground-track-field 1
1276.0 434.0 1411.0 434.0 1411.0 541.0 1276.0 541.0 ground-track-field 1
690.0 746.0 854.0 746.0 854.0 919.0 690.0 919.0 ground-track-field 1
537.0 955.0 624.0 955.0 624.0 1039.0 537.0 1039.0 ground-track-field 1
892.0 1758.0 931.0 1758.0 931.0 1824.0 892.0 1824.0 bridge 0
206.0 1112.0 235.0 1112.0 235.0 1135.0 206.0 1135.0 bridge 0
222.0 466.0 246.0 466.0 246.0 492.0 222.0 492.0 bridge 0
