2537.0 340.0 2594.0 340.0 2594.0 396.0 2537.0 396.0 ship 0
2055.0 4165.0 2083.0 4165.0 2083.0 4264.0 2055.0 4264.0 ship 0
1970.0 4072.0 1999.0 4072.0 1999.0 4148.0 1970.0 4148.0 ship 0
2004.0 4079.0 2044.0 4079.0 2044.0 4149.0 2004.0 4149.0 ship 0
2048.0 4078.0 2084.0 4078.0 2084.0 4157.0 2048.0 4157.0 ship 0
2090.0 4656.0 2145.0 4656.0 2145.0 4818.0 2090.0 4818.0 ship 0
1919.0 4644.0 1957.0 4644.0 1957.0 4761.0 1919.0 4761.0 ship 0
1874.0 4654.0 1908.0 4654.0 1908.0 4749.0 1874.0 4749.0 ship 0
2131.0 4542.0 2162.0 4542.0 2162.0 4630.0 2131.0 4630.0 ship 0
2046.0 4535.0 2073.0 4535.0 2073.0 4608.0 2046.0 4608.0 ship 0
1963.0 4533.0 1994.0 4533.0 1994.0 4615.0 1963.0 4615.0 ship 0
1920.0 4541.0 1944.0 4541.0 1944.0 4608.0 1920.0 4608.0 ship 0
1870.0 4535.0 1910.0 4535.0 1910.0 4617.0 1870.0 4617.0 ship 0
1792.0 4654.0 1821.0 4654.0 1821.0 4746.0 1792.0 4746.0 ship 0
1747.0 4649.0 1779.0 4649.0 1779.0 4736.0 1747.0 4736.0 ship 0
1698.0 4651.0 1739.0 4651.0 1739.0 4763.0 1698.0 4763.0 ship 0
1656.0 4662.0 1690.0 4662.0 1690.0 4749.0 1656.0 4749.0 ship 0
1614.0 4655.0 1646.0 4655.0 1646.0 4766.0 1614.0 4766.0 ship 0
1527.0 4654.0 1564.0 4654.0 1564.0 4748.0 1527.0 4748.0 ship 0
1830.0 4527.0 1864.0 4527.0 1864.0 4617.0 1830.0 4617.0 ship 0
1782.0 4552.0 1811.0 4552.0 1811.0 4610.0 1782.0 4610.0 ship 0
1749.0 4549.0 1778.0 4549.0 1778.0 4613.0 1749.0 4613.0 ship 0
1701.0 4533.0 1731.0 4533.0 1731.0 4611.0 1701.0 4611.0 ship 0
1656.0 4535.0 1687.0 4535.0 1687.0 4616.0 1656.0 4616.0 ship 0
1605.0 4523.0 1644.0 4523.0 1644.0 4617.0 1605.0 4617.0 ship 0
1567.0 4542.0 1596.0 4542.0 1596.0 4607.0 1567.0 4607.0 ship 0
1531.0 4527.0 1558.0 4527.0 1558.0 4618.0 1531.0 4618.0 ship 0
1479.0 4655.0 1521.0 4655.0 1521.0 4745.0 1479.0 4745.0 ship 0
1443.0 4649.0 1473.0 4649.0 1473.0 4736.0 1443.0 4736.0 ship 0
1356.0 4653.0 1388.0 4653.0 1388.0 4735.0 1356.0 4735.0 ship 0
1311.0 4646.0 1350.0 4646.0 1350.0 4745.0 1311.0 4745.0 ship 0
1929.0 4079.0 1954.0 4079.0 1954.0 4138.0 1929.0 4138.0 ship 0
2009.0 4168.0 2040.0 4168.0 2040.0 4289.0 2009.0 4289.0 ship 0
2578.0 1343.0 2626.0 1343.0 2626.0 1375.0 2578.0 1375.0 ship 0
1964.0 4176.0 2001.0 4176.0 2001.0 4275.0 1964.0 4275.0 ship 0
1777.0 3752.0 1818.0 3752.0 1818.0 3815.0 1777.0 3815.0 ship 0
1748.0 3752.0 1789.0 3752.0 1789.0 3805.0 1748.0 3805.0 ship 0
1485.0 4176.0 1510.0 4176.0 1510.0 4249.0 1485.0 4249.0 ship 0
1451.0 4174.0 1471.0 4174.0 1471.0 4231.0 1451.0 4231.0 ship 0
1405.0 4171.0 1433.0 4171.0 1433.0 4234.0 1405.0 4234.0 ship 0
1362.0 4172.0 1386.0 4172.0 1386.0 4235.0 1362.0 4235.0 ship 0
1324.0 4171.0 1348.0 4171.0 1348.0 4223.0 1324.0 4223.0 ship 0
1285.0 4173.0 1316.0 4173.0 1316.0 4226.0 1285.0 4226.0 ship 0
1448.0 4079.0 1475.0 4079.0 1475.0 4140.0 1448.0 4140.0 ship 0
1482.0 4078.0 1517.0 4078.0 1517.0 4147.0 1482.0 4147.0 ship 0
1540.0 4082.0 1565.0 4082.0 1565.0 4139.0 1540.0 4139.0 ship 0
1578.0 4078.0 1611.0 4078.0 1611.0 4148.0 1578.0 4148.0 ship 0
1624.0 4082.0 1652.0 4082.0 1652.0 4145.0 1624.0 4145.0 ship 0
1669.0 4087.0 1692.0 4087.0 1692.0 4141.0 1669.0 4141.0 ship 0
1707.0 4077.0 1741.0 4077.0 1741.0 4149.0 1707.0 4149.0 ship 0
1753.0 4068.0 1780.0 4068.0 1780.0 4141.0 1753.0 4141.0 ship 0
1796.0 4071.0 1824.0 4071.0 1824.0 4143.0 1796.0 4143.0 ship 0
1843.0 4082.0 1866.0 4082.0 1866.0 4139.0 1843.0 4139.0 ship 0
1536.0 4174.0 1562.0 4174.0 1562.0 4237.0 1536.0 4237.0 ship 0
1572.0 4170.0 1606.0 4170.0 1606.0 4240.0 1572.0 4240.0 ship 0
1612.0 4174.0 1649.0 4174.0 1649.0 4253.0 1612.0 4253.0 ship 0
1661.0 4164.0 1693.0 4164.0 1693.0 4250.0 1661.0 4250.0 ship 0
1707.0 4181.0 1738.0 4181.0 1738.0 4249.0 1707.0 4249.0 ship 0
1755.0 4185.0 1777.0 4185.0 1777.0 4257.0 1755.0 4257.0 ship 0
1792.0 4174.0 1827.0 4174.0 1827.0 4270.0 1792.0 4270.0 ship 0
1839.0 4174.0 1873.0 4174.0 1873.0 4274.0 1839.0 4274.0 ship 0
1883.0 4063.0 1911.0 4063.0 1911.0 4143.0 1883.0 4143.0 ship 0
1884.0 4165.0 1921.0 4165.0 1921.0 4286.0 1884.0 4286.0 ship 0
1927.0 4179.0 1962.0 4179.0 1962.0 4265.0 1927.0 4265.0 ship 0
1274.0 4648.0 1303.0 4648.0 1303.0 4740.0 1274.0 4740.0 ship 0
1223.0 4650.0 1263.0 4650.0 1263.0 4741.0 1223.0 4741.0 ship 0
1183.0 4655.0 1217.0 4655.0 1217.0 4727.0 1183.0 4727.0 ship 0
1444.0 4530.0 1478.0 4530.0 1478.0 4619.0 1444.0 4619.0 ship 0
1462.0 5006.0 1483.0 5006.0 1483.0 5079.0 1462.0 5079.0 ship 0
1501.0 5004.0 1529.0 5004.0 1529.0 5090.0 1501.0 5090.0 ship 0
1542.0 5028.0 1569.0 5028.0 1569.0 5083.0 1542.0 5083.0 ship 0
1634.0 4992.0 1657.0 4992.0 1657.0 5086.0 1634.0 5086.0 ship 0
1717.0 5009.0 1748.0 5009.0 1748.0 5090.0 1717.0 5090.0 ship 0
1496.0 5121.0 1532.0 5121.0 1532.0 5206.0 1496.0 5206.0 ship 0
1588.0 5134.0 1614.0 5134.0 1614.0 5236.0 1588.0 5236.0 ship 0
1626.0 5128.0 1666.0 5128.0 1666.0 5241.0 1626.0 5241.0 ship 0
1668.0 5136.0 1705.0 5136.0 1705.0 5241.0 1668.0 5241.0 ship 0
1719.0 5128.0 1759.0 5128.0 1759.0 5237.0 1719.0 5237.0 ship 0
1324.0 5124.0 1356.0 5124.0 1356.0 5214.0 1324.0 5214.0 ship 0
1291.0 5131.0 1317.0 5131.0 1317.0 5201.0 1291.0 5201.0 ship 0
1242.0 5130.0 1266.0 5130.0 1266.0 5189.0 1242.0 5189.0 ship 0
1202.0 5122.0 1224.0 5122.0 1224.0 5192.0 1202.0 5192.0 ship 0
1156.0 5132.0 1180.0 5132.0 1180.0 5185.0 1156.0 5185.0 ship 0
1082.0 5130.0 1106.0 5130.0 1106.0 5186.0 1082.0 5186.0 ship 0
1036.0 5126.0 1060.0 5126.0 1060.0 5181.0 1036.0 5181.0 ship 0
1010.0 5122.0 1029.0 5122.0 1029.0 5176.0 1010.0 5176.0 ship 0
925.0 5000.0 1824.0 5000.0 1824.0 5246.0 925.0 5246.0 harbor 0
898.0 4526.0 2177.0 4526.0 2177.0 4748.0 898.0 4748.0 harbor 0
1304.0 4073.0 2088.0 4073.0 2088.0 4282.0 1304.0 4282.0 harbor 0
1911.0 1575.0 2079.0 1575.0 2079.0 1684.0 1911.0 1684.0 harbor 0
1882.0 1617.0 2053.0 1617.0 2053.0 1727.0 1882.0 1727.0 harbor 0
2030.0 1517.0 2052.0 1517.0 2052.0 1551.0 2030.0 1551.0 harbor 0
1581.0 3748.0 1855.0 3748.0 1855.0 3842.0 1581.0 3842.0 harbor 0
1696.0 3520.0 1725.0 3520.0 1725.0 3560.0 1696.0 3560.0 large-vehicle 0
1134.0 744.0 1166.0 744.0 1166.0 785.0 1134.0 785.0 large-vehicle 0
1028.0 2013.0 1044.0 2013.0 1044.0 2048.0 1028.0 2048.0 large-vehicle 0
1021.0 3034.0 1054.0 3034.0 1054.0 3155.0 1021.0 3155.0 large-vehicle 0
1404.0 5010.0 1445.0 5010.0 1445.0 5092.0 1404.0 5092.0 ship 0
1327.0 5007.0 1355.0 5007.0 1355.0 5087.0 1327.0 5087.0 ship 0
1282.0 5006.0 1308.0 5006.0 1308.0 5084.0 1282.0 5084.0 ship 0
1051.0 4544.0 1086.0 4544.0 1086.0 4611.0 1051.0 4611.0 ship 0
1403.0 4543.0 1431.0 4543.0 1431.0 4616.0 1403.0 4616.0 ship 0
1359.0 4539.0 1392.0 4539.0 1392.0 4617.0 1359.0 4617.0 ship 0
1312.0 4533.0 1348.0 4533.0 1348.0 4618.0 1312.0 4618.0 ship 0
1269.0 4532.0 1301.0 4532.0 1301.0 4613.0 1269.0 4613.0 ship 0
1230.0 4528.0 1259.0 4528.0 1259.0 4619.0 1230.0 4619.0 ship 0
1179.0 4525.0 1215.0 4525.0 1215.0 4616.0 1179.0 4616.0 ship 0
1143.0 4541.0 1170.0 4541.0 1170.0 4613.0 1143.0 4613.0 ship 0
1097.0 4542.0 1129.0 4542.0 1129.0 4613.0 1097.0 4613.0 ship 0
1136.0 4650.0 1170.0 4650.0 1170.0 4729.0 1136.0 4729.0 ship 0
1090.0 4656.0 1125.0 4656.0 1125.0 4737.0 1090.0 4737.0 ship 0
1050.0 4650.0 1087.0 4650.0 1087.0 4730.0 1050.0 4730.0 ship 0
1011.0 4642.0 1044.0 4642.0 1044.0 4739.0 1011.0 4739.0 ship 0
925.0 4657.0 952.0 4657.0 952.0 4728.0 925.0 4728.0 ship 0
1012.0 4535.0 1039.0 4535.0 1039.0 4607.0 1012.0 4607.0 ship 0
1236.0 5017.0 1266.0 5017.0 1266.0 5086.0 1236.0 5086.0 ship 0
966.0 4543.0 996.0 4543.0 996.0 4607.0 966.0 4607.0 ship 0
926.0 4544.0 951.0 4544.0 951.0 4601.0 926.0 4601.0 ship 0
892.0 4644.0 913.0 4644.0 913.0 4698.0 892.0 4698.0 ship 0
829.0 4608.0 894.0 4608.0 894.0 4694.0 829.0 4694.0 ship 0
926.0 5008.0 952.0 5008.0 952.0 5080.0 926.0 5080.0 ship 0
966.0 5011.0 992.0 5011.0 992.0 5079.0 966.0 5079.0 ship 0
1000.0 5017.0 1025.0 5017.0 1025.0 5086.0 1000.0 5086.0 ship 0
1029.0 5012.0 1064.0 5012.0 1064.0 5089.0 1029.0 5089.0 ship 0
1074.0 5019.0 1100.0 5019.0 1100.0 5080.0 1074.0 5080.0 ship 0
1120.0 5116.0 1142.0 5116.0 1142.0 5177.0 1120.0 5177.0 ship 0
1121.0 5012.0 1144.0 5012.0 1144.0 5077.0 1121.0 5077.0 ship 0
1158.0 5014.0 1184.0 5014.0 1184.0 5084.0 1158.0 5084.0 ship 0
1192.0 5016.0 1225.0 5016.0 1225.0 5084.0 1192.0 5084.0 ship 0
1810.0 3771.0 1848.0 3771.0 1848.0 3822.0 1810.0 3822.0 ship 0
1831.0 3773.0 1881.0 3773.0 1881.0 3832.0 1831.0 3832.0 ship 0
2010.0 1482.0 2052.0 1482.0 2052.0 1543.0 2010.0 1543.0 ship 0
627.0 5280.0 655.0 5280.0 655.0 5305.0 627.0 5305.0 small-vehicle 0
164.0 2194.0 187.0 2194.0 187.0 2230.0 164.0 2230.0 small-vehicle 0
138.0 2294.0 162.0 2294.0 162.0 2330.0 138.0 2330.0 small-vehicle 0
118.0 2375.0 138.0 2375.0 138.0 2407.0 118.0 2407.0 small-vehicle 0
43.0 2365.0 72.0 2365.0 72.0 2405.0 43.0 2405.0 small-vehicle 0
45.0 4509.0 74.0 4509.0 74.0 4545.0 45.0 4545.0 small-vehicle 0
368.0 4320.0 403.0 4320.0 403.0 4349.0 368.0 4349.0 small-vehicle 0
226.0 4298.0 257.0 4298.0 257.0 4326.0 226.0 4326.0 small-vehicle 0
228.0 4237.0 258.0 4237.0 258.0 4264.0 228.0 4264.0 small-vehicle 0
301.0 4270.0 338.0 4270.0 338.0 4301.0 301.0 4301.0 small-vehicle 0
335.0 4153.0 371.0 4153.0 371.0 4186.0 335.0 4186.0 small-vehicle 0
404.0 4166.0 440.0 4166.0 440.0 4198.0 404.0 4198.0 small-vehicle 0
307.0 4434.0 340.0 4434.0 340.0 4465.0 307.0 4465.0 small-vehicle 0
257.0 4437.0 286.0 4437.0 286.0 4465.0 257.0 4465.0 small-vehicle 0
440.0 701.0 464.0 701.0 464.0 739.0 440.0 739.0 small-vehicle 0
473.0 584.0 499.0 584.0 499.0 623.0 473.0 623.0 small-vehicle 0
484.0 547.0 510.0 547.0 510.0 585.0 484.0 585.0 small-vehicle 0
443.0 516.0 467.0 516.0 467.0 550.0 443.0 550.0 small-vehicle 0
516.0 455.0 537.0 455.0 537.0 487.0 516.0 487.0 small-vehicle 0
466.0 430.0 493.0 430.0 493.0 468.0 466.0 468.0 small-vehicle 0
528.0 416.0 551.0 416.0 551.0 450.0 528.0 450.0 small-vehicle 0
462.0 327.0 489.0 327.0 489.0 347.0 462.0 347.0 small-vehicle 0
549.0 349.0 571.0 349.0 571.0 379.0 549.0 379.0 small-vehicle 0
527.0 247.0 548.0 247.0 548.0 275.0 527.0 275.0 small-vehicle 0
539.0 200.0 554.0 200.0 554.0 238.0 539.0 238.0 small-vehicle 0
588.0 130.0 606.0 130.0 606.0 163.0 588.0 163.0 small-vehicle 0
538.0 96.0 553.0 96.0 553.0 131.0 538.0 131.0 small-vehicle 0
508.0 4089.0 546.0 4089.0 546.0 4123.0 508.0 4123.0 small-vehicle 0
629.0 4229.0 664.0 4229.0 664.0 4263.0 629.0 4263.0 small-vehicle 0
701.0 4437.0 737.0 4437.0 737.0 4474.0 701.0 4474.0 small-vehicle 0
111.0 2178.0 137.0 2178.0 137.0 2221.0 111.0 2221.0 small-vehicle 0
187.0 1933.0 206.0 1933.0 206.0 1968.0 187.0 1968.0 small-vehicle 0
155.0 1782.0 173.0 1782.0 173.0 1819.0 155.0 1819.0 small-vehicle 0
328.0 883.0 354.0 883.0 354.0 922.0 328.0 922.0 small-vehicle 0
2264.0 1379.0 2299.0 1379.0 2299.0 1425.0 2264.0 1425.0 ship 0
2332.0 1568.0 2391.0 1568.0 2391.0 1635.0 2332.0 1635.0 ship 0
1261.0 480.0 1277.0 480.0 1277.0 519.0 1261.0 519.0 small-vehicle 0
1381.0 635.0 1395.0 635.0 1395.0 669.0 1381.0 669.0 small-vehicle 0
1336.0 518.0 1372.0 518.0 1372.0 536.0 1336.0 536.0 small-vehicle 0
1299.0 559.0 1331.0 559.0 1331.0 575.0 1299.0 575.0 small-vehicle 0
405.0 639.0 431.0 639.0 431.0 676.0 405.0 676.0 small-vehicle 0
394.0 675.0 418.0 675.0 418.0 712.0 394.0 712.0 small-vehicle 0
411.0 793.0 437.0 793.0 437.0 832.0 411.0 832.0 small-vehicle 0
401.0 831.0 425.0 831.0 425.0 868.0 401.0 868.0 small-vehicle 0
378.0 1014.0 409.0 1014.0 409.0 1039.0 378.0 1039.0 small-vehicle 0
371.0 749.0 396.0 749.0 396.0 785.0 371.0 785.0 small-vehicle 0
357.0 800.0 380.0 800.0 380.0 835.0 357.0 835.0 small-vehicle 0
265.0 1089.0 291.0 1089.0 291.0 1125.0 265.0 1125.0 small-vehicle 0
160.0 1703.0 180.0 1703.0 180.0 1737.0 160.0 1737.0 small-vehicle 0
238.0 1170.0 265.0 1170.0 265.0 1213.0 238.0 1213.0 small-vehicle 0
214.0 1243.0 241.0 1243.0 241.0 1282.0 214.0 1282.0 small-vehicle 0
250.0 1294.0 270.0 1294.0 270.0 1325.0 250.0 1325.0 small-vehicle 0
205.0 1285.0 229.0 1285.0 229.0 1322.0 205.0 1322.0 small-vehicle 0
244.0 1341.0 260.0 1341.0 260.0 1375.0 244.0 1375.0 small-vehicle 0
189.0 1389.0 206.0 1389.0 206.0 1421.0 189.0 1421.0 small-vehicle 0
233.0 1422.0 253.0 1422.0 253.0 1457.0 233.0 1457.0 small-vehicle 0
180.0 1481.0 198.0 1481.0 198.0 1509.0 180.0 1509.0 small-vehicle 0
224.0 1540.0 245.0 1540.0 245.0 1574.0 224.0 1574.0 small-vehicle 0
214.0 1587.0 237.0 1587.0 237.0 1625.0 214.0 1625.0 small-vehicle 0
171.0 1563.0 189.0 1563.0 189.0 1599.0 171.0 1599.0 small-vehicle 0
212.0 1631.0 230.0 1631.0 230.0 1665.0 212.0 1665.0 small-vehicle 0
209.0 1672.0 228.0 1672.0 228.0 1704.0 209.0 1704.0 small-vehicle 0
619.0 4722.0 649.0 4722.0 649.0 4752.0 619.0 4752.0 small-vehicle 0
776.0 4368.0 809.0 4368.0 809.0 4405.0 776.0 4405.0 small-vehicle 0
2045.0 1488.0 2090.0 1488.0 2090.0 1558.0 2045.0 1558.0 ship 0
983.0 2031.0 1000.0 2031.0 1000.0 2058.0 983.0 2058.0 small-vehicle 0
1445.0 3506.0 1469.0 3506.0 1469.0 3545.0 1445.0 3545.0 small-vehicle 0
1634.0 3400.0 1667.0 3400.0 1667.0 3426.0 1634.0 3426.0 small-vehicle 0
1432.0 1931.0 1465.0 1931.0 1465.0 1948.0 1432.0 1948.0 small-vehicle 0
1555.0 1587.0 1594.0 1587.0 1594.0 1615.0 1555.0 1615.0 small-vehicle 0
1642.0 1618.0 1676.0 1618.0 1676.0 1644.0 1642.0 1644.0 small-vehicle 0
1512.0 1421.0 1543.0 1421.0 1543.0 1453.0 1512.0 1453.0 small-vehicle 0
1544.0 1383.0 1571.0 1383.0 1571.0 1413.0 1544.0 1413.0 small-vehicle 0
1803.0 1382.0 1830.0 1382.0 1830.0 1418.0 1803.0 1418.0 small-vehicle 0
1562.0 1349.0 1594.0 1349.0 1594.0 1388.0 1562.0 1388.0 small-vehicle 0
1616.0 1274.0 1641.0 1274.0 1641.0 1305.0 1616.0 1305.0 small-vehicle 0
1587.0 1263.0 1613.0 1263.0 1613.0 1297.0 1587.0 1297.0 small-vehicle 0
1656.0 1192.0 1683.0 1192.0 1683.0 1228.0 1656.0 1228.0 small-vehicle 0
1697.0 1115.0 1723.0 1115.0 1723.0 1150.0 1697.0 1150.0 small-vehicle 0
1765.0 835.0 1789.0 835.0 1789.0 863.0 1765.0 863.0 small-vehicle 0
1779.0 808.0 1804.0 808.0 1804.0 839.0 1779.0 839.0 small-vehicle 0
1808.0 45.0 1823.0 45.0 1823.0 83.0 1808.0 83.0 small-vehicle 0
1701.0 951.0 1726.0 951.0 1726.0 982.0 1701.0 982.0 small-vehicle 0
1750.0 961.0 1782.0 961.0 1782.0 1001.0 1750.0 1001.0 small-vehicle 0
1805.0 915.0 1834.0 915.0 1834.0 951.0 1805.0 951.0 small-vehicle 0
1855.0 666.0 1882.0 666.0 1882.0 700.0 1855.0 700.0 small-vehicle 0
1945.0 624.0 1968.0 624.0 1968.0 659.0 1945.0 659.0 small-vehicle 0
1949.0 501.0 1968.0 501.0 1968.0 533.0 1949.0 533.0 small-vehicle 0
1889.0 364.0 1912.0 364.0 1912.0 404.0 1889.0 404.0 small-vehicle 0
1937.0 341.0 1959.0 341.0 1959.0 375.0 1937.0 375.0 small-vehicle 0
1866.0 288.0 1891.0 288.0 1891.0 323.0 1866.0 323.0 small-vehicle 0
1854.0 245.0 1876.0 245.0 1876.0 281.0 1854.0 281.0 small-vehicle 0
1926.0 235.0 1948.0 235.0 1948.0 261.0 1926.0 261.0 small-vehicle 0
1843.0 213.0 1866.0 213.0 1866.0 246.0 1843.0 246.0 small-vehicle 0
2163.0 1167.0 2239.0 1167.0 2239.0 1253.0 2163.0 1253.0 ship 0
1470.0 3808.0 1502.0 3808.0 1502.0 3830.0 1470.0 3830.0 small-vehicle 0
1385.0 3771.0 1420.0 3771.0 1420.0 3791.0 1385.0 3791.0 small-vehicle 0
1256.0 3802.0 1291.0 3802.0 1291.0 3837.0 1256.0 3837.0 small-vehicle 0
1106.0 3267.0 1126.0 3267.0 1126.0 3304.0 1106.0 3304.0 small-vehicle 0
1013.0 2813.0 1039.0 2813.0 1039.0 2848.0 1013.0 2848.0 small-vehicle 0
989.0 2905.0 1013.0 2905.0 1013.0 2944.0 989.0 2944.0 small-vehicle 0
984.0 2953.0 1004.0 2953.0 1004.0 2989.0 984.0 2989.0 small-vehicle 0
994.0 3037.0 1015.0 3037.0 1015.0 3074.0 994.0 3074.0 small-vehicle 0
1009.0 3145.0 1029.0 3145.0 1029.0 3180.0 1009.0 3180.0 small-vehicle 0
1035.0 3288.0 1057.0 3288.0 1057.0 3321.0 1035.0 3321.0 small-vehicle 0
1030.0 3257.0 1048.0 3257.0 1048.0 3287.0 1030.0 3287.0 small-vehicle 0
1026.0 3225.0 1042.0 3225.0 1042.0 3257.0 1026.0 3257.0 small-vehicle 0
783.0 4542.0 800.0 4542.0 800.0 4577.0 783.0 4577.0 small-vehicle 0
819.0 4352.0 850.0 4352.0 850.0 4384.0 819.0 4384.0 small-vehicle 0
994.0 4034.0 1023.0 4034.0 1023.0 4064.0 994.0 4064.0 small-vehicle 0
736.0 3850.0 769.0 3850.0 769.0 3881.0 736.0 3881.0 small-vehicle 0
1075.0 3459.0 1095.0 3459.0 1095.0 3494.0 1075.0 3494.0 small-vehicle 0
1059.0 3276.0 1077.0 3276.0 1077.0 3304.0 1059.0 3304.0 small-vehicle 0
1052.0 3853.0 1087.0 3853.0 1087.0 3886.0 1052.0 3886.0 small-vehicle 0
1088.0 3161.0 1106.0 3161.0 1106.0 3196.0 1088.0 3196.0 small-vehicle 0
1087.0 2841.0 1115.0 2841.0 1115.0 2876.0 1087.0 2876.0 small-vehicle 0
1075.0 2877.0 1100.0 2877.0 1100.0 2914.0 1075.0 2914.0 small-vehicle 0
1381.0 2681.0 1415.0 2681.0 1415.0 2709.0 1381.0 2709.0 small-vehicle 0
1078.0 2646.0 1103.0 2646.0 1103.0 2681.0 1078.0 2681.0 small-vehicle 0
1115.0 2445.0 1137.0 2445.0 1137.0 2478.0 1115.0 2478.0 small-vehicle 0
1084.0 2358.0 1110.0 2358.0 1110.0 2395.0 1084.0 2395.0 small-vehicle 0
1056.0 2275.0 1082.0 2275.0 1082.0 2311.0 1056.0 2311.0 small-vehicle 0
1044.0 2238.0 1066.0 2238.0 1066.0 2271.0 1044.0 2271.0 small-vehicle 0
1096.0 2172.0 1119.0 2172.0 1119.0 2207.0 1096.0 2207.0 small-vehicle 0
1257.0 1674.0 1289.0 1674.0 1289.0 1707.0 1257.0 1707.0 small-vehicle 0
1116.0 1747.0 1149.0 1747.0 1149.0 1780.0 1116.0 1780.0 small-vehicle 0
1233.0 1624.0 1263.0 1624.0 1263.0 1654.0 1233.0 1654.0 small-vehicle 0
355.0 948.0 394.0 948.0 394.0 1005.0 355.0 1005.0 large-vehicle 0
