2424.0 434.0 2454.0 434.0 2454.0 469.0 2424.0 469.0 small-vehicle 0
150.0 2862.0 174.0 2862.0 174.0 2896.0 150.0 2896.0 small-vehicle 0
424.0 1681.0 452.0 1681.0 452.0 1724.0 424.0 1724.0 small-vehicle 0
490.0 1803.0 513.0 1803.0 513.0 1836.0 490.0 1836.0 small-vehicle 0
414.0 1945.0 439.0 1945.0 439.0 1983.0 414.0 1983.0 small-vehicle 0
522.0 2068.0 554.0 2068.0 554.0 2085.0 522.0 2085.0 small-vehicle 0
611.0 2092.0 644.0 2092.0 644.0 2109.0 611.0 2109.0 small-vehicle 0
516.0 2108.0 546.0 2108.0 546.0 2126.0 516.0 2126.0 small-vehicle 0
517.0 2128.0 550.0 2128.0 550.0 2144.0 517.0 2144.0 small-vehicle 0
520.0 2154.0 551.0 2154.0 551.0 2169.0 520.0 2169.0 small-vehicle 0
567.0 2211.0 590.0 2211.0 590.0 2247.0 567.0 2247.0 large-vehicle 0
632.0 2229.0 657.0 2229.0 657.0 2266.0 632.0 2266.0 small-vehicle 0
703.0 2344.0 735.0 2344.0 735.0 2366.0 703.0 2366.0 small-vehicle 0
719.0 2383.0 743.0 2383.0 743.0 2419.0 719.0 2419.0 small-vehicle 0
702.0 2374.0 728.0 2374.0 728.0 2414.0 702.0 2414.0 small-vehicle 0
683.0 2369.0 708.0 2369.0 708.0 2406.0 683.0 2406.0 small-vehicle 0
665.0 2365.0 688.0 2365.0 688.0 2400.0 665.0 2400.0 small-vehicle 0
649.0 2360.0 669.0 2360.0 669.0 2393.0 649.0 2393.0 small-vehicle 0
631.0 2358.0 654.0 2358.0 654.0 2389.0 631.0 2389.0 small-vehicle 0
560.0 2270.0 597.0 2270.0 597.0 2296.0 560.0 2296.0 small-vehicle 0
430.0 2426.0 461.0 2426.0 461.0 2448.0 430.0 2448.0 small-vehicle 0
411.0 2458.0 449.0 2458.0 449.0 2485.0 411.0 2485.0 small-vehicle 0
410.0 2477.0 443.0 2477.0 443.0 2502.0 410.0 2502.0 small-vehicle 0
399.0 2513.0 436.0 2513.0 436.0 2539.0 399.0 2539.0 small-vehicle 0
433.0 3661.0 467.0 3661.0 467.0 3683.0 433.0 3683.0 small-vehicle 0
86.0 3476.0 119.0 3476.0 119.0 3511.0 86.0 3511.0 small-vehicle 0
66.0 3129.0 90.0 3129.0 90.0 3162.0 66.0 3162.0 small-vehicle 0
106.0 2996.0 130.0 2996.0 130.0 3035.0 106.0 3035.0 large-vehicle 0
266.0 2935.0 298.0 2935.0 298.0 2960.0 266.0 2960.0 small-vehicle 0
272.0 2916.0 308.0 2916.0 308.0 2940.0 272.0 2940.0 small-vehicle 0
193.0 2894.0 229.0 2894.0 229.0 2920.0 193.0 2920.0 small-vehicle 0
532.0 1689.0 566.0 1689.0 566.0 1706.0 532.0 1706.0 small-vehicle 0
552.0 1754.0 586.0 1754.0 586.0 1773.0 552.0 1773.0 small-vehicle 0
519.0 1721.0 541.0 1721.0 541.0 1750.0 519.0 1750.0 small-vehicle 0
441.0 968.0 474.0 968.0 474.0 1003.0 441.0 1003.0 small-vehicle 0
913.0 190.0 950.0 190.0 950.0 218.0 913.0 218.0 small-vehicle 0
898.0 156.0 925.0 156.0 925.0 194.0 898.0 194.0 small-vehicle 0
1089.0 128.0 1120.0 128.0 1120.0 165.0 1089.0 165.0 small-vehicle 0
744.0 546.0 778.0 546.0 778.0 571.0 744.0 571.0 small-vehicle 0
683.0 456.0 710.0 456.0 710.0 496.0 683.0 496.0 small-vehicle 0
666.0 447.0 694.0 447.0 694.0 489.0 666.0 489.0 small-vehicle 0
652.0 446.0 674.0 446.0 674.0 478.0 652.0 478.0 small-vehicle 0
580.0 424.0 605.0 424.0 605.0 458.0 580.0 458.0 small-vehicle 0
544.0 415.0 570.0 415.0 570.0 452.0 544.0 452.0 small-vehicle 0
435.0 384.0 462.0 384.0 462.0 421.0 435.0 421.0 small-vehicle 0
709.0 876.0 735.0 876.0 735.0 913.0 709.0 913.0 small-vehicle 0
398.0 1053.0 436.0 1053.0 436.0 1079.0 398.0 1079.0 small-vehicle 0
414.0 1006.0 454.0 1006.0 454.0 1034.0 414.0 1034.0 small-vehicle 0
457.0 976.0 493.0 976.0 493.0 1012.0 457.0 1012.0 small-vehicle 0
595.0 1719.0 626.0 1719.0 626.0 1752.0 595.0 1752.0 small-vehicle 0
538.0 1044.0 575.0 1044.0 575.0 1069.0 538.0 1069.0 small-vehicle 0
493.0 1086.0 531.0 1086.0 531.0 1114.0 493.0 1114.0 small-vehicle 0
563.0 1249.0 590.0 1249.0 590.0 1287.0 563.0 1287.0 small-vehicle 0
691.0 1176.0 715.0 1176.0 715.0 1212.0 691.0 1212.0 small-vehicle 0
587.0 1402.0 611.0 1402.0 611.0 1435.0 587.0 1435.0 small-vehicle 0
618.0 1406.0 643.0 1406.0 643.0 1441.0 618.0 1441.0 small-vehicle 0
603.0 1445.0 629.0 1445.0 629.0 1484.0 603.0 1484.0 small-vehicle 0
485.0 1495.0 512.0 1495.0 512.0 1534.0 485.0 1534.0 small-vehicle 0
490.0 1566.0 518.0 1566.0 518.0 1609.0 490.0 1609.0 small-vehicle 0
573.0 1545.0 598.0 1545.0 598.0 1582.0 573.0 1582.0 small-vehicle 0
560.0 1580.0 584.0 1580.0 584.0 1621.0 560.0 1621.0 small-vehicle 0
517.0 1607.0 541.0 1607.0 541.0 1645.0 517.0 1645.0 small-vehicle 0
648.0 1730.0 666.0 1730.0 666.0 1762.0 648.0 1762.0 small-vehicle 0
200.0 2876.0 237.0 2876.0 237.0 2904.0 200.0 2904.0 small-vehicle 0
163.0 2823.0 187.0 2823.0 187.0 2860.0 163.0 2860.0 small-vehicle 0
2056.0 757.0 2086.0 757.0 2086.0 800.0 2056.0 800.0 small-vehicle 0
214.0 2820.0 254.0 2820.0 254.0 2849.0 214.0 2849.0 small-vehicle 0
225.0 860.0 263.0 860.0 263.0 884.0 225.0 884.0 small-vehicle 0
147.0 875.0 181.0 875.0 181.0 910.0 147.0 910.0 small-vehicle 0
128.0 868.0 163.0 868.0 163.0 907.0 128.0 907.0 small-vehicle 0
104.0 862.0 141.0 862.0 141.0 896.0 104.0 896.0 small-vehicle 0
64.0 800.0 81.0 800.0 81.0 831.0 64.0 831.0 small-vehicle 0
51.0 678.0 88.0 678.0 88.0 706.0 51.0 706.0 small-vehicle 0
58.0 652.0 95.0 652.0 95.0 678.0 58.0 678.0 small-vehicle 0
64.0 632.0 98.0 632.0 98.0 657.0 64.0 657.0 small-vehicle 0
300.0 341.0 322.0 341.0 322.0 371.0 300.0 371.0 small-vehicle 0
2441.0 2050.0 2465.0 2050.0 2465.0 2116.0 2441.0 2116.0 large-vehicle 0
2035.0 2606.0 2133.0 2606.0 2133.0 2679.0 2035.0 2679.0 plane 0
1922.0 1509.0 2022.0 1509.0 2022.0 1607.0 1922.0 1607.0 plane 0
1811.0 1777.0 2008.0 1777.0 2008.0 1952.0 1811.0 1952.0 plane 0
1851.0 2854.0 1972.0 2854.0 1972.0 2961.0 1851.0 2961.0 plane 0
1687.0 1391.0 1762.0 1391.0 1762.0 1450.0 1687.0 1450.0 plane 0
1605.0 1383.0 1684.0 1383.0 1684.0 1444.0 1605.0 1444.0 plane 0
1524.0 1382.0 1597.0 1382.0 1597.0 1441.0 1524.0 1441.0 plane 0
1656.0 749.0 1752.0 749.0 1752.0 842.0 1656.0 842.0 plane 0
1480.0 329.0 1523.0 329.0 1523.0 366.0 1480.0 366.0 large-vehicle 0
1633.0 530.0 1748.0 530.0 1748.0 639.0 1633.0 639.0 plane 0
1398.0 2934.0 1421.0 2934.0 1421.0 2985.0 1398.0 2985.0 large-vehicle 0
1336.0 558.0 1444.0 558.0 1444.0 662.0 1336.0 662.0 plane 0
1362.0 949.0 1455.0 949.0 1455.0 1029.0 1362.0 1029.0 plane 0
1129.0 3538.0 1147.0 3538.0 1147.0 3581.0 1129.0 3581.0 large-vehicle 0
1151.0 3264.0 1175.0 3264.0 1175.0 3320.0 1151.0 3320.0 large-vehicle 0
722.0 983.0 777.0 983.0 777.0 1107.0 722.0 1107.0 large-vehicle 0
727.0 8.0 881.0 8.0 881.0 138.0 727.0 138.0 tennis-court 0
544.0 1306.0 570.0 1306.0 570.0 1346.0 544.0 1346.0 large-vehicle 0
101.0 2675.0 135.0 2675.0 135.0 2726.0 101.0 2726.0 large-vehicle 0
182.0 887.0 217.0 887.0 217.0 920.0 182.0 920.0 small-vehicle 0
201.0 896.0 234.0 896.0 234.0 926.0 201.0 926.0 small-vehicle 0
240.0 906.0 277.0 906.0 277.0 943.0 240.0 943.0 small-vehicle 0
220.0 2182.0 245.0 2182.0 245.0 2222.0 220.0 2222.0 small-vehicle 0
223.0 2803.0 254.0 2803.0 254.0 2825.0 223.0 2825.0 small-vehicle 0
80.0 2573.0 114.0 2573.0 114.0 2599.0 80.0 2599.0 small-vehicle 0
203.0 2702.0 226.0 2702.0 226.0 2739.0 203.0 2739.0 small-vehicle 0
243.0 2729.0 277.0 2729.0 277.0 2754.0 243.0 2754.0 small-vehicle 0
322.0 2760.0 359.0 2760.0 359.0 2785.0 322.0 2785.0 small-vehicle 0
324.0 2741.0 363.0 2741.0 363.0 2768.0 324.0 2768.0 small-vehicle 0
335.0 2706.0 369.0 2706.0 369.0 2727.0 335.0 2727.0 small-vehicle 0
255.0 2695.0 290.0 2695.0 290.0 2719.0 255.0 2719.0 small-vehicle 0
215.0 2659.0 239.0 2659.0 239.0 2696.0 215.0 2696.0 small-vehicle 0
284.0 2603.0 318.0 2603.0 318.0 2627.0 284.0 2627.0 small-vehicle 0
290.0 2589.0 322.0 2589.0 322.0 2609.0 290.0 2609.0 small-vehicle 0
312.0 2513.0 348.0 2513.0 348.0 2541.0 312.0 2541.0 small-vehicle 0
353.0 2400.0 385.0 2400.0 385.0 2423.0 353.0 2423.0 small-vehicle 0
225.0 2136.0 250.0 2136.0 250.0 2175.0 225.0 2175.0 small-vehicle 0
261.0 913.0 296.0 913.0 296.0 945.0 261.0 945.0 small-vehicle 0
324.0 2011.0 344.0 2011.0 344.0 2041.0 324.0 2041.0 small-vehicle 0
351.0 1909.0 375.0 1909.0 375.0 1946.0 351.0 1946.0 large-vehicle 0
118.0 1757.0 149.0 1757.0 149.0 1798.0 118.0 1798.0 small-vehicle 0
103.0 1216.0 141.0 1216.0 141.0 1240.0 103.0 1240.0 large-vehicle 0
115.0 1185.0 153.0 1185.0 153.0 1210.0 115.0 1210.0 large-vehicle 0
114.0 1202.0 145.0 1202.0 145.0 1224.0 114.0 1224.0 small-vehicle 0
89.0 1175.0 120.0 1175.0 120.0 1196.0 89.0 1196.0 small-vehicle 0
141.0 1229.0 176.0 1229.0 176.0 1252.0 141.0 1252.0 small-vehicle 0
146.0 1213.0 178.0 1213.0 178.0 1233.0 146.0 1233.0 small-vehicle 0
156.0 1199.0 188.0 1199.0 188.0 1222.0 156.0 1222.0 small-vehicle 0
73.0 1151.0 109.0 1151.0 109.0 1177.0 73.0 1177.0 small-vehicle 0
191.0 989.0 229.0 989.0 229.0 1015.0 191.0 1015.0 small-vehicle 0
121.0 969.0 159.0 969.0 159.0 995.0 121.0 995.0 small-vehicle 0
957.0 830.0 995.0 830.0 995.0 852.0 957.0 852.0 small-vehicle 0
956.0 857.0 992.0 857.0 992.0 874.0 956.0 874.0 small-vehicle 0
955.0 880.0 989.0 880.0 989.0 898.0 955.0 898.0 small-vehicle 0
951.0 901.0 984.0 901.0 984.0 917.0 951.0 917.0 small-vehicle 0
1494.0 1830.0 1526.0 1830.0 1526.0 1846.0 1494.0 1846.0 small-vehicle 0
1485.0 1903.0 1520.0 1903.0 1520.0 1921.0 1485.0 1921.0 small-vehicle 0
1491.0 1922.0 1521.0 1922.0 1521.0 1940.0 1491.0 1940.0 small-vehicle 0
1484.0 1965.0 1518.0 1965.0 1518.0 1981.0 1484.0 1981.0 small-vehicle 0
1486.0 1944.0 1520.0 1944.0 1520.0 1957.0 1486.0 1957.0 small-vehicle 0
1442.0 2095.0 1472.0 2095.0 1472.0 2113.0 1442.0 2113.0 small-vehicle 0
1437.0 2116.0 1472.0 2116.0 1472.0 2133.0 1437.0 2133.0 small-vehicle 0
1439.0 2135.0 1474.0 2135.0 1474.0 2151.0 1439.0 2151.0 small-vehicle 0
1439.0 2170.0 1472.0 2170.0 1472.0 2189.0 1439.0 2189.0 small-vehicle 0
1435.0 2189.0 1472.0 2189.0 1472.0 2207.0 1435.0 2207.0 small-vehicle 0
1436.0 2209.0 1471.0 2209.0 1471.0 2227.0 1436.0 2227.0 small-vehicle 0
1521.0 2296.0 1548.0 2296.0 1548.0 2315.0 1521.0 2315.0 small-vehicle 0
1430.0 2284.0 1467.0 2284.0 1467.0 2306.0 1430.0 2306.0 small-vehicle 0
1429.0 2324.0 1463.0 2324.0 1463.0 2344.0 1429.0 2344.0 small-vehicle 0
1428.0 2341.0 1464.0 2341.0 1464.0 2362.0 1428.0 2362.0 small-vehicle 0
1604.0 2514.0 1621.0 2514.0 1621.0 2546.0 1604.0 2546.0 large-vehicle 0
1674.0 2520.0 1693.0 2520.0 1693.0 2554.0 1674.0 2554.0 small-vehicle 0
1645.0 2516.0 1661.0 2516.0 1661.0 2550.0 1645.0 2550.0 small-vehicle 0
1687.0 3865.0 1700.0 3865.0 1700.0 3892.0 1687.0 3892.0 small-vehicle 0
1586.0 3951.0 1628.0 3951.0 1628.0 3977.0 1586.0 3977.0 large-vehicle 0
1637.0 4096.0 1661.0 4096.0 1661.0 4128.0 1637.0 4128.0 small-vehicle 0
1603.0 4081.0 1628.0 4081.0 1628.0 4120.0 1603.0 4120.0 small-vehicle 0
1549.0 4069.0 1573.0 4069.0 1573.0 4105.0 1549.0 4105.0 small-vehicle 0
1532.0 4063.0 1554.0 4063.0 1554.0 4098.0 1532.0 4098.0 small-vehicle 0
1463.0 4047.0 1484.0 4047.0 1484.0 4086.0 1463.0 4086.0 small-vehicle 0
1434.0 4042.0 1458.0 4042.0 1458.0 4079.0 1434.0 4079.0 small-vehicle 0
1415.0 4042.0 1437.0 4042.0 1437.0 4079.0 1415.0 4079.0 small-vehicle 0
1394.0 3612.0 1427.0 3612.0 1427.0 3630.0 1394.0 3630.0 small-vehicle 0
1398.0 3560.0 1432.0 3560.0 1432.0 3576.0 1398.0 3576.0 small-vehicle 0
1493.0 1787.0 1529.0 1787.0 1529.0 1805.0 1493.0 1805.0 small-vehicle 0
1420.0 1700.0 1455.0 1700.0 1455.0 1729.0 1420.0 1729.0 small-vehicle 0
1417.0 1674.0 1454.0 1674.0 1454.0 1707.0 1417.0 1707.0 small-vehicle 0
1840.0 4151.0 1873.0 4151.0 1873.0 4195.0 1840.0 4195.0 large-vehicle 0
2120.0 593.0 2153.0 593.0 2153.0 634.0 2120.0 634.0 small-vehicle 0
2161.0 541.0 2191.0 541.0 2191.0 574.0 2161.0 574.0 small-vehicle 0
2374.0 497.0 2411.0 497.0 2411.0 530.0 2374.0 530.0 small-vehicle 0
2215.0 456.0 2246.0 456.0 2246.0 490.0 2215.0 490.0 small-vehicle 0
2386.0 411.0 2417.0 411.0 2417.0 448.0 2386.0 448.0 small-vehicle 0
2369.0 396.0 2402.0 396.0 2402.0 436.0 2369.0 436.0 small-vehicle 0
2357.0 388.0 2385.0 388.0 2385.0 421.0 2357.0 421.0 small-vehicle 0
2089.0 310.0 2126.0 310.0 2126.0 343.0 2089.0 343.0 small-vehicle 0
2299.0 366.0 2338.0 366.0 2338.0 406.0 2299.0 406.0 large-vehicle 0
2293.0 350.0 2325.0 350.0 2325.0 384.0 2293.0 384.0 large-vehicle 0
2255.0 318.0 2290.0 318.0 2290.0 356.0 2255.0 356.0 large-vehicle 0
2132.0 247.0 2170.0 247.0 2170.0 277.0 2132.0 277.0 large-vehicle 0
2159.0 24.0 2190.0 24.0 2190.0 64.0 2159.0 64.0 large-vehicle 0
1760.0 4116.0 1788.0 4116.0 1788.0 4154.0 1760.0 4154.0 small-vehicle 0
1424.0 1654.0 1458.0 1654.0 1458.0 1682.0 1424.0 1682.0 small-vehicle 0
1726.0 3884.0 1761.0 3884.0 1761.0 3909.0 1726.0 3909.0 small-vehicle 0
2031.0 757.0 2056.0 757.0 2056.0 789.0 2031.0 789.0 small-vehicle 0
2010.0 743.0 2042.0 743.0 2042.0 781.0 2010.0 781.0 small-vehicle 0
2037.0 694.0 2071.0 694.0 2071.0 727.0 2037.0 727.0 small-vehicle 0
1748.0 524.0 1779.0 524.0 1779.0 563.0 1748.0 563.0 small-vehicle 0
1712.0 516.0 1738.0 516.0 1738.0 546.0 1712.0 546.0 small-vehicle 0
1856.0 58.0 1893.0 58.0 1893.0 90.0 1856.0 90.0 small-vehicle 0
1737.0 78.0 1772.0 78.0 1772.0 109.0 1737.0 109.0 small-vehicle 0
1555.0 329.0 1592.0 329.0 1592.0 361.0 1555.0 361.0 small-vehicle 0
1520.0 355.0 1557.0 355.0 1557.0 388.0 1520.0 388.0 large-vehicle 0
1543.0 345.0 1580.0 345.0 1580.0 378.0 1543.0 378.0 large-vehicle 0
1657.0 1495.0 1686.0 1495.0 1686.0 1511.0 1657.0 1511.0 small-vehicle 0
1425.0 1632.0 1460.0 1632.0 1460.0 1663.0 1425.0 1663.0 small-vehicle 0
1393.0 4039.0 1414.0 4039.0 1414.0 4068.0 1393.0 4068.0 small-vehicle 0
1367.0 4032.0 1393.0 4032.0 1393.0 4069.0 1367.0 4069.0 small-vehicle 0
1294.0 4008.0 1325.0 4008.0 1325.0 4043.0 1294.0 4043.0 small-vehicle 0
849.0 2202.0 880.0 2202.0 880.0 2220.0 849.0 2220.0 small-vehicle 0
1005.0 2288.0 1044.0 2288.0 1044.0 2310.0 1005.0 2310.0 small-vehicle 0
880.0 2301.0 918.0 2301.0 918.0 2324.0 880.0 2324.0 small-vehicle 0
847.0 2280.0 879.0 2280.0 879.0 2297.0 847.0 2297.0 small-vehicle 0
753.0 2297.0 789.0 2297.0 789.0 2313.0 753.0 2313.0 small-vehicle 0
759.0 2279.0 793.0 2279.0 793.0 2295.0 759.0 2295.0 small-vehicle 0
725.0 2263.0 754.0 2263.0 754.0 2276.0 725.0 2276.0 small-vehicle 0
724.0 2238.0 760.0 2238.0 760.0 2254.0 724.0 2254.0 small-vehicle 0
885.0 2226.0 918.0 2226.0 918.0 2244.0 885.0 2244.0 small-vehicle 0
968.0 2268.0 1000.0 2268.0 1000.0 2285.0 968.0 2285.0 small-vehicle 0
1009.0 2252.0 1040.0 2252.0 1040.0 2266.0 1009.0 2266.0 small-vehicle 0
724.0 2217.0 761.0 2217.0 761.0 2234.0 724.0 2234.0 small-vehicle 0
771.0 2203.0 795.0 2203.0 795.0 2217.0 771.0 2217.0 small-vehicle 0
765.0 2180.0 800.0 2180.0 800.0 2197.0 765.0 2197.0 small-vehicle 0
850.0 2163.0 884.0 2163.0 884.0 2180.0 850.0 2180.0 small-vehicle 0
1006.0 2308.0 1041.0 2308.0 1041.0 2327.0 1006.0 2327.0 small-vehicle 0
982.0 2190.0 1011.0 2190.0 1011.0 2204.0 982.0 2204.0 small-vehicle 0
1062.0 2147.0 1081.0 2147.0 1081.0 2189.0 1062.0 2189.0 small-vehicle 0
724.0 2138.0 761.0 2138.0 761.0 2156.0 724.0 2156.0 small-vehicle 0
748.0 2103.0 778.0 2103.0 778.0 2119.0 748.0 2119.0 small-vehicle 0
987.0 2070.0 1019.0 2070.0 1019.0 2086.0 987.0 2086.0 small-vehicle 0
992.0 1994.0 1024.0 1994.0 1024.0 2010.0 992.0 2010.0 small-vehicle 0
777.0 1881.0 817.0 1881.0 817.0 1901.0 777.0 1901.0 small-vehicle 0
1040.0 1065.0 1053.0 1065.0 1053.0 1090.0 1040.0 1090.0 small-vehicle 0
921.0 982.0 934.0 982.0 934.0 1013.0 921.0 1013.0 small-vehicle 0
1042.0 928.0 1079.0 928.0 1079.0 949.0 1042.0 949.0 small-vehicle 0
1049.0 906.0 1082.0 906.0 1082.0 923.0 1049.0 923.0 small-vehicle 0
1063.0 865.0 1095.0 865.0 1095.0 884.0 1063.0 884.0 small-vehicle 0
1064.0 844.0 1098.0 844.0 1098.0 867.0 1064.0 867.0 small-vehicle 0
970.0 2305.0 1003.0 2305.0 1003.0 2323.0 970.0 2323.0 small-vehicle 0
1006.0 2329.0 1034.0 2329.0 1034.0 2344.0 1006.0 2344.0 small-vehicle 0
1170.0 2988.0 1205.0 2988.0 1205.0 3021.0 1170.0 3021.0 small-vehicle 0
1031.0 2480.0 1049.0 2480.0 1049.0 2509.0 1031.0 2509.0 small-vehicle 0
1171.0 2945.0 1206.0 2945.0 1206.0 2977.0 1171.0 2977.0 small-vehicle 0
1186.0 2708.0 1222.0 2708.0 1222.0 2741.0 1186.0 2741.0 large-vehicle 0
1189.0 2690.0 1215.0 2690.0 1215.0 2715.0 1189.0 2715.0 small-vehicle 0
1188.0 2666.0 1222.0 2666.0 1222.0 2696.0 1188.0 2696.0 small-vehicle 0
1191.0 2645.0 1221.0 2645.0 1221.0 2675.0 1191.0 2675.0 small-vehicle 0
1195.0 2601.0 1229.0 2601.0 1229.0 2633.0 1195.0 2633.0 small-vehicle 0
1274.0 2646.0 1307.0 2646.0 1307.0 2681.0 1274.0 2681.0 small-vehicle 0
1274.0 2626.0 1309.0 2626.0 1309.0 2659.0 1274.0 2659.0 small-vehicle 0
1279.0 2602.0 1310.0 2602.0 1310.0 2634.0 1279.0 2634.0 small-vehicle 0
1095.0 2480.0 1113.0 2480.0 1113.0 2515.0 1095.0 2515.0 small-vehicle 0
1387.0 2150.0 1415.0 2150.0 1415.0 2198.0 1387.0 2198.0 large-vehicle 0
1022.0 2051.0 1056.0 2051.0 1056.0 2070.0 1022.0 2070.0 small-vehicle 0
1051.0 2479.0 1068.0 2479.0 1068.0 2514.0 1051.0 2514.0 small-vehicle 0
1005.0 2468.0 1029.0 2468.0 1029.0 2505.0 1005.0 2505.0 small-vehicle 0
967.0 2325.0 999.0 2325.0 999.0 2341.0 967.0 2341.0 small-vehicle 0
986.0 2465.0 1008.0 2465.0 1008.0 2501.0 986.0 2501.0 small-vehicle 0
966.0 2463.0 990.0 2463.0 990.0 2497.0 966.0 2497.0 small-vehicle 0
930.0 2449.0 953.0 2449.0 953.0 2485.0 930.0 2485.0 small-vehicle 0
913.0 2443.0 937.0 2443.0 937.0 2479.0 913.0 2479.0 small-vehicle 0
892.0 2440.0 918.0 2440.0 918.0 2475.0 892.0 2475.0 small-vehicle 0
809.0 2398.0 852.0 2398.0 852.0 2427.0 809.0 2427.0 large-vehicle 0
739.0 2387.0 764.0 2387.0 764.0 2424.0 739.0 2424.0 small-vehicle 0
724.0 2281.0 754.0 2281.0 754.0 2295.0 724.0 2295.0 small-vehicle 0
841.0 2302.0 874.0 2302.0 874.0 2319.0 841.0 2319.0 small-vehicle 0
875.0 2339.0 909.0 2339.0 909.0 2356.0 875.0 2356.0 small-vehicle 0
1001.0 2368.0 1042.0 2368.0 1042.0 2388.0 1001.0 2388.0 large-vehicle 0
962.0 2362.0 1001.0 2362.0 1001.0 2383.0 962.0 2383.0 small-vehicle 0
969.0 2346.0 998.0 2346.0 998.0 2363.0 969.0 2363.0 small-vehicle 0
212.0 2.0 386.0 2.0 386.0 239.0 212.0 239.0 basketball-court 1
