1366.0 570.0 1405.0 570.0 1405.0 592.0 1366.0 592.0 small-vehicle 0
581.0 816.0 621.0 816.0 621.0 855.0 581.0 855.0 ship 0
656.0 959.0 689.0 959.0 689.0 1008.0 656.0 1008.0 ship 0
520.0 864.0 566.0 864.0 566.0 905.0 520.0 905.0 ship 0
531.0 898.0 567.0 898.0 567.0 938.0 531.0 938.0 ship 0
543.0 924.0 590.0 924.0 590.0 963.0 543.0 963.0 ship 0
570.0 945.0 603.0 945.0 603.0 983.0 570.0 983.0 ship 0
288.0 782.0 322.0 782.0 322.0 828.0 288.0 828.0 ship 0
238.0 776.0 271.0 776.0 271.0 818.0 238.0 818.0 ship 0
215.0 761.0 239.0 761.0 239.0 800.0 215.0 800.0 ship 0
184.0 739.0 218.0 739.0 218.0 781.0 184.0 781.0 ship 0
149.0 724.0 182.0 724.0 182.0 770.0 149.0 770.0 ship 0
82.0 702.0 115.0 702.0 115.0 746.0 82.0 746.0 ship 0
264.0 441.0 298.0 441.0 298.0 484.0 264.0 484.0 ship 0
350.0 664.0 389.0 664.0 389.0 708.0 350.0 708.0 ship 0
326.0 648.0 360.0 648.0 360.0 692.0 326.0 692.0 ship 0
270.0 664.0 313.0 664.0 313.0 703.0 270.0 703.0 ship 0
186.0 633.0 225.0 633.0 225.0 673.0 186.0 673.0 ship 0
142.0 605.0 185.0 605.0 185.0 643.0 142.0 643.0 ship 0
71.0 631.0 115.0 631.0 115.0 665.0 71.0 665.0 ship 0
79.0 602.0 117.0 602.0 117.0 641.0 79.0 641.0 ship 0
91.0 568.0 134.0 568.0 134.0 606.0 91.0 606.0 ship 0
898.0 968.0 944.0 968.0 944.0 994.0 898.0 994.0 harbor 0
697.0 879.0 766.0 879.0 766.0 917.0 697.0 917.0 harbor 0
548.0 720.0 666.0 720.0 666.0 861.0 548.0 861.0 harbor 0
350.0 645.0 378.0 645.0 378.0 682.0 350.0 682.0 harbor 0
269.0 799.0 292.0 799.0 292.0 840.0 269.0 840.0 harbor 0
224.0 774.0 248.0 774.0 248.0 817.0 224.0 817.0 harbor 0
162.0 745.0 193.0 745.0 193.0 794.0 162.0 794.0 harbor 0
593.0 833.0 635.0 833.0 635.0 878.0 593.0 878.0 ship 0
507.0 841.0 547.0 841.0 547.0 877.0 507.0 877.0 ship 0
1183.0 128.0 1206.0 128.0 1206.0 166.0 1183.0 166.0 small-vehicle 0
499.0 814.0 541.0 814.0 541.0 852.0 499.0 852.0 ship 0
944.0 1067.0 986.0 1067.0 986.0 1104.0 944.0 1104.0 ship 0
928.0 1086.0 967.0 1086.0 967.0 1128.0 928.0 1128.0 ship 0
906.0 1103.0 943.0 1103.0 943.0 1148.0 906.0 1148.0 ship 0
789.0 1065.0 824.0 1065.0 824.0 1107.0 789.0 1107.0 ship 0
766.0 1039.0 806.0 1039.0 806.0 1091.0 766.0 1091.0 ship 0
754.0 1031.0 775.0 1031.0 775.0 1073.0 754.0 1073.0 ship 0
896.0 999.0 932.0 999.0 932.0 1047.0 896.0 1047.0 ship 0
861.0 991.0 899.0 991.0 899.0 1038.0 861.0 1038.0 ship 0
835.0 973.0 873.0 973.0 873.0 1022.0 835.0 1022.0 ship 0
811.0 966.0 843.0 966.0 843.0 1005.0 811.0 1005.0 ship 0
793.0 978.0 815.0 978.0 815.0 1015.0 793.0 1015.0 ship 0
766.0 972.0 792.0 972.0 792.0 1017.0 766.0 1017.0 ship 0
716.0 919.0 746.0 919.0 746.0 962.0 716.0 962.0 ship 0
699.0 907.0 730.0 907.0 730.0 951.0 699.0 951.0 ship 0
680.0 901.0 710.0 901.0 710.0 944.0 680.0 944.0 ship 0
965.0 693.0 989.0 693.0 989.0 734.0 965.0 734.0 ship 0
820.0 684.0 856.0 684.0 856.0 723.0 820.0 723.0 ship 0
770.0 655.0 817.0 655.0 817.0 699.0 770.0 699.0 ship 0
763.0 599.0 795.0 599.0 795.0 641.0 763.0 641.0 ship 0
591.0 414.0 618.0 414.0 618.0 455.0 591.0 455.0 ship 0
615.0 382.0 637.0 382.0 637.0 422.0 615.0 422.0 ship 0
378.0 453.0 413.0 453.0 413.0 496.0 378.0 496.0 ship 0
602.0 518.0 639.0 518.0 639.0 562.0 602.0 562.0 ship 0
519.0 741.0 558.0 741.0 558.0 778.0 519.0 778.0 ship 0
535.0 762.0 575.0 762.0 575.0 800.0 535.0 800.0 ship 0
551.0 778.0 590.0 778.0 590.0 813.0 551.0 813.0 ship 0
564.0 795.0 604.0 795.0 604.0 834.0 564.0 834.0 ship 0
93.0 728.0 119.0 728.0 119.0 763.0 93.0 763.0 harbor 0
