31.0 172.0 183.0 172.0 183.0 489.0 31.0 489.0 ground-track-field 0
94.0 1791.0 123.0 1791.0 123.0 1896.0 94.0 1896.0 ship 0
167.0 2207.0 184.0 2207.0 184.0 2254.0 167.0 2254.0 ship 0
156.0 2209.0 172.0 2209.0 172.0 2253.0 156.0 2253.0 ship 0
537.0 8.0 561.0 8.0 561.0 87.0 537.0 87.0 ship 0
631.0 386.0 664.0 386.0 664.0 482.0 631.0 482.0 ship 0
796.0 1695.0 853.0 1695.0 853.0 1808.0 796.0 1808.0 ship 0
608.0 1993.0 629.0 1993.0 629.0 2023.0 608.0 2023.0 ship 0
1252.0 256.0 1271.0 256.0 1271.0 336.0 1252.0 336.0 ship 0
1269.0 254.0 1288.0 254.0 1288.0 361.0 1269.0 361.0 ship 0
1286.0 264.0 1309.0 264.0 1309.0 369.0 1286.0 369.0 ship 0
1308.0 285.0 1326.0 285.0 1326.0 370.0 1308.0 370.0 ship 0
1326.0 302.0 1340.0 302.0 1340.0 367.0 1326.0 367.0 ship 0
1213.0 400.0 1239.0 400.0 1239.0 482.0 1213.0 482.0 ship 0
1267.0 420.0 1284.0 420.0 1284.0 475.0 1267.0 475.0 ship 0
1284.0 489.0 1301.0 489.0 1301.0 547.0 1284.0 547.0 ship 0
1275.0 494.0 1288.0 494.0 1288.0 544.0 1275.0 544.0 ship 0
1266.0 494.0 1278.0 494.0 1278.0 544.0 1266.0 544.0 ship 0
1274.0 840.0 1300.0 840.0 1300.0 916.0 1274.0 916.0 ship 0
1293.0 845.0 1315.0 845.0 1315.0 911.0 1293.0 911.0 ship 0
1281.0 1340.0 1334.0 1340.0 1334.0 1550.0 1281.0 1550.0 ship 0
1311.0 1361.0 1358.0 1361.0 1358.0 1540.0 1311.0 1540.0 ship 0
1150.0 549.0 1249.0 549.0 1249.0 897.0 1150.0 897.0 ship 0
1327.0 1583.0 1385.0 1583.0 1385.0 1726.0 1327.0 1726.0 ship 0
1311.0 1605.0 1348.0 1605.0 1348.0 1708.0 1311.0 1708.0 ship 0
1338.0 1801.0 1382.0 1801.0 1382.0 1895.0 1338.0 1895.0 ship 0
1351.0 1774.0 1419.0 1774.0 1419.0 1893.0 1351.0 1893.0 ship 0
1376.0 1926.0 1444.0 1926.0 1444.0 2055.0 1376.0 2055.0 ship 0
1401.0 1916.0 1468.0 1916.0 1468.0 2051.0 1401.0 2051.0 ship 0
205.0 2037.0 224.0 2037.0 224.0 2095.0 205.0 2095.0 ship 0
496.0 2152.0 538.0 2152.0 538.0 2239.0 496.0 2239.0 ship 0
1490.0 2188.0 1530.0 2188.0 1530.0 2270.0 1490.0 2270.0 ship 0
483.0 2166.0 519.0 2166.0 519.0 2245.0 483.0 2245.0 ship 0
371.0 69.0 408.0 69.0 408.0 295.0 371.0 295.0 ship 0
400.0 70.0 441.0 70.0 441.0 295.0 400.0 295.0 ship 0
326.0 314.0 373.0 314.0 373.0 531.0 326.0 531.0 ship 0
356.0 315.0 406.0 315.0 406.0 534.0 356.0 534.0 ship 0
383.0 317.0 445.0 317.0 445.0 533.0 383.0 533.0 ship 0
320.0 540.0 361.0 540.0 361.0 761.0 320.0 761.0 ship 0
351.0 541.0 397.0 541.0 397.0 765.0 351.0 765.0 ship 0
384.0 546.0 437.0 546.0 437.0 769.0 384.0 769.0 ship 0
313.0 784.0 359.0 784.0 359.0 1010.0 313.0 1010.0 ship 0
344.0 788.0 391.0 788.0 391.0 1007.0 344.0 1007.0 ship 0
371.0 794.0 431.0 794.0 431.0 1010.0 371.0 1010.0 ship 0
359.0 1575.0 416.0 1575.0 416.0 1714.0 359.0 1714.0 ship 0
389.0 1582.0 431.0 1582.0 431.0 1696.0 389.0 1696.0 ship 0
410.0 1584.0 449.0 1584.0 449.0 1694.0 410.0 1694.0 ship 0
427.0 1565.0 471.0 1565.0 471.0 1696.0 427.0 1696.0 ship 0
455.0 1582.0 489.0 1582.0 489.0 1687.0 455.0 1687.0 ship 0
474.0 1576.0 511.0 1576.0 511.0 1690.0 474.0 1690.0 ship 0
497.0 1580.0 532.0 1580.0 532.0 1682.0 497.0 1682.0 ship 0
408.0 1746.0 452.0 1746.0 452.0 1863.0 408.0 1863.0 ship 0
435.0 1752.0 471.0 1752.0 471.0 1848.0 435.0 1848.0 ship 0
437.0 1907.0 474.0 1907.0 474.0 2010.0 437.0 2010.0 ship 0
455.0 1888.0 503.0 1888.0 503.0 2028.0 455.0 2028.0 ship 0
484.0 1898.0 520.0 1898.0 520.0 2001.0 484.0 2001.0 ship 0
506.0 1898.0 541.0 1898.0 541.0 1994.0 506.0 1994.0 ship 0
525.0 1894.0 560.0 1894.0 560.0 1990.0 525.0 1990.0 ship 0
541.0 1877.0 579.0 1877.0 579.0 1984.0 541.0 1984.0 ship 0
562.0 1878.0 593.0 1878.0 593.0 1967.0 562.0 1967.0 ship 0
1454.0 2046.0 1491.0 2046.0 1491.0 2124.0 1454.0 2124.0 ship 0
1461.0 2195.0 1507.0 2195.0 1507.0 2270.0 1461.0 2270.0 ship 0
2669.0 314.0 2681.0 314.0 2681.0 332.0 2669.0 332.0 storage-tank 0
2432.0 737.0 2461.0 737.0 2461.0 766.0 2432.0 766.0 storage-tank 0
2462.0 661.0 2483.0 661.0 2483.0 682.0 2462.0 682.0 storage-tank 0
2465.0 690.0 2493.0 690.0 2493.0 718.0 2465.0 718.0 storage-tank 0
2475.0 727.0 2502.0 727.0 2502.0 752.0 2475.0 752.0 storage-tank 0
2485.0 763.0 2508.0 763.0 2508.0 786.0 2485.0 786.0 storage-tank 0
2492.0 793.0 2515.0 793.0 2515.0 817.0 2492.0 817.0 storage-tank 0
2529.0 650.0 2557.0 650.0 2557.0 679.0 2529.0 679.0 storage-tank 0
2541.0 692.0 2569.0 692.0 2569.0 720.0 2541.0 720.0 storage-tank 0
2545.0 730.0 2578.0 730.0 2578.0 762.0 2545.0 762.0 storage-tank 0
2562.0 778.0 2588.0 778.0 2588.0 803.0 2562.0 803.0 storage-tank 0
2581.0 639.0 2606.0 639.0 2606.0 665.0 2581.0 665.0 storage-tank 0
2581.0 673.0 2611.0 673.0 2611.0 704.0 2581.0 704.0 storage-tank 0
2593.0 721.0 2627.0 721.0 2627.0 756.0 2593.0 756.0 storage-tank 0
2597.0 766.0 2633.0 766.0 2633.0 805.0 2597.0 805.0 storage-tank 0
2429.0 148.0 2450.0 148.0 2450.0 169.0 2429.0 169.0 storage-tank 0
2466.0 138.0 2488.0 138.0 2488.0 160.0 2466.0 160.0 storage-tank 0
2485.0 217.0 2503.0 217.0 2503.0 235.0 2485.0 235.0 storage-tank 0
2541.0 206.0 2560.0 206.0 2560.0 224.0 2541.0 224.0 storage-tank 0
2516.0 210.0 2534.0 210.0 2534.0 229.0 2516.0 229.0 storage-tank 0
2509.0 191.0 2525.0 191.0 2525.0 206.0 2509.0 206.0 storage-tank 0
2529.0 167.0 2548.0 167.0 2548.0 187.0 2529.0 187.0 storage-tank 0
2637.0 162.0 2663.0 162.0 2663.0 189.0 2637.0 189.0 storage-tank 0
2629.0 126.0 2654.0 126.0 2654.0 151.0 2629.0 151.0 storage-tank 0
2521.0 127.0 2546.0 127.0 2546.0 152.0 2521.0 152.0 storage-tank 0
2636.0 70.0 2670.0 70.0 2670.0 102.0 2636.0 102.0 storage-tank 0
2554.0 304.0 2572.0 304.0 2572.0 325.0 2554.0 325.0 storage-tank 0
2580.0 299.0 2600.0 299.0 2600.0 320.0 2580.0 320.0 storage-tank 0
2670.0 284.0 2683.0 284.0 2683.0 305.0 2670.0 305.0 storage-tank 0
2439.0 778.0 2473.0 778.0 2473.0 814.0 2439.0 814.0 storage-tank 0
2425.0 702.0 2451.0 702.0 2451.0 728.0 2425.0 728.0 storage-tank 0
1523.0 1989.0 1538.0 1989.0 1538.0 2005.0 1523.0 2005.0 storage-tank 0
2419.0 669.0 2446.0 669.0 2446.0 696.0 2419.0 696.0 storage-tank 0
1527.0 2006.0 1543.0 2006.0 1543.0 2020.0 1527.0 2020.0 storage-tank 0
1531.0 2021.0 1549.0 2021.0 1549.0 2037.0 1531.0 2037.0 storage-tank 0
1537.0 2038.0 1552.0 2038.0 1552.0 2052.0 1537.0 2052.0 storage-tank 0
1541.0 2052.0 1557.0 2052.0 1557.0 2068.0 1541.0 2068.0 storage-tank 0
1544.0 2069.0 1561.0 2069.0 1561.0 2084.0 1544.0 2084.0 storage-tank 0
1546.0 1981.0 1566.0 1981.0 1566.0 2001.0 1546.0 2001.0 storage-tank 0
1551.0 2001.0 1571.0 2001.0 1571.0 2020.0 1551.0 2020.0 storage-tank 0
1558.0 2020.0 1577.0 2020.0 1577.0 2041.0 1558.0 2041.0 storage-tank 0
1563.0 2041.0 1583.0 2041.0 1583.0 2059.0 1563.0 2059.0 storage-tank 0
1567.0 2060.0 1586.0 2060.0 1586.0 2076.0 1567.0 2076.0 storage-tank 0
1563.0 1958.0 1591.0 1958.0 1591.0 1986.0 1563.0 1986.0 storage-tank 0
1574.0 1986.0 1601.0 1986.0 1601.0 2011.0 1574.0 2011.0 storage-tank 0
1582.0 2012.0 1607.0 2012.0 1607.0 2038.0 1582.0 2038.0 storage-tank 0
1589.0 2040.0 1615.0 2040.0 1615.0 2066.0 1589.0 2066.0 storage-tank 0
1656.0 1997.0 1668.0 1997.0 1668.0 2011.0 1656.0 2011.0 storage-tank 1
1503.0 1916.0 1536.0 1916.0 1536.0 1948.0 1503.0 1948.0 storage-tank 0
1542.0 1906.0 1573.0 1906.0 1573.0 1936.0 1542.0 1936.0 storage-tank 0
1491.0 1891.0 1516.0 1891.0 1516.0 1913.0 1491.0 1913.0 storage-tank 0
1519.0 1884.0 1541.0 1884.0 1541.0 1907.0 1519.0 1907.0 storage-tank 0
1544.0 1876.0 1568.0 1876.0 1568.0 1901.0 1544.0 1901.0 storage-tank 0
1459.0 102.0 1482.0 102.0 1482.0 127.0 1459.0 127.0 storage-tank 0
1487.0 100.0 1513.0 100.0 1513.0 122.0 1487.0 122.0 storage-tank 0
2358.0 682.0 2377.0 682.0 2377.0 701.0 2358.0 701.0 storage-tank 0
2363.0 706.0 2384.0 706.0 2384.0 728.0 2363.0 728.0 storage-tank 0
2365.0 734.0 2387.0 734.0 2387.0 756.0 2365.0 756.0 storage-tank 0
2371.0 761.0 2393.0 761.0 2393.0 783.0 2371.0 783.0 storage-tank 0
2377.0 791.0 2399.0 791.0 2399.0 814.0 2377.0 814.0 storage-tank 0
336.0 66.0 377.0 66.0 377.0 292.0 336.0 292.0 ship 0
