5638.0 1231.0 5771.0 1231.0 5771.0 1351.0 5638.0 1351.0 roundabout 0
5425.0 247.0 5586.0 247.0 5586.0 416.0 5425.0 416.0 storage-tank 0
2937.0 3811.0 3011.0 3811.0 3011.0 3887.0 2937.0 3887.0 plane 0
2815.0 3784.0 2875.0 3784.0 2875.0 3843.0 2815.0 3843.0 plane 0
2801.0 1365.0 2831.0 1365.0 2831.0 1393.0 2801.0 1393.0 plane 0
1713.0 2125.0 1744.0 2125.0 1744.0 2158.0 1713.0 2158.0 plane 0
1742.0 2131.0 1780.0 2131.0 1780.0 2166.0 1742.0 2166.0 plane 0
1607.0 2162.0 1633.0 2162.0 1633.0 2188.0 1607.0 2188.0 plane 0
1677.0 2032.0 1707.0 2032.0 1707.0 2061.0 1677.0 2061.0 plane 0
1596.0 2513.0 1619.0 2513.0 1619.0 2536.0 1596.0 2536.0 plane 0
1618.0 2471.0 1645.0 2471.0 1645.0 2498.0 1618.0 2498.0 plane 0
1599.0 2451.0 1626.0 2451.0 1626.0 2479.0 1599.0 2479.0 plane 0
1705.0 2471.0 1729.0 2471.0 1729.0 2499.0 1705.0 2499.0 plane 0
1631.0 2419.0 1658.0 2419.0 1658.0 2445.0 1631.0 2445.0 plane 0
1612.0 2400.0 1636.0 2400.0 1636.0 2423.0 1612.0 2423.0 plane 0
1682.0 2396.0 1708.0 2396.0 1708.0 2422.0 1682.0 2422.0 plane 0
1844.0 2353.0 1863.0 2353.0 1863.0 2378.0 1844.0 2378.0 plane 0
1637.0 2363.0 1666.0 2363.0 1666.0 2390.0 1637.0 2390.0 plane 0
1675.0 2324.0 1702.0 2324.0 1702.0 2351.0 1675.0 2351.0 plane 0
1595.0 4896.0 1631.0 4896.0 1631.0 4931.0 1595.0 4931.0 plane 0
1586.0 2145.0 1612.0 2145.0 1612.0 2172.0 1586.0 2172.0 plane 0
1563.0 2126.0 1591.0 2126.0 1591.0 2154.0 1563.0 2154.0 plane 0
1570.0 2491.0 1596.0 2491.0 1596.0 2517.0 1570.0 2517.0 plane 0
1555.0 2478.0 1576.0 2478.0 1576.0 2499.0 1555.0 2499.0 plane 0
1526.0 2443.0 1558.0 2443.0 1558.0 2475.0 1526.0 2475.0 plane 0
1556.0 2411.0 1584.0 2411.0 1584.0 2439.0 1556.0 2439.0 plane 0
1569.0 2304.0 1615.0 2304.0 1615.0 2351.0 1569.0 2351.0 plane 0
1535.0 2261.0 1557.0 2261.0 1557.0 2283.0 1535.0 2283.0 plane 0
1248.0 2402.0 1277.0 2402.0 1277.0 2433.0 1248.0 2433.0 plane 0
2716.0 3495.0 2822.0 3495.0 2822.0 3606.0 2716.0 3606.0 plane 0
2792.0 3254.0 2893.0 3254.0 2893.0 3359.0 2792.0 3359.0 plane 0
3037.0 3896.0 3118.0 3896.0 3118.0 3979.0 3037.0 3979.0 plane 0
4103.0 2543.0 4111.0 2543.0 4111.0 2551.0 4103.0 2551.0 storage-tank 1
5373.0 203.0 5514.0 203.0 5514.0 360.0 5373.0 360.0 storage-tank 0
5321.0 387.0 5445.0 387.0 5445.0 498.0 5321.0 498.0 storage-tank 0
5353.0 347.0 5478.0 347.0 5478.0 457.0 5353.0 457.0 storage-tank 0
4910.0 1171.0 5120.0 1171.0 5120.0 1237.0 4910.0 1237.0 storage-tank 0
4525.0 1921.0 4562.0 1921.0 4562.0 1959.0 4525.0 1959.0 storage-tank 0
4463.0 1907.0 4500.0 1907.0 4500.0 1945.0 4463.0 1945.0 storage-tank 0
4226.0 2518.0 4259.0 2518.0 4259.0 2551.0 4226.0 2551.0 storage-tank 0
4211.0 2565.0 4233.0 2565.0 4233.0 2588.0 4211.0 2588.0 storage-tank 0
4180.0 2557.0 4201.0 2557.0 4201.0 2580.0 4180.0 2580.0 storage-tank 0
4153.0 2554.0 4169.0 2554.0 4169.0 2570.0 4153.0 2570.0 storage-tank 0
4129.0 2548.0 4145.0 2548.0 4145.0 2564.0 4129.0 2564.0 storage-tank 0
4115.0 2534.0 4124.0 2534.0 4124.0 2544.0 4115.0 2544.0 storage-tank 1
936.0 3586.0 961.0 3586.0 961.0 3614.0 936.0 3614.0 storage-tank 0
3081.0 4061.0 3162.0 4061.0 3162.0 4145.0 3081.0 4145.0 plane 0
1612.0 5626.0 1639.0 5626.0 1639.0 5657.0 1612.0 5657.0 storage-tank 0
3307.0 4271.0 3344.0 4271.0 3344.0 4313.0 3307.0 4313.0 plane 0
5441.0 962.0 5474.0 962.0 5474.0 982.0 5441.0 982.0 large-vehicle 0
5220.0 1107.0 5272.0 1107.0 5272.0 1159.0 5220.0 1159.0 roundabout 0
5286.0 2945.0 5358.0 2945.0 5358.0 3020.0 5286.0 3020.0 roundabout 0
4661.0 1663.0 4768.0 1663.0 4768.0 1781.0 4661.0 1781.0 plane 0
3813.0 3682.0 3904.0 3682.0 3904.0 3776.0 3813.0 3776.0 roundabout 0
3936.0 3166.0 4043.0 3166.0 4043.0 3271.0 3936.0 3271.0 plane 0
3662.0 2416.0 3748.0 2416.0 3748.0 2505.0 3662.0 2505.0 plane 0
3591.0 2358.0 3672.0 2358.0 3672.0 2438.0 3591.0 2438.0 plane 0
3480.0 2498.0 3521.0 2498.0 3521.0 2541.0 3480.0 2541.0 plane 0
3504.0 3182.0 3647.0 3182.0 3647.0 3325.0 3504.0 3325.0 plane 0
885.0 3831.0 945.0 3831.0 945.0 3895.0 885.0 3895.0 plane 0
