2845.0 632.0 2992.0 632.0 2992.0 751.0 2845.0 751.0 ship 0
1147.0 1289.0 1274.0 1289.0 1274.0 1407.0 1147.0 1407.0 ship 0
752.0 826.0 782.0 826.0 782.0 857.0 752.0 857.0 storage-tank 0
781.0 815.0 809.0 815.0 809.0 845.0 781.0 845.0 storage-tank 0
808.0 801.0 838.0 801.0 838.0 831.0 808.0 831.0 storage-tank 0
838.0 791.0 866.0 791.0 866.0 821.0 838.0 821.0 storage-tank 0
856.0 825.0 883.0 825.0 883.0 852.0 856.0 852.0 storage-tank 0
910.0 802.0 949.0 802.0 949.0 841.0 910.0 841.0 storage-tank 0
919.0 844.0 955.0 844.0 955.0 881.0 919.0 881.0 storage-tank 0
681.0 324.0 766.0 324.0 766.0 483.0 681.0 483.0 ship 0
945.0 1445.0 1101.0 1445.0 1101.0 1489.0 945.0 1489.0 ship 0
1171.0 1305.0 1303.0 1305.0 1303.0 1427.0 1171.0 1427.0 ship 0
809.0 1324.0 834.0 1324.0 834.0 1349.0 809.0 1349.0 storage-tank 0
1201.0 1331.0 1320.0 1331.0 1320.0 1440.0 1201.0 1440.0 ship 0
1054.0 1631.0 1158.0 1631.0 1158.0 1770.0 1054.0 1770.0 ship 0
1244.0 1614.0 1385.0 1614.0 1385.0 1688.0 1244.0 1688.0 ship 0
1248.0 1749.0 1276.0 1749.0 1276.0 1778.0 1248.0 1778.0 storage-tank 0
1277.0 1732.0 1306.0 1732.0 1306.0 1761.0 1277.0 1761.0 storage-tank 0
1319.0 1709.0 1349.0 1709.0 1349.0 1739.0 1319.0 1739.0 storage-tank 0
1346.0 1694.0 1377.0 1694.0 1377.0 1724.0 1346.0 1724.0 storage-tank 0
1034.0 1203.0 1063.0 1203.0 1063.0 1233.0 1034.0 1233.0 storage-tank 0
1064.0 1183.0 1092.0 1183.0 1092.0 1212.0 1064.0 1212.0 storage-tank 0
837.0 1312.0 863.0 1312.0 863.0 1340.0 837.0 1340.0 storage-tank 0
824.0 1284.0 851.0 1284.0 851.0 1311.0 824.0 1311.0 storage-tank 0
3001.0 763.0 3035.0 763.0 3035.0 801.0 3001.0 801.0 storage-tank 0
222.0 1644.0 248.0 1644.0 248.0 1673.0 222.0 1673.0 storage-tank 0
336.0 734.0 458.0 734.0 458.0 908.0 336.0 908.0 ship 0
20.0 1790.0 166.0 1790.0 166.0 1865.0 20.0 1865.0 ship 0
352.0 1056.0 384.0 1056.0 384.0 1088.0 352.0 1088.0 storage-tank 0
387.0 1040.0 419.0 1040.0 419.0 1074.0 387.0 1074.0 storage-tank 0
373.0 1550.0 409.0 1550.0 409.0 1585.0 373.0 1585.0 storage-tank 0
408.0 1530.0 444.0 1530.0 444.0 1567.0 408.0 1567.0 storage-tank 0
443.0 1511.0 479.0 1511.0 479.0 1548.0 443.0 1548.0 storage-tank 0
478.0 1492.0 514.0 1492.0 514.0 1526.0 478.0 1526.0 storage-tank 0
194.0 1661.0 222.0 1661.0 222.0 1687.0 194.0 1687.0 storage-tank 0
151.0 1679.0 173.0 1679.0 173.0 1701.0 151.0 1701.0 storage-tank 0
797.0 1296.0 824.0 1296.0 824.0 1323.0 797.0 1323.0 storage-tank 0
129.0 1688.0 150.0 1688.0 150.0 1709.0 129.0 1709.0 storage-tank 0
141.0 1710.0 167.0 1710.0 167.0 1734.0 141.0 1734.0 storage-tank 0
86.0 1698.0 115.0 1698.0 115.0 1727.0 86.0 1727.0 storage-tank 0
103.0 1727.0 131.0 1727.0 131.0 1755.0 103.0 1755.0 storage-tank 0
59.0 1715.0 86.0 1715.0 86.0 1746.0 59.0 1746.0 storage-tank 0
23.0 1741.0 51.0 1741.0 51.0 1770.0 23.0 1770.0 storage-tank 0
42.0 1767.0 72.0 1767.0 72.0 1795.0 42.0 1795.0 storage-tank 0
1.0 1759.0 25.0 1759.0 25.0 1787.0 1.0 1787.0 storage-tank 0
13.0 1784.0 44.0 1784.0 44.0 1813.0 13.0 1813.0 storage-tank 0
1096.0 1176.0 1126.0 1176.0 1126.0 1207.0 1096.0 1207.0 storage-tank 0
1126.0 1164.0 1156.0 1164.0 1156.0 1195.0 1126.0 1195.0 storage-tank 0
1171.0 1142.0 1197.0 1142.0 1197.0 1171.0 1171.0 1171.0 storage-tank 0
2627.0 505.0 2655.0 505.0 2655.0 533.0 2627.0 533.0 storage-tank 0
1447.0 1011.0 1475.0 1011.0 1475.0 1038.0 1447.0 1038.0 storage-tank 0
1476.0 1001.0 1501.0 1001.0 1501.0 1029.0 1476.0 1029.0 storage-tank 0
1371.0 493.0 1403.0 493.0 1403.0 526.0 1371.0 526.0 storage-tank 0
1388.0 526.0 1419.0 526.0 1419.0 556.0 1388.0 556.0 storage-tank 0
1402.0 477.0 1432.0 477.0 1432.0 508.0 1402.0 508.0 storage-tank 0
1419.0 509.0 1450.0 509.0 1450.0 540.0 1419.0 540.0 storage-tank 0
2541.0 554.0 2567.0 554.0 2567.0 582.0 2541.0 582.0 storage-tank 0
2567.0 541.0 2593.0 541.0 2593.0 566.0 2567.0 566.0 storage-tank 0
2601.0 521.0 2624.0 521.0 2624.0 545.0 2601.0 545.0 storage-tank 0
2670.0 463.0 2706.0 463.0 2706.0 499.0 2670.0 499.0 storage-tank 0
1199.0 1130.0 1227.0 1130.0 1227.0 1160.0 1199.0 1160.0 storage-tank 0
2706.0 439.0 2744.0 439.0 2744.0 476.0 2706.0 476.0 storage-tank 0
2633.0 639.0 2770.0 639.0 2770.0 817.0 2633.0 817.0 ship 0
2862.0 1104.0 2881.0 1104.0 2881.0 1123.0 2862.0 1123.0 storage-tank 0
2873.0 1122.0 2891.0 1122.0 2891.0 1139.0 2873.0 1139.0 storage-tank 0
2880.0 1094.0 2898.0 1094.0 2898.0 1113.0 2880.0 1113.0 storage-tank 0
2890.0 1114.0 2906.0 1114.0 2906.0 1131.0 2890.0 1131.0 storage-tank 0
2898.0 1128.0 2915.0 1128.0 2915.0 1145.0 2898.0 1145.0 storage-tank 0
2883.0 1137.0 2901.0 1137.0 2901.0 1155.0 2883.0 1155.0 storage-tank 0
2965.0 784.0 3002.0 784.0 3002.0 821.0 2965.0 821.0 storage-tank 0
1467.0 973.0 1494.0 973.0 1494.0 1001.0 1467.0 1001.0 storage-tank 0
1437.0 983.0 1466.0 983.0 1466.0 1011.0 1437.0 1011.0 storage-tank 0
1620.0 1314.0 1723.0 1314.0 1723.0 1456.0 1620.0 1456.0 ship 0
1586.0 1321.0 1695.0 1321.0 1695.0 1473.0 1586.0 1473.0 ship 0
1236.0 1116.0 1261.0 1116.0 1261.0 1143.0 1236.0 1143.0 storage-tank 0
1261.0 1103.0 1291.0 1103.0 1291.0 1136.0 1261.0 1136.0 storage-tank 0
1293.0 1090.0 1316.0 1090.0 1316.0 1114.0 1293.0 1114.0 storage-tank 0
979.0 773.0 1019.0 773.0 1019.0 812.0 979.0 812.0 storage-tank 0
999.0 813.0 1036.0 813.0 1036.0 848.0 999.0 848.0 storage-tank 0
1201.0 606.0 1229.0 606.0 1229.0 636.0 1201.0 636.0 storage-tank 0
1231.0 586.0 1265.0 586.0 1265.0 621.0 1231.0 621.0 storage-tank 0
1216.0 638.0 1243.0 638.0 1243.0 664.0 1216.0 664.0 storage-tank 0
1246.0 621.0 1270.0 621.0 1270.0 646.0 1246.0 646.0 storage-tank 0
1355.0 284.0 1393.0 284.0 1393.0 295.0 1355.0 295.0 ship 0
1355.0 1461.0 1483.0 1461.0 1483.0 1597.0 1355.0 1597.0 ship 0
1457.0 1618.0 1479.0 1618.0 1479.0 1641.0 1457.0 1641.0 storage-tank 0
1485.0 1606.0 1514.0 1606.0 1514.0 1634.0 1485.0 1634.0 storage-tank 0
1574.0 1580.0 1607.0 1580.0 1607.0 1616.0 1574.0 1616.0 storage-tank 0
1651.0 1547.0 1678.0 1547.0 1678.0 1577.0 1651.0 1577.0 storage-tank 0
1677.0 1535.0 1706.0 1535.0 1706.0 1563.0 1677.0 1563.0 storage-tank 0
1707.0 1520.0 1736.0 1520.0 1736.0 1550.0 1707.0 1550.0 storage-tank 0
1735.0 1506.0 1767.0 1506.0 1767.0 1540.0 1735.0 1540.0 storage-tank 0
1539.0 1596.0 1572.0 1596.0 1572.0 1632.0 1539.0 1632.0 storage-tank 0
17.0 537.0 174.0 537.0 174.0 687.0 17.0 687.0 ship 0
