1570.0 1100.0 1582.0 1100.0 1582.0 1113.0 1570.0 1113.0 storage-tank 1
720.0 1534.0 750.0 1534.0 750.0 1563.0 720.0 1563.0 storage-tank 0
836.0 1431.0 856.0 1431.0 856.0 1449.0 836.0 1449.0 storage-tank 0
824.0 1453.0 843.0 1453.0 843.0 1473.0 824.0 1473.0 storage-tank 0
780.0 1417.0 815.0 1417.0 815.0 1453.0 780.0 1453.0 storage-tank 0
759.0 1458.0 789.0 1458.0 789.0 1489.0 759.0 1489.0 storage-tank 0
800.0 1480.0 829.0 1480.0 829.0 1510.0 800.0 1510.0 storage-tank 0
741.0 1494.0 771.0 1494.0 771.0 1524.0 741.0 1524.0 storage-tank 0
782.0 1516.0 810.0 1516.0 810.0 1544.0 782.0 1544.0 storage-tank 0
761.0 1555.0 791.0 1555.0 791.0 1584.0 761.0 1584.0 storage-tank 0
737.0 1593.0 767.0 1593.0 767.0 1623.0 737.0 1623.0 storage-tank 0
807.0 980.0 839.0 980.0 839.0 1013.0 807.0 1013.0 storage-tank 0
700.0 1573.0 728.0 1573.0 728.0 1602.0 700.0 1602.0 storage-tank 0
607.0 1446.0 648.0 1446.0 648.0 1487.0 607.0 1487.0 storage-tank 0
577.0 1498.0 619.0 1498.0 619.0 1541.0 577.0 1541.0 storage-tank 0
696.0 1685.0 723.0 1685.0 723.0 1713.0 696.0 1713.0 storage-tank 0
655.0 1665.0 682.0 1665.0 682.0 1693.0 655.0 1693.0 storage-tank 0
674.0 1721.0 705.0 1721.0 705.0 1748.0 674.0 1748.0 storage-tank 0
635.0 1698.0 666.0 1698.0 666.0 1728.0 635.0 1728.0 storage-tank 0
658.0 1756.0 687.0 1756.0 687.0 1785.0 658.0 1785.0 storage-tank 0
850.0 1407.0 866.0 1407.0 866.0 1426.0 850.0 1426.0 storage-tank 0
799.0 1378.0 835.0 1378.0 835.0 1412.0 799.0 1412.0 storage-tank 0
861.0 1385.0 879.0 1385.0 879.0 1404.0 861.0 1404.0 storage-tank 0
874.0 1361.0 892.0 1361.0 892.0 1380.0 874.0 1380.0 storage-tank 0
832.0 1043.0 859.0 1043.0 859.0 1069.0 832.0 1069.0 storage-tank 0
788.0 1020.0 816.0 1020.0 816.0 1048.0 788.0 1048.0 storage-tank 0
753.0 1001.0 776.0 1001.0 776.0 1027.0 753.0 1027.0 storage-tank 0
792.0 1104.0 830.0 1104.0 830.0 1142.0 792.0 1142.0 storage-tank 0
740.0 1076.0 781.0 1076.0 781.0 1118.0 740.0 1118.0 storage-tank 0
691.0 1051.0 732.0 1051.0 732.0 1094.0 691.0 1094.0 storage-tank 0
765.0 1152.0 805.0 1152.0 805.0 1192.0 765.0 1192.0 storage-tank 0
715.0 1126.0 756.0 1126.0 756.0 1168.0 715.0 1168.0 storage-tank 0
727.0 1224.0 767.0 1224.0 767.0 1263.0 727.0 1263.0 storage-tank 0
677.0 1196.0 716.0 1196.0 716.0 1238.0 677.0 1238.0 storage-tank 0
702.0 1274.0 741.0 1274.0 741.0 1313.0 702.0 1313.0 storage-tank 0
650.0 1244.0 692.0 1244.0 692.0 1285.0 650.0 1285.0 storage-tank 0
603.0 1221.0 643.0 1221.0 643.0 1262.0 603.0 1262.0 storage-tank 0
610.0 1337.0 639.0 1337.0 639.0 1367.0 610.0 1367.0 storage-tank 0
647.0 1345.0 676.0 1345.0 676.0 1372.0 647.0 1372.0 storage-tank 0
682.0 1363.0 703.0 1363.0 703.0 1386.0 682.0 1386.0 storage-tank 0
821.0 1340.0 856.0 1340.0 856.0 1373.0 821.0 1373.0 storage-tank 0
617.0 1735.0 647.0 1735.0 647.0 1764.0 617.0 1764.0 storage-tank 0
600.0 1770.0 629.0 1770.0 629.0 1801.0 600.0 1801.0 storage-tank 0
640.0 1791.0 669.0 1791.0 669.0 1820.0 640.0 1820.0 storage-tank 0
386.0 1788.0 418.0 1788.0 418.0 1820.0 386.0 1820.0 storage-tank 0
347.0 1769.0 380.0 1769.0 380.0 1801.0 347.0 1801.0 storage-tank 0
374.0 1915.0 426.0 1915.0 426.0 1968.0 374.0 1968.0 storage-tank 0
308.0 1881.0 362.0 1881.0 362.0 1936.0 308.0 1936.0 storage-tank 0
340.0 1979.0 392.0 1979.0 392.0 2033.0 340.0 2033.0 storage-tank 0
274.0 1945.0 328.0 1945.0 328.0 2001.0 274.0 2001.0 storage-tank 0
308.0 2046.0 360.0 2046.0 360.0 2099.0 308.0 2099.0 storage-tank 0
242.0 2011.0 295.0 2011.0 295.0 2064.0 242.0 2064.0 storage-tank 0
275.0 2111.0 327.0 2111.0 327.0 2164.0 275.0 2164.0 storage-tank 0
209.0 2076.0 261.0 2076.0 261.0 2130.0 209.0 2130.0 storage-tank 0
241.0 2176.0 292.0 2176.0 292.0 2228.0 241.0 2228.0 storage-tank 0
175.0 2141.0 227.0 2141.0 227.0 2194.0 175.0 2194.0 storage-tank 0
205.0 2241.0 259.0 2241.0 259.0 2293.0 205.0 2293.0 storage-tank 0
140.0 2205.0 194.0 2205.0 194.0 2258.0 140.0 2258.0 storage-tank 0
56.0 825.0 70.0 825.0 70.0 849.0 56.0 849.0 large-vehicle 0
17.0 897.0 38.0 897.0 38.0 933.0 17.0 933.0 large-vehicle 0
71.0 658.0 87.0 658.0 87.0 688.0 71.0 688.0 large-vehicle 0
224.0 211.0 238.0 211.0 238.0 241.0 224.0 241.0 large-vehicle 0
367.0 1730.0 398.0 1730.0 398.0 1763.0 367.0 1763.0 storage-tank 0
406.0 1750.0 437.0 1750.0 437.0 1781.0 406.0 1781.0 storage-tank 0
581.0 1805.0 612.0 1805.0 612.0 1836.0 581.0 1836.0 storage-tank 0
443.0 1770.0 475.0 1770.0 475.0 1801.0 443.0 1801.0 storage-tank 0
622.0 1826.0 651.0 1826.0 651.0 1856.0 622.0 1856.0 storage-tank 0
564.0 1841.0 594.0 1841.0 594.0 1871.0 564.0 1871.0 storage-tank 0
605.0 1864.0 634.0 1864.0 634.0 1892.0 605.0 1892.0 storage-tank 0
586.0 1898.0 616.0 1898.0 616.0 1929.0 586.0 1929.0 storage-tank 0
545.0 1876.0 575.0 1876.0 575.0 1906.0 545.0 1906.0 storage-tank 0
532.0 1485.0 566.0 1485.0 566.0 1516.0 532.0 1516.0 storage-tank 0
558.0 1438.0 591.0 1438.0 591.0 1473.0 558.0 1473.0 storage-tank 0
492.0 1463.0 526.0 1463.0 526.0 1496.0 492.0 1496.0 storage-tank 0
507.0 1663.0 546.0 1663.0 546.0 1702.0 507.0 1702.0 storage-tank 0
533.0 1617.0 571.0 1617.0 571.0 1655.0 533.0 1655.0 storage-tank 0
486.0 1592.0 524.0 1592.0 524.0 1630.0 486.0 1630.0 storage-tank 0
438.0 1568.0 476.0 1568.0 476.0 1607.0 438.0 1607.0 storage-tank 0
462.0 1639.0 500.0 1639.0 500.0 1678.0 462.0 1678.0 storage-tank 0
415.0 1615.0 453.0 1615.0 453.0 1653.0 415.0 1653.0 storage-tank 0
463.0 1826.0 493.0 1826.0 493.0 1860.0 463.0 1860.0 storage-tank 0
483.0 1788.0 513.0 1788.0 513.0 1821.0 483.0 1821.0 storage-tank 0
424.0 1808.0 454.0 1808.0 454.0 1839.0 424.0 1839.0 storage-tank 0
772.0 964.0 796.0 964.0 796.0 988.0 772.0 988.0 storage-tank 0
849.0 1002.0 881.0 1002.0 881.0 1035.0 849.0 1035.0 storage-tank 0
1708.0 41.0 1841.0 41.0 1841.0 101.0 1708.0 101.0 ship 0
890.0 1206.0 920.0 1206.0 920.0 1236.0 890.0 1236.0 storage-tank 0
1047.0 899.0 1076.0 899.0 1076.0 931.0 1047.0 931.0 storage-tank 0
1071.0 960.0 1101.0 960.0 1101.0 989.0 1071.0 989.0 storage-tank 0
1027.0 938.0 1057.0 938.0 1057.0 968.0 1027.0 968.0 storage-tank 0
975.0 1144.0 1005.0 1144.0 1005.0 1174.0 975.0 1174.0 storage-tank 0
931.0 1121.0 962.0 1121.0 962.0 1154.0 931.0 1154.0 storage-tank 0
952.0 1186.0 983.0 1186.0 983.0 1216.0 952.0 1216.0 storage-tank 0
911.0 1164.0 941.0 1164.0 941.0 1195.0 911.0 1195.0 storage-tank 0
931.0 1227.0 962.0 1227.0 962.0 1259.0 931.0 1259.0 storage-tank 0
910.0 1269.0 939.0 1269.0 939.0 1298.0 910.0 1298.0 storage-tank 0
588.0 788.0 616.0 788.0 616.0 819.0 588.0 819.0 storage-tank 0
867.0 1250.0 896.0 1250.0 896.0 1278.0 867.0 1278.0 storage-tank 0
1070.0 595.0 1086.0 595.0 1086.0 612.0 1070.0 612.0 storage-tank 0
1048.0 583.0 1066.0 583.0 1066.0 601.0 1048.0 601.0 storage-tank 0
1022.0 569.0 1045.0 569.0 1045.0 592.0 1022.0 592.0 storage-tank 0
1056.0 627.0 1072.0 627.0 1072.0 644.0 1056.0 644.0 storage-tank 0
1034.0 616.0 1051.0 616.0 1051.0 633.0 1034.0 633.0 storage-tank 0
1008.0 601.0 1030.0 601.0 1030.0 624.0 1008.0 624.0 storage-tank 0
1011.0 712.0 1026.0 712.0 1026.0 729.0 1011.0 729.0 storage-tank 0
1089.0 921.0 1118.0 921.0 1118.0 952.0 1089.0 952.0 storage-tank 0
1068.0 859.0 1098.0 859.0 1098.0 887.0 1068.0 887.0 storage-tank 0
1110.0 879.0 1141.0 879.0 1141.0 910.0 1110.0 910.0 storage-tank 0
1091.0 815.0 1120.0 815.0 1120.0 846.0 1091.0 846.0 storage-tank 0
1220.0 668.0 1249.0 668.0 1249.0 698.0 1220.0 698.0 storage-tank 0
1177.0 647.0 1207.0 647.0 1207.0 677.0 1177.0 677.0 storage-tank 0
1197.0 711.0 1227.0 711.0 1227.0 740.0 1197.0 740.0 storage-tank 0
1156.0 691.0 1184.0 691.0 1184.0 720.0 1156.0 720.0 storage-tank 0
1290.0 741.0 1323.0 741.0 1323.0 774.0 1290.0 774.0 storage-tank 0
1175.0 752.0 1205.0 752.0 1205.0 783.0 1175.0 783.0 storage-tank 0
1134.0 731.0 1163.0 731.0 1163.0 761.0 1134.0 761.0 storage-tank 0
1153.0 795.0 1183.0 795.0 1183.0 824.0 1153.0 824.0 storage-tank 0
1272.0 794.0 1306.0 794.0 1306.0 826.0 1272.0 826.0 storage-tank 0
1256.0 840.0 1289.0 840.0 1289.0 871.0 1256.0 871.0 storage-tank 0
1163.0 996.0 1197.0 996.0 1197.0 1031.0 1163.0 1031.0 storage-tank 0
1191.0 1052.0 1224.0 1052.0 1224.0 1087.0 1191.0 1087.0 storage-tank 0
1146.0 1038.0 1182.0 1038.0 1182.0 1071.0 1146.0 1071.0 storage-tank 0
960.0 2415.0 972.0 2415.0 972.0 2429.0 960.0 2429.0 storage-tank 1
966.0 2395.0 981.0 2395.0 981.0 2410.0 966.0 2410.0 storage-tank 0
1112.0 772.0 1142.0 772.0 1142.0 803.0 1112.0 803.0 storage-tank 0
1132.0 836.0 1162.0 836.0 1162.0 866.0 1132.0 866.0 storage-tank 0
989.0 701.0 1005.0 701.0 1005.0 717.0 989.0 717.0 storage-tank 0
1024.0 684.0 1040.0 684.0 1040.0 701.0 1024.0 701.0 storage-tank 0
1003.0 674.0 1019.0 674.0 1019.0 691.0 1003.0 691.0 storage-tank 0
790.0 631.0 814.0 631.0 814.0 656.0 790.0 656.0 storage-tank 0
833.0 552.0 856.0 552.0 856.0 576.0 833.0 576.0 storage-tank 0
781.0 525.0 805.0 525.0 805.0 549.0 781.0 549.0 storage-tank 0
759.0 564.0 784.0 564.0 784.0 590.0 759.0 590.0 storage-tank 0
740.0 604.0 764.0 604.0 764.0 629.0 740.0 629.0 storage-tank 0
695.0 535.0 733.0 535.0 733.0 576.0 695.0 576.0 storage-tank 0
699.0 837.0 729.0 837.0 729.0 867.0 699.0 867.0 storage-tank 0
661.0 817.0 692.0 817.0 692.0 848.0 661.0 848.0 storage-tank 0
716.0 800.0 747.0 800.0 747.0 831.0 716.0 831.0 storage-tank 0
680.0 781.0 711.0 781.0 711.0 812.0 680.0 812.0 storage-tank 0
736.0 765.0 766.0 765.0 766.0 795.0 736.0 795.0 storage-tank 0
699.0 744.0 728.0 744.0 728.0 776.0 699.0 776.0 storage-tank 0
754.0 728.0 784.0 728.0 784.0 759.0 754.0 759.0 storage-tank 0
716.0 709.0 746.0 709.0 746.0 739.0 716.0 739.0 storage-tank 0
661.0 645.0 691.0 645.0 691.0 675.0 661.0 675.0 storage-tank 0
642.0 680.0 672.0 680.0 672.0 711.0 642.0 711.0 storage-tank 0
624.0 717.0 654.0 717.0 654.0 747.0 624.0 747.0 storage-tank 0
606.0 753.0 636.0 753.0 636.0 783.0 606.0 783.0 storage-tank 0
811.0 591.0 836.0 591.0 836.0 615.0 811.0 615.0 storage-tank 0
813.0 891.0 841.0 891.0 841.0 921.0 813.0 921.0 storage-tank 0
963.0 686.0 985.0 686.0 985.0 708.0 963.0 708.0 storage-tank 0
826.0 849.0 861.0 849.0 861.0 884.0 826.0 884.0 storage-tank 0
977.0 659.0 999.0 659.0 999.0 682.0 977.0 682.0 storage-tank 0
931.0 672.0 958.0 672.0 958.0 698.0 931.0 698.0 storage-tank 0
948.0 642.0 974.0 642.0 974.0 668.0 948.0 668.0 storage-tank 0
917.0 626.0 943.0 626.0 943.0 652.0 917.0 652.0 storage-tank 0
901.0 656.0 926.0 656.0 926.0 682.0 901.0 682.0 storage-tank 0
952.0 818.0 981.0 818.0 981.0 847.0 952.0 847.0 storage-tank 0
971.0 779.0 1001.0 779.0 1001.0 810.0 971.0 810.0 storage-tank 0
916.0 800.0 946.0 800.0 946.0 829.0 916.0 829.0 storage-tank 0
935.0 760.0 965.0 760.0 965.0 791.0 935.0 791.0 storage-tank 0
899.0 741.0 929.0 741.0 929.0 772.0 899.0 772.0 storage-tank 0
866.0 725.0 892.0 725.0 892.0 753.0 866.0 753.0 storage-tank 0
880.0 780.0 911.0 780.0 911.0 812.0 880.0 812.0 storage-tank 0
844.0 762.0 873.0 762.0 873.0 791.0 844.0 791.0 storage-tank 0
908.0 893.0 939.0 893.0 939.0 925.0 908.0 925.0 storage-tank 0
891.0 931.0 920.0 931.0 920.0 961.0 891.0 961.0 storage-tank 0
868.0 871.0 901.0 871.0 901.0 906.0 868.0 906.0 storage-tank 0
849.0 909.0 879.0 909.0 879.0 940.0 849.0 940.0 storage-tank 0
187.0 327.0 203.0 327.0 203.0 363.0 187.0 363.0 large-vehicle 0
