1149.0 331.0 1250.0 331.0 1250.0 435.0 1149.0 435.0 storage-tank 0
435.0 1356.0 475.0 1356.0 475.0 1394.0 435.0 1394.0 storage-tank 0
698.0 1623.0 716.0 1623.0 716.0 1640.0 698.0 1640.0 storage-tank 0
677.0 1623.0 694.0 1623.0 694.0 1641.0 677.0 1641.0 storage-tank 0
700.0 1642.0 714.0 1642.0 714.0 1657.0 700.0 1657.0 storage-tank 0
699.0 1660.0 714.0 1660.0 714.0 1675.0 699.0 1675.0 storage-tank 0
679.0 1642.0 693.0 1642.0 693.0 1657.0 679.0 1657.0 storage-tank 0
646.0 1631.0 671.0 1631.0 671.0 1655.0 646.0 1655.0 storage-tank 0
620.0 1619.0 639.0 1619.0 639.0 1636.0 620.0 1636.0 storage-tank 0
621.0 1639.0 640.0 1639.0 640.0 1658.0 621.0 1658.0 storage-tank 0
679.0 1659.0 694.0 1659.0 694.0 1674.0 679.0 1674.0 storage-tank 0
647.0 1663.0 671.0 1663.0 671.0 1685.0 647.0 1685.0 storage-tank 0
614.0 1667.0 640.0 1667.0 640.0 1693.0 614.0 1693.0 storage-tank 0
497.0 1354.0 536.0 1354.0 536.0 1393.0 497.0 1393.0 storage-tank 0
494.0 1291.0 535.0 1291.0 535.0 1332.0 494.0 1332.0 storage-tank 0
645.0 1576.0 652.0 1576.0 652.0 1585.0 645.0 1585.0 storage-tank 1
433.0 1291.0 474.0 1291.0 474.0 1331.0 433.0 1331.0 storage-tank 0
495.0 1231.0 533.0 1231.0 533.0 1270.0 495.0 1270.0 storage-tank 0
432.0 1230.0 472.0 1230.0 472.0 1271.0 432.0 1271.0 storage-tank 0
493.0 1167.0 533.0 1167.0 533.0 1207.0 493.0 1207.0 storage-tank 0
431.0 1167.0 471.0 1167.0 471.0 1206.0 431.0 1206.0 storage-tank 0
492.0 1112.0 531.0 1112.0 531.0 1154.0 492.0 1154.0 storage-tank 0
431.0 1111.0 472.0 1111.0 472.0 1153.0 431.0 1153.0 storage-tank 0
434.0 1009.0 489.0 1009.0 489.0 1066.0 434.0 1066.0 storage-tank 0
432.0 934.0 489.0 934.0 489.0 991.0 432.0 991.0 storage-tank 0
432.0 852.0 489.0 852.0 489.0 912.0 432.0 912.0 storage-tank 0
427.0 758.0 491.0 758.0 491.0 827.0 427.0 827.0 storage-tank 0
424.0 667.0 489.0 667.0 489.0 735.0 424.0 735.0 storage-tank 0
647.0 1600.0 669.0 1600.0 669.0 1621.0 647.0 1621.0 storage-tank 0
656.0 1576.0 663.0 1576.0 663.0 1585.0 656.0 1585.0 storage-tank 1
1025.0 343.0 1091.0 343.0 1091.0 410.0 1025.0 410.0 storage-tank 0
1014.0 1078.0 1114.0 1078.0 1114.0 1178.0 1014.0 1178.0 storage-tank 0
1026.0 435.0 1092.0 435.0 1092.0 502.0 1026.0 502.0 storage-tank 0
1149.0 465.0 1251.0 465.0 1251.0 575.0 1149.0 575.0 storage-tank 0
1256.0 617.0 1287.0 617.0 1287.0 653.0 1256.0 653.0 storage-tank 0
1251.0 698.0 1272.0 698.0 1272.0 718.0 1251.0 718.0 storage-tank 0
1250.0 672.0 1272.0 672.0 1272.0 696.0 1250.0 696.0 storage-tank 0
1146.0 684.0 1181.0 684.0 1181.0 721.0 1146.0 721.0 storage-tank 0
1094.0 684.0 1131.0 684.0 1131.0 721.0 1094.0 721.0 storage-tank 0
1132.0 649.0 1153.0 649.0 1153.0 669.0 1132.0 669.0 storage-tank 0
1093.0 637.0 1122.0 637.0 1122.0 666.0 1093.0 666.0 storage-tank 0
1043.0 684.0 1081.0 684.0 1081.0 721.0 1043.0 721.0 storage-tank 0
1041.0 634.0 1079.0 634.0 1079.0 672.0 1041.0 672.0 storage-tank 0
1012.0 921.0 1112.0 921.0 1112.0 1020.0 1012.0 1020.0 storage-tank 0
937.0 438.0 1003.0 438.0 1003.0 506.0 937.0 506.0 storage-tank 0
667.0 1576.0 675.0 1576.0 675.0 1584.0 667.0 1584.0 storage-tank 1
933.0 346.0 1001.0 346.0 1001.0 413.0 933.0 413.0 storage-tank 0
847.0 443.0 913.0 443.0 913.0 510.0 847.0 510.0 storage-tank 0
844.0 351.0 911.0 351.0 911.0 420.0 844.0 420.0 storage-tank 0
756.0 354.0 821.0 354.0 821.0 421.0 756.0 421.0 storage-tank 0
757.0 446.0 823.0 446.0 823.0 512.0 757.0 512.0 storage-tank 0
992.0 684.0 1030.0 684.0 1030.0 722.0 992.0 722.0 storage-tank 0
991.0 634.0 1031.0 634.0 1031.0 672.0 991.0 672.0 storage-tank 0
927.0 676.0 976.0 676.0 976.0 724.0 927.0 724.0 storage-tank 0
927.0 609.0 975.0 609.0 975.0 660.0 927.0 660.0 storage-tank 0
832.0 586.0 903.0 586.0 903.0 656.0 832.0 656.0 storage-tank 0
736.0 588.0 806.0 588.0 806.0 657.0 736.0 657.0 storage-tank 0
826.0 918.0 931.0 918.0 931.0 1017.0 826.0 1017.0 storage-tank 0
422.0 577.0 488.0 577.0 488.0 645.0 422.0 645.0 storage-tank 0
