2225.0 1181.0 2259.0 1181.0 2259.0 1216.0 2225.0 1216.0 harbor 0
1253.0 1930.0 1325.0 1930.0 1325.0 1992.0 1253.0 1992.0 ship 0
1487.0 890.0 1547.0 890.0 1547.0 952.0 1487.0 952.0 ship 0
1557.0 962.0 1603.0 962.0 1603.0 1009.0 1557.0 1009.0 ship 0
1646.0 1651.0 1691.0 1651.0 1691.0 1689.0 1646.0 1689.0 ship 0
1590.0 1691.0 1638.0 1691.0 1638.0 1731.0 1590.0 1731.0 ship 0
1425.0 1736.0 1568.0 1736.0 1568.0 1853.0 1425.0 1853.0 ship 0
1543.0 1052.0 1597.0 1052.0 1597.0 1107.0 1543.0 1107.0 ship 0
1384.0 1086.0 1465.0 1086.0 1465.0 1175.0 1384.0 1175.0 ship 0
1275.0 1189.0 1373.0 1189.0 1373.0 1294.0 1275.0 1294.0 ship 0
1011.0 1472.0 1124.0 1472.0 1124.0 1591.0 1011.0 1591.0 ship 0
1354.0 1880.0 1396.0 1880.0 1396.0 1916.0 1354.0 1916.0 ship 0
1215.0 1995.0 1246.0 1995.0 1246.0 2022.0 1215.0 2022.0 ship 0
1438.0 772.0 1495.0 772.0 1495.0 822.0 1438.0 822.0 ship 0
1122.0 2028.0 1199.0 2028.0 1199.0 2092.0 1122.0 2092.0 ship 0
1036.0 2090.0 1105.0 2090.0 1105.0 2107.0 1036.0 2107.0 ship 0
867.0 1609.0 1002.0 1609.0 1002.0 1754.0 867.0 1754.0 ship 0
725.0 1757.0 875.0 1757.0 875.0 1918.0 725.0 1918.0 ship 0
648.0 1880.0 697.0 1880.0 697.0 1926.0 648.0 1926.0 ship 0
767.0 2111.0 863.0 2111.0 863.0 2136.0 767.0 2136.0 ship 0
637.0 2124.0 737.0 2124.0 737.0 2149.0 637.0 2149.0 ship 0
551.0 2075.0 626.0 2075.0 626.0 2142.0 551.0 2142.0 ship 0
458.0 1992.0 542.0 1992.0 542.0 2071.0 458.0 2071.0 ship 0
286.0 1481.0 381.0 1481.0 381.0 1544.0 286.0 1544.0 bridge 0
1428.0 830.0 1464.0 830.0 1464.0 868.0 1428.0 868.0 ship 0
1638.0 607.0 1696.0 607.0 1696.0 661.0 1638.0 661.0 ship 0
2233.0 1198.0 2246.0 1198.0 2246.0 1213.0 2233.0 1213.0 ship 1
3030.0 1845.0 3048.0 1845.0 3048.0 1892.0 3030.0 1892.0 ship 0
2245.0 1193.0 2260.0 1193.0 2260.0 1209.0 2245.0 1209.0 ship 0
2229.0 1174.0 2244.0 1174.0 2244.0 1191.0 2229.0 1191.0 ship 0
2263.0 1193.0 2281.0 1193.0 2281.0 1209.0 2263.0 1209.0 ship 0
2278.0 1174.0 2296.0 1174.0 2296.0 1189.0 2278.0 1189.0 ship 0
2281.0 1179.0 2298.0 1179.0 2298.0 1194.0 2281.0 1194.0 ship 0
2301.0 1163.0 2320.0 1163.0 2320.0 1178.0 2301.0 1178.0 ship 0
2580.0 800.0 2608.0 800.0 2608.0 840.0 2580.0 840.0 ship 0
2823.0 1819.0 2831.0 1819.0 2831.0 1854.0 2823.0 1854.0 ship 0
2836.0 1824.0 2866.0 1824.0 2866.0 1859.0 2836.0 1859.0 ship 0
2769.0 1847.0 2816.0 1847.0 2816.0 1870.0 2769.0 1870.0 ship 0
3057.0 1537.0 3084.0 1537.0 3084.0 1582.0 3057.0 1582.0 ship 0
1766.0 477.0 1861.0 477.0 1861.0 559.0 1766.0 559.0 ship 0
2892.0 425.0 2905.0 425.0 2905.0 457.0 2892.0 457.0 ship 0
2763.0 2169.0 2819.0 2169.0 2819.0 2278.0 2763.0 2278.0 ship 0
2688.0 2354.0 2764.0 2354.0 2764.0 2505.0 2688.0 2505.0 ship 0
2817.0 2003.0 2874.0 2003.0 2874.0 2111.0 2817.0 2111.0 ship 0
2744.0 215.0 2833.0 215.0 2833.0 284.0 2744.0 284.0 ship 0
2042.0 308.0 2266.0 308.0 2266.0 481.0 2042.0 481.0 harbor 0
2221.0 311.0 2399.0 311.0 2399.0 391.0 2221.0 391.0 harbor 0
2248.0 296.0 2391.0 296.0 2391.0 370.0 2248.0 370.0 ship 0
1699.0 1603.0 1752.0 1603.0 1752.0 1646.0 1699.0 1646.0 ship 0
1914.0 336.0 2036.0 336.0 2036.0 441.0 1914.0 441.0 ship 0
76.0 1126.0 149.0 1126.0 149.0 1187.0 76.0 1187.0 bridge 0
