799.0 1030.0 866.0 1030.0 866.0 1091.0 799.0 1091.0 ship 0
286.0 763.0 418.0 763.0 418.0 887.0 286.0 887.0 ship 0
487.0 253.0 558.0 253.0 558.0 319.0 487.0 319.0 ship 0
441.0 311.0 511.0 311.0 511.0 374.0 441.0 374.0 ship 0
417.0 339.0 493.0 339.0 493.0 404.0 417.0 404.0 ship 0
396.0 370.0 461.0 370.0 461.0 429.0 396.0 429.0 ship 0
365.0 216.0 437.0 216.0 437.0 284.0 365.0 284.0 ship 0
346.0 239.0 422.0 239.0 422.0 308.0 346.0 308.0 ship 0
174.0 921.0 305.0 921.0 305.0 1041.0 174.0 1041.0 ship 0
443.0 904.0 531.0 904.0 531.0 975.0 443.0 975.0 ship 0
170.0 685.0 291.0 685.0 291.0 793.0 170.0 793.0 ship 0
816.0 1048.0 881.0 1048.0 881.0 1110.0 816.0 1110.0 ship 0
284.0 511.0 356.0 511.0 356.0 574.0 284.0 574.0 ship 0
222.0 601.0 295.0 601.0 295.0 666.0 222.0 666.0 ship 0
280.0 344.0 346.0 344.0 346.0 404.0 280.0 404.0 ship 0
264.0 366.0 327.0 366.0 327.0 423.0 264.0 423.0 ship 0
226.0 420.0 289.0 420.0 289.0 479.0 226.0 479.0 ship 0
208.0 444.0 270.0 444.0 270.0 500.0 208.0 500.0 ship 0
184.0 470.0 248.0 470.0 248.0 527.0 184.0 527.0 ship 0
130.0 546.0 192.0 546.0 192.0 601.0 130.0 601.0 ship 0
513.0 229.0 587.0 229.0 587.0 291.0 513.0 291.0 ship 0
532.0 198.0 605.0 198.0 605.0 263.0 532.0 263.0 ship 0
557.0 170.0 625.0 170.0 625.0 230.0 557.0 230.0 ship 0
574.0 145.0 648.0 145.0 648.0 207.0 574.0 207.0 ship 0
871.0 994.0 935.0 994.0 935.0 1055.0 871.0 1055.0 ship 0
853.0 975.0 922.0 975.0 922.0 1037.0 853.0 1037.0 ship 0
504.0 244.0 559.0 244.0 559.0 293.0 504.0 293.0 harbor 0
549.0 189.0 605.0 189.0 605.0 236.0 549.0 236.0 harbor 0
456.0 297.0 515.0 297.0 515.0 350.0 456.0 350.0 harbor 0
410.0 357.0 467.0 357.0 467.0 406.0 410.0 406.0 harbor 0
361.0 411.0 604.0 411.0 604.0 606.0 361.0 606.0 harbor 0
319.0 470.0 375.0 470.0 375.0 519.0 319.0 519.0 harbor 0
275.0 531.0 330.0 531.0 330.0 577.0 275.0 577.0 harbor 0
235.0 588.0 292.0 588.0 292.0 635.0 235.0 635.0 harbor 0
294.0 1137.0 364.0 1137.0 364.0 1244.0 294.0 1244.0 ship 0
192.0 647.0 247.0 647.0 247.0 696.0 192.0 696.0 harbor 0
1061.0 673.0 1171.0 673.0 1171.0 819.0 1061.0 819.0 ship 0
1094.0 656.0 1236.0 656.0 1236.0 846.0 1094.0 846.0 ship 0
931.0 445.0 1071.0 445.0 1071.0 556.0 931.0 556.0 ship 0
950.0 417.0 1087.0 417.0 1087.0 526.0 950.0 526.0 ship 0
526.0 945.0 684.0 945.0 684.0 1059.0 526.0 1059.0 ship 0
113.0 571.0 176.0 571.0 176.0 626.0 113.0 626.0 ship 0
