1508.0 908.0 2046.0 908.0 2046.0 1399.0 1508.0 1399.0 harbor 0
1769.0 999.0 1874.0 999.0 1874.0 1097.0 1769.0 1097.0 ship 0
1783.0 1017.0 1888.0 1017.0 1888.0 1113.0 1783.0 1113.0 ship 0
1635.0 1126.0 1733.0 1126.0 1733.0 1214.0 1635.0 1214.0 ship 0
1649.0 1142.0 1745.0 1142.0 1745.0 1231.0 1649.0 1231.0 ship 0
1448.0 1372.0 1501.0 1372.0 1501.0 1430.0 1448.0 1430.0 basketball-court 0
1238.0 1048.0 1336.0 1048.0 1336.0 1175.0 1238.0 1175.0 harbor 0
961.0 1780.0 1114.0 1780.0 1114.0 1894.0 961.0 1894.0 soccer-ball-field 0
894.0 1749.0 1177.0 1749.0 1177.0 1928.0 894.0 1928.0 ground-track-field 0
800.0 1444.0 818.0 1444.0 818.0 1460.0 800.0 1460.0 large-vehicle 0
794.0 1438.0 813.0 1438.0 813.0 1453.0 794.0 1453.0 large-vehicle 0
829.0 1426.0 906.0 1426.0 906.0 1496.0 829.0 1496.0 basketball-court 0
861.0 1125.0 894.0 1125.0 894.0 1176.0 861.0 1176.0 ship 0
767.0 318.0 1035.0 318.0 1035.0 632.0 767.0 632.0 harbor 0
836.0 1119.0 914.0 1119.0 914.0 1243.0 836.0 1243.0 harbor 0
