2807.0 814.0 2854.0 814.0 2854.0 859.0 2807.0 859.0 storage-tank 0
557.0 2215.0 581.0 2215.0 581.0 2228.0 557.0 2228.0 large-vehicle 0
2403.0 1976.0 2576.0 1976.0 2576.0 2146.0 2403.0 2146.0 plane 0
2475.0 2206.0 2569.0 2206.0 2569.0 2297.0 2475.0 2297.0 plane 0
2612.0 2082.0 2722.0 2082.0 2722.0 2189.0 2612.0 2189.0 plane 0
2854.0 2084.0 2956.0 2084.0 2956.0 2188.0 2854.0 2188.0 plane 0
857.0 2446.0 869.0 2446.0 869.0 2469.0 857.0 2469.0 large-vehicle 0
858.0 2380.0 866.0 2380.0 866.0 2400.0 858.0 2400.0 large-vehicle 0
1300.0 1905.0 1321.0 1905.0 1321.0 1923.0 1300.0 1923.0 large-vehicle 0
2198.0 2182.0 2291.0 2182.0 2291.0 2276.0 2198.0 2276.0 plane 0
1577.0 1933.0 1596.0 1933.0 1596.0 1951.0 1577.0 1951.0 large-vehicle 0
1715.0 2012.0 1734.0 2012.0 1734.0 2029.0 1715.0 2029.0 large-vehicle 0
1746.0 1986.0 1768.0 1986.0 1768.0 1998.0 1746.0 1998.0 large-vehicle 0
1591.0 1316.0 1608.0 1316.0 1608.0 1333.0 1591.0 1333.0 large-vehicle 0
1458.0 1446.0 1475.0 1446.0 1475.0 1465.0 1458.0 1465.0 large-vehicle 0
1557.0 2528.0 1577.0 2528.0 1577.0 2544.0 1557.0 2544.0 large-vehicle 0
2103.0 2412.0 2296.0 2412.0 2296.0 2597.0 2103.0 2597.0 plane 0
1637.0 2421.0 1829.0 2421.0 1829.0 2597.0 1637.0 2597.0 plane 0
2731.0 839.0 2781.0 839.0 2781.0 886.0 2731.0 886.0 storage-tank 0
1011.0 2796.0 1208.0 2796.0 1208.0 2974.0 1011.0 2974.0 plane 0
96.0 213.0 256.0 213.0 256.0 369.0 96.0 369.0 plane 0
188.0 298.0 347.0 298.0 347.0 457.0 188.0 457.0 plane 0
66.0 353.0 260.0 353.0 260.0 544.0 66.0 544.0 plane 0
88.0 136.0 194.0 136.0 194.0 236.0 88.0 236.0 plane 0
19.0 191.0 125.0 191.0 125.0 295.0 19.0 295.0 plane 0
517.0 1953.0 611.0 1953.0 611.0 2045.0 517.0 2045.0 plane 0
964.0 2642.0 1051.0 2642.0 1051.0 2727.0 964.0 2727.0 plane 0
1717.0 2564.0 1825.0 2564.0 1825.0 2655.0 1717.0 2655.0 plane 0
814.0 2667.0 976.0 2667.0 976.0 2826.0 814.0 2826.0 plane 0
1031.0 2496.0 1123.0 2496.0 1123.0 2585.0 1031.0 2585.0 plane 0
1045.0 1150.0 1197.0 1150.0 1197.0 1298.0 1045.0 1298.0 plane 0
1194.0 1119.0 1275.0 1119.0 1275.0 1203.0 1194.0 1203.0 plane 0
1641.0 697.0 1781.0 697.0 1781.0 833.0 1641.0 833.0 plane 0
1443.0 2782.0 1535.0 2782.0 1535.0 2878.0 1443.0 2878.0 plane 0
1584.0 2517.0 1602.0 2517.0 1602.0 2525.0 1584.0 2525.0 large-vehicle 0
1610.0 2528.0 1627.0 2528.0 1627.0 2547.0 1610.0 2547.0 large-vehicle 0
1627.0 2545.0 1642.0 2545.0 1642.0 2562.0 1627.0 2562.0 large-vehicle 0
3162.0 874.0 3183.0 874.0 3183.0 890.0 3162.0 890.0 large-vehicle 0
3246.0 1201.0 3261.0 1201.0 3261.0 1222.0 3246.0 1222.0 large-vehicle 0
3219.0 1210.0 3242.0 1210.0 3242.0 1225.0 3219.0 1225.0 large-vehicle 0
3241.0 1174.0 3255.0 1174.0 3255.0 1197.0 3241.0 1197.0 large-vehicle 0
3218.0 748.0 3315.0 748.0 3315.0 843.0 3218.0 843.0 bridge 0
2882.0 599.0 2897.0 599.0 2897.0 620.0 2882.0 620.0 large-vehicle 0
2894.0 621.0 2910.0 621.0 2910.0 642.0 2894.0 642.0 large-vehicle 0
3256.0 768.0 3270.0 768.0 3270.0 780.0 3256.0 780.0 large-vehicle 1
1644.0 2563.0 1659.0 2563.0 1659.0 2579.0 1644.0 2579.0 large-vehicle 0
2600.0 376.0 2645.0 376.0 2645.0 417.0 2600.0 417.0 storage-tank 0
2632.0 455.0 2673.0 455.0 2673.0 496.0 2632.0 496.0 storage-tank 0
2661.0 535.0 2703.0 535.0 2703.0 572.0 2661.0 572.0 storage-tank 0
2693.0 606.0 2736.0 606.0 2736.0 646.0 2693.0 646.0 storage-tank 0
2765.0 718.0 2814.0 718.0 2814.0 762.0 2765.0 762.0 storage-tank 0
2692.0 743.0 2739.0 743.0 2739.0 788.0 2692.0 788.0 storage-tank 0
3219.0 1155.0 3235.0 1155.0 3235.0 1174.0 3219.0 1174.0 large-vehicle 0
3180.0 1128.0 3195.0 1128.0 3195.0 1148.0 3180.0 1148.0 large-vehicle 0
3184.0 1185.0 3204.0 1185.0 3204.0 1203.0 3184.0 1203.0 large-vehicle 0
2714.0 352.0 2729.0 352.0 2729.0 369.0 2714.0 369.0 large-vehicle 1
2715.0 311.0 2727.0 311.0 2727.0 334.0 2715.0 334.0 large-vehicle 1
2782.0 441.0 2793.0 441.0 2793.0 460.0 2782.0 460.0 large-vehicle 0
2751.0 412.0 2762.0 412.0 2762.0 434.0 2751.0 434.0 large-vehicle 0
2759.0 440.0 2772.0 440.0 2772.0 460.0 2759.0 460.0 large-vehicle 0
2691.0 258.0 2701.0 258.0 2701.0 278.0 2691.0 278.0 large-vehicle 0
2682.0 256.0 2694.0 256.0 2694.0 278.0 2682.0 278.0 large-vehicle 0
2679.0 266.0 2687.0 266.0 2687.0 280.0 2679.0 280.0 large-vehicle 1
2671.0 262.0 2680.0 262.0 2680.0 282.0 2671.0 282.0 large-vehicle 0
2715.0 281.0 2726.0 281.0 2726.0 300.0 2715.0 300.0 large-vehicle 0
2660.0 13.0 2667.0 13.0 2667.0 37.0 2660.0 37.0 large-vehicle 0
2461.0 1698.0 2560.0 1698.0 2560.0 1830.0 2461.0 1830.0 plane 0
2116.0 1278.0 2137.0 1278.0 2137.0 1296.0 2116.0 1296.0 large-vehicle 0
1663.0 2584.0 1679.0 2584.0 1679.0 2601.0 1663.0 2601.0 large-vehicle 0
186.0 141.0 285.0 141.0 285.0 241.0 186.0 241.0 plane 0
