3672.0 756.0 3685.0 756.0 3685.0 771.0 3672.0 771.0 storage-tank 0
1473.0 1414.0 1486.0 1414.0 1486.0 1427.0 1473.0 1427.0 storage-tank 1
1066.0 701.0 1098.0 701.0 1098.0 733.0 1066.0 733.0 storage-tank 0
1107.0 663.0 1138.0 663.0 1138.0 695.0 1107.0 695.0 storage-tank 0
1147.0 629.0 1177.0 629.0 1177.0 657.0 1147.0 657.0 storage-tank 0
1103.0 594.0 1133.0 594.0 1133.0 623.0 1103.0 623.0 storage-tank 0
1017.0 672.0 1032.0 672.0 1032.0 686.0 1017.0 686.0 storage-tank 0
1038.0 653.0 1052.0 653.0 1052.0 666.0 1038.0 666.0 storage-tank 1
1056.0 669.0 1071.0 669.0 1071.0 685.0 1056.0 685.0 storage-tank 0
1037.0 691.0 1051.0 691.0 1051.0 705.0 1037.0 705.0 storage-tank 1
1001.0 590.0 1038.0 590.0 1038.0 627.0 1001.0 627.0 storage-tank 0
1068.0 566.0 1086.0 566.0 1086.0 588.0 1068.0 588.0 storage-tank 0
1535.0 992.0 1567.0 992.0 1567.0 1026.0 1535.0 1026.0 storage-tank 0
1572.0 1024.0 1604.0 1024.0 1604.0 1057.0 1572.0 1057.0 storage-tank 0
1912.0 950.0 1927.0 950.0 1927.0 965.0 1912.0 965.0 storage-tank 0
1928.0 958.0 1944.0 958.0 1944.0 974.0 1928.0 974.0 storage-tank 0
1711.0 1297.0 1725.0 1297.0 1725.0 1312.0 1711.0 1312.0 storage-tank 0
1700.0 1313.0 1714.0 1313.0 1714.0 1328.0 1700.0 1328.0 storage-tank 0
1690.0 1324.0 1705.0 1324.0 1705.0 1340.0 1690.0 1340.0 storage-tank 0
1711.0 1327.0 1719.0 1327.0 1719.0 1335.0 1711.0 1335.0 storage-tank 1
1446.0 1416.0 1459.0 1416.0 1459.0 1428.0 1446.0 1428.0 storage-tank 1
1197.0 680.0 1255.0 680.0 1255.0 737.0 1197.0 737.0 storage-tank 0
1265.0 739.0 1321.0 739.0 1321.0 795.0 1265.0 795.0 storage-tank 0
1197.0 803.0 1253.0 803.0 1253.0 859.0 1197.0 859.0 storage-tank 0
1273.0 1025.0 1330.0 1025.0 1330.0 1081.0 1273.0 1081.0 storage-tank 0
1333.0 1357.0 1342.0 1357.0 1342.0 1366.0 1333.0 1366.0 storage-tank 1
1326.0 1365.0 1335.0 1365.0 1335.0 1375.0 1326.0 1375.0 storage-tank 1
1345.0 1350.0 1355.0 1350.0 1355.0 1359.0 1345.0 1359.0 storage-tank 1
1354.0 1342.0 1362.0 1342.0 1362.0 1351.0 1354.0 1351.0 storage-tank 1
1057.0 1131.0 1089.0 1131.0 1089.0 1162.0 1057.0 1162.0 storage-tank 0
1084.0 1162.0 1116.0 1162.0 1116.0 1191.0 1084.0 1191.0 storage-tank 0
1190.0 1098.0 1248.0 1098.0 1248.0 1156.0 1190.0 1156.0 storage-tank 0
1119.0 1026.0 1175.0 1026.0 1175.0 1077.0 1119.0 1077.0 storage-tank 0
1198.0 955.0 1254.0 955.0 1254.0 1014.0 1198.0 1014.0 storage-tank 0
1129.0 742.0 1188.0 742.0 1188.0 799.0 1129.0 799.0 storage-tank 0
1281.0 880.0 1339.0 880.0 1339.0 937.0 1281.0 937.0 storage-tank 0
1354.0 949.0 1410.0 949.0 1410.0 1006.0 1354.0 1006.0 storage-tank 0
1040.0 945.0 1098.0 945.0 1098.0 1003.0 1040.0 1003.0 storage-tank 0
1116.0 876.0 1173.0 876.0 1173.0 932.0 1116.0 932.0 storage-tank 0
980.0 879.0 1036.0 879.0 1036.0 934.0 980.0 934.0 storage-tank 0
1052.0 812.0 1109.0 812.0 1109.0 868.0 1052.0 868.0 storage-tank 0
1336.0 807.0 1371.0 807.0 1371.0 842.0 1336.0 842.0 storage-tank 0
1365.0 781.0 1400.0 781.0 1400.0 815.0 1365.0 815.0 storage-tank 0
1457.0 1401.0 1469.0 1401.0 1469.0 1414.0 1457.0 1414.0 storage-tank 1
1463.0 1429.0 1476.0 1429.0 1476.0 1441.0 1463.0 1441.0 storage-tank 1
2059.0 314.0 2074.0 314.0 2074.0 330.0 2059.0 330.0 storage-tank 0
1707.0 1333.0 1713.0 1333.0 1713.0 1341.0 1707.0 1341.0 storage-tank 1
2266.0 2162.0 2309.0 2162.0 2309.0 2206.0 2266.0 2206.0 storage-tank 0
2234.0 2112.0 2267.0 2112.0 2267.0 2146.0 2234.0 2146.0 storage-tank 0
2322.0 2117.0 2365.0 2117.0 2365.0 2161.0 2322.0 2161.0 storage-tank 0
2275.0 2061.0 2319.0 2061.0 2319.0 2106.0 2275.0 2106.0 storage-tank 0
2184.0 2050.0 2215.0 2050.0 2215.0 2082.0 2184.0 2082.0 storage-tank 0
2091.0 1943.0 2139.0 1943.0 2139.0 1992.0 2091.0 1992.0 storage-tank 0
2141.0 1875.0 2189.0 1875.0 2189.0 1923.0 2141.0 1923.0 storage-tank 0
2017.0 1885.0 2068.0 1885.0 2068.0 1934.0 2017.0 1934.0 storage-tank 0
2003.0 1768.0 2051.0 1768.0 2051.0 1818.0 2003.0 1818.0 storage-tank 0
2042.0 1707.0 2091.0 1707.0 2091.0 1757.0 2042.0 1757.0 storage-tank 0
2062.0 1823.0 2109.0 1823.0 2109.0 1872.0 2062.0 1872.0 storage-tank 0
2108.0 1756.0 2156.0 1756.0 2156.0 1807.0 2108.0 1807.0 storage-tank 0
2187.0 1814.0 2236.0 1814.0 2236.0 1865.0 2187.0 1865.0 storage-tank 0
2356.0 677.0 2369.0 677.0 2369.0 691.0 2356.0 691.0 storage-tank 1
2343.0 688.0 2356.0 688.0 2356.0 701.0 2343.0 701.0 storage-tank 1
2261.0 674.0 2293.0 674.0 2293.0 707.0 2261.0 707.0 storage-tank 0
2306.0 640.0 2337.0 640.0 2337.0 672.0 2306.0 672.0 storage-tank 0
2236.0 637.0 2251.0 637.0 2251.0 651.0 2236.0 651.0 storage-tank 0
2030.0 203.0 2057.0 203.0 2057.0 231.0 2030.0 231.0 storage-tank 0
2203.0 2160.0 2236.0 2160.0 2236.0 2193.0 2203.0 2193.0 storage-tank 0
2216.0 2213.0 2249.0 2213.0 2249.0 2246.0 2216.0 2246.0 storage-tank 0
2319.0 2228.0 2364.0 2228.0 2364.0 2273.0 2319.0 2273.0 storage-tank 0
1515.0 1520.0 1534.0 1520.0 1534.0 1541.0 1515.0 1541.0 storage-tank 0
1703.0 1340.0 1709.0 1340.0 1709.0 1346.0 1703.0 1346.0 storage-tank 1
1489.0 1426.0 1501.0 1426.0 1501.0 1438.0 1489.0 1438.0 storage-tank 1
1479.0 1440.0 1492.0 1440.0 1492.0 1453.0 1479.0 1453.0 storage-tank 1
1461.0 1465.0 1473.0 1465.0 1473.0 1477.0 1461.0 1477.0 storage-tank 1
1451.0 1481.0 1464.0 1481.0 1464.0 1493.0 1451.0 1493.0 storage-tank 1
1525.0 1456.0 1545.0 1456.0 1545.0 1477.0 1525.0 1477.0 storage-tank 0
1508.0 1481.0 1528.0 1481.0 1528.0 1501.0 1508.0 1501.0 storage-tank 0
1493.0 1503.0 1512.0 1503.0 1512.0 1524.0 1493.0 1524.0 storage-tank 0
1531.0 1498.0 1551.0 1498.0 1551.0 1517.0 1531.0 1517.0 storage-tank 0
2265.0 2273.0 2309.0 2273.0 2309.0 2317.0 2265.0 2317.0 storage-tank 0
1548.0 1474.0 1568.0 1474.0 1568.0 1495.0 1548.0 1495.0 storage-tank 0
1596.0 1509.0 1616.0 1509.0 1616.0 1531.0 1596.0 1531.0 storage-tank 0
1620.0 1527.0 1639.0 1527.0 1639.0 1546.0 1620.0 1546.0 storage-tank 0
1580.0 1532.0 1600.0 1532.0 1600.0 1553.0 1580.0 1553.0 storage-tank 0
1563.0 1556.0 1582.0 1556.0 1582.0 1576.0 1563.0 1576.0 storage-tank 0
1586.0 1573.0 1606.0 1573.0 1606.0 1594.0 1586.0 1594.0 storage-tank 0
1603.0 1551.0 1623.0 1551.0 1623.0 1570.0 1603.0 1570.0 storage-tank 0
2309.0 2328.0 2354.0 2328.0 2354.0 2372.0 2309.0 2372.0 storage-tank 0
1324.0 1350.0 1333.0 1350.0 1333.0 1361.0 1324.0 1361.0 storage-tank 1
1317.0 1359.0 1326.0 1359.0 1326.0 1369.0 1317.0 1369.0 storage-tank 1
1435.0 1467.0 1448.0 1467.0 1448.0 1482.0 1435.0 1482.0 storage-tank 0
1418.0 1456.0 1431.0 1456.0 1431.0 1471.0 1418.0 1471.0 storage-tank 0
58.0 886.0 97.0 886.0 97.0 923.0 58.0 923.0 storage-tank 0
310.0 844.0 324.0 844.0 324.0 859.0 310.0 859.0 storage-tank 0
321.0 856.0 335.0 856.0 335.0 870.0 321.0 870.0 storage-tank 1
438.0 811.0 451.0 811.0 451.0 825.0 438.0 825.0 storage-tank 1
155.0 1216.0 283.0 1216.0 283.0 1324.0 155.0 1324.0 bridge 0
935.0 1483.0 978.0 1483.0 978.0 1526.0 935.0 1526.0 storage-tank 0
873.0 1411.0 916.0 1411.0 916.0 1454.0 873.0 1454.0 storage-tank 0
825.0 1360.0 866.0 1360.0 866.0 1404.0 825.0 1404.0 storage-tank 0
925.0 1365.0 967.0 1365.0 967.0 1407.0 925.0 1407.0 storage-tank 0
977.0 1316.0 1020.0 1316.0 1020.0 1360.0 977.0 1360.0 storage-tank 0
876.0 1313.0 918.0 1313.0 918.0 1355.0 876.0 1355.0 storage-tank 0
926.0 1265.0 969.0 1265.0 969.0 1308.0 926.0 1308.0 storage-tank 0
690.0 1205.0 743.0 1205.0 743.0 1260.0 690.0 1260.0 storage-tank 0
786.0 1163.0 801.0 1163.0 801.0 1178.0 786.0 1178.0 storage-tank 0
798.0 1175.0 812.0 1175.0 812.0 1191.0 798.0 1191.0 storage-tank 0
837.0 1184.0 847.0 1184.0 847.0 1195.0 837.0 1195.0 storage-tank 1
845.0 1192.0 856.0 1192.0 856.0 1206.0 845.0 1206.0 storage-tank 1
862.0 1201.0 882.0 1201.0 882.0 1224.0 862.0 1224.0 storage-tank 0
638.0 1064.0 649.0 1064.0 649.0 1077.0 638.0 1077.0 storage-tank 1
95.0 851.0 135.0 851.0 135.0 891.0 95.0 891.0 storage-tank 0
129.0 820.0 171.0 820.0 171.0 860.0 129.0 860.0 storage-tank 0
163.0 784.0 206.0 784.0 206.0 829.0 163.0 829.0 storage-tank 0
898.0 7.0 1013.0 7.0 1013.0 115.0 898.0 115.0 ship 0
708.0 534.0 848.0 534.0 848.0 647.0 708.0 647.0 ship 0
720.0 744.0 750.0 744.0 750.0 776.0 720.0 776.0 ship 0
696.0 714.0 723.0 714.0 723.0 743.0 696.0 743.0 ship 0
753.0 779.0 781.0 779.0 781.0 808.0 753.0 808.0 ship 0
743.0 1556.0 757.0 1556.0 757.0 1569.0 743.0 1569.0 large-vehicle 0
935.0 1746.0 949.0 1746.0 949.0 1760.0 935.0 1760.0 large-vehicle 0
951.0 1764.0 965.0 1764.0 965.0 1778.0 951.0 1778.0 large-vehicle 0
884.0 439.0 1101.0 439.0 1101.0 516.0 884.0 516.0 ship 0
1175.0 142.0 1270.0 142.0 1270.0 223.0 1175.0 223.0 ship 0
2801.0 1316.0 2845.0 1316.0 2845.0 1368.0 2801.0 1368.0 bridge 0
1200.0 108.0 1407.0 108.0 1407.0 273.0 1200.0 273.0 ship 0
1149.0 510.0 1298.0 510.0 1298.0 638.0 1149.0 638.0 ship 0
1309.0 2004.0 1405.0 2004.0 1405.0 2088.0 1309.0 2088.0 ground-track-field 1
1450.0 755.0 1667.0 755.0 1667.0 945.0 1450.0 945.0 ship 0
1364.0 422.0 1589.0 422.0 1589.0 616.0 1364.0 616.0 ship 0
1604.0 610.0 1777.0 610.0 1777.0 761.0 1604.0 761.0 ship 0
1944.0 900.0 1983.0 900.0 1983.0 944.0 1944.0 944.0 bridge 0
2567.0 3078.0 2648.0 3078.0 2648.0 3164.0 2567.0 3164.0 ground-track-field 1
658.0 1094.0 669.0 1094.0 669.0 1106.0 658.0 1106.0 storage-tank 1
673.0 1106.0 686.0 1106.0 686.0 1119.0 673.0 1119.0 storage-tank 1
644.0 1136.0 653.0 1136.0 653.0 1146.0 644.0 1146.0 storage-tank 1
1227.0 1351.0 1244.0 1351.0 1244.0 1368.0 1227.0 1368.0 storage-tank 0
985.0 1435.0 1031.0 1435.0 1031.0 1481.0 985.0 1481.0 storage-tank 0
1039.0 1389.0 1081.0 1389.0 1081.0 1431.0 1039.0 1431.0 storage-tank 0
1124.0 1379.0 1137.0 1379.0 1137.0 1394.0 1124.0 1394.0 storage-tank 0
1135.0 1368.0 1149.0 1368.0 1149.0 1382.0 1135.0 1382.0 storage-tank 1
1171.0 1419.0 1184.0 1419.0 1184.0 1434.0 1171.0 1434.0 storage-tank 0
1184.0 1431.0 1198.0 1431.0 1198.0 1448.0 1184.0 1448.0 storage-tank 0
1187.0 1376.0 1201.0 1376.0 1201.0 1391.0 1187.0 1391.0 storage-tank 0
1198.0 1389.0 1211.0 1389.0 1211.0 1402.0 1198.0 1402.0 storage-tank 1
1241.0 1366.0 1257.0 1366.0 1257.0 1383.0 1241.0 1383.0 storage-tank 0
1309.0 1531.0 1335.0 1531.0 1335.0 1557.0 1309.0 1557.0 storage-tank 0
1350.0 1397.0 1369.0 1397.0 1369.0 1418.0 1350.0 1418.0 storage-tank 0
1366.0 1374.0 1386.0 1374.0 1386.0 1395.0 1366.0 1395.0 storage-tank 0
1383.0 1353.0 1402.0 1353.0 1402.0 1372.0 1383.0 1372.0 storage-tank 0
1406.0 1370.0 1424.0 1370.0 1424.0 1389.0 1406.0 1389.0 storage-tank 0
1390.0 1392.0 1409.0 1392.0 1409.0 1411.0 1390.0 1411.0 storage-tank 0
1371.0 1414.0 1391.0 1414.0 1391.0 1436.0 1371.0 1436.0 storage-tank 0
1430.0 1441.0 1442.0 1441.0 1442.0 1454.0 1430.0 1454.0 storage-tank 1
1448.0 1453.0 1459.0 1453.0 1459.0 1465.0 1448.0 1465.0 storage-tank 1
1286.0 1551.0 1311.0 1551.0 1311.0 1576.0 1286.0 1576.0 storage-tank 0
1289.0 1507.0 1314.0 1507.0 1314.0 1532.0 1289.0 1532.0 storage-tank 0
651.0 1127.0 662.0 1127.0 662.0 1138.0 651.0 1138.0 storage-tank 1
843.0 741.0 863.0 741.0 863.0 761.0 843.0 761.0 storage-tank 0
906.0 918.0 923.0 918.0 923.0 936.0 906.0 936.0 storage-tank 0
922.0 936.0 940.0 936.0 940.0 954.0 922.0 954.0 storage-tank 0
958.0 600.0 993.0 600.0 993.0 633.0 958.0 633.0 storage-tank 0
916.0 676.0 962.0 676.0 962.0 721.0 916.0 721.0 storage-tank 0
979.0 740.0 1024.0 740.0 1024.0 785.0 979.0 785.0 storage-tank 0
796.0 694.0 813.0 694.0 813.0 711.0 796.0 711.0 storage-tank 0
855.0 716.0 873.0 716.0 873.0 735.0 855.0 735.0 storage-tank 0
825.0 736.0 835.0 736.0 835.0 747.0 825.0 747.0 storage-tank 1
878.0 739.0 892.0 739.0 892.0 754.0 878.0 754.0 storage-tank 0
1086.0 1443.0 1130.0 1443.0 1130.0 1485.0 1086.0 1485.0 storage-tank 0
855.0 766.0 867.0 766.0 867.0 781.0 855.0 781.0 storage-tank 0
866.0 781.0 879.0 781.0 879.0 795.0 866.0 795.0 storage-tank 1
880.0 767.0 894.0 767.0 894.0 782.0 880.0 782.0 storage-tank 0
894.0 755.0 907.0 755.0 907.0 771.0 894.0 771.0 storage-tank 0
907.0 795.0 963.0 795.0 963.0 851.0 907.0 851.0 storage-tank 0
971.0 1028.0 984.0 1028.0 984.0 1042.0 971.0 1042.0 storage-tank 1
983.0 1536.0 1028.0 1536.0 1028.0 1579.0 983.0 1579.0 storage-tank 0
1036.0 1490.0 1079.0 1490.0 1079.0 1533.0 1036.0 1533.0 storage-tank 0
2004.0 258.0 2036.0 258.0 2036.0 288.0 2004.0 288.0 storage-tank 0
2070.0 329.0 2085.0 329.0 2085.0 344.0 2070.0 344.0 storage-tank 0
3694.0 1628.0 3709.0 1628.0 3709.0 1645.0 3694.0 1645.0 storage-tank 0
3087.0 1350.0 3102.0 1350.0 3102.0 1365.0 3087.0 1365.0 storage-tank 0
2788.0 1911.0 2804.0 1911.0 2804.0 1927.0 2788.0 1927.0 storage-tank 0
2830.0 1531.0 2861.0 1531.0 2861.0 1564.0 2830.0 1564.0 storage-tank 0
2889.0 1530.0 2944.0 1530.0 2944.0 1583.0 2889.0 1583.0 storage-tank 0
2907.0 1467.0 2940.0 1467.0 2940.0 1499.0 2907.0 1499.0 storage-tank 0
3011.0 1465.0 3025.0 1465.0 3025.0 1481.0 3011.0 1481.0 storage-tank 0
3026.0 1481.0 3041.0 1481.0 3041.0 1498.0 3026.0 1498.0 storage-tank 0
3092.0 1450.0 3111.0 1450.0 3111.0 1470.0 3092.0 1470.0 storage-tank 0
3075.0 1462.0 3085.0 1462.0 3085.0 1474.0 3075.0 1474.0 storage-tank 1
3091.0 1509.0 3101.0 1509.0 3101.0 1521.0 3091.0 1521.0 storage-tank 1
3098.0 1520.0 3108.0 1520.0 3108.0 1529.0 3098.0 1529.0 storage-tank 1
3171.0 1492.0 3186.0 1492.0 3186.0 1506.0 3171.0 1506.0 storage-tank 0
3132.0 1470.0 3142.0 1470.0 3142.0 1479.0 3132.0 1479.0 storage-tank 1
3102.0 1492.0 3111.0 1492.0 3111.0 1502.0 3102.0 1502.0 storage-tank 1
3108.0 1501.0 3117.0 1501.0 3117.0 1511.0 3108.0 1511.0 storage-tank 1
3157.0 1575.0 3166.0 1575.0 3166.0 1586.0 3157.0 1586.0 storage-tank 1
3165.0 1569.0 3174.0 1569.0 3174.0 1579.0 3165.0 1579.0 storage-tank 1
3173.0 1563.0 3181.0 1563.0 3181.0 1572.0 3173.0 1572.0 storage-tank 1
3015.0 1369.0 3031.0 1369.0 3031.0 1386.0 3015.0 1386.0 storage-tank 0
3062.0 1336.0 3076.0 1336.0 3076.0 1351.0 3062.0 1351.0 storage-tank 0
2774.0 1894.0 2789.0 1894.0 2789.0 1910.0 2774.0 1910.0 storage-tank 0
2761.0 1876.0 2776.0 1876.0 2776.0 1893.0 2761.0 1893.0 storage-tank 0
2989.0 1926.0 3000.0 1926.0 3000.0 1939.0 2989.0 1939.0 storage-tank 1
2812.0 2058.0 2827.0 2058.0 2827.0 2073.0 2812.0 2073.0 storage-tank 0
2746.0 2048.0 2761.0 2048.0 2761.0 2063.0 2746.0 2063.0 storage-tank 0
2763.0 2033.0 2778.0 2033.0 2778.0 2049.0 2763.0 2049.0 storage-tank 0
2766.0 2003.0 2781.0 2003.0 2781.0 2019.0 2766.0 2019.0 storage-tank 0
2784.0 1987.0 2800.0 1987.0 2800.0 2004.0 2784.0 2004.0 storage-tank 0
2796.0 2004.0 2813.0 2004.0 2813.0 2021.0 2796.0 2021.0 storage-tank 0
2778.0 2020.0 2795.0 2020.0 2795.0 2036.0 2778.0 2036.0 storage-tank 0
2777.0 2086.0 2791.0 2086.0 2791.0 2101.0 2777.0 2101.0 storage-tank 0
2794.0 2072.0 2809.0 2072.0 2809.0 2087.0 2794.0 2087.0 storage-tank 0
2829.0 2042.0 2845.0 2042.0 2845.0 2058.0 2829.0 2058.0 storage-tank 0
2979.0 1936.0 2989.0 1936.0 2989.0 1946.0 2979.0 1946.0 storage-tank 1
2843.0 2063.0 2858.0 2063.0 2858.0 2077.0 2843.0 2077.0 storage-tank 0
2826.0 2075.0 2843.0 2075.0 2843.0 2091.0 2826.0 2091.0 storage-tank 0
2810.0 2090.0 2824.0 2090.0 2824.0 2106.0 2810.0 2106.0 storage-tank 0
2790.0 2104.0 2806.0 2104.0 2806.0 2120.0 2790.0 2120.0 storage-tank 0
2951.0 1958.0 2962.0 1958.0 2962.0 1969.0 2951.0 1969.0 storage-tank 1
2960.0 1967.0 2970.0 1967.0 2970.0 1979.0 2960.0 1979.0 storage-tank 1
2962.0 1950.0 2973.0 1950.0 2973.0 1961.0 2962.0 1961.0 storage-tank 1
2971.0 1959.0 2981.0 1959.0 2981.0 1971.0 2971.0 1971.0 storage-tank 1
3072.0 1348.0 3086.0 1348.0 3086.0 1363.0 3072.0 1363.0 storage-tank 0
2917.0 1303.0 2931.0 1303.0 2931.0 1316.0 2917.0 1316.0 storage-tank 1
2055.0 339.0 2071.0 339.0 2071.0 354.0 2055.0 354.0 storage-tank 0
2912.0 572.0 2966.0 572.0 2966.0 626.0 2912.0 626.0 storage-tank 0
3459.0 1303.0 3472.0 1303.0 3472.0 1315.0 3459.0 1315.0 storage-tank 1
3473.0 1296.0 3486.0 1296.0 3486.0 1310.0 3473.0 1310.0 storage-tank 1
3321.0 1443.0 3336.0 1443.0 3336.0 1458.0 3321.0 1458.0 storage-tank 0
3335.0 1431.0 3350.0 1431.0 3350.0 1446.0 3335.0 1446.0 storage-tank 0
3413.0 1417.0 3427.0 1417.0 3427.0 1431.0 3413.0 1431.0 storage-tank 1
3434.0 1400.0 3448.0 1400.0 3448.0 1415.0 3434.0 1415.0 storage-tank 0
3509.0 1322.0 3524.0 1322.0 3524.0 1339.0 3509.0 1339.0 storage-tank 0
3522.0 1270.0 3537.0 1270.0 3537.0 1284.0 3522.0 1284.0 storage-tank 0
3194.0 1228.0 3203.0 1228.0 3203.0 1237.0 3194.0 1237.0 storage-tank 1
3145.0 1272.0 3157.0 1272.0 3157.0 1285.0 3145.0 1285.0 storage-tank 1
3480.0 1308.0 3493.0 1308.0 3493.0 1321.0 3480.0 1321.0 storage-tank 1
3351.0 1529.0 3361.0 1529.0 3361.0 1538.0 3351.0 1538.0 storage-tank 1
3309.0 2363.0 3321.0 2363.0 3321.0 2374.0 3309.0 2374.0 storage-tank 1
3317.0 2357.0 3325.0 2357.0 3325.0 2364.0 3317.0 2364.0 storage-tank 1
3318.0 2348.0 3329.0 2348.0 3329.0 2358.0 3318.0 2358.0 storage-tank 1
3324.0 2339.0 3334.0 2339.0 3334.0 2349.0 3324.0 2349.0 storage-tank 1
3685.0 1601.0 3699.0 1601.0 3699.0 1617.0 3685.0 1617.0 storage-tank 0
3702.0 1610.0 3719.0 1610.0 3719.0 1625.0 3702.0 1625.0 storage-tank 0
3676.0 1619.0 3690.0 1619.0 3690.0 1635.0 3676.0 1635.0 storage-tank 0
3542.0 1305.0 3570.0 1305.0 3570.0 1333.0 3542.0 1333.0 storage-tank 0
3343.0 1218.0 3357.0 1218.0 3357.0 1232.0 3343.0 1232.0 storage-tank 1
3329.0 1201.0 3342.0 1201.0 3342.0 1215.0 3329.0 1215.0 storage-tank 1
3629.0 749.0 3637.0 749.0 3637.0 757.0 3629.0 757.0 storage-tank 1
3630.0 564.0 3663.0 564.0 3663.0 600.0 3630.0 600.0 storage-tank 0
3631.0 711.0 3646.0 711.0 3646.0 726.0 3631.0 726.0 storage-tank 0
3641.0 724.0 3656.0 724.0 3656.0 739.0 3641.0 739.0 storage-tank 0
3615.0 725.0 3623.0 725.0 3623.0 734.0 3615.0 734.0 storage-tank 1
3609.0 732.0 3618.0 732.0 3618.0 740.0 3609.0 740.0 storage-tank 1
3603.0 737.0 3611.0 737.0 3611.0 745.0 3603.0 745.0 storage-tank 1
3596.0 743.0 3603.0 743.0 3603.0 751.0 3596.0 751.0 storage-tank 1
3623.0 741.0 3631.0 741.0 3631.0 750.0 3623.0 750.0 storage-tank 1
3636.0 756.0 3644.0 756.0 3644.0 765.0 3636.0 765.0 storage-tank 1
3284.0 1196.0 3296.0 1196.0 3296.0 1210.0 3284.0 1210.0 storage-tank 1
3653.0 747.0 3662.0 747.0 3662.0 758.0 3653.0 758.0 storage-tank 1
3660.0 740.0 3669.0 740.0 3669.0 748.0 3660.0 748.0 storage-tank 1
3663.0 753.0 3671.0 753.0 3671.0 762.0 3663.0 762.0 storage-tank 1
3662.0 762.0 3671.0 762.0 3671.0 772.0 3662.0 772.0 storage-tank 1
3181.0 1236.0 3195.0 1236.0 3195.0 1251.0 3181.0 1251.0 storage-tank 0
3173.0 1278.0 3189.0 1278.0 3189.0 1295.0 3173.0 1295.0 storage-tank 0
3249.0 1186.0 3259.0 1186.0 3259.0 1197.0 3249.0 1197.0 storage-tank 1
3296.0 1187.0 3310.0 1187.0 3310.0 1200.0 3296.0 1200.0 storage-tank 1
2748.0 2017.0 2765.0 2017.0 2765.0 2032.0 2748.0 2032.0 storage-tank 0
2731.0 2031.0 2747.0 2031.0 2747.0 2048.0 2731.0 2048.0 storage-tank 0
2889.0 2118.0 2901.0 2118.0 2901.0 2131.0 2889.0 2131.0 storage-tank 1
2874.0 2130.0 2886.0 2130.0 2886.0 2143.0 2874.0 2143.0 storage-tank 1
2462.0 2068.0 2540.0 2068.0 2540.0 2146.0 2462.0 2146.0 storage-tank 0
2562.0 1991.0 2634.0 1991.0 2634.0 2066.0 2562.0 2066.0 storage-tank 0
2486.0 1901.0 2563.0 1901.0 2563.0 1976.0 2486.0 1976.0 storage-tank 0
2676.0 1958.0 2698.0 1958.0 2698.0 1981.0 2676.0 1981.0 storage-tank 0
2699.0 1937.0 2722.0 1937.0 2722.0 1961.0 2699.0 1961.0 storage-tank 0
2724.0 1918.0 2746.0 1918.0 2746.0 1942.0 2724.0 1942.0 storage-tank 0
2742.0 1943.0 2766.0 1943.0 2766.0 1966.0 2742.0 1966.0 storage-tank 0
2719.0 1962.0 2742.0 1962.0 2742.0 1986.0 2719.0 1986.0 storage-tank 0
2696.0 1982.0 2719.0 1982.0 2719.0 2006.0 2696.0 2006.0 storage-tank 0
2372.0 2181.0 2419.0 2181.0 2419.0 2227.0 2372.0 2227.0 storage-tank 0
2419.0 2238.0 2464.0 2238.0 2464.0 2282.0 2419.0 2282.0 storage-tank 0
2363.0 2282.0 2409.0 2282.0 2409.0 2327.0 2363.0 2327.0 storage-tank 0
2475.0 2302.0 2518.0 2302.0 2518.0 2348.0 2475.0 2348.0 storage-tank 0
2418.0 2347.0 2463.0 2347.0 2463.0 2393.0 2418.0 2393.0 storage-tank 0
2363.0 2385.0 2410.0 2385.0 2410.0 2433.0 2363.0 2433.0 storage-tank 0
2656.0 2104.0 2734.0 2104.0 2734.0 2184.0 2656.0 2184.0 storage-tank 0
2558.0 2185.0 2638.0 2185.0 2638.0 2263.0 2558.0 2263.0 storage-tank 0
2632.0 2272.0 2709.0 2272.0 2709.0 2350.0 2632.0 2350.0 storage-tank 0
2520.0 2349.0 2564.0 2349.0 2564.0 2393.0 2520.0 2393.0 storage-tank 0
2390.0 1979.0 2467.0 1979.0 2467.0 2058.0 2390.0 2058.0 storage-tank 0
2542.0 910.0 2557.0 910.0 2557.0 926.0 2542.0 926.0 storage-tank 0
2523.0 925.0 2538.0 925.0 2538.0 942.0 2523.0 942.0 storage-tank 0
2563.0 547.0 2572.0 547.0 2572.0 556.0 2563.0 556.0 storage-tank 1
2044.0 324.0 2059.0 324.0 2059.0 340.0 2044.0 340.0 storage-tank 0
2447.0 8.0 2487.0 8.0 2487.0 50.0 2447.0 50.0 storage-tank 0
2543.0 94.0 2583.0 94.0 2583.0 139.0 2543.0 139.0 storage-tank 0
2319.0 559.0 2361.0 559.0 2361.0 601.0 2319.0 601.0 storage-tank 0
2359.0 611.0 2413.0 611.0 2413.0 666.0 2359.0 666.0 storage-tank 0
2540.0 517.0 2549.0 517.0 2549.0 528.0 2540.0 528.0 storage-tank 1
2548.0 529.0 2558.0 529.0 2558.0 538.0 2548.0 538.0 storage-tank 1
2556.0 538.0 2566.0 538.0 2566.0 547.0 2556.0 547.0 storage-tank 1
2637.0 489.0 2648.0 489.0 2648.0 500.0 2637.0 500.0 storage-tank 1
2553.0 890.0 2565.0 890.0 2565.0 905.0 2553.0 905.0 storage-tank 0
2649.0 495.0 2660.0 495.0 2660.0 507.0 2649.0 507.0 storage-tank 1
2660.0 501.0 2672.0 501.0 2672.0 514.0 2660.0 514.0 storage-tank 1
2673.0 506.0 2683.0 506.0 2683.0 519.0 2673.0 519.0 storage-tank 1
2545.0 859.0 2559.0 859.0 2559.0 873.0 2545.0 873.0 storage-tank 1
2530.0 870.0 2544.0 870.0 2544.0 883.0 2530.0 883.0 storage-tank 1
2517.0 881.0 2531.0 881.0 2531.0 894.0 2517.0 894.0 storage-tank 1
2531.0 885.0 2541.0 885.0 2541.0 894.0 2531.0 894.0 storage-tank 1
2545.0 873.0 2555.0 873.0 2555.0 883.0 2545.0 883.0 storage-tank 1
2465.0 2396.0 2509.0 2396.0 2509.0 2440.0 2465.0 2440.0 storage-tank 0
2411.0 2440.0 2455.0 2440.0 2455.0 2486.0 2411.0 2486.0 storage-tank 0
2576.0 2418.0 2621.0 2418.0 2621.0 2465.0 2576.0 2465.0 storage-tank 0
2858.0 2191.0 2874.0 2191.0 2874.0 2207.0 2858.0 2207.0 storage-tank 0
3025.0 2715.0 3035.0 2715.0 3035.0 2727.0 3025.0 2727.0 storage-tank 1
3037.0 2720.0 3047.0 2720.0 3047.0 2732.0 3037.0 2732.0 storage-tank 1
3148.0 2680.0 3166.0 2680.0 3166.0 2700.0 3148.0 2700.0 storage-tank 0
3158.0 2662.0 3174.0 2662.0 3174.0 2680.0 3158.0 2680.0 storage-tank 0
2730.0 2198.0 2807.0 2198.0 2807.0 2272.0 2730.0 2272.0 storage-tank 0
2984.0 2146.0 2998.0 2146.0 2998.0 2162.0 2984.0 2162.0 storage-tank 0
3001.0 2155.0 3016.0 2155.0 3016.0 2171.0 3001.0 2171.0 storage-tank 0
3018.0 2167.0 3028.0 2167.0 3028.0 2179.0 3018.0 2179.0 storage-tank 1
2871.0 2178.0 2882.0 2178.0 2882.0 2190.0 2871.0 2190.0 storage-tank 1
2997.0 2700.0 3009.0 2700.0 3009.0 2713.0 2997.0 2713.0 storage-tank 1
2818.0 2146.0 2831.0 2146.0 2831.0 2159.0 2818.0 2159.0 storage-tank 1
2833.0 2163.0 2845.0 2163.0 2845.0 2176.0 2833.0 2176.0 storage-tank 1
2847.0 2154.0 2858.0 2154.0 2858.0 2166.0 2847.0 2166.0 storage-tank 1
2833.0 2136.0 2845.0 2136.0 2845.0 2148.0 2833.0 2148.0 storage-tank 1
2846.0 2125.0 2859.0 2125.0 2859.0 2138.0 2846.0 2138.0 storage-tank 1
2860.0 2114.0 2871.0 2114.0 2871.0 2126.0 2860.0 2126.0 storage-tank 1
2874.0 2102.0 2885.0 2102.0 2885.0 2115.0 2874.0 2115.0 storage-tank 1
2860.0 2141.0 2873.0 2141.0 2873.0 2155.0 2860.0 2155.0 storage-tank 1
3011.0 2707.0 3023.0 2707.0 3023.0 2720.0 3011.0 2720.0 storage-tank 1
2930.0 2692.0 2954.0 2692.0 2954.0 2715.0 2930.0 2715.0 storage-tank 0
2696.0 2402.0 2707.0 2402.0 2707.0 2413.0 2696.0 2413.0 storage-tank 1
2466.0 2508.0 2512.0 2508.0 2512.0 2555.0 2466.0 2555.0 storage-tank 0
2709.0 2391.0 2719.0 2391.0 2719.0 2401.0 2709.0 2401.0 storage-tank 1
2723.0 2380.0 2734.0 2380.0 2734.0 2391.0 2723.0 2391.0 storage-tank 1
2737.0 2368.0 2747.0 2368.0 2747.0 2378.0 2737.0 2378.0 storage-tank 1
2747.0 2383.0 2758.0 2383.0 2758.0 2394.0 2747.0 2394.0 storage-tank 1
2734.0 2393.0 2744.0 2393.0 2744.0 2404.0 2734.0 2404.0 storage-tank 1
2720.0 2404.0 2731.0 2404.0 2731.0 2416.0 2720.0 2416.0 storage-tank 1
2708.0 2416.0 2718.0 2416.0 2718.0 2426.0 2708.0 2426.0 storage-tank 1
2521.0 2465.0 2565.0 2465.0 2565.0 2506.0 2521.0 2506.0 storage-tank 0
2622.0 2472.0 2665.0 2472.0 2665.0 2518.0 2622.0 2518.0 storage-tank 0
2909.0 2667.0 2934.0 2667.0 2934.0 2693.0 2909.0 2693.0 storage-tank 0
2563.0 2520.0 2611.0 2520.0 2611.0 2565.0 2563.0 2565.0 storage-tank 0
2512.0 2564.0 2557.0 2564.0 2557.0 2610.0 2512.0 2610.0 storage-tank 0
2677.0 2540.0 2723.0 2540.0 2723.0 2586.0 2677.0 2586.0 storage-tank 0
2722.0 2596.0 2769.0 2596.0 2769.0 2642.0 2722.0 2642.0 storage-tank 0
2624.0 2582.0 2672.0 2582.0 2672.0 2630.0 2624.0 2630.0 storage-tank 0
2670.0 2640.0 2717.0 2640.0 2717.0 2684.0 2670.0 2684.0 storage-tank 0
2574.0 2626.0 2620.0 2626.0 2620.0 2672.0 2574.0 2672.0 storage-tank 0
2617.0 2681.0 2666.0 2681.0 2666.0 2727.0 2617.0 2727.0 storage-tank 0
201.0 496.0 310.0 496.0 310.0 624.0 201.0 624.0 ship 0
