1727.0 978.0 1753.0 978.0 1753.0 1011.0 1727.0 1011.0 small-vehicle 0
463.0 2118.0 546.0 2118.0 546.0 2144.0 463.0 2144.0 ship 0
688.0 1430.0 721.0 1430.0 721.0 1451.0 688.0 1451.0 small-vehicle 0
676.0 1457.0 708.0 1457.0 708.0 1481.0 676.0 1481.0 small-vehicle 0
668.0 1471.0 694.0 1471.0 694.0 1493.0 668.0 1493.0 small-vehicle 0
654.0 1481.0 687.0 1481.0 687.0 1508.0 654.0 1508.0 small-vehicle 0
630.0 1741.0 645.0 1741.0 645.0 1774.0 630.0 1774.0 small-vehicle 0
631.0 1782.0 646.0 1782.0 646.0 1812.0 631.0 1812.0 small-vehicle 0
635.0 1821.0 648.0 1821.0 648.0 1847.0 635.0 1847.0 small-vehicle 0
636.0 1858.0 651.0 1858.0 651.0 1891.0 636.0 1891.0 small-vehicle 0
641.0 1931.0 656.0 1931.0 656.0 1960.0 641.0 1960.0 small-vehicle 0
642.0 2007.0 656.0 2007.0 656.0 2036.0 642.0 2036.0 small-vehicle 0
641.0 1968.0 656.0 1968.0 656.0 2001.0 641.0 2001.0 small-vehicle 0
751.0 1979.0 766.0 1979.0 766.0 2024.0 751.0 2024.0 ship 0
730.0 1971.0 751.0 1971.0 751.0 2046.0 730.0 2046.0 ship 0
729.0 2454.0 750.0 2454.0 750.0 2496.0 729.0 2496.0 ship 0
704.0 1396.0 738.0 1396.0 738.0 1421.0 704.0 1421.0 small-vehicle 0
708.0 2334.0 751.0 2334.0 751.0 2445.0 708.0 2445.0 ship 0
731.0 2142.0 758.0 2142.0 758.0 2187.0 731.0 2187.0 ship 0
565.0 2296.0 581.0 2296.0 581.0 2327.0 565.0 2327.0 small-vehicle 0
658.0 2456.0 676.0 2456.0 676.0 2491.0 658.0 2491.0 small-vehicle 0
592.0 2861.0 606.0 2861.0 606.0 2887.0 592.0 2887.0 small-vehicle 0
604.0 3701.0 635.0 3701.0 635.0 3717.0 604.0 3717.0 small-vehicle 0
602.0 3681.0 636.0 3681.0 636.0 3696.0 602.0 3696.0 small-vehicle 0
606.0 3646.0 636.0 3646.0 636.0 3661.0 606.0 3661.0 small-vehicle 0
603.0 3629.0 633.0 3629.0 633.0 3643.0 603.0 3643.0 small-vehicle 0
679.0 3662.0 801.0 3662.0 801.0 3697.0 679.0 3697.0 ship 0
696.0 3726.0 780.0 3726.0 780.0 3757.0 696.0 3757.0 ship 0
704.0 3774.0 806.0 3774.0 806.0 3816.0 704.0 3816.0 ship 0
758.0 3848.0 808.0 3848.0 808.0 3870.0 758.0 3870.0 ship 0
696.0 1411.0 731.0 1411.0 731.0 1436.0 696.0 1436.0 small-vehicle 0
711.0 1382.0 742.0 1382.0 742.0 1404.0 711.0 1404.0 small-vehicle 0
698.0 1866.0 734.0 1866.0 734.0 1878.0 698.0 1878.0 ship 0
706.0 477.0 719.0 477.0 719.0 505.0 706.0 505.0 small-vehicle 0
700.0 1901.0 738.0 1901.0 738.0 1923.0 700.0 1923.0 ship 0
720.0 1939.0 766.0 1939.0 766.0 1956.0 720.0 1956.0 ship 0
647.0 387.0 660.0 387.0 660.0 419.0 647.0 419.0 small-vehicle 0
635.0 296.0 649.0 296.0 649.0 324.0 635.0 324.0 small-vehicle 0
633.0 235.0 647.0 235.0 647.0 267.0 633.0 267.0 small-vehicle 0
673.0 99.0 685.0 99.0 685.0 128.0 673.0 128.0 small-vehicle 0
699.0 84.0 710.0 84.0 710.0 111.0 699.0 111.0 small-vehicle 0
694.0 246.0 707.0 246.0 707.0 272.0 694.0 272.0 small-vehicle 0
691.0 208.0 706.0 208.0 706.0 236.0 691.0 236.0 small-vehicle 0
697.0 321.0 709.0 321.0 709.0 348.0 697.0 348.0 small-vehicle 0
700.0 361.0 714.0 361.0 714.0 395.0 700.0 395.0 small-vehicle 0
701.0 401.0 715.0 401.0 715.0 431.0 701.0 431.0 small-vehicle 0
681.0 446.0 695.0 446.0 695.0 476.0 681.0 476.0 small-vehicle 0
711.0 553.0 724.0 553.0 724.0 579.0 711.0 579.0 small-vehicle 0
718.0 1366.0 750.0 1366.0 750.0 1390.0 718.0 1390.0 small-vehicle 0
715.0 587.0 727.0 587.0 727.0 613.0 715.0 613.0 small-vehicle 0
720.0 687.0 731.0 687.0 731.0 712.0 720.0 712.0 small-vehicle 0
724.0 760.0 736.0 760.0 736.0 790.0 724.0 790.0 small-vehicle 0
720.0 723.0 734.0 723.0 734.0 754.0 720.0 754.0 small-vehicle 0
732.0 881.0 743.0 881.0 743.0 905.0 732.0 905.0 small-vehicle 0
727.0 841.0 741.0 841.0 741.0 875.0 727.0 875.0 small-vehicle 0
735.0 959.0 749.0 959.0 749.0 992.0 735.0 992.0 small-vehicle 0
736.0 1001.0 751.0 1001.0 751.0 1033.0 736.0 1033.0 small-vehicle 0
743.0 1089.0 757.0 1089.0 757.0 1121.0 743.0 1121.0 small-vehicle 0
744.0 1132.0 759.0 1132.0 759.0 1166.0 744.0 1166.0 small-vehicle 0
747.0 1181.0 761.0 1181.0 761.0 1211.0 747.0 1211.0 small-vehicle 0
737.0 1338.0 771.0 1338.0 771.0 1362.0 737.0 1362.0 small-vehicle 0
735.0 1356.0 763.0 1356.0 763.0 1378.0 735.0 1378.0 small-vehicle 0
700.0 3848.0 748.0 3848.0 748.0 3871.0 700.0 3871.0 ship 0
729.0 3891.0 778.0 3891.0 778.0 3908.0 729.0 3908.0 ship 0
701.0 3956.0 781.0 3956.0 781.0 3985.0 701.0 3985.0 ship 0
765.0 918.0 789.0 918.0 789.0 1016.0 765.0 1016.0 ship 0
1052.0 1707.0 1077.0 1707.0 1077.0 1793.0 1052.0 1793.0 ship 0
1027.0 1131.0 1047.0 1131.0 1047.0 1200.0 1027.0 1200.0 ship 0
1017.0 1031.0 1040.0 1031.0 1040.0 1115.0 1017.0 1115.0 ship 0
996.0 640.0 1024.0 640.0 1024.0 744.0 996.0 744.0 ship 0
966.0 633.0 998.0 633.0 998.0 746.0 966.0 746.0 ship 0
732.0 409.0 801.0 409.0 801.0 429.0 732.0 429.0 ship 0
985.0 427.0 1011.0 427.0 1011.0 496.0 985.0 496.0 ship 0
943.0 343.0 964.0 343.0 964.0 416.0 943.0 416.0 ship 0
963.0 345.0 982.0 345.0 982.0 407.0 963.0 407.0 ship 0
982.0 330.0 1005.0 330.0 1005.0 405.0 982.0 405.0 ship 0
671.0 183.0 686.0 183.0 686.0 218.0 671.0 218.0 large-vehicle 0
743.0 556.0 771.0 556.0 771.0 641.0 743.0 641.0 large-vehicle 0
791.0 926.0 814.0 926.0 814.0 1014.0 791.0 1014.0 ship 0
806.0 1258.0 840.0 1258.0 840.0 1354.0 806.0 1354.0 ship 0
709.0 4007.0 756.0 4007.0 756.0 4028.0 709.0 4028.0 ship 0
787.0 1259.0 814.0 1259.0 814.0 1344.0 787.0 1344.0 ship 0
781.0 1137.0 808.0 1137.0 808.0 1229.0 781.0 1229.0 ship 0
791.0 1386.0 822.0 1386.0 822.0 1476.0 791.0 1476.0 ship 0
681.0 1917.0 723.0 1917.0 723.0 2027.0 681.0 2027.0 ship 0
695.0 2065.0 734.0 2065.0 734.0 2196.0 695.0 2196.0 ship 0
719.0 2505.0 758.0 2505.0 758.0 2624.0 719.0 2624.0 ship 0
671.0 2732.0 706.0 2732.0 706.0 2832.0 671.0 2832.0 ship 0
698.0 3409.0 741.0 3409.0 741.0 3520.0 698.0 3520.0 ship 0
693.0 3640.0 807.0 3640.0 807.0 3661.0 693.0 3661.0 harbor 0
691.0 3754.0 812.0 3754.0 812.0 3777.0 691.0 3777.0 harbor 0
699.0 3869.0 818.0 3869.0 818.0 3891.0 699.0 3891.0 harbor 0
701.0 3984.0 823.0 3984.0 823.0 4008.0 701.0 4008.0 harbor 0
704.0 4097.0 829.0 4097.0 829.0 4124.0 704.0 4124.0 harbor 0
1061.0 2068.0 1097.0 2068.0 1097.0 2164.0 1061.0 2164.0 ship 0
1059.0 2245.0 1107.0 2245.0 1107.0 2336.0 1059.0 2336.0 ship 0
1000.0 2309.0 1109.0 2309.0 1109.0 2380.0 1000.0 2380.0 ship 0
701.0 2208.0 742.0 2208.0 742.0 2312.0 701.0 2312.0 ship 0
76.0 4559.0 91.0 4559.0 91.0 4576.0 76.0 4576.0 storage-tank 0
36.0 4574.0 58.0 4574.0 58.0 4594.0 36.0 4594.0 storage-tank 0
14.0 4585.0 37.0 4585.0 37.0 4609.0 14.0 4609.0 storage-tank 0
264.0 3931.0 278.0 3931.0 278.0 3962.0 264.0 3962.0 small-vehicle 0
253.0 3850.0 266.0 3850.0 266.0 3881.0 253.0 3881.0 small-vehicle 0
208.0 3801.0 224.0 3801.0 224.0 3834.0 208.0 3834.0 small-vehicle 0
165.0 3583.0 191.0 3583.0 191.0 3615.0 165.0 3615.0 small-vehicle 0
141.0 3252.0 157.0 3252.0 157.0 3280.0 141.0 3280.0 small-vehicle 0
136.0 3214.0 151.0 3214.0 151.0 3246.0 136.0 3246.0 small-vehicle 0
182.0 3156.0 197.0 3156.0 197.0 3189.0 182.0 3189.0 small-vehicle 0
177.0 3120.0 192.0 3120.0 192.0 3151.0 177.0 3151.0 small-vehicle 0
132.0 3101.0 147.0 3101.0 147.0 3131.0 132.0 3131.0 small-vehicle 0
748.0 655.0 772.0 655.0 772.0 734.0 748.0 734.0 ship 0
755.0 772.0 786.0 772.0 786.0 861.0 755.0 861.0 ship 0
1811.0 3820.0 1886.0 3820.0 1886.0 3853.0 1811.0 3853.0 ship 0
1796.0 3795.0 1885.0 3795.0 1885.0 3832.0 1796.0 3832.0 ship 0
1626.0 3844.0 1731.0 3844.0 1731.0 3881.0 1626.0 3881.0 ship 0
1614.0 3811.0 1734.0 3811.0 1734.0 3856.0 1614.0 3856.0 ship 0
1656.0 3967.0 1720.0 3967.0 1720.0 4058.0 1656.0 4058.0 ship 0
1629.0 3976.0 1676.0 3976.0 1676.0 4071.0 1629.0 4071.0 ship 0
1601.0 3974.0 1648.0 3974.0 1648.0 4086.0 1601.0 4086.0 ship 0
1576.0 3991.0 1624.0 3991.0 1624.0 4100.0 1576.0 4100.0 ship 0
1086.0 3543.0 1158.0 3543.0 1158.0 3701.0 1086.0 3701.0 ship 0
1100.0 2851.0 1136.0 2851.0 1136.0 2957.0 1100.0 2957.0 ship 0
1038.0 2466.0 1128.0 2466.0 1128.0 2569.0 1038.0 2569.0 ship 0
1013.0 2516.0 1123.0 2516.0 1123.0 2605.0 1013.0 2605.0 ship 0
1017.0 2361.0 1112.0 2361.0 1112.0 2423.0 1017.0 2423.0 ship 0
698.0 1886.0 736.0 1886.0 736.0 1905.0 698.0 1905.0 ship 0
697.0 1853.0 732.0 1853.0 732.0 1866.0 697.0 1866.0 ship 0
1746.0 946.0 1776.0 946.0 1776.0 978.0 1746.0 978.0 small-vehicle 0
1209.0 2992.0 1225.0 2992.0 1225.0 3025.0 1209.0 3025.0 small-vehicle 0
1043.0 1735.0 1053.0 1735.0 1053.0 1767.0 1043.0 1767.0 ship 0
1026.0 1824.0 1049.0 1824.0 1049.0 1871.0 1026.0 1871.0 ship 0
1039.0 1815.0 1058.0 1815.0 1058.0 1865.0 1039.0 1865.0 ship 0
1051.0 1815.0 1071.0 1815.0 1071.0 1860.0 1051.0 1860.0 ship 0
1051.0 1884.0 1067.0 1884.0 1067.0 1936.0 1051.0 1936.0 ship 0
1033.0 1887.0 1050.0 1887.0 1050.0 1934.0 1033.0 1934.0 ship 0
1038.0 2079.0 1070.0 2079.0 1070.0 2156.0 1038.0 2156.0 ship 0
1067.0 2856.0 1104.0 2856.0 1104.0 2942.0 1067.0 2942.0 ship 0
1079.0 2983.0 1112.0 2983.0 1112.0 3070.0 1079.0 3070.0 ship 0
1114.0 2979.0 1143.0 2979.0 1143.0 3080.0 1114.0 3080.0 ship 0
1215.0 3074.0 1231.0 3074.0 1231.0 3106.0 1215.0 3106.0 small-vehicle 0
1281.0 3012.0 1296.0 3012.0 1296.0 3044.0 1281.0 3044.0 small-vehicle 0
1212.0 3031.0 1227.0 3031.0 1227.0 3061.0 1212.0 3061.0 small-vehicle 0
1275.0 2899.0 1289.0 2899.0 1289.0 2930.0 1275.0 2930.0 small-vehicle 0
1045.0 1603.0 1071.0 1603.0 1071.0 1686.0 1045.0 1686.0 ship 0
1198.0 2853.0 1214.0 2853.0 1214.0 2884.0 1198.0 2884.0 small-vehicle 0
1257.0 2851.0 1273.0 2851.0 1273.0 2879.0 1257.0 2879.0 small-vehicle 0
1196.0 2811.0 1211.0 2811.0 1211.0 2844.0 1196.0 2844.0 small-vehicle 0
1192.0 2776.0 1208.0 2776.0 1208.0 2808.0 1192.0 2808.0 small-vehicle 0
1190.0 2737.0 1203.0 2737.0 1203.0 2769.0 1190.0 2769.0 small-vehicle 0
1146.0 2758.0 1177.0 2758.0 1177.0 2774.0 1146.0 2774.0 small-vehicle 0
1146.0 2743.0 1179.0 2743.0 1179.0 2760.0 1146.0 2760.0 small-vehicle 0
1189.0 2700.0 1203.0 2700.0 1203.0 2730.0 1189.0 2730.0 small-vehicle 0
1183.0 2661.0 1200.0 2661.0 1200.0 2691.0 1183.0 2691.0 small-vehicle 0
1299.0 2727.0 1326.0 2727.0 1326.0 2759.0 1299.0 2759.0 small-vehicle 0
1179.0 2622.0 1195.0 2622.0 1195.0 2655.0 1179.0 2655.0 small-vehicle 0
1170.0 2579.0 1187.0 2579.0 1187.0 2611.0 1170.0 2611.0 small-vehicle 0
1167.0 2542.0 1183.0 2542.0 1183.0 2575.0 1167.0 2575.0 small-vehicle 0
1030.0 1738.0 1044.0 1738.0 1044.0 1774.0 1030.0 1774.0 ship 0
1051.0 1529.0 1068.0 1529.0 1068.0 1589.0 1051.0 1589.0 ship 0
693.0 1831.0 728.0 1831.0 728.0 1844.0 693.0 1844.0 ship 0
1493.0 231.0 1520.0 231.0 1520.0 264.0 1493.0 264.0 small-vehicle 0
1423.0 3208.0 1456.0 3208.0 1456.0 3221.0 1423.0 3221.0 small-vehicle 0
1509.0 2395.0 1532.0 2395.0 1532.0 2421.0 1509.0 2421.0 small-vehicle 0
1526.0 2096.0 1557.0 2096.0 1557.0 2121.0 1526.0 2121.0 small-vehicle 0
1591.0 2113.0 1622.0 2113.0 1622.0 2140.0 1591.0 2140.0 small-vehicle 0
1660.0 2008.0 1692.0 2008.0 1692.0 2035.0 1660.0 2035.0 small-vehicle 0
1509.0 1330.0 1535.0 1330.0 1535.0 1361.0 1509.0 1361.0 small-vehicle 0
1580.0 1215.0 1607.0 1215.0 1607.0 1246.0 1580.0 1246.0 small-vehicle 0
1573.0 1081.0 1604.0 1081.0 1604.0 1106.0 1573.0 1106.0 small-vehicle 0
1531.0 1058.0 1563.0 1058.0 1563.0 1082.0 1531.0 1082.0 small-vehicle 0
1500.0 1034.0 1531.0 1034.0 1531.0 1061.0 1500.0 1061.0 small-vehicle 0
1650.0 1033.0 1679.0 1033.0 1679.0 1067.0 1650.0 1067.0 small-vehicle 0
1331.0 485.0 1358.0 485.0 1358.0 517.0 1331.0 517.0 small-vehicle 0
1471.0 265.0 1500.0 265.0 1500.0 297.0 1471.0 297.0 small-vehicle 0
1510.0 201.0 1537.0 201.0 1537.0 232.0 1510.0 232.0 small-vehicle 0
1036.0 1530.0 1051.0 1530.0 1051.0 1589.0 1036.0 1589.0 ship 0
1518.0 126.0 1551.0 126.0 1551.0 155.0 1518.0 155.0 small-vehicle 0
1480.0 119.0 1515.0 119.0 1515.0 148.0 1480.0 148.0 small-vehicle 0
1551.0 41.0 1581.0 41.0 1581.0 66.0 1551.0 66.0 small-vehicle 0
1427.0 77.0 1462.0 77.0 1462.0 105.0 1427.0 105.0 small-vehicle 0
1010.0 1374.0 1046.0 1374.0 1046.0 1391.0 1010.0 1391.0 ship 0
1007.0 1361.0 1042.0 1361.0 1042.0 1374.0 1007.0 1374.0 ship 0
1010.0 1338.0 1047.0 1338.0 1047.0 1356.0 1010.0 1356.0 ship 0
1012.0 1326.0 1054.0 1326.0 1054.0 1344.0 1012.0 1344.0 ship 0
1017.0 1396.0 1054.0 1396.0 1054.0 1416.0 1017.0 1416.0 ship 0
1008.0 1419.0 1052.0 1419.0 1052.0 1442.0 1008.0 1442.0 ship 0
1006.0 1455.0 1058.0 1455.0 1058.0 1477.0 1006.0 1477.0 ship 0
1007.0 1486.0 1055.0 1486.0 1055.0 1506.0 1007.0 1506.0 ship 0
1025.0 1534.0 1037.0 1534.0 1037.0 1590.0 1025.0 1590.0 ship 0
1363.0 2618.0 1389.0 2618.0 1389.0 2649.0 1363.0 2649.0 small-vehicle 0
1296.0 2651.0 1321.0 2651.0 1321.0 2683.0 1296.0 2683.0 small-vehicle 0
1277.0 2494.0 1310.0 2494.0 1310.0 2510.0 1277.0 2510.0 small-vehicle 0
737.0 428.0 781.0 428.0 781.0 441.0 737.0 441.0 ship 0
956.0 272.0 993.0 272.0 993.0 287.0 956.0 287.0 ship 0
958.0 260.0 991.0 260.0 991.0 274.0 958.0 274.0 ship 0
959.0 250.0 992.0 250.0 992.0 260.0 959.0 260.0 ship 0
958.0 237.0 991.0 237.0 991.0 250.0 958.0 250.0 ship 0
956.0 224.0 992.0 224.0 992.0 241.0 956.0 241.0 ship 0
876.0 172.0 945.0 172.0 945.0 219.0 876.0 219.0 ship 0
824.0 151.0 879.0 151.0 879.0 188.0 824.0 188.0 ship 0
764.0 123.0 823.0 123.0 823.0 164.0 764.0 164.0 ship 0
725.0 152.0 744.0 152.0 744.0 213.0 725.0 213.0 ship 0
734.0 384.0 771.0 384.0 771.0 396.0 734.0 396.0 ship 0
741.0 396.0 791.0 396.0 791.0 410.0 741.0 410.0 ship 0
745.0 455.0 780.0 455.0 780.0 470.0 745.0 470.0 ship 0
740.0 438.0 785.0 438.0 785.0 456.0 740.0 456.0 ship 0
771.0 1040.0 797.0 1040.0 797.0 1107.0 771.0 1107.0 ship 0
1169.0 2496.0 1184.0 2496.0 1184.0 2528.0 1169.0 2528.0 small-vehicle 0
815.0 1402.0 841.0 1402.0 841.0 1471.0 815.0 1471.0 ship 0
772.0 1607.0 789.0 1607.0 789.0 1647.0 772.0 1647.0 ship 0
677.0 1630.0 711.0 1630.0 711.0 1652.0 677.0 1652.0 ship 0
680.0 1644.0 715.0 1644.0 715.0 1661.0 680.0 1661.0 ship 0
682.0 1664.0 719.0 1664.0 719.0 1685.0 682.0 1685.0 ship 0
680.0 1677.0 716.0 1677.0 716.0 1696.0 680.0 1696.0 ship 0
681.0 1699.0 715.0 1699.0 715.0 1711.0 681.0 1711.0 ship 0
680.0 1711.0 714.0 1711.0 714.0 1726.0 680.0 1726.0 ship 0
682.0 1730.0 729.0 1730.0 729.0 1751.0 682.0 1751.0 ship 0
697.0 1762.0 730.0 1762.0 730.0 1777.0 697.0 1777.0 ship 0
695.0 1775.0 730.0 1775.0 730.0 1790.0 695.0 1790.0 ship 0
688.0 1794.0 726.0 1794.0 726.0 1815.0 688.0 1815.0 ship 0
691.0 1820.0 727.0 1820.0 727.0 1831.0 691.0 1831.0 ship 0
960.0 286.0 994.0 286.0 994.0 298.0 960.0 298.0 ship 0
958.0 298.0 996.0 298.0 996.0 311.0 958.0 311.0 ship 0
957.0 309.0 994.0 309.0 994.0 324.0 957.0 324.0 ship 0
1016.0 905.0 1037.0 905.0 1037.0 969.0 1016.0 969.0 ship 0
1232.0 2474.0 1246.0 2474.0 1246.0 2501.0 1232.0 2501.0 small-vehicle 0
1201.0 2443.0 1214.0 2443.0 1214.0 2477.0 1201.0 2477.0 small-vehicle 0
1228.0 2395.0 1242.0 2395.0 1242.0 2421.0 1228.0 2421.0 small-vehicle 0
1226.0 2359.0 1239.0 2359.0 1239.0 2391.0 1226.0 2391.0 small-vehicle 0
1265.0 2139.0 1295.0 2139.0 1295.0 2173.0 1265.0 2173.0 small-vehicle 0
1206.0 1952.0 1220.0 1952.0 1220.0 1982.0 1206.0 1982.0 small-vehicle 0
1289.0 1895.0 1318.0 1895.0 1318.0 1919.0 1289.0 1919.0 small-vehicle 0
1225.0 1801.0 1251.0 1801.0 1251.0 1829.0 1225.0 1829.0 small-vehicle 0
1185.0 1590.0 1198.0 1590.0 1198.0 1619.0 1185.0 1619.0 small-vehicle 0
1181.0 1544.0 1195.0 1544.0 1195.0 1572.0 1181.0 1572.0 small-vehicle 0
1173.0 1296.0 1188.0 1296.0 1188.0 1325.0 1173.0 1325.0 small-vehicle 0
1166.0 1176.0 1180.0 1176.0 1180.0 1204.0 1166.0 1204.0 small-vehicle 0
1171.0 1265.0 1185.0 1265.0 1185.0 1294.0 1171.0 1294.0 small-vehicle 0
1163.0 1140.0 1177.0 1140.0 1177.0 1169.0 1163.0 1169.0 small-vehicle 0
1133.0 1124.0 1148.0 1124.0 1148.0 1156.0 1133.0 1156.0 small-vehicle 0
1104.0 1104.0 1120.0 1104.0 1120.0 1135.0 1104.0 1135.0 small-vehicle 0
1160.0 1049.0 1173.0 1049.0 1173.0 1083.0 1160.0 1083.0 small-vehicle 0
1117.0 830.0 1131.0 830.0 1131.0 859.0 1117.0 859.0 small-vehicle 0
1129.0 512.0 1143.0 512.0 1143.0 542.0 1129.0 542.0 small-vehicle 0
1223.0 738.0 1247.0 738.0 1247.0 767.0 1223.0 767.0 small-vehicle 0
1136.0 664.0 1151.0 664.0 1151.0 693.0 1136.0 693.0 small-vehicle 0
1027.0 125.0 1056.0 125.0 1056.0 143.0 1027.0 143.0 small-vehicle 0
1112.0 173.0 1127.0 173.0 1127.0 205.0 1112.0 205.0 small-vehicle 0
1063.0 21.0 1082.0 21.0 1082.0 57.0 1063.0 57.0 small-vehicle 0
1042.0 17.0 1064.0 17.0 1064.0 51.0 1042.0 51.0 small-vehicle 0
1028.0 11.0 1045.0 11.0 1045.0 44.0 1028.0 44.0 small-vehicle 0
1000.0 907.0 1026.0 907.0 1026.0 976.0 1000.0 976.0 ship 0
743.0 4117.0 815.0 4117.0 815.0 4139.0 743.0 4139.0 ship 0
