3451.0 3263.0 3475.0 3263.0 3475.0 3286.0 3451.0 3286.0 storage-tank 0
1564.0 2601.0 1579.0 2601.0 1579.0 2616.0 1564.0 2616.0 storage-tank 0
1621.0 3093.0 1635.0 3093.0 1635.0 3107.0 1621.0 3107.0 storage-tank 1
1551.0 3031.0 1565.0 3031.0 1565.0 3046.0 1551.0 3046.0 storage-tank 0
1655.0 2919.0 1698.0 2919.0 1698.0 2965.0 1655.0 2965.0 storage-tank 0
1501.0 2880.0 1510.0 2880.0 1510.0 2891.0 1501.0 2891.0 storage-tank 1
1491.0 2883.0 1498.0 2883.0 1498.0 2891.0 1491.0 2891.0 storage-tank 1
1479.0 2886.0 1487.0 2886.0 1487.0 2895.0 1479.0 2895.0 storage-tank 1
1602.0 2736.0 1647.0 2736.0 1647.0 2785.0 1602.0 2785.0 storage-tank 0
1615.0 2671.0 1629.0 2671.0 1629.0 2686.0 1615.0 2686.0 storage-tank 0
1586.0 2670.0 1598.0 2670.0 1598.0 2683.0 1586.0 2683.0 storage-tank 1
1596.0 2648.0 1621.0 2648.0 1621.0 2675.0 1596.0 2675.0 storage-tank 0
1575.0 2625.0 1594.0 2625.0 1594.0 2645.0 1575.0 2645.0 storage-tank 0
1551.0 2626.0 1566.0 2626.0 1566.0 2641.0 1551.0 2641.0 storage-tank 0
1580.0 2597.0 1603.0 2597.0 1603.0 2625.0 1580.0 2625.0 storage-tank 0
1532.0 2634.0 1546.0 2634.0 1546.0 2648.0 1532.0 2648.0 storage-tank 1
3482.0 3540.0 3519.0 3540.0 3519.0 3579.0 3482.0 3579.0 storage-tank 0
1516.0 2613.0 1539.0 2613.0 1539.0 2636.0 1516.0 2636.0 storage-tank 0
1330.0 2931.0 1343.0 2931.0 1343.0 2943.0 1330.0 2943.0 storage-tank 1
1176.0 2964.0 1197.0 2964.0 1197.0 2987.0 1176.0 2987.0 storage-tank 0
1173.0 2944.0 1194.0 2944.0 1194.0 2966.0 1173.0 2966.0 storage-tank 0
1165.0 2922.0 1187.0 2922.0 1187.0 2945.0 1165.0 2945.0 storage-tank 0
1147.0 2910.0 1166.0 2910.0 1166.0 2930.0 1147.0 2930.0 storage-tank 0
1140.0 2885.0 1165.0 2885.0 1165.0 2909.0 1140.0 2909.0 storage-tank 0
1130.0 2975.0 1148.0 2975.0 1148.0 2994.0 1130.0 2994.0 storage-tank 0
1126.0 2956.0 1144.0 2956.0 1144.0 2975.0 1126.0 2975.0 storage-tank 0
1121.0 2936.0 1139.0 2936.0 1139.0 2955.0 1121.0 2955.0 storage-tank 0
1111.0 2916.0 1132.0 2916.0 1132.0 2938.0 1111.0 2938.0 storage-tank 0
1087.0 2902.0 1106.0 2902.0 1106.0 2922.0 1087.0 2922.0 storage-tank 0
1106.0 2898.0 1124.0 2898.0 1124.0 2916.0 1106.0 2916.0 storage-tank 0
1696.0 3366.0 1711.0 3366.0 1711.0 3382.0 1696.0 3382.0 storage-tank 0
1777.0 3416.0 1792.0 3416.0 1792.0 3430.0 1777.0 3430.0 storage-tank 0
1603.0 3446.0 1637.0 3446.0 1637.0 3481.0 1603.0 3481.0 storage-tank 0
1631.0 3479.0 1656.0 3479.0 1656.0 3505.0 1631.0 3505.0 storage-tank 0
2254.0 2906.0 2299.0 2906.0 2299.0 2947.0 2254.0 2947.0 storage-tank 0
2204.0 2910.0 2249.0 2910.0 2249.0 2954.0 2204.0 2954.0 storage-tank 0
2149.0 2922.0 2193.0 2922.0 2193.0 2964.0 2149.0 2964.0 storage-tank 0
2244.0 2846.0 2289.0 2846.0 2289.0 2891.0 2244.0 2891.0 storage-tank 0
2195.0 2852.0 2239.0 2852.0 2239.0 2898.0 2195.0 2898.0 storage-tank 0
2142.0 2860.0 2186.0 2860.0 2186.0 2905.0 2142.0 2905.0 storage-tank 0
2113.0 2800.0 2170.0 2800.0 2170.0 2862.0 2113.0 2862.0 storage-tank 0
2464.0 3177.0 2484.0 3177.0 2484.0 3199.0 2464.0 3199.0 storage-tank 0
2236.0 3250.0 2268.0 3250.0 2268.0 3283.0 2236.0 3283.0 storage-tank 0
2229.0 3213.0 2264.0 3213.0 2264.0 3246.0 2229.0 3246.0 storage-tank 0
2225.0 3175.0 2255.0 3175.0 2255.0 3211.0 2225.0 3211.0 storage-tank 0
2219.0 3138.0 2253.0 3138.0 2253.0 3171.0 2219.0 3171.0 storage-tank 0
2213.0 3103.0 2246.0 3103.0 2246.0 3134.0 2213.0 3134.0 storage-tank 0
2423.0 3388.0 2444.0 3388.0 2444.0 3407.0 2423.0 3407.0 storage-tank 0
2356.0 3397.0 2379.0 3397.0 2379.0 3419.0 2356.0 3419.0 storage-tank 0
2446.0 3364.0 2461.0 3364.0 2461.0 3381.0 2446.0 3381.0 storage-tank 0
2420.0 3367.0 2438.0 3367.0 2438.0 3386.0 2420.0 3386.0 storage-tank 0
2396.0 3370.0 2415.0 3370.0 2415.0 3390.0 2396.0 3390.0 storage-tank 0
2376.0 3373.0 2394.0 3373.0 2394.0 3391.0 2376.0 3391.0 storage-tank 0
2350.0 3372.0 2371.0 3372.0 2371.0 3395.0 2350.0 3395.0 storage-tank 0
2434.0 3667.0 2469.0 3667.0 2469.0 3703.0 2434.0 3703.0 storage-tank 0
2391.0 3717.0 2426.0 3717.0 2426.0 3752.0 2391.0 3752.0 storage-tank 0
2371.0 3682.0 2407.0 3682.0 2407.0 3718.0 2371.0 3718.0 storage-tank 0
2332.0 3712.0 2381.0 3712.0 2381.0 3758.0 2332.0 3758.0 storage-tank 0
2338.0 3683.0 2364.0 3683.0 2364.0 3709.0 2338.0 3709.0 storage-tank 0
1459.0 3186.0 1508.0 3186.0 1508.0 3204.0 1459.0 3204.0 large-vehicle 0
1576.0 3646.0 1591.0 3646.0 1591.0 3662.0 1576.0 3662.0 storage-tank 0
1133.0 2863.0 1154.0 2863.0 1154.0 2885.0 1133.0 2885.0 storage-tank 0
1105.0 2869.0 1124.0 2869.0 1124.0 2891.0 1105.0 2891.0 storage-tank 0
1086.0 2873.0 1106.0 2873.0 1106.0 2895.0 1086.0 2895.0 storage-tank 0
1360.0 3636.0 1424.0 3636.0 1424.0 3701.0 1360.0 3701.0 storage-tank 0
1393.0 3747.0 1457.0 3747.0 1457.0 3814.0 1393.0 3814.0 storage-tank 0
1328.0 3811.0 1348.0 3811.0 1348.0 3831.0 1328.0 3831.0 storage-tank 0
1343.0 3781.0 1369.0 3781.0 1369.0 3808.0 1343.0 3808.0 storage-tank 0
1364.0 3746.0 1389.0 3746.0 1389.0 3770.0 1364.0 3770.0 storage-tank 0
1318.0 3756.0 1344.0 3756.0 1344.0 3781.0 1318.0 3781.0 storage-tank 0
1229.0 3769.0 1265.0 3769.0 1265.0 3805.0 1229.0 3805.0 storage-tank 0
1176.0 3671.0 1241.0 3671.0 1241.0 3730.0 1176.0 3730.0 storage-tank 0
1072.0 3720.0 1185.0 3720.0 1185.0 3829.0 1072.0 3829.0 storage-tank 0
1197.0 3861.0 1212.0 3861.0 1212.0 3874.0 1197.0 3874.0 storage-tank 0
1194.0 3845.0 1208.0 3845.0 1208.0 3860.0 1194.0 3860.0 storage-tank 0
1179.0 3851.0 1190.0 3851.0 1190.0 3861.0 1179.0 3861.0 storage-tank 1
1164.0 3854.0 1175.0 3854.0 1175.0 3865.0 1164.0 3865.0 storage-tank 1
1141.0 3855.0 1159.0 3855.0 1159.0 3874.0 1141.0 3874.0 storage-tank 0
1106.0 3849.0 1134.0 3849.0 1134.0 3877.0 1106.0 3877.0 storage-tank 0
1070.0 3857.0 1099.0 3857.0 1099.0 3887.0 1070.0 3887.0 storage-tank 0
1036.0 3866.0 1066.0 3866.0 1066.0 3896.0 1036.0 3896.0 storage-tank 0
1035.0 3799.0 1073.0 3799.0 1073.0 3838.0 1035.0 3838.0 storage-tank 0
1004.0 3716.0 1068.0 3716.0 1068.0 3780.0 1004.0 3780.0 storage-tank 0
3870.0 3943.0 3961.0 3943.0 3961.0 3974.0 3870.0 3974.0 bridge 0
3686.0 3923.0 3701.0 3923.0 3701.0 3970.0 3686.0 3970.0 large-vehicle 0
3662.0 3766.0 3680.0 3766.0 3680.0 3821.0 3662.0 3821.0 large-vehicle 0
3611.0 3377.0 3628.0 3377.0 3628.0 3438.0 3611.0 3438.0 large-vehicle 0
3567.0 3007.0 3580.0 3007.0 3580.0 3064.0 3567.0 3064.0 large-vehicle 0
3089.0 2169.0 3121.0 2169.0 3121.0 2181.0 3089.0 2181.0 large-vehicle 0
1583.0 2096.0 1794.0 2096.0 1794.0 2158.0 1583.0 2158.0 bridge 0
874.0 3141.0 912.0 3141.0 912.0 3156.0 874.0 3156.0 large-vehicle 0
834.0 3164.0 871.0 3164.0 871.0 3180.0 834.0 3180.0 large-vehicle 0
1275.0 3667.0 1341.0 3667.0 1341.0 3731.0 1275.0 3731.0 storage-tank 0
1292.0 3602.0 1327.0 3602.0 1327.0 3634.0 1292.0 3634.0 storage-tank 0
1067.0 2970.0 1087.0 2970.0 1087.0 2990.0 1067.0 2990.0 storage-tank 0
1341.0 3586.0 1379.0 3586.0 1379.0 3622.0 1341.0 3622.0 storage-tank 0
1060.0 2926.0 1081.0 2926.0 1081.0 2946.0 1060.0 2946.0 storage-tank 0
1054.0 2908.0 1074.0 2908.0 1074.0 2929.0 1054.0 2929.0 storage-tank 0
1043.0 2890.0 1064.0 2890.0 1064.0 2911.0 1043.0 2911.0 storage-tank 0
1277.0 2839.0 1291.0 2839.0 1291.0 2852.0 1277.0 2852.0 storage-tank 1
1261.0 2842.0 1276.0 2842.0 1276.0 2856.0 1261.0 2856.0 storage-tank 0
1226.0 2854.0 1240.0 2854.0 1240.0 2867.0 1226.0 2867.0 storage-tank 1
1229.0 3154.0 1252.0 3154.0 1252.0 3180.0 1229.0 3180.0 storage-tank 0
1223.0 3132.0 1246.0 3132.0 1246.0 3154.0 1223.0 3154.0 storage-tank 0
1217.0 3106.0 1241.0 3106.0 1241.0 3133.0 1217.0 3133.0 storage-tank 0
1167.0 3097.0 1187.0 3097.0 1187.0 3114.0 1167.0 3114.0 storage-tank 0
1301.0 3354.0 1356.0 3354.0 1356.0 3411.0 1301.0 3411.0 storage-tank 0
1202.0 3383.0 1257.0 3383.0 1257.0 3438.0 1202.0 3438.0 storage-tank 0
1284.0 3287.0 1341.0 3287.0 1341.0 3346.0 1284.0 3346.0 storage-tank 0
1181.0 3311.0 1242.0 3311.0 1242.0 3373.0 1181.0 3373.0 storage-tank 0
1092.0 3336.0 1147.0 3336.0 1147.0 3396.0 1092.0 3396.0 storage-tank 0
1109.0 3406.0 1166.0 3406.0 1166.0 3465.0 1109.0 3465.0 storage-tank 0
966.0 3395.0 1078.0 3395.0 1078.0 3511.0 966.0 3511.0 storage-tank 0
1332.0 3439.0 1371.0 3439.0 1371.0 3479.0 1332.0 3479.0 storage-tank 0
1280.0 3450.0 1320.0 3450.0 1320.0 3489.0 1280.0 3489.0 storage-tank 0
1228.0 3462.0 1271.0 3462.0 1271.0 3502.0 1228.0 3502.0 storage-tank 0
1099.0 3505.0 1188.0 3505.0 1188.0 3602.0 1099.0 3602.0 storage-tank 0
979.0 3542.0 1071.0 3542.0 1071.0 3635.0 979.0 3635.0 storage-tank 0
1366.0 3509.0 1399.0 3509.0 1399.0 3543.0 1366.0 3543.0 storage-tank 0
1330.0 3525.0 1351.0 3525.0 1351.0 3546.0 1330.0 3546.0 storage-tank 0
1282.0 3527.0 1323.0 3527.0 1323.0 3569.0 1282.0 3569.0 storage-tank 0
1257.0 3570.0 1296.0 3570.0 1296.0 3607.0 1257.0 3607.0 storage-tank 0
1386.0 3576.0 1419.0 3576.0 1419.0 3609.0 1386.0 3609.0 storage-tank 0
2080.0 2737.0 2101.0 2737.0 2101.0 2759.0 2080.0 2759.0 storage-tank 0
2082.0 2765.0 2106.0 2765.0 2106.0 2788.0 2082.0 2788.0 storage-tank 0
2124.0 2706.0 2142.0 2706.0 2142.0 2725.0 2124.0 2725.0 storage-tank 0
3128.0 3511.0 3146.0 3511.0 3146.0 3529.0 3128.0 3529.0 storage-tank 0
3125.0 3482.0 3144.0 3482.0 3144.0 3501.0 3125.0 3501.0 storage-tank 0
3099.0 3487.0 3117.0 3487.0 3117.0 3506.0 3099.0 3506.0 storage-tank 0
2955.0 3546.0 2965.0 3546.0 2965.0 3556.0 2955.0 3556.0 storage-tank 1
2948.0 3524.0 2965.0 3524.0 2965.0 3541.0 2948.0 3541.0 storage-tank 0
2944.0 3501.0 2963.0 3501.0 2963.0 3520.0 2944.0 3520.0 storage-tank 0
3418.0 3269.0 3443.0 3269.0 3443.0 3292.0 3418.0 3292.0 storage-tank 0
3377.0 3274.0 3397.0 3274.0 3397.0 3296.0 3377.0 3296.0 storage-tank 0
3347.0 3278.0 3367.0 3278.0 3367.0 3301.0 3347.0 3301.0 storage-tank 0
3321.0 3282.0 3345.0 3282.0 3345.0 3303.0 3321.0 3303.0 storage-tank 0
2968.0 3379.0 2996.0 3379.0 2996.0 3408.0 2968.0 3408.0 storage-tank 0
2939.0 3386.0 2962.0 3386.0 2962.0 3409.0 2939.0 3409.0 storage-tank 0
3103.0 3262.0 3127.0 3262.0 3127.0 3284.0 3103.0 3284.0 storage-tank 0
3075.0 3268.0 3098.0 3268.0 3098.0 3290.0 3075.0 3290.0 storage-tank 0
3410.0 3157.0 3439.0 3157.0 3439.0 3187.0 3410.0 3187.0 storage-tank 0
3309.0 3192.0 3371.0 3192.0 3371.0 3254.0 3309.0 3254.0 storage-tank 0
3297.0 3112.0 3361.0 3112.0 3361.0 3177.0 3297.0 3177.0 storage-tank 0
3228.0 3209.0 3259.0 3209.0 3259.0 3238.0 3228.0 3238.0 storage-tank 0
3220.0 3157.0 3251.0 3157.0 3251.0 3187.0 3220.0 3187.0 storage-tank 0
3050.0 3181.0 3093.0 3181.0 3093.0 3224.0 3050.0 3224.0 storage-tank 0
3046.0 3126.0 3080.0 3126.0 3080.0 3158.0 3046.0 3158.0 storage-tank 0
3213.0 3103.0 3242.0 3103.0 3242.0 3133.0 3213.0 3133.0 storage-tank 0
3391.0 3074.0 3449.0 3074.0 3449.0 3135.0 3391.0 3135.0 storage-tank 0
3202.0 2996.0 3256.0 2996.0 3256.0 3052.0 3202.0 3052.0 storage-tank 0
3323.0 2949.0 3403.0 2949.0 3403.0 3032.0 3323.0 3032.0 storage-tank 0
3191.0 2926.0 3250.0 2926.0 3250.0 2981.0 3191.0 2981.0 storage-tank 0
3179.0 2850.0 3236.0 2850.0 3236.0 2909.0 3179.0 2909.0 storage-tank 0
3303.0 2719.0 3320.0 2719.0 3320.0 2737.0 3303.0 2737.0 storage-tank 0
3104.0 3513.0 3122.0 3513.0 3122.0 3533.0 3104.0 3533.0 storage-tank 0
3109.0 3541.0 3127.0 3541.0 3127.0 3559.0 3109.0 3559.0 storage-tank 0
3280.0 2690.0 3294.0 2690.0 3294.0 2703.0 3280.0 2703.0 storage-tank 1
3113.0 3570.0 3130.0 3570.0 3130.0 3586.0 3113.0 3586.0 storage-tank 0
3430.0 3546.0 3471.0 3546.0 3471.0 3586.0 3430.0 3586.0 storage-tank 0
3385.0 3549.0 3407.0 3549.0 3407.0 3572.0 3385.0 3572.0 storage-tank 0
3500.0 3930.0 3549.0 3930.0 3549.0 3984.0 3500.0 3984.0 storage-tank 0
3422.0 3943.0 3473.0 3943.0 3473.0 3992.0 3422.0 3992.0 storage-tank 0
3328.0 3961.0 3369.0 3961.0 3369.0 4000.0 3328.0 4000.0 storage-tank 0
3366.0 3708.0 3425.0 3708.0 3425.0 3771.0 3366.0 3771.0 storage-tank 0
3285.0 3717.0 3344.0 3717.0 3344.0 3779.0 3285.0 3779.0 storage-tank 0
3174.0 3796.0 3191.0 3796.0 3191.0 3814.0 3174.0 3814.0 storage-tank 0
3149.0 3798.0 3166.0 3798.0 3166.0 3816.0 3149.0 3816.0 storage-tank 0
3168.0 3771.0 3186.0 3771.0 3186.0 3791.0 3168.0 3791.0 storage-tank 0
3145.0 3775.0 3163.0 3775.0 3163.0 3794.0 3145.0 3794.0 storage-tank 0
3164.0 3741.0 3183.0 3741.0 3183.0 3764.0 3164.0 3764.0 storage-tank 0
3159.0 3713.0 3178.0 3713.0 3178.0 3735.0 3159.0 3735.0 storage-tank 0
3159.0 3691.0 3173.0 3691.0 3173.0 3708.0 3159.0 3708.0 storage-tank 0
3156.0 3669.0 3167.0 3669.0 3167.0 3683.0 3156.0 3683.0 storage-tank 1
3090.0 3764.0 3103.0 3764.0 3103.0 3777.0 3090.0 3777.0 storage-tank 1
3069.0 3764.0 3085.0 3764.0 3085.0 3781.0 3069.0 3781.0 storage-tank 0
3355.0 3633.0 3413.0 3633.0 3413.0 3694.0 3355.0 3694.0 storage-tank 0
3272.0 3646.0 3331.0 3646.0 3331.0 3703.0 3272.0 3703.0 storage-tank 0
3344.0 3565.0 3385.0 3565.0 3385.0 3608.0 3344.0 3608.0 storage-tank 0
3268.0 3571.0 3316.0 3571.0 3316.0 3623.0 3268.0 3623.0 storage-tank 0
3151.0 3620.0 3165.0 3620.0 3165.0 3632.0 3151.0 3632.0 storage-tank 1
3124.0 3622.0 3144.0 3622.0 3144.0 3641.0 3124.0 3641.0 storage-tank 0
3147.0 3592.0 3162.0 3592.0 3162.0 3606.0 3147.0 3606.0 storage-tank 0
3119.0 3594.0 3138.0 3594.0 3138.0 3611.0 3119.0 3611.0 storage-tank 0
3140.0 3566.0 3156.0 3566.0 3156.0 3581.0 3140.0 3581.0 storage-tank 0
3136.0 3539.0 3150.0 3539.0 3150.0 3554.0 3136.0 3554.0 storage-tank 0
3269.0 2723.0 3286.0 2723.0 3286.0 2742.0 3269.0 2742.0 storage-tank 0
3300.0 2683.0 3317.0 2683.0 3317.0 2700.0 3300.0 2700.0 storage-tank 0
2035.0 2503.0 2086.0 2503.0 2086.0 2555.0 2035.0 2555.0 storage-tank 0
2595.0 3369.0 2614.0 3369.0 2614.0 3387.0 2595.0 3387.0 storage-tank 0
2520.0 3361.0 2538.0 3361.0 2538.0 3378.0 2520.0 3378.0 storage-tank 0
2501.0 3362.0 2516.0 3362.0 2516.0 3379.0 2501.0 3379.0 storage-tank 0
2722.0 3316.0 2768.0 3316.0 2768.0 3364.0 2722.0 3364.0 storage-tank 0
2759.0 3270.0 2781.0 3270.0 2781.0 3294.0 2759.0 3294.0 storage-tank 0
2721.0 3277.0 2745.0 3277.0 2745.0 3300.0 2721.0 3300.0 storage-tank 0
2807.0 3076.0 2819.0 3076.0 2819.0 3088.0 2807.0 3088.0 storage-tank 1
2793.0 3080.0 2803.0 3080.0 2803.0 3091.0 2793.0 3091.0 storage-tank 1
2572.0 3159.0 2610.0 3159.0 2610.0 3199.0 2572.0 3199.0 storage-tank 0
2526.0 3171.0 2540.0 3171.0 2540.0 3186.0 2526.0 3186.0 storage-tank 0
2493.0 3174.0 2514.0 3174.0 2514.0 3195.0 2493.0 3195.0 storage-tank 0
2520.0 3127.0 2549.0 3127.0 2549.0 3156.0 2520.0 3156.0 storage-tank 0
2426.0 3055.0 2518.0 3055.0 2518.0 3146.0 2426.0 3146.0 storage-tank 0
2678.0 2526.0 2691.0 2526.0 2691.0 2541.0 2678.0 2541.0 storage-tank 0
2673.0 2510.0 2686.0 2510.0 2686.0 2523.0 2673.0 2523.0 storage-tank 1
2649.0 2483.0 2671.0 2483.0 2671.0 2505.0 2649.0 2505.0 storage-tank 0
2617.0 2481.0 2629.0 2481.0 2629.0 2493.0 2617.0 2493.0 storage-tank 1
2621.0 2527.0 2638.0 2527.0 2638.0 2546.0 2621.0 2546.0 storage-tank 0
2646.0 2292.0 2799.0 2292.0 2799.0 2440.0 2646.0 2440.0 storage-tank 0
2360.0 2416.0 2375.0 2416.0 2375.0 2432.0 2360.0 2432.0 storage-tank 0
2343.0 2419.0 2357.0 2419.0 2357.0 2434.0 2343.0 2434.0 storage-tank 0
2330.0 2355.0 2360.0 2355.0 2360.0 2383.0 2330.0 2383.0 storage-tank 0
2224.0 2331.0 2239.0 2331.0 2239.0 2345.0 2224.0 2345.0 storage-tank 0
2173.0 2338.0 2189.0 2338.0 2189.0 2355.0 2173.0 2355.0 storage-tank 0
2130.0 2346.0 2146.0 2346.0 2146.0 2361.0 2130.0 2361.0 storage-tank 0
2028.0 2482.0 2042.0 2482.0 2042.0 2498.0 2028.0 2498.0 storage-tank 0
2012.0 2485.0 2026.0 2485.0 2026.0 2499.0 2012.0 2499.0 storage-tank 1
2023.0 2433.0 2075.0 2433.0 2075.0 2484.0 2023.0 2484.0 storage-tank 0
2516.0 3381.0 2535.0 3381.0 2535.0 3399.0 2516.0 3399.0 storage-tank 0
2563.0 3345.0 2585.0 3345.0 2585.0 3366.0 2563.0 3366.0 storage-tank 0
3334.0 2680.0 3354.0 2680.0 3354.0 2696.0 3334.0 2696.0 storage-tank 0
2588.0 3341.0 2610.0 3341.0 2610.0 3364.0 2588.0 3364.0 storage-tank 0
3368.0 2674.0 3386.0 2674.0 3386.0 2692.0 3368.0 2692.0 storage-tank 0
3366.0 2641.0 3383.0 2641.0 3383.0 2657.0 3366.0 2657.0 storage-tank 0
3334.0 2647.0 3348.0 2647.0 3348.0 2661.0 3334.0 2661.0 storage-tank 1
3302.0 2656.0 3316.0 2656.0 3316.0 2668.0 3302.0 2668.0 storage-tank 1
3277.0 2666.0 3288.0 2666.0 3288.0 2678.0 3277.0 2678.0 storage-tank 1
3264.0 2668.0 3273.0 2668.0 3273.0 2680.0 3264.0 2680.0 storage-tank 1
3203.0 2704.0 3225.0 2704.0 3225.0 2725.0 3203.0 2725.0 storage-tank 0
3131.0 2753.0 3147.0 2753.0 3147.0 2769.0 3131.0 2769.0 storage-tank 0
3148.0 2716.0 3167.0 2716.0 3167.0 2735.0 3148.0 2735.0 storage-tank 0
3143.0 2692.0 3161.0 2692.0 3161.0 2711.0 3143.0 2711.0 storage-tank 0
3166.0 2583.0 3178.0 2583.0 3178.0 2596.0 3166.0 2596.0 storage-tank 1
2559.0 3696.0 2587.0 3696.0 2587.0 3728.0 2559.0 3728.0 storage-tank 0
2538.0 3694.0 2555.0 3694.0 2555.0 3710.0 2538.0 3710.0 storage-tank 0
2511.0 3694.0 2532.0 3694.0 2532.0 3715.0 2511.0 3715.0 storage-tank 0
2515.0 3657.0 2549.0 3657.0 2549.0 3691.0 2515.0 3691.0 storage-tank 0
2473.0 3663.0 2508.0 3663.0 2508.0 3696.0 2473.0 3696.0 storage-tank 0
2852.0 3655.0 2874.0 3655.0 2874.0 3676.0 2852.0 3676.0 storage-tank 0
2883.0 3650.0 2906.0 3650.0 2906.0 3672.0 2883.0 3672.0 storage-tank 0
2882.0 3628.0 2897.0 3628.0 2897.0 3645.0 2882.0 3645.0 storage-tank 0
2877.0 3605.0 2895.0 3605.0 2895.0 3623.0 2877.0 3623.0 storage-tank 0
2850.0 3613.0 2869.0 3613.0 2869.0 3632.0 2850.0 3632.0 storage-tank 0
2844.0 3582.0 2861.0 3582.0 2861.0 3598.0 2844.0 3598.0 storage-tank 0
2651.0 3626.0 2680.0 3626.0 2680.0 3656.0 2651.0 3656.0 storage-tank 0
2645.0 3586.0 2674.0 3586.0 2674.0 3618.0 2645.0 3618.0 storage-tank 0
2779.0 3557.0 2792.0 3557.0 2792.0 3571.0 2779.0 3571.0 storage-tank 1
2771.0 3531.0 2789.0 3531.0 2789.0 3549.0 2771.0 3549.0 storage-tank 0
2646.0 3523.0 2657.0 3523.0 2657.0 3535.0 2646.0 3535.0 storage-tank 1
628.0 3828.0 654.0 3828.0 654.0 3881.0 628.0 3881.0 large-vehicle 0
