3757.0 2783.0 3786.0 2783.0 3786.0 2815.0 3757.0 2815.0 storage-tank 0
1147.0 1843.0 1168.0 1843.0 1168.0 1869.0 1147.0 1869.0 large-vehicle 0
1338.0 1986.0 1357.0 1986.0 1357.0 2004.0 1338.0 2004.0 large-vehicle 0
1356.0 1984.0 1379.0 1984.0 1379.0 2000.0 1356.0 2000.0 large-vehicle 0
1380.0 1952.0 1404.0 1952.0 1404.0 1972.0 1380.0 1972.0 large-vehicle 0
1314.0 2002.0 1336.0 2002.0 1336.0 2019.0 1314.0 2019.0 large-vehicle 0
1336.0 1974.0 1357.0 1974.0 1357.0 1988.0 1336.0 1988.0 large-vehicle 0
1360.0 1969.0 1380.0 1969.0 1380.0 1984.0 1360.0 1984.0 large-vehicle 0
1163.0 2005.0 1185.0 2005.0 1185.0 2024.0 1163.0 2024.0 large-vehicle 0
1235.0 1966.0 1243.0 1966.0 1243.0 1990.0 1235.0 1990.0 large-vehicle 0
1144.0 512.0 1471.0 512.0 1471.0 924.0 1144.0 924.0 ship 0
1390.0 1263.0 1438.0 1263.0 1438.0 1328.0 1390.0 1328.0 ship 0
1462.0 1424.0 1482.0 1424.0 1482.0 1447.0 1462.0 1447.0 large-vehicle 0
1339.0 7.0 1434.0 7.0 1434.0 92.0 1339.0 92.0 ship 1
1414.0 1948.0 1437.0 1948.0 1437.0 1966.0 1414.0 1966.0 large-vehicle 0
1414.0 2236.0 1436.0 2236.0 1436.0 2261.0 1414.0 2261.0 large-vehicle 0
1431.0 2235.0 1453.0 2235.0 1453.0 2259.0 1431.0 2259.0 large-vehicle 0
1451.0 1328.0 1708.0 1328.0 1708.0 1624.0 1451.0 1624.0 ship 0
1421.0 101.0 1621.0 101.0 1621.0 340.0 1421.0 340.0 ship 0
1804.0 3376.0 1820.0 3376.0 1820.0 3393.0 1804.0 3393.0 large-vehicle 0
1731.0 2891.0 1748.0 2891.0 1748.0 2910.0 1731.0 2910.0 large-vehicle 0
1754.0 2919.0 1777.0 2919.0 1777.0 2946.0 1754.0 2946.0 large-vehicle 0
1725.0 2900.0 1744.0 2900.0 1744.0 2923.0 1725.0 2923.0 large-vehicle 0
1251.0 2014.0 1273.0 2014.0 1273.0 2020.0 1251.0 2020.0 large-vehicle 0
1356.0 1833.0 1373.0 1833.0 1373.0 1853.0 1356.0 1853.0 large-vehicle 0
1378.0 1864.0 1405.0 1864.0 1405.0 1896.0 1378.0 1896.0 large-vehicle 0
1236.0 1384.0 1267.0 1384.0 1267.0 1411.0 1236.0 1411.0 ship 0
1169.0 1742.0 1185.0 1742.0 1185.0 1768.0 1169.0 1768.0 large-vehicle 0
1173.0 1780.0 1183.0 1780.0 1183.0 1805.0 1173.0 1805.0 large-vehicle 0
1298.0 629.0 1385.0 629.0 1385.0 733.0 1298.0 733.0 ship 0
1224.0 1194.0 1276.0 1194.0 1276.0 1238.0 1224.0 1238.0 harbor 0
1184.0 1176.0 1231.0 1176.0 1231.0 1215.0 1184.0 1215.0 harbor 0
1102.0 1192.0 1127.0 1192.0 1127.0 1215.0 1102.0 1215.0 ship 0
1281.0 1240.0 1324.0 1240.0 1324.0 1262.0 1281.0 1262.0 harbor 0
1261.0 1264.0 1290.0 1264.0 1290.0 1290.0 1261.0 1290.0 ship 0
1261.0 1364.0 1291.0 1364.0 1291.0 1392.0 1261.0 1392.0 ship 0
1268.0 1273.0 1292.0 1273.0 1292.0 1293.0 1268.0 1293.0 ship 0
1258.0 1861.0 1285.0 1861.0 1285.0 1881.0 1258.0 1881.0 large-vehicle 0
1181.0 1346.0 1199.0 1346.0 1199.0 1363.0 1181.0 1363.0 ship 0
1184.0 1340.0 1208.0 1340.0 1208.0 1359.0 1184.0 1359.0 ship 0
1190.0 1337.0 1211.0 1337.0 1211.0 1353.0 1190.0 1353.0 ship 0
1194.0 1332.0 1218.0 1332.0 1218.0 1350.0 1194.0 1350.0 ship 0
1190.0 1539.0 1215.0 1539.0 1215.0 1561.0 1190.0 1561.0 large-vehicle 0
1219.0 1519.0 1241.0 1519.0 1241.0 1540.0 1219.0 1540.0 large-vehicle 0
1243.0 1502.0 1268.0 1502.0 1268.0 1517.0 1243.0 1517.0 large-vehicle 0
1299.0 1517.0 1316.0 1517.0 1316.0 1538.0 1299.0 1538.0 large-vehicle 0
1273.0 1494.0 1298.0 1494.0 1298.0 1511.0 1273.0 1511.0 large-vehicle 0
1709.0 2865.0 1732.0 2865.0 1732.0 2891.0 1709.0 2891.0 large-vehicle 0
1690.0 2852.0 1711.0 2852.0 1711.0 2879.0 1690.0 2879.0 large-vehicle 0
1810.0 2705.0 1832.0 2705.0 1832.0 2731.0 1810.0 2731.0 large-vehicle 0
2501.0 3993.0 2519.0 3993.0 2519.0 4012.0 2501.0 4012.0 large-vehicle 0
2238.0 3859.0 2261.0 3859.0 2261.0 3882.0 2238.0 3882.0 large-vehicle 0
2242.0 3855.0 2265.0 3855.0 2265.0 3877.0 2242.0 3877.0 large-vehicle 0
2111.0 3996.0 2134.0 3996.0 2134.0 4021.0 2111.0 4021.0 large-vehicle 0
2135.0 4039.0 2160.0 4039.0 2160.0 4065.0 2135.0 4065.0 large-vehicle 0
2192.0 3788.0 2211.0 3788.0 2211.0 3804.0 2192.0 3804.0 large-vehicle 0
2179.0 2816.0 2202.0 2816.0 2202.0 2823.0 2179.0 2823.0 large-vehicle 0
2179.0 39.0 2201.0 39.0 2201.0 65.0 2179.0 65.0 large-vehicle 0
2492.0 464.0 2517.0 464.0 2517.0 484.0 2492.0 484.0 large-vehicle 0
2480.0 4023.0 2507.0 4023.0 2507.0 4049.0 2480.0 4049.0 large-vehicle 0
2504.0 3928.0 2526.0 3928.0 2526.0 3953.0 2504.0 3953.0 large-vehicle 0
2249.0 3015.0 2271.0 3015.0 2271.0 3041.0 2249.0 3041.0 large-vehicle 0
2430.0 3846.0 2454.0 3846.0 2454.0 3871.0 2430.0 3871.0 large-vehicle 0
2587.0 461.0 2612.0 461.0 2612.0 482.0 2587.0 482.0 large-vehicle 0
2625.0 438.0 2651.0 438.0 2651.0 458.0 2625.0 458.0 large-vehicle 0
2515.0 1041.0 2531.0 1041.0 2531.0 1060.0 2515.0 1060.0 large-vehicle 0
2546.0 1111.0 2568.0 1111.0 2568.0 1137.0 2546.0 1137.0 large-vehicle 0
2513.0 1067.0 2535.0 1067.0 2535.0 1095.0 2513.0 1095.0 large-vehicle 0
2577.0 4014.0 2599.0 4014.0 2599.0 4039.0 2577.0 4039.0 large-vehicle 0
1745.0 3031.0 1756.0 3031.0 1756.0 3048.0 1745.0 3048.0 large-vehicle 1
2447.0 3984.0 2469.0 3984.0 2469.0 4011.0 2447.0 4011.0 large-vehicle 0
2143.0 3205.0 2164.0 3205.0 2164.0 3232.0 2143.0 3232.0 large-vehicle 0
2248.0 2773.0 2274.0 2773.0 2274.0 2794.0 2248.0 2794.0 large-vehicle 0
1761.0 2644.0 1782.0 2644.0 1782.0 2671.0 1761.0 2671.0 large-vehicle 0
1907.0 2931.0 1932.0 2931.0 1932.0 2954.0 1907.0 2954.0 large-vehicle 0
1693.0 1655.0 1748.0 1655.0 1748.0 1710.0 1693.0 1710.0 ship 0
1853.0 198.0 1871.0 198.0 1871.0 218.0 1853.0 218.0 large-vehicle 0
1892.0 278.0 1912.0 278.0 1912.0 302.0 1892.0 302.0 large-vehicle 0
1953.0 3194.0 1968.0 3194.0 1968.0 3212.0 1953.0 3212.0 large-vehicle 0
1938.0 3173.0 1956.0 3173.0 1956.0 3194.0 1938.0 3194.0 large-vehicle 0
1930.0 2898.0 1954.0 2898.0 1954.0 2920.0 1930.0 2920.0 large-vehicle 0
1945.0 2876.0 1969.0 2876.0 1969.0 2897.0 1945.0 2897.0 large-vehicle 0
1921.0 2884.0 1945.0 2884.0 1945.0 2906.0 1921.0 2906.0 large-vehicle 0
1916.0 2879.0 1941.0 2879.0 1941.0 2901.0 1916.0 2901.0 large-vehicle 0
1821.0 544.0 1846.0 544.0 1846.0 571.0 1821.0 571.0 large-vehicle 0
2100.0 2754.0 2128.0 2754.0 2128.0 2777.0 2100.0 2777.0 large-vehicle 0
1856.0 577.0 1882.0 577.0 1882.0 605.0 1856.0 605.0 large-vehicle 0
1815.0 519.0 1834.0 519.0 1834.0 547.0 1815.0 547.0 large-vehicle 0
1818.0 603.0 2020.0 603.0 2020.0 840.0 1818.0 840.0 ship 0
2233.0 427.0 2247.0 427.0 2247.0 446.0 2233.0 446.0 large-vehicle 0
2284.0 95.0 2309.0 95.0 2309.0 119.0 2284.0 119.0 large-vehicle 0
2279.0 91.0 2303.0 91.0 2303.0 111.0 2279.0 111.0 large-vehicle 0
2209.0 20.0 2230.0 20.0 2230.0 41.0 2209.0 41.0 large-vehicle 0
2262.0 111.0 2278.0 111.0 2278.0 125.0 2262.0 125.0 large-vehicle 0
2050.0 904.0 2320.0 904.0 2320.0 1224.0 2050.0 1224.0 ship 0
1189.0 1830.0 1206.0 1830.0 1206.0 1858.0 1189.0 1858.0 large-vehicle 0
918.0 1944.0 933.0 1944.0 933.0 1961.0 918.0 1961.0 large-vehicle 0
3730.0 2805.0 3759.0 2805.0 3759.0 2836.0 3730.0 2836.0 storage-tank 0
1096.0 1807.0 1118.0 1807.0 1118.0 1833.0 1096.0 1833.0 large-vehicle 0
719.0 720.0 775.0 720.0 775.0 771.0 719.0 771.0 ship 0
739.0 738.0 774.0 738.0 774.0 769.0 739.0 769.0 ship 0
780.0 711.0 815.0 711.0 815.0 744.0 780.0 744.0 ship 0
613.0 721.0 629.0 721.0 629.0 745.0 613.0 745.0 ship 0
608.0 725.0 624.0 725.0 624.0 751.0 608.0 751.0 ship 0
732.0 510.0 844.0 510.0 844.0 644.0 732.0 644.0 harbor 0
864.0 737.0 889.0 737.0 889.0 759.0 864.0 759.0 ship 0
817.0 696.0 860.0 696.0 860.0 735.0 817.0 735.0 ship 0
514.0 687.0 538.0 687.0 538.0 712.0 514.0 712.0 ship 0
522.0 679.0 551.0 679.0 551.0 705.0 522.0 705.0 ship 0
778.0 595.0 804.0 595.0 804.0 628.0 778.0 628.0 ship 0
783.0 607.0 813.0 607.0 813.0 638.0 783.0 638.0 ship 0
798.0 618.0 822.0 618.0 822.0 643.0 798.0 643.0 ship 0
530.0 675.0 552.0 675.0 552.0 694.0 530.0 694.0 ship 0
584.0 727.0 596.0 727.0 596.0 746.0 584.0 746.0 ship 0
589.0 619.0 610.0 619.0 610.0 635.0 589.0 635.0 ship 0
594.0 623.0 614.0 623.0 614.0 639.0 594.0 639.0 ship 0
774.0 1043.0 804.0 1043.0 804.0 1083.0 774.0 1083.0 ship 0
783.0 1036.0 821.0 1036.0 821.0 1086.0 783.0 1086.0 ship 0
795.0 1034.0 830.0 1034.0 830.0 1075.0 795.0 1075.0 ship 0
804.0 1029.0 840.0 1029.0 840.0 1069.0 804.0 1069.0 ship 0
635.0 751.0 666.0 751.0 666.0 781.0 635.0 781.0 ship 0
679.0 693.0 722.0 693.0 722.0 733.0 679.0 733.0 ship 0
669.0 685.0 716.0 685.0 716.0 726.0 669.0 726.0 ship 0
753.0 566.0 785.0 566.0 785.0 600.0 753.0 600.0 ship 0
532.0 344.0 583.0 344.0 583.0 409.0 532.0 409.0 harbor 0
556.0 352.0 599.0 352.0 599.0 405.0 556.0 405.0 ship 0
538.0 341.0 570.0 341.0 570.0 376.0 538.0 376.0 ship 0
628.0 405.0 725.0 405.0 725.0 485.0 628.0 485.0 harbor 0
711.0 457.0 727.0 457.0 727.0 484.0 711.0 484.0 ship 0
726.0 482.0 806.0 482.0 806.0 576.0 726.0 576.0 ship 0
726.0 516.0 755.0 516.0 755.0 550.0 726.0 550.0 ship 0
720.0 523.0 746.0 523.0 746.0 555.0 720.0 555.0 ship 0
762.0 561.0 788.0 561.0 788.0 591.0 762.0 591.0 ship 0
748.0 572.0 778.0 572.0 778.0 606.0 748.0 606.0 ship 0
631.0 673.0 720.0 673.0 720.0 746.0 631.0 746.0 harbor 0
741.0 579.0 770.0 579.0 770.0 612.0 741.0 612.0 ship 0
610.0 588.0 649.0 588.0 649.0 624.0 610.0 624.0 ship 0
620.0 597.0 654.0 597.0 654.0 626.0 620.0 626.0 ship 0
622.0 603.0 664.0 603.0 664.0 638.0 622.0 638.0 ship 0
663.0 660.0 705.0 660.0 705.0 696.0 663.0 696.0 ship 0
669.0 670.0 710.0 670.0 710.0 706.0 669.0 706.0 ship 0
702.0 534.0 730.0 534.0 730.0 567.0 702.0 567.0 ship 0
695.0 539.0 722.0 539.0 722.0 574.0 695.0 574.0 ship 0
716.0 529.0 736.0 529.0 736.0 556.0 716.0 556.0 ship 0
811.0 1022.0 848.0 1022.0 848.0 1062.0 811.0 1062.0 ship 0
821.0 1015.0 862.0 1015.0 862.0 1059.0 821.0 1059.0 ship 0
817.0 1101.0 842.0 1101.0 842.0 1143.0 817.0 1143.0 ship 0
987.0 1165.0 1005.0 1165.0 1005.0 1188.0 987.0 1188.0 ship 0
995.0 1051.0 1059.0 1051.0 1059.0 1129.0 995.0 1129.0 ship 0
988.0 1058.0 1024.0 1058.0 1024.0 1099.0 988.0 1099.0 ship 0
980.0 1068.0 1019.0 1068.0 1019.0 1109.0 980.0 1109.0 ship 0
920.0 1166.0 928.0 1166.0 928.0 1192.0 920.0 1192.0 ship 0
985.0 1150.0 1009.0 1150.0 1009.0 1177.0 985.0 1177.0 ship 0
995.0 1142.0 1019.0 1142.0 1019.0 1162.0 995.0 1162.0 ship 0
1007.0 1126.0 1034.0 1126.0 1034.0 1151.0 1007.0 1151.0 ship 0
1025.0 1116.0 1047.0 1116.0 1047.0 1138.0 1025.0 1138.0 ship 0
928.0 1169.0 934.0 1169.0 934.0 1187.0 928.0 1187.0 ship 0
1084.0 979.0 1154.0 979.0 1154.0 1062.0 1084.0 1062.0 harbor 0
790.0 941.0 811.0 941.0 811.0 966.0 790.0 966.0 ship 0
1088.0 996.0 1109.0 996.0 1109.0 1019.0 1088.0 1019.0 ship 0
1108.0 1019.0 1125.0 1019.0 1125.0 1038.0 1108.0 1038.0 ship 0
1122.0 1037.0 1143.0 1037.0 1143.0 1060.0 1122.0 1060.0 ship 0
1074.0 1079.0 1108.0 1079.0 1108.0 1109.0 1074.0 1109.0 ship 0
1075.0 1074.0 1101.0 1074.0 1101.0 1098.0 1075.0 1098.0 ship 0
1037.0 2032.0 1056.0 2032.0 1056.0 2054.0 1037.0 2054.0 large-vehicle 0
1075.0 2078.0 1095.0 2078.0 1095.0 2098.0 1075.0 2098.0 large-vehicle 0
1137.0 2041.0 1158.0 2041.0 1158.0 2064.0 1137.0 2064.0 large-vehicle 0
1129.0 2069.0 1148.0 2069.0 1148.0 2087.0 1129.0 2087.0 large-vehicle 0
925.0 1811.0 936.0 1811.0 936.0 1840.0 925.0 1840.0 large-vehicle 0
796.0 936.0 821.0 936.0 821.0 968.0 796.0 968.0 ship 0
830.0 1102.0 848.0 1102.0 848.0 1135.0 830.0 1135.0 ship 0
898.0 982.0 934.0 982.0 934.0 1020.0 898.0 1020.0 ship 0
837.0 1093.0 860.0 1093.0 860.0 1142.0 837.0 1142.0 ship 0
852.0 1097.0 865.0 1097.0 865.0 1130.0 852.0 1130.0 ship 0
848.0 1158.0 873.0 1158.0 873.0 1194.0 848.0 1194.0 ship 0
856.0 1151.0 884.0 1151.0 884.0 1191.0 856.0 1191.0 ship 0
845.0 931.0 924.0 931.0 924.0 1025.0 845.0 1025.0 harbor 0
870.0 945.0 906.0 945.0 906.0 987.0 870.0 987.0 ship 0
880.0 940.0 913.0 940.0 913.0 977.0 880.0 977.0 ship 0
887.0 933.0 920.0 933.0 920.0 969.0 887.0 969.0 ship 0
894.0 926.0 928.0 926.0 928.0 961.0 894.0 961.0 ship 0
907.0 975.0 943.0 975.0 943.0 1013.0 907.0 1013.0 ship 0
903.0 871.0 927.0 871.0 927.0 897.0 903.0 897.0 ship 0
914.0 967.0 950.0 967.0 950.0 1004.0 914.0 1004.0 ship 0
967.0 920.0 1003.0 920.0 1003.0 964.0 967.0 964.0 ship 0
841.0 938.0 863.0 938.0 863.0 962.0 841.0 962.0 ship 0
887.0 997.0 921.0 997.0 921.0 1035.0 887.0 1035.0 ship 0
877.0 1002.0 914.0 1002.0 914.0 1046.0 877.0 1046.0 ship 0
929.0 867.0 949.0 867.0 949.0 892.0 929.0 892.0 ship 0
922.0 869.0 947.0 869.0 947.0 901.0 922.0 901.0 ship 0
861.0 915.0 881.0 915.0 881.0 934.0 861.0 934.0 ship 0
880.0 897.0 905.0 897.0 905.0 919.0 880.0 919.0 ship 0
2676.0 1411.0 2704.0 1411.0 2704.0 1431.0 2676.0 1431.0 large-vehicle 0
2658.0 3376.0 2672.0 3376.0 2672.0 3392.0 2658.0 3392.0 large-vehicle 0
3029.0 3982.0 3043.0 3982.0 3043.0 4009.0 3029.0 4009.0 large-vehicle 0
2945.0 3567.0 2968.0 3567.0 2968.0 3586.0 2945.0 3586.0 large-vehicle 0
3817.0 2176.0 3935.0 2176.0 3935.0 2268.0 3817.0 2268.0 ship 0
3818.0 1900.0 3921.0 1900.0 3921.0 1954.0 3818.0 1954.0 ship 0
3930.0 1860.0 4035.0 1860.0 4035.0 1913.0 3930.0 1913.0 ship 0
4021.0 1696.0 4035.0 1696.0 4035.0 1711.0 4021.0 1711.0 large-vehicle 1
3741.0 1034.0 3764.0 1034.0 3764.0 1054.0 3741.0 1054.0 large-vehicle 0
3781.0 1005.0 3806.0 1005.0 3806.0 1028.0 3781.0 1028.0 large-vehicle 0
3966.0 821.0 3981.0 821.0 3981.0 838.0 3966.0 838.0 large-vehicle 0
3819.0 635.0 3835.0 635.0 3835.0 654.0 3819.0 654.0 large-vehicle 0
3891.0 709.0 3913.0 709.0 3913.0 733.0 3891.0 733.0 large-vehicle 0
3827.0 526.0 3853.0 526.0 3853.0 546.0 3827.0 546.0 large-vehicle 0
3905.0 472.0 3923.0 472.0 3923.0 488.0 3905.0 488.0 large-vehicle 0
3891.0 488.0 3910.0 488.0 3910.0 504.0 3891.0 504.0 large-vehicle 0
3954.0 450.0 3972.0 450.0 3972.0 466.0 3954.0 466.0 large-vehicle 0
3990.0 416.0 4015.0 416.0 4015.0 439.0 3990.0 439.0 large-vehicle 0
4004.0 413.0 4030.0 413.0 4030.0 435.0 4004.0 435.0 large-vehicle 0
4007.0 829.0 4029.0 829.0 4029.0 854.0 4007.0 854.0 large-vehicle 0
3848.0 1500.0 3865.0 1500.0 3865.0 1518.0 3848.0 1518.0 large-vehicle 0
3922.0 1586.0 3944.0 1586.0 3944.0 1610.0 3922.0 1610.0 large-vehicle 0
4038.0 1818.0 4144.0 1818.0 4144.0 1872.0 4038.0 1872.0 ship 0
4057.0 1838.0 4142.0 1838.0 4142.0 1883.0 4057.0 1883.0 ship 0
4051.0 1852.0 4157.0 1852.0 4157.0 1903.0 4051.0 1903.0 ship 0
3834.0 2201.0 3937.0 2201.0 3937.0 2281.0 3834.0 2281.0 ship 0
3836.0 2216.0 3949.0 2216.0 3949.0 2307.0 3836.0 2307.0 ship 0
3855.0 2237.0 3954.0 2237.0 3954.0 2318.0 3855.0 2318.0 ship 0
3684.0 1798.0 3743.0 1798.0 3743.0 1872.0 3684.0 1872.0 ship 0
3660.0 1413.0 3679.0 1413.0 3679.0 1485.0 3660.0 1485.0 ship 0
3670.0 1402.0 3695.0 1402.0 3695.0 1487.0 3670.0 1487.0 ship 0
3685.0 1404.0 3711.0 1404.0 3711.0 1485.0 3685.0 1485.0 ship 0
3699.0 1403.0 3726.0 1403.0 3726.0 1490.0 3699.0 1490.0 ship 0
3691.0 1508.0 3712.0 1508.0 3712.0 1577.0 3691.0 1577.0 ship 0
3668.0 1579.0 3702.0 1579.0 3702.0 1693.0 3668.0 1693.0 ship 0
3654.0 1592.0 3681.0 1592.0 3681.0 1680.0 3654.0 1680.0 ship 0
3660.0 1704.0 3686.0 1704.0 3686.0 1787.0 3660.0 1787.0 ship 0
3463.0 3858.0 3763.0 3858.0 3763.0 4215.0 3463.0 4215.0 ship 0
3735.0 1866.0 3819.0 1866.0 3819.0 1968.0 3735.0 1968.0 ship 0
3865.0 2251.0 3964.0 2251.0 3964.0 2333.0 3865.0 2333.0 ship 0
3774.0 2411.0 3798.0 2411.0 3798.0 2435.0 3774.0 2435.0 large-vehicle 0
3720.0 624.0 3741.0 624.0 3741.0 641.0 3720.0 641.0 large-vehicle 0
3745.0 534.0 3761.0 534.0 3761.0 552.0 3745.0 552.0 large-vehicle 0
3722.0 505.0 3741.0 505.0 3741.0 526.0 3722.0 526.0 large-vehicle 0
3771.0 552.0 3797.0 552.0 3797.0 568.0 3771.0 568.0 large-vehicle 0
3717.0 509.0 3735.0 509.0 3735.0 530.0 3717.0 530.0 large-vehicle 0
3734.0 204.0 3751.0 204.0 3751.0 223.0 3734.0 223.0 large-vehicle 0
3668.0 1091.0 3693.0 1091.0 3693.0 1112.0 3668.0 1112.0 large-vehicle 0
3772.0 1684.0 3781.0 1684.0 3781.0 1711.0 3772.0 1711.0 large-vehicle 0
4073.0 1884.0 4114.0 1884.0 4114.0 1905.0 4073.0 1905.0 ship 0
3950.0 2148.0 4040.0 2148.0 4040.0 2223.0 3950.0 2223.0 ship 0
3954.0 2164.0 4048.0 2164.0 4048.0 2244.0 3954.0 2244.0 ship 0
4664.0 2228.0 4686.0 2228.0 4686.0 2249.0 4664.0 2249.0 large-vehicle 0
4306.0 2321.0 4321.0 2321.0 4321.0 2338.0 4306.0 2338.0 large-vehicle 0
4393.0 2615.0 4413.0 2615.0 4413.0 2642.0 4393.0 2642.0 large-vehicle 0
4102.0 3524.0 4464.0 3524.0 4464.0 3956.0 4102.0 3956.0 ship 0
4522.0 454.0 4540.0 454.0 4540.0 468.0 4522.0 468.0 large-vehicle 0
4367.0 1309.0 4389.0 1309.0 4389.0 1333.0 4367.0 1333.0 large-vehicle 0
4412.0 1237.0 4583.0 1237.0 4583.0 1417.0 4412.0 1417.0 ground-track-field 1
4559.0 1545.0 4564.0 1545.0 4564.0 1565.0 4559.0 1565.0 large-vehicle 0
4588.0 1551.0 4608.0 1551.0 4608.0 1575.0 4588.0 1575.0 large-vehicle 0
4549.0 2350.0 4577.0 2350.0 4577.0 2374.0 4549.0 2374.0 large-vehicle 0
963.0 863.0 979.0 863.0 979.0 879.0 963.0 879.0 storage-tank 0
4400.0 1918.0 4416.0 1918.0 4416.0 1933.0 4400.0 1933.0 large-vehicle 0
977.0 880.0 994.0 880.0 994.0 896.0 977.0 896.0 storage-tank 0
990.0 895.0 1006.0 895.0 1006.0 913.0 990.0 913.0 storage-tank 0
1004.0 913.0 1019.0 913.0 1019.0 930.0 1004.0 930.0 storage-tank 0
2750.0 3119.0 2775.0 3119.0 2775.0 3146.0 2750.0 3146.0 storage-tank 0
2795.0 3175.0 2820.0 3175.0 2820.0 3202.0 2795.0 3202.0 storage-tank 0
3692.0 2702.0 3725.0 2702.0 3725.0 2733.0 3692.0 2733.0 storage-tank 0
3720.0 2732.0 3762.0 2732.0 3762.0 2778.0 3720.0 2778.0 storage-tank 0
3675.0 2766.0 3719.0 2766.0 3719.0 2808.0 3675.0 2808.0 storage-tank 0
3714.0 2829.0 3730.0 2829.0 3730.0 2848.0 3714.0 2848.0 storage-tank 0
4255.0 2486.0 4278.0 2486.0 4278.0 2507.0 4255.0 2507.0 large-vehicle 0
4419.0 1909.0 4438.0 1909.0 4438.0 1927.0 4419.0 1927.0 large-vehicle 0
3970.0 2178.0 4058.0 2178.0 4058.0 2253.0 3970.0 2253.0 ship 0
4172.0 1845.0 4258.0 1845.0 4258.0 1884.0 4172.0 1884.0 ship 0
4053.0 2083.0 4148.0 2083.0 4148.0 2164.0 4053.0 2164.0 ship 0
4065.0 2099.0 4154.0 2099.0 4154.0 2176.0 4065.0 2176.0 ship 0
4341.0 138.0 4366.0 138.0 4366.0 160.0 4341.0 160.0 large-vehicle 0
4303.0 1235.0 4324.0 1235.0 4324.0 1261.0 4303.0 1261.0 large-vehicle 0
4411.0 1368.0 4433.0 1368.0 4433.0 1394.0 4411.0 1394.0 large-vehicle 0
4144.0 1787.0 4234.0 1787.0 4234.0 1832.0 4144.0 1832.0 ship 0
4156.0 1806.0 4231.0 1806.0 4231.0 1844.0 4156.0 1844.0 ship 0
4154.0 1818.0 4243.0 1818.0 4243.0 1860.0 4154.0 1860.0 ship 0
4162.0 1831.0 4250.0 1831.0 4250.0 1872.0 4162.0 1872.0 ship 0
4233.0 1756.0 4317.0 1756.0 4317.0 1800.0 4233.0 1800.0 ship 0
4142.0 2009.0 4240.0 2009.0 4240.0 2090.0 4142.0 2090.0 ship 0
4232.0 1773.0 4318.0 1773.0 4318.0 1817.0 4232.0 1817.0 ship 0
4240.0 1780.0 4342.0 1780.0 4342.0 1831.0 4240.0 1831.0 ship 0
4330.0 1748.0 4369.0 1748.0 4369.0 1792.0 4330.0 1792.0 ship 0
4388.0 1822.0 4426.0 1822.0 4426.0 1863.0 4388.0 1863.0 ship 0
4339.0 1894.0 4416.0 1894.0 4416.0 1960.0 4339.0 1960.0 ship 0
4268.0 1949.0 4345.0 1949.0 4345.0 2017.0 4268.0 2017.0 ship 0
4257.0 1942.0 4333.0 1942.0 4333.0 2005.0 4257.0 2005.0 ship 0
4248.0 1928.0 4328.0 1928.0 4328.0 1992.0 4248.0 1992.0 ship 0
4151.0 2028.0 4245.0 2028.0 4245.0 2104.0 4151.0 2104.0 ship 0
3649.0 1414.0 3668.0 1414.0 3668.0 1481.0 3649.0 1481.0 ship 0
3636.0 1414.0 3656.0 1414.0 3656.0 1482.0 3636.0 1482.0 ship 0
3635.0 587.0 3661.0 587.0 3661.0 611.0 3635.0 611.0 large-vehicle 0
3265.0 1479.0 3336.0 1479.0 3336.0 1540.0 3265.0 1540.0 ship 0
3371.0 3385.0 3410.0 3385.0 3410.0 3427.0 3371.0 3427.0 ship 0
3398.0 2590.0 3476.0 2590.0 3476.0 2688.0 3398.0 2688.0 ship 0
3351.0 2522.0 3411.0 2522.0 3411.0 2595.0 3351.0 2595.0 ship 0
3274.0 2437.0 3353.0 2437.0 3353.0 2527.0 3274.0 2527.0 ship 0
3232.0 2213.0 3424.0 2213.0 3424.0 2441.0 3232.0 2441.0 ship 0
3167.0 1968.0 3260.0 1968.0 3260.0 2077.0 3167.0 2077.0 ship 0
3232.0 1447.0 3310.0 1447.0 3310.0 1511.0 3232.0 1511.0 ship 0
3241.0 1457.0 3320.0 1457.0 3320.0 1523.0 3241.0 1523.0 ship 0
3260.0 1473.0 3323.0 1473.0 3323.0 1526.0 3260.0 1526.0 ship 0
3279.0 1489.0 3345.0 1489.0 3345.0 1546.0 3279.0 1546.0 ship 0
3138.0 2735.0 3188.0 2735.0 3188.0 2797.0 3138.0 2797.0 ship 0
3328.0 1374.0 3401.0 1374.0 3401.0 1434.0 3328.0 1434.0 ship 0
3327.0 1387.0 3408.0 1387.0 3408.0 1455.0 3327.0 1455.0 ship 0
3330.0 1400.0 3419.0 1400.0 3419.0 1473.0 3330.0 1473.0 ship 0
3347.0 1420.0 3419.0 1420.0 3419.0 1480.0 3347.0 1480.0 ship 0
3351.0 1421.0 3446.0 1421.0 3446.0 1495.0 3351.0 1495.0 ship 0
3288.0 967.0 3314.0 967.0 3314.0 991.0 3288.0 991.0 large-vehicle 0
3206.0 1039.0 3229.0 1039.0 3229.0 1062.0 3206.0 1062.0 large-vehicle 0
3341.0 711.0 3363.0 711.0 3363.0 737.0 3341.0 737.0 large-vehicle 0
3338.0 26.0 3353.0 26.0 3353.0 44.0 3338.0 44.0 large-vehicle 0
3106.0 4082.0 3121.0 4082.0 3121.0 4100.0 3106.0 4100.0 large-vehicle 0
3198.0 2344.0 3284.0 2344.0 3284.0 2450.0 3198.0 2450.0 ship 0
3392.0 80.0 3412.0 80.0 3412.0 106.0 3392.0 106.0 large-vehicle 0
3088.0 1564.0 3163.0 1564.0 3163.0 1630.0 3088.0 1630.0 ship 0
2754.0 2972.0 2946.0 2972.0 2946.0 3202.0 2754.0 3202.0 ship 0
2798.0 1768.0 2911.0 1768.0 2911.0 1815.0 2798.0 1815.0 ship 0
2806.0 1784.0 2916.0 1784.0 2916.0 1831.0 2806.0 1831.0 ship 0
2926.0 1715.0 2985.0 1715.0 2985.0 1769.0 2926.0 1769.0 ship 0
2981.0 1634.0 3082.0 1634.0 3082.0 1724.0 2981.0 1724.0 ship 0
3004.0 1660.0 3082.0 1660.0 3082.0 1730.0 3004.0 1730.0 ship 0
2926.0 1253.0 2940.0 1253.0 2940.0 1267.0 2926.0 1267.0 large-vehicle 1
2897.0 741.0 2916.0 741.0 2916.0 754.0 2897.0 754.0 large-vehicle 0
3143.0 968.0 3171.0 968.0 3171.0 987.0 3143.0 987.0 large-vehicle 0
3101.0 1574.0 3173.0 1574.0 3173.0 1637.0 3101.0 1637.0 ship 0
3094.0 2022.0 3118.0 2022.0 3118.0 2042.0 3094.0 2042.0 large-vehicle 0
3155.0 1505.0 3238.0 1505.0 3238.0 1574.0 3155.0 1574.0 ship 0
3085.0 1593.0 3190.0 1593.0 3190.0 1661.0 3085.0 1661.0 ship 0
3094.0 1587.0 3258.0 1587.0 3258.0 1681.0 3094.0 1681.0 ship 0
3165.0 1514.0 3250.0 1514.0 3250.0 1586.0 3165.0 1586.0 ship 0
3181.0 1526.0 3261.0 1526.0 3261.0 1593.0 3181.0 1593.0 ship 0
3191.0 1537.0 3271.0 1537.0 3271.0 1603.0 3191.0 1603.0 ship 0
3211.0 1555.0 3273.0 1555.0 3273.0 1604.0 3211.0 1604.0 ship 0
3043.0 2153.0 3148.0 2153.0 3148.0 2275.0 3043.0 2275.0 ship 0
3140.0 2262.0 3207.0 2262.0 3207.0 2343.0 3140.0 2343.0 ship 0
3352.0 33.0 3374.0 33.0 3374.0 59.0 3352.0 59.0 large-vehicle 0
3357.0 50.0 3381.0 50.0 3381.0 78.0 3357.0 78.0 large-vehicle 0
3659.0 427.0 3681.0 427.0 3681.0 452.0 3659.0 452.0 large-vehicle 0
3457.0 174.0 3479.0 174.0 3479.0 199.0 3457.0 199.0 large-vehicle 0
3602.0 1226.0 3665.0 1226.0 3665.0 1303.0 3602.0 1303.0 ship 0
3589.0 1233.0 3653.0 1233.0 3653.0 1311.0 3589.0 1311.0 ship 0
3577.0 1243.0 3636.0 1243.0 3636.0 1313.0 3577.0 1313.0 ship 0
3564.0 1253.0 3624.0 1253.0 3624.0 1322.0 3564.0 1322.0 ship 0
3654.0 1296.0 3731.0 1296.0 3731.0 1387.0 3654.0 1387.0 ship 0
3639.0 1306.0 3718.0 1306.0 3718.0 1401.0 3639.0 1401.0 large-vehicle 0
3630.0 1321.0 3700.0 1321.0 3700.0 1406.0 3630.0 1406.0 ship 0
3616.0 1331.0 3686.0 1331.0 3686.0 1412.0 3616.0 1412.0 ship 0
3608.0 1344.0 3667.0 1344.0 3667.0 1414.0 3608.0 1414.0 ship 0
3489.0 224.0 3505.0 224.0 3505.0 242.0 3489.0 242.0 large-vehicle 0
3491.0 1285.0 3564.0 1285.0 3564.0 1345.0 3491.0 1345.0 ship 0
3503.0 241.0 3524.0 241.0 3524.0 266.0 3503.0 266.0 large-vehicle 0
3522.0 264.0 3537.0 264.0 3537.0 282.0 3522.0 282.0 large-vehicle 0
3535.0 282.0 3556.0 282.0 3556.0 306.0 3535.0 306.0 large-vehicle 0
3550.0 289.0 3572.0 289.0 3572.0 314.0 3550.0 314.0 large-vehicle 0
3463.0 192.0 3485.0 192.0 3485.0 217.0 3463.0 217.0 large-vehicle 0
3499.0 226.0 3514.0 226.0 3514.0 242.0 3499.0 242.0 large-vehicle 0
3511.0 231.0 3533.0 231.0 3533.0 256.0 3511.0 256.0 large-vehicle 0
3602.0 355.0 3624.0 355.0 3624.0 380.0 3602.0 380.0 large-vehicle 0
3588.0 348.0 3604.0 348.0 3604.0 366.0 3588.0 366.0 large-vehicle 0
3533.0 1211.0 3603.0 1211.0 3603.0 1270.0 3533.0 1270.0 ship 0
3474.0 1273.0 3553.0 1273.0 3553.0 1339.0 3474.0 1339.0 ship 0
3378.0 77.0 3393.0 77.0 3393.0 94.0 3378.0 94.0 large-vehicle 0
3669.0 2934.0 3723.0 2934.0 3723.0 2996.0 3669.0 2996.0 ship 0
3396.0 99.0 3415.0 99.0 3415.0 120.0 3396.0 120.0 large-vehicle 0
3429.0 140.0 3451.0 140.0 3451.0 166.0 3429.0 166.0 large-vehicle 0
3241.0 2063.0 3342.0 2063.0 3342.0 2180.0 3241.0 2180.0 ship 0
3335.0 2188.0 3398.0 2188.0 3398.0 2263.0 3335.0 2263.0 ship 0
3380.0 2154.0 3451.0 2154.0 3451.0 2249.0 3380.0 2249.0 ship 0
3362.0 2164.0 3438.0 2164.0 3438.0 2259.0 3362.0 2259.0 ship 0
3340.0 2166.0 3425.0 2166.0 3425.0 2274.0 3340.0 2274.0 ship 0
3538.0 2774.0 3632.0 2774.0 3632.0 2884.0 3538.0 2884.0 ship 0
3467.0 2680.0 3554.0 2680.0 3554.0 2784.0 3467.0 2784.0 ship 0
3409.0 2277.0 3496.0 2277.0 3496.0 2383.0 3409.0 2383.0 ship 0
3467.0 1263.0 3541.0 1263.0 3541.0 1324.0 3467.0 1324.0 ship 0
3430.0 2272.0 3506.0 2272.0 3506.0 2365.0 3430.0 2365.0 ship 0
3491.0 2377.0 3584.0 2377.0 3584.0 2494.0 3491.0 2494.0 ship 0
3513.0 2369.0 3603.0 2369.0 3603.0 2487.0 3513.0 2487.0 ship 0
3547.0 2378.0 3613.0 2378.0 3613.0 2472.0 3547.0 2472.0 ship 0
3560.0 2360.0 3633.0 2360.0 3633.0 2475.0 3560.0 2475.0 ship 0
3572.0 2340.0 3649.0 2340.0 3649.0 2464.0 3572.0 2464.0 ship 0
3402.0 1318.0 3472.0 1318.0 3472.0 1375.0 3402.0 1375.0 ship 0
3404.0 1334.0 3475.0 1334.0 3475.0 1389.0 3404.0 1389.0 ship 0
3411.0 1341.0 3489.0 1341.0 3489.0 1401.0 3411.0 1401.0 ship 0
258.0 53.0 372.0 53.0 372.0 157.0 258.0 157.0 ship 0
