1362.0 729.0 1624.0 729.0 1624.0 1082.0 1362.0 1082.0 harbor 0
2448.0 396.0 2509.0 396.0 2509.0 457.0 2448.0 457.0 ship 0
2364.0 486.0 2435.0 486.0 2435.0 545.0 2364.0 545.0 ship 0
2297.0 1481.0 2400.0 1481.0 2400.0 1539.0 2297.0 1539.0 ship 0
2555.0 1654.0 2616.0 1654.0 2616.0 1759.0 2555.0 1759.0 ship 0
2521.0 1649.0 2582.0 1649.0 2582.0 1752.0 2521.0 1752.0 ship 0
2565.0 1759.0 2608.0 1759.0 2608.0 1830.0 2565.0 1830.0 ship 0
2145.0 1440.0 2186.0 1440.0 2186.0 1510.0 2145.0 1510.0 ship 0
2031.0 993.0 2074.0 993.0 2074.0 1032.0 2031.0 1032.0 ship 0
2065.0 1195.0 2111.0 1195.0 2111.0 1228.0 2065.0 1228.0 ship 0
2018.0 1091.0 2071.0 1091.0 2071.0 1183.0 2018.0 1183.0 ship 0
1953.0 732.0 2004.0 732.0 2004.0 755.0 1953.0 755.0 ship 0
2138.0 711.0 2206.0 711.0 2206.0 763.0 2138.0 763.0 ship 0
1982.0 278.0 2021.0 278.0 2021.0 330.0 1982.0 330.0 ship 0
1995.0 267.0 2039.0 267.0 2039.0 324.0 1995.0 324.0 ship 0
1573.0 1736.0 1638.0 1736.0 1638.0 1846.0 1573.0 1846.0 harbor 0
1461.0 1403.0 1543.0 1403.0 1543.0 1573.0 1461.0 1573.0 harbor 0
2416.0 296.0 2479.0 296.0 2479.0 371.0 2416.0 371.0 ship 0
2466.0 387.0 2524.0 387.0 2524.0 446.0 2466.0 446.0 ship 0
2931.0 1292.0 2963.0 1292.0 2963.0 1359.0 2931.0 1359.0 ship 1
2480.0 376.0 2535.0 376.0 2535.0 433.0 2480.0 433.0 ship 0
3072.0 1185.0 3101.0 1185.0 3101.0 1221.0 3072.0 1221.0 ship 0
3000.0 1276.0 3052.0 1276.0 3052.0 1319.0 3000.0 1319.0 ship 0
2861.0 1315.0 2901.0 1315.0 2901.0 1391.0 2861.0 1391.0 ship 0
2821.0 1334.0 2860.0 1334.0 2860.0 1405.0 2821.0 1405.0 ship 0
2799.0 1331.0 2840.0 1331.0 2840.0 1412.0 2799.0 1412.0 ship 0
2681.0 1383.0 2722.0 1383.0 2722.0 1457.0 2681.0 1457.0 ship 0
3096.0 1160.0 3141.0 1160.0 3141.0 1213.0 3096.0 1213.0 ship 0
3057.0 1128.0 3095.0 1128.0 3095.0 1173.0 3057.0 1173.0 ship 0
3066.0 1118.0 3106.0 1118.0 3106.0 1166.0 3066.0 1166.0 ship 0
2971.0 1088.0 3025.0 1088.0 3025.0 1166.0 2971.0 1166.0 ship 0
2985.0 1076.0 3044.0 1076.0 3044.0 1155.0 2985.0 1155.0 ship 0
3000.0 1067.0 3061.0 1067.0 3061.0 1142.0 3000.0 1142.0 ship 0
3023.0 1067.0 3073.0 1067.0 3073.0 1129.0 3023.0 1129.0 ship 0
2969.0 998.0 3032.0 998.0 3032.0 1072.0 2969.0 1072.0 ship 0
2807.0 791.0 2871.0 791.0 2871.0 867.0 2807.0 867.0 ship 0
1269.0 1354.0 1504.0 1354.0 1504.0 1519.0 1269.0 1519.0 harbor 0
