974.0 541.0 995.0 541.0 995.0 562.0 974.0 562.0 small-vehicle 0
422.0 212.0 439.0 212.0 439.0 233.0 422.0 233.0 small-vehicle 0
334.0 267.0 358.0 267.0 358.0 284.0 334.0 284.0 small-vehicle 0
451.0 200.0 469.0 200.0 469.0 221.0 451.0 221.0 small-vehicle 0
429.0 258.0 444.0 258.0 444.0 278.0 429.0 278.0 small-vehicle 0
439.0 254.0 454.0 254.0 454.0 274.0 439.0 274.0 small-vehicle 0
448.0 249.0 465.0 249.0 465.0 270.0 448.0 270.0 small-vehicle 0
471.0 243.0 486.0 243.0 486.0 262.0 471.0 262.0 small-vehicle 0
489.0 233.0 506.0 233.0 506.0 254.0 489.0 254.0 small-vehicle 0
511.0 224.0 528.0 224.0 528.0 244.0 511.0 244.0 small-vehicle 0
520.0 219.0 538.0 219.0 538.0 239.0 520.0 239.0 small-vehicle 0
603.0 188.0 619.0 188.0 619.0 207.0 603.0 207.0 small-vehicle 0
613.0 183.0 628.0 183.0 628.0 203.0 613.0 203.0 small-vehicle 0
620.0 175.0 639.0 175.0 639.0 198.0 620.0 198.0 small-vehicle 0
632.0 172.0 650.0 172.0 650.0 195.0 632.0 195.0 small-vehicle 0
643.0 171.0 659.0 171.0 659.0 190.0 643.0 190.0 small-vehicle 0
651.0 165.0 669.0 165.0 669.0 187.0 651.0 187.0 small-vehicle 0
558.0 150.0 575.0 150.0 575.0 173.0 558.0 173.0 small-vehicle 0
546.0 154.0 565.0 154.0 565.0 178.0 546.0 178.0 small-vehicle 0
535.0 160.0 551.0 160.0 551.0 180.0 535.0 180.0 small-vehicle 0
675.0 196.0 697.0 196.0 697.0 212.0 675.0 212.0 small-vehicle 0
679.0 205.0 701.0 205.0 701.0 222.0 679.0 222.0 small-vehicle 0
689.0 238.0 712.0 238.0 712.0 255.0 689.0 255.0 small-vehicle 0
696.0 255.0 719.0 255.0 719.0 274.0 696.0 274.0 small-vehicle 0
736.0 306.0 756.0 306.0 756.0 328.0 736.0 328.0 small-vehicle 0
777.0 297.0 795.0 297.0 795.0 320.0 777.0 320.0 small-vehicle 0
788.0 295.0 805.0 295.0 805.0 316.0 788.0 316.0 small-vehicle 0
816.0 281.0 833.0 281.0 833.0 302.0 816.0 302.0 small-vehicle 0
757.0 304.0 775.0 304.0 775.0 327.0 757.0 327.0 small-vehicle 0
331.0 256.0 353.0 256.0 353.0 273.0 331.0 273.0 small-vehicle 0
412.0 191.0 430.0 191.0 430.0 213.0 412.0 213.0 small-vehicle 0
98.0 128.0 127.0 128.0 127.0 147.0 98.0 147.0 small-vehicle 0
424.0 188.0 441.0 188.0 441.0 209.0 424.0 209.0 small-vehicle 0
265.0 473.0 322.0 473.0 322.0 523.0 265.0 523.0 large-vehicle 0
394.0 314.0 428.0 314.0 428.0 373.0 394.0 373.0 large-vehicle 0
956.0 948.0 1007.0 948.0 1007.0 1009.0 956.0 1009.0 large-vehicle 0
41.0 215.0 76.0 215.0 76.0 270.0 41.0 270.0 large-vehicle 0
69.0 199.0 102.0 199.0 102.0 245.0 69.0 245.0 large-vehicle 0
79.0 186.0 112.0 186.0 112.0 238.0 79.0 238.0 large-vehicle 0
94.0 182.0 124.0 182.0 124.0 223.0 94.0 223.0 large-vehicle 0
102.0 170.0 141.0 170.0 141.0 228.0 102.0 228.0 large-vehicle 0
122.0 161.0 161.0 161.0 161.0 216.0 122.0 216.0 large-vehicle 0
135.0 151.0 173.0 151.0 173.0 209.0 135.0 209.0 large-vehicle 0
157.0 159.0 185.0 159.0 185.0 201.0 157.0 201.0 large-vehicle 0
221.0 262.0 268.0 262.0 268.0 310.0 221.0 310.0 large-vehicle 0
262.0 299.0 324.0 299.0 324.0 357.0 262.0 357.0 large-vehicle 0
234.0 322.0 289.0 322.0 289.0 374.0 234.0 374.0 large-vehicle 0
172.0 384.0 227.0 384.0 227.0 436.0 172.0 436.0 large-vehicle 0
308.0 414.0 369.0 414.0 369.0 476.0 308.0 476.0 large-vehicle 0
327.0 406.0 385.0 406.0 385.0 463.0 327.0 463.0 large-vehicle 0
281.0 438.0 344.0 438.0 344.0 496.0 281.0 496.0 large-vehicle 0
277.0 455.0 338.0 455.0 338.0 514.0 277.0 514.0 large-vehicle 0
585.0 522.0 636.0 522.0 636.0 542.0 585.0 542.0 large-vehicle 0
339.0 370.0 404.0 370.0 404.0 435.0 339.0 435.0 large-vehicle 0
307.0 264.0 334.0 264.0 334.0 283.0 307.0 283.0 small-vehicle 0
312.0 277.0 338.0 277.0 338.0 295.0 312.0 295.0 small-vehicle 0
316.0 288.0 342.0 288.0 342.0 306.0 316.0 306.0 small-vehicle 0
323.0 297.0 346.0 297.0 346.0 316.0 323.0 316.0 small-vehicle 0
445.0 179.0 461.0 179.0 461.0 201.0 445.0 201.0 small-vehicle 0
435.0 184.0 451.0 184.0 451.0 205.0 435.0 205.0 small-vehicle 0
46.0 152.0 74.0 152.0 74.0 171.0 46.0 171.0 small-vehicle 0
133.0 117.0 155.0 117.0 155.0 134.0 133.0 134.0 small-vehicle 0
497.0 9.0 518.0 9.0 518.0 34.0 497.0 34.0 small-vehicle 0
987.0 809.0 1004.0 809.0 1004.0 826.0 987.0 826.0 small-vehicle 1
1074.0 741.0 1094.0 741.0 1094.0 760.0 1074.0 760.0 small-vehicle 0
1067.0 781.0 1085.0 781.0 1085.0 800.0 1067.0 800.0 small-vehicle 0
976.0 703.0 997.0 703.0 997.0 726.0 976.0 726.0 small-vehicle 0
992.0 695.0 1012.0 695.0 1012.0 715.0 992.0 715.0 small-vehicle 0
966.0 711.0 987.0 711.0 987.0 732.0 966.0 732.0 small-vehicle 0
957.0 719.0 977.0 719.0 977.0 739.0 957.0 739.0 small-vehicle 0
1001.0 683.0 1022.0 683.0 1022.0 704.0 1001.0 704.0 small-vehicle 0
1012.0 664.0 1037.0 664.0 1037.0 689.0 1012.0 689.0 small-vehicle 0
917.0 740.0 948.0 740.0 948.0 772.0 917.0 772.0 small-vehicle 0
935.0 741.0 957.0 741.0 957.0 763.0 935.0 763.0 small-vehicle 0
961.0 756.0 981.0 756.0 981.0 777.0 961.0 777.0 small-vehicle 0
1001.0 719.0 1020.0 719.0 1020.0 738.0 1001.0 738.0 small-vehicle 0
1010.0 712.0 1029.0 712.0 1029.0 731.0 1010.0 731.0 small-vehicle 0
1028.0 761.0 1055.0 761.0 1055.0 788.0 1028.0 788.0 small-vehicle 0
873.0 933.0 895.0 933.0 895.0 955.0 873.0 955.0 small-vehicle 0
890.0 954.0 913.0 954.0 913.0 976.0 890.0 976.0 small-vehicle 0
916.0 984.0 937.0 984.0 937.0 1005.0 916.0 1005.0 small-vehicle 0
908.0 974.0 931.0 974.0 931.0 995.0 908.0 995.0 small-vehicle 0
925.0 991.0 947.0 991.0 947.0 1013.0 925.0 1013.0 small-vehicle 0
174.0 100.0 199.0 100.0 199.0 118.0 174.0 118.0 small-vehicle 0
333.0 40.0 356.0 40.0 356.0 55.0 333.0 55.0 small-vehicle 0
355.0 30.0 380.0 30.0 380.0 47.0 355.0 47.0 small-vehicle 0
442.0 32.0 460.0 32.0 460.0 55.0 442.0 55.0 small-vehicle 0
453.0 29.0 472.0 29.0 472.0 51.0 453.0 51.0 small-vehicle 0
466.0 27.0 483.0 27.0 483.0 48.0 466.0 48.0 small-vehicle 0
474.0 16.0 494.0 16.0 494.0 41.0 474.0 41.0 small-vehicle 0
488.0 18.0 505.0 18.0 505.0 38.0 488.0 38.0 small-vehicle 0
1002.0 790.0 1021.0 790.0 1021.0 811.0 1002.0 811.0 small-vehicle 0
969.0 813.0 990.0 813.0 990.0 835.0 969.0 835.0 small-vehicle 0
153.0 110.0 174.0 110.0 174.0 125.0 153.0 125.0 small-vehicle 0
1034.0 875.0 1053.0 875.0 1053.0 893.0 1034.0 893.0 small-vehicle 0
520.0 587.0 543.0 587.0 543.0 604.0 520.0 604.0 small-vehicle 0
568.0 564.0 584.0 564.0 584.0 584.0 568.0 584.0 small-vehicle 0
597.0 548.0 614.0 548.0 614.0 569.0 597.0 569.0 small-vehicle 0
609.0 546.0 622.0 546.0 622.0 562.0 609.0 562.0 small-vehicle 1
621.0 543.0 636.0 543.0 636.0 560.0 621.0 560.0 small-vehicle 0
725.0 591.0 744.0 591.0 744.0 610.0 725.0 610.0 small-vehicle 0
769.0 561.0 783.0 561.0 783.0 576.0 769.0 576.0 small-vehicle 1
808.0 791.0 832.0 791.0 832.0 812.0 808.0 812.0 small-vehicle 0
911.0 795.0 934.0 795.0 934.0 816.0 911.0 816.0 small-vehicle 0
928.0 784.0 947.0 784.0 947.0 802.0 928.0 802.0 small-vehicle 0
936.0 779.0 956.0 779.0 956.0 797.0 936.0 797.0 small-vehicle 0
945.0 770.0 965.0 770.0 965.0 791.0 945.0 791.0 small-vehicle 0
928.0 857.0 950.0 857.0 950.0 878.0 928.0 878.0 small-vehicle 0
937.0 865.0 958.0 865.0 958.0 885.0 937.0 885.0 small-vehicle 0
942.0 878.0 962.0 878.0 962.0 897.0 942.0 897.0 small-vehicle 0
949.0 887.0 970.0 887.0 970.0 905.0 949.0 905.0 small-vehicle 0
955.0 896.0 974.0 896.0 974.0 914.0 955.0 914.0 small-vehicle 0
962.0 901.0 983.0 901.0 983.0 923.0 962.0 923.0 small-vehicle 0
981.0 855.0 1001.0 855.0 1001.0 875.0 981.0 875.0 small-vehicle 0
1010.0 828.0 1032.0 828.0 1032.0 848.0 1010.0 848.0 small-vehicle 0
1034.0 807.0 1055.0 807.0 1055.0 828.0 1034.0 828.0 small-vehicle 0
1048.0 858.0 1067.0 858.0 1067.0 879.0 1048.0 879.0 small-vehicle 0
996.0 911.0 1015.0 911.0 1015.0 930.0 996.0 930.0 small-vehicle 0
1005.0 904.0 1023.0 904.0 1023.0 924.0 1005.0 924.0 small-vehicle 0
1012.0 896.0 1031.0 896.0 1031.0 916.0 1012.0 916.0 small-vehicle 0
1021.0 891.0 1040.0 891.0 1040.0 910.0 1021.0 910.0 small-vehicle 0
1026.0 881.0 1047.0 881.0 1047.0 901.0 1026.0 901.0 small-vehicle 0
59.0 212.0 81.0 212.0 81.0 249.0 59.0 249.0 large-vehicle 0
