1380.0 459.0 1423.0 459.0 1423.0 484.0 1380.0 484.0 soccer-ball-field 1
917.0 547.0 928.0 547.0 928.0 565.0 917.0 565.0 tennis-court 1
906.0 545.0 917.0 545.0 917.0 564.0 906.0 564.0 tennis-court 1
894.0 544.0 904.0 544.0 904.0 564.0 894.0 564.0 tennis-court 1
920.0 520.0 930.0 520.0 930.0 539.0 920.0 539.0 tennis-court 1
908.0 521.0 918.0 521.0 918.0 538.0 908.0 538.0 tennis-court 1
896.0 519.0 906.0 519.0 906.0 537.0 896.0 537.0 tennis-court 1
923.0 496.0 932.0 496.0 932.0 513.0 923.0 513.0 tennis-court 1
910.0 494.0 921.0 494.0 921.0 512.0 910.0 512.0 tennis-court 1
898.0 493.0 908.0 493.0 908.0 511.0 898.0 511.0 tennis-court 1
922.0 460.0 933.0 460.0 933.0 484.0 922.0 484.0 tennis-court 1
902.0 457.0 914.0 457.0 914.0 484.0 902.0 484.0 tennis-court 1
816.0 445.0 900.0 445.0 900.0 565.0 816.0 565.0 soccer-ball-field 0
432.0 393.0 511.0 393.0 511.0 508.0 432.0 508.0 soccer-ball-field 0
