1433.0 3330.0 1683.0 3330.0 1683.0 3574.0 1433.0 3574.0 plane 0
1126.0 3062.0 1254.0 3062.0 1254.0 3199.0 1126.0 3199.0 plane 0
664.0 615.0 765.0 615.0 765.0 734.0 664.0 734.0 plane 0
1004.0 605.0 1144.0 605.0 1144.0 777.0 1004.0 777.0 plane 0
1227.0 601.0 1334.0 601.0 1334.0 719.0 1227.0 719.0 plane 0
607.0 896.0 746.0 896.0 746.0 1033.0 607.0 1033.0 plane 0
619.0 1447.0 753.0 1447.0 753.0 1576.0 619.0 1576.0 plane 0
615.0 1786.0 754.0 1786.0 754.0 1914.0 615.0 1914.0 plane 0
617.0 1948.0 747.0 1948.0 747.0 2079.0 617.0 2079.0 plane 0
631.0 2131.0 748.0 2131.0 748.0 2229.0 631.0 2229.0 plane 0
627.0 2417.0 746.0 2417.0 746.0 2519.0 627.0 2519.0 plane 0
622.0 2547.0 745.0 2547.0 745.0 2648.0 622.0 2648.0 plane 0
1121.0 1302.0 1263.0 1302.0 1263.0 1432.0 1121.0 1432.0 plane 0
1109.0 1621.0 1261.0 1621.0 1261.0 1761.0 1109.0 1761.0 plane 0
1121.0 1848.0 1267.0 1848.0 1267.0 1980.0 1121.0 1980.0 plane 0
1104.0 2317.0 1254.0 2317.0 1254.0 2445.0 1104.0 2445.0 plane 0
1114.0 2518.0 1255.0 2518.0 1255.0 2651.0 1114.0 2651.0 plane 0
489.0 611.0 620.0 611.0 620.0 741.0 489.0 741.0 plane 0
