1695.0 927.0 1735.0 927.0 1735.0 946.0 1695.0 946.0 small-vehicle 0
961.0 1342.0 984.0 1342.0 984.0 1384.0 961.0 1384.0 small-vehicle 0
900.0 1198.0 924.0 1198.0 924.0 1242.0 900.0 1242.0 small-vehicle 0
848.0 1193.0 870.0 1193.0 870.0 1233.0 848.0 1233.0 small-vehicle 0
825.0 1192.0 849.0 1192.0 849.0 1230.0 825.0 1230.0 small-vehicle 0
626.0 375.0 773.0 375.0 773.0 417.0 626.0 417.0 large-vehicle 0
991.0 839.0 1035.0 839.0 1035.0 867.0 991.0 867.0 small-vehicle 0
782.0 1040.0 829.0 1040.0 829.0 1068.0 782.0 1068.0 small-vehicle 0
769.0 1130.0 814.0 1130.0 814.0 1154.0 769.0 1154.0 small-vehicle 0
685.0 844.0 729.0 844.0 729.0 870.0 685.0 870.0 small-vehicle 0
682.0 800.0 725.0 800.0 725.0 822.0 682.0 822.0 small-vehicle 0
624.0 1139.0 671.0 1139.0 671.0 1163.0 624.0 1163.0 small-vehicle 0
638.0 1244.0 660.0 1244.0 660.0 1283.0 638.0 1283.0 small-vehicle 0
546.0 1490.0 581.0 1490.0 581.0 1538.0 546.0 1538.0 small-vehicle 0
192.0 1648.0 224.0 1648.0 224.0 1687.0 192.0 1687.0 small-vehicle 0
395.0 1058.0 412.0 1058.0 412.0 1091.0 395.0 1091.0 small-vehicle 0
155.0 839.0 175.0 839.0 175.0 876.0 155.0 876.0 small-vehicle 0
174.0 727.0 202.0 727.0 202.0 745.0 174.0 745.0 small-vehicle 0
316.0 923.0 351.0 923.0 351.0 963.0 316.0 963.0 small-vehicle 0
352.0 901.0 385.0 901.0 385.0 938.0 352.0 938.0 small-vehicle 0
372.0 888.0 403.0 888.0 403.0 922.0 372.0 922.0 small-vehicle 0
387.0 871.0 420.0 871.0 420.0 907.0 387.0 907.0 small-vehicle 0
410.0 856.0 442.0 856.0 442.0 892.0 410.0 892.0 small-vehicle 0
495.0 787.0 513.0 787.0 513.0 824.0 495.0 824.0 small-vehicle 0
263.0 752.0 283.0 752.0 283.0 788.0 263.0 788.0 small-vehicle 0
470.0 623.0 488.0 623.0 488.0 660.0 470.0 660.0 small-vehicle 0
469.0 270.0 567.0 270.0 567.0 364.0 469.0 364.0 large-vehicle 0
527.0 131.0 596.0 131.0 596.0 213.0 527.0 213.0 large-vehicle 0
331.0 317.0 373.0 317.0 373.0 353.0 331.0 353.0 small-vehicle 0
35.0 80.0 67.0 80.0 67.0 96.0 35.0 96.0 small-vehicle 0
195.0 99.0 217.0 99.0 217.0 139.0 195.0 139.0 small-vehicle 0
954.0 1209.0 977.0 1209.0 977.0 1248.0 954.0 1248.0 small-vehicle 0
1017.0 1405.0 1044.0 1405.0 1044.0 1451.0 1017.0 1451.0 small-vehicle 0
1750.0 1153.0 1785.0 1153.0 1785.0 1174.0 1750.0 1174.0 small-vehicle 0
1112.0 852.0 1151.0 852.0 1151.0 873.0 1112.0 873.0 small-vehicle 0
1760.0 1066.0 1797.0 1066.0 1797.0 1087.0 1760.0 1087.0 small-vehicle 0
1718.0 1060.0 1759.0 1060.0 1759.0 1082.0 1718.0 1082.0 small-vehicle 0
1752.0 1085.0 1795.0 1085.0 1795.0 1105.0 1752.0 1105.0 small-vehicle 0
1712.0 1080.0 1750.0 1080.0 1750.0 1099.0 1712.0 1099.0 small-vehicle 0
1755.0 1105.0 1792.0 1105.0 1792.0 1124.0 1755.0 1124.0 small-vehicle 0
1718.0 1101.0 1750.0 1101.0 1750.0 1117.0 1718.0 1117.0 small-vehicle 0
1698.0 1114.0 1754.0 1114.0 1754.0 1141.0 1698.0 1141.0 large-vehicle 0
1709.0 1149.0 1747.0 1149.0 1747.0 1166.0 1709.0 1166.0 small-vehicle 0
1707.0 1170.0 1745.0 1170.0 1745.0 1188.0 1707.0 1188.0 small-vehicle 0
1691.0 1186.0 1733.0 1186.0 1733.0 1208.0 1691.0 1208.0 small-vehicle 0
1685.0 1135.0 1710.0 1135.0 1710.0 1166.0 1685.0 1166.0 small-vehicle 0
1669.0 1164.0 1700.0 1164.0 1700.0 1184.0 1669.0 1184.0 small-vehicle 0
1655.0 1182.0 1687.0 1182.0 1687.0 1200.0 1655.0 1200.0 small-vehicle 0
1639.0 1196.0 1679.0 1196.0 1679.0 1218.0 1639.0 1218.0 small-vehicle 0
1472.0 910.0 1604.0 910.0 1604.0 957.0 1472.0 957.0 large-vehicle 0
1451.0 1338.0 1478.0 1338.0 1478.0 1376.0 1451.0 1376.0 small-vehicle 0
1395.0 1357.0 1417.0 1357.0 1417.0 1390.0 1395.0 1390.0 small-vehicle 0
1336.0 1368.0 1363.0 1368.0 1363.0 1415.0 1336.0 1415.0 small-vehicle 0
1303.0 1484.0 1329.0 1484.0 1329.0 1518.0 1303.0 1518.0 small-vehicle 0
1281.0 1474.0 1306.0 1474.0 1306.0 1514.0 1281.0 1514.0 small-vehicle 0
1309.0 1426.0 1334.0 1426.0 1334.0 1477.0 1309.0 1477.0 small-vehicle 0
1297.0 1378.0 1322.0 1378.0 1322.0 1422.0 1297.0 1422.0 small-vehicle 0
1268.0 1398.0 1292.0 1398.0 1292.0 1441.0 1268.0 1441.0 small-vehicle 0
1248.0 1448.0 1283.0 1448.0 1283.0 1512.0 1248.0 1512.0 small-vehicle 0
1230.0 1335.0 1267.0 1335.0 1267.0 1356.0 1230.0 1356.0 small-vehicle 0
1253.0 1260.0 1283.0 1260.0 1283.0 1279.0 1253.0 1279.0 small-vehicle 0
1056.0 1441.0 1083.0 1441.0 1083.0 1484.0 1056.0 1484.0 small-vehicle 0
1070.0 1355.0 1096.0 1355.0 1096.0 1392.0 1070.0 1392.0 small-vehicle 0
1056.0 940.0 1093.0 940.0 1093.0 958.0 1056.0 958.0 small-vehicle 0
235.0 147.0 398.0 147.0 398.0 277.0 235.0 277.0 large-vehicle 0
