0 0.020833 0.082108 0.041667 0.164216
0 0.114379 0.020221 0.078431 0.040441
0 0.202614 0.158701 0.263889 0.317402
0 0.410948 0.082925 0.161765 0.123366
0 0.555147 0.147467 0.012255 0.015523
0 0.582312 0.170343 0.013480 0.018791
0 0.510212 0.204044 0.020425 0.045343
0 0.446078 0.228145 0.053105 0.076389
0 0.614379 0.228554 0.062092 0.060049
0 0.522467 0.235090 0.019608 0.013480
0 0.364788 0.623570 0.729575 0.752859
0 0.584150 0.320057 0.004085 0.001225
0 0.547181 0.324142 0.000408 0.000408
0 0.580474 0.377247 0.071895 0.106618
0 0.484273 0.354575 0.032271 0.027778
0 0.465686 0.410335 0.157680 0.040441
0 0.999592 0.596609 0.000817 0.404820
0 0.515523 0.500000 0.156863 0.112745
0 0.687296 0.539420 0.179330 0.162173
0 0.532884 0.603350 0.078840 0.052288
0 0.604779 0.653186 0.049428 0.052288
0 0.817198 0.821895 0.365605 0.356209
0 0.619077 0.690155 0.027369 0.021650
0 0.646242 0.750613 0.053922 0.046160
0 0.689134 0.791667 0.013072 0.017157
0 0.662990 0.965686 0.089052 0.068627
0 0.824755 0.973856 0.027778 0.029412
1 0.613358 0.271038 0.773284 0.542075
1 0.492034 0.367443 0.001225 0.000408
1 0.616013 0.397263 0.000817 0.002859
1 0.523897 0.405637 0.001225 0.000817
1 0.775123 0.497753 0.000408 0.000408
2 0.136234 0.177492 0.272467 0.354984
2 0.472631 0.033701 0.155229 0.067402
2 0.503676 0.656863 0.992647 0.686275
2 0.008578 0.377042 0.017157 0.036765
2 0.510825 0.401757 0.000408 0.000408
2 0.027369 0.721201 0.054739 0.049428
2 0.306577 0.936887 0.292892 0.126225
2 0.828227 0.972631 0.143382 0.054739
3 0.954453 0.141748 0.091095 0.283497
4 0.563725 0.127042 0.012255 0.019608
