0 0.760825 0.011234 0.122141 0.022467
0 0.737337 0.053513 0.058007 0.026144
0 0.814747 0.983252 0.024918 0.033497
0 0.891748 0.979167 0.116830 0.020425
1 0.376634 0.206699 0.753268 0.413399
1 0.887051 0.068832 0.225899 0.137663
1 0.859477 0.503676 0.281046 0.316993
1 0.268791 0.443015 0.189542 0.125408
1 0.175245 0.796364 0.329248 0.407271
1 0.830474 0.785743 0.232026 0.243056
1 0.971201 0.870098 0.057598 0.071895
1 0.821691 0.907475 0.000408 0.000408
1 0.855596 0.961193 0.000408 0.000817
1 0.854575 0.963235 0.001634 0.003268
1 0.945057 0.968546 0.005310 0.000817
1 0.827002 0.997753 0.000408 0.000408
1 0.827410 0.999592 0.000408 0.000817
2 0.699551 0.004085 0.002042 0.008170
2 0.671364 0.282067 0.657271 0.564134
2 0.700776 0.010008 0.000408 0.000408
2 0.123366 0.287786 0.176471 0.227533
2 0.866217 0.682802 0.133578 0.087010
2 0.933211 0.726511 0.000408 0.000408
2 0.933619 0.726920 0.000408 0.000408
2 0.899918 0.948529 0.200163 0.102941
3 0.401552 0.669730 0.803105 0.660539
3 0.904616 0.802900 0.190768 0.346814
