0 0.545343 0.583946 0.082516 0.065768
1 0.500000 0.500000 1.000000 1.000000
2 0.523080 0.585989 0.202206 0.125408
2 0.110703 0.881944 0.050654 0.044118
4 0.194444 0.024101 0.030229 0.048203
4 0.584967 0.390114 0.018791 0.019608
4 0.534109 0.466299 0.011029 0.010212
6 0.209150 0.001225 0.002451 0.002451
6 0.207721 0.002655 0.000408 0.000408
6 0.207312 0.003064 0.000408 0.000408
6 0.206904 0.003472 0.000408 0.000408
6 0.206495 0.003881 0.000408 0.000408
6 0.206087 0.004289 0.000408 0.000408
6 0.205678 0.004698 0.000408 0.000408
6 0.205270 0.005106 0.000408 0.000408
6 0.204861 0.005515 0.000408 0.000408
6 0.204453 0.005923 0.000408 0.000408
6 0.193423 0.018382 0.000408 0.000817
6 0.184028 0.018587 0.000408 0.000408
6 0.183619 0.018995 0.000408 0.000408
6 0.192402 0.020016 0.001634 0.002451
6 0.183211 0.019404 0.000408 0.000408
6 0.182802 0.019812 0.000408 0.000408
6 0.182394 0.020221 0.000408 0.000408
6 0.181985 0.020629 0.000408 0.000408
6 0.181577 0.021038 0.000408 0.000408
6 0.181168 0.021446 0.000408 0.000408
6 0.180760 0.021855 0.000408 0.000408
6 0.180351 0.022263 0.000408 0.000408
6 0.179943 0.022672 0.000408 0.000408
6 0.179534 0.023080 0.000408 0.000408
6 0.179739 0.025940 0.004085 0.005310
6 0.181985 0.028799 0.000408 0.000408
6 0.202002 0.034518 0.000408 0.000408
6 0.202410 0.034926 0.000408 0.000408
6 0.202819 0.035335 0.000408 0.000408
6 0.206087 0.039011 0.006127 0.006944
