0 0.788807 0.018791 0.161765 0.037582
0 0.904616 0.010825 0.000408 0.000408
0 0.899714 0.024306 0.000408 0.000408
0 0.883374 0.048407 0.000408 0.000408
0 0.879698 0.051266 0.000408 0.000408
0 0.873979 0.055351 0.000408 0.000408
0 0.864583 0.060662 0.000408 0.000408
0 0.925449 0.063521 0.000408 0.000408
0 0.857230 0.064338 0.000408 0.000408
0 0.914420 0.070057 0.000408 0.000408
0 0.857230 0.087214 0.000408 0.000408
0 0.008783 0.446283 0.000408 0.000408
0 0.003472 0.452410 0.000408 0.000408
0 0.003064 0.452819 0.000408 0.000408
0 0.003064 0.463848 0.000408 0.000408
0 0.004289 0.464665 0.000408 0.000408
0 0.011234 0.468750 0.000408 0.000408
0 0.097835 0.786969 0.000408 0.000408
0 0.099469 0.786969 0.000408 0.000408
0 0.095792 0.787377 0.000408 0.000408
0 0.082312 0.815359 0.000408 0.000817
0 0.082312 0.816585 0.000408 0.000817
0 0.107639 0.823938 0.000408 0.000817
0 0.089665 0.824142 0.000408 0.000408
0 0.091708 0.824142 0.000408 0.000408
0 0.107639 0.825572 0.000408 0.000817
0 0.148489 0.828227 0.000408 0.000408
0 0.754085 0.849469 0.001634 0.000408
0 0.747345 0.866013 0.000408 0.000817
1 0.500000 0.500000 1.000000 1.000000
4 0.895833 0.043709 0.120915 0.087418
4 0.243260 0.088031 0.069036 0.089461
4 0.640319 0.219771 0.275735 0.245915
4 0.892565 0.200368 0.047386 0.088644
4 0.349673 0.183619 0.031863 0.020833
4 0.905433 0.328840 0.033088 0.031046
4 0.011846 0.457108 0.023693 0.079248
4 0.231618 0.497753 0.052288 0.046977
4 0.130106 0.538807 0.034722 0.032680
4 0.134191 0.665441 0.051879 0.052288
4 0.564134 0.672998 0.041667 0.018382
4 0.562500 0.721609 0.042484 0.046160
4 0.094771 0.805556 0.024510 0.036765
4 0.128268 0.827614 0.040850 0.022876
4 0.761029 0.863562 0.031046 0.027778
4 0.743056 0.924428 0.037582 0.036765
6 0.364583 0.181985 0.000408 0.000408
6 0.365400 0.184845 0.000408 0.000408
6 0.365400 0.186479 0.000408 0.000408
6 0.364175 0.190155 0.000408 0.000408
6 0.585172 0.673203 0.000408 0.001634
6 0.098652 0.786969 0.001225 0.000408
6 0.082312 0.815972 0.000408 0.000408
6 0.090686 0.824142 0.001634 0.000408
6 0.107639 0.824755 0.000408 0.000817
6 0.754698 0.875204 0.000408 0.000408
