1 0.080882 0.376021 0.161765 0.752042
1 0.658292 0.196487 0.683415 0.392974
1 0.709763 0.291054 0.000408 0.000408
1 0.724469 0.307802 0.029003 0.033088
1 0.807190 0.344975 0.058007 0.044526
1 0.555964 0.330270 0.008987 0.006127
1 0.916667 0.388889 0.027778 0.008170
1 0.978758 0.564134 0.042484 0.084967
1 0.248366 0.529820 0.015523 0.015523
1 0.240400 0.537786 0.000408 0.000408
1 0.995915 0.992034 0.008170 0.015931
1 0.333333 0.995915 0.032680 0.008170
3 0.500000 0.606822 1.000000 0.786356
3 0.358864 0.239175 0.000408 0.000408
5 0.192198 0.303513 0.368056 0.607026
5 0.824959 0.282067 0.316585 0.222631
5 0.534109 0.269404 0.111520 0.128676
