1 0.732026 0.219158 0.535948 0.438317
1 0.097426 0.153391 0.194853 0.210376
1 0.375000 0.100286 0.254902 0.100899
1 0.252042 0.265523 0.124183 0.129902
1 0.116013 0.401348 0.232026 0.266748
1 0.313521 0.476511 0.187500 0.190768
1 0.162582 0.795547 0.325163 0.408905
1 0.797998 0.738766 0.385212 0.260212
1 0.443015 0.929943 0.167892 0.140114
2 0.173203 0.163399 0.040850 0.071078
2 0.022467 0.434232 0.044935 0.074346
2 0.033292 0.572712 0.066585 0.105392
2 0.717320 0.611724 0.168301 0.082925
2 0.110090 0.647263 0.000408 0.000408
2 0.110907 0.647672 0.000408 0.000408
2 0.111520 0.648080 0.000817 0.000408
2 0.127859 0.784518 0.174020 0.272467
2 0.258374 0.675041 0.000408 0.000408
2 0.311479 0.753881 0.127859 0.157271
2 0.320466 0.930556 0.261029 0.138889
2 0.045343 0.994485 0.044118 0.011029
3 0.500000 0.500000 1.000000 1.000000
3 0.166871 0.145221 0.000408 0.001225
3 0.166462 0.146650 0.000408 0.000817
3 0.166054 0.148080 0.000408 0.000408
3 0.165645 0.149306 0.000408 0.000408
3 0.165237 0.150531 0.000408 0.000408
3 0.164828 0.151757 0.000408 0.000408
3 0.164420 0.152982 0.000408 0.000408
3 0.164011 0.154208 0.000408 0.000408
3 0.163603 0.155433 0.000408 0.000408
3 0.163194 0.156658 0.000408 0.000408
3 0.162786 0.157884 0.000408 0.000408
3 0.162377 0.159109 0.000408 0.000408
3 0.161969 0.160335 0.000408 0.000408
3 0.161560 0.161560 0.000408 0.000408
3 0.161152 0.162786 0.000408 0.000408
3 0.160743 0.164011 0.000408 0.000408
3 0.160335 0.165237 0.000408 0.000408
3 0.159926 0.166462 0.000408 0.000408
3 0.159518 0.167688 0.000408 0.000408
3 0.037786 0.459355 0.016748 0.005310
3 0.005923 0.469158 0.000408 0.000408
3 0.006740 0.469567 0.000408 0.000408
3 0.007353 0.469975 0.000817 0.000408
3 0.009395 0.471201 0.003268 0.002042
3 0.262051 0.485907 0.000408 0.000408
3 0.202002 0.999796 0.006127 0.000408
5 0.188113 0.505719 0.160539 0.144608
5 0.445057 0.542075 0.042075 0.040033
5 0.371732 0.860090 0.053922 0.028186
