0 0.838235 0.741013 0.120915 0.227941
1 0.500000 0.500000 1.000000 1.000000
1 0.200368 0.007353 0.047794 0.014706
1 0.252247 0.006332 0.031454 0.012663
1 0.388685 0.069649 0.000408 0.000408
1 0.383374 0.155025 0.000408 0.000408
1 0.894404 0.289420 0.069853 0.040441
1 0.930147 0.290645 0.000817 0.000408
1 0.931373 0.291054 0.000817 0.000408
1 0.932802 0.291462 0.000408 0.000408
1 0.384804 0.437908 0.062908 0.035948
1 0.994281 0.443423 0.011438 0.020833
1 0.353145 0.434845 0.000408 0.000408
1 0.416462 0.452410 0.000408 0.000408
1 0.325776 0.470384 0.016748 0.022467
1 0.243260 0.768791 0.000408 0.000817
2 0.227124 0.096201 0.343137 0.192402
2 0.438113 0.183619 0.118056 0.094363
2 0.799632 0.357435 0.400735 0.339052
2 0.415645 0.312908 0.119690 0.152778
2 0.860090 0.292688 0.000408 0.000408
2 0.859681 0.293709 0.000408 0.000817
2 0.558619 0.359069 0.131127 0.026144
2 0.492851 0.352737 0.000408 0.000408
2 0.485498 0.356413 0.000408 0.000408
2 0.478962 0.363358 0.012663 0.013480
2 0.494077 0.375000 0.023284 0.032680
2 0.472426 0.370302 0.000408 0.000408
2 0.468137 0.374592 0.007353 0.007353
2 0.458538 0.384600 0.000408 0.000408
2 0.458129 0.385008 0.000408 0.000408
2 0.457721 0.385417 0.000408 0.000408
2 0.457312 0.385825 0.000408 0.000408
2 0.456904 0.386234 0.000408 0.000408
2 0.456495 0.386642 0.000408 0.000408
2 0.456087 0.387051 0.000408 0.000408
2 0.467116 0.512459 0.087827 0.251225
2 0.455678 0.387459 0.000408 0.000408
2 0.455270 0.387868 0.000408 0.000408
2 0.454861 0.388276 0.000408 0.000408
2 0.454453 0.388685 0.000408 0.000408
2 0.447100 0.393995 0.010212 0.010212
2 0.454044 0.389093 0.000408 0.000408
2 0.453636 0.389502 0.000408 0.000408
2 0.453227 0.389910 0.000408 0.000408
2 0.452819 0.390319 0.000408 0.000408
2 0.452410 0.390727 0.000408 0.000408
2 0.411356 0.512459 0.138072 0.236520
2 0.433007 0.404616 0.000817 0.000408
2 0.432190 0.405025 0.000817 0.000408
2 0.431373 0.405433 0.000817 0.000408
2 0.303922 0.490400 0.071895 0.115605
2 0.341708 0.585989 0.099265 0.080474
2 0.241013 0.698325 0.057190 0.146650
2 0.308007 0.649510 0.055556 0.043301
2 0.045547 0.689134 0.080474 0.096405
2 0.295547 0.731209 0.064951 0.099673
2 0.462214 0.752042 0.069853 0.047386
2 0.289624 0.845384 0.083333 0.040441
4 0.410335 0.117647 0.126225 0.085784
4 0.619690 0.175858 0.130719 0.085376
4 0.465891 0.171977 0.024101 0.026144
4 0.312092 0.541667 0.182190 0.686275
4 0.682598 0.222631 0.015523 0.016340
4 0.667688 0.218750 0.000408 0.000408
4 0.832925 0.277778 0.029412 0.055556
4 0.934028 0.296977 0.126225 0.068627
4 0.847835 0.278391 0.018382 0.020833
4 0.862949 0.283905 0.014297 0.023693
4 0.653186 0.323529 0.031046 0.035131
4 0.872549 0.306168 0.003268 0.000408
4 0.875000 0.317402 0.037582 0.017157
4 0.480801 0.491626 0.134804 0.288807
4 0.981005 0.349060 0.001225 0.002042
4 0.604371 0.372345 0.019199 0.014297
4 0.962418 0.594567 0.075163 0.050245
5 0.957721 0.402165 0.000408 0.000408
5 0.957312 0.402778 0.000408 0.000817
5 0.956495 0.404820 0.001225 0.003268
