0 0.349469 0.211601 0.169526 0.254085
3 0.500000 0.597426 1.000000 0.805147
4 0.793096 0.028799 0.018382 0.034722
4 0.005923 0.347222 0.011846 0.008987
4 0.483864 0.445057 0.104984 0.201389
4 0.013889 0.353145 0.004085 0.002859
4 0.016544 0.354779 0.000408 0.000408
4 0.017361 0.355188 0.000408 0.000408
4 0.017974 0.355596 0.000817 0.000408
4 0.054943 0.369281 0.073121 0.026961
4 0.543709 0.686275 0.579248 0.627451
4 0.073734 0.389297 0.017565 0.002451
4 0.082721 0.390319 0.000408 0.000408
4 0.064747 0.390727 0.000408 0.000408
4 0.085989 0.390727 0.002042 0.000408
4 0.064338 0.391136 0.000408 0.000408
4 0.081495 0.410948 0.037173 0.039216
4 0.445057 0.401348 0.007761 0.006127
4 0.390319 0.410948 0.012663 0.013072
4 0.682394 0.459763 0.168709 0.069036
4 0.097835 0.431985 0.000408 0.000408
4 0.097426 0.432394 0.000408 0.000408
4 0.097018 0.432802 0.000408 0.000408
4 0.096609 0.433211 0.000408 0.000408
4 0.096201 0.433619 0.000408 0.000408
4 0.156250 0.587418 0.238154 0.307190
4 0.362132 0.671364 0.021650 0.003676
4 0.313113 0.684028 0.067402 0.025735
4 0.280229 0.703227 0.001634 0.002859
4 0.277982 0.705065 0.002859 0.000817
4 0.257966 0.741217 0.000408 0.000408
4 0.277574 0.770425 0.121324 0.058007
4 0.333538 0.801879 0.016748 0.064542
4 0.468342 0.808211 0.000408 0.000408
4 0.748775 0.837010 0.012255 0.013889
4 0.333333 0.856618 0.013889 0.038399
4 0.801471 0.854575 0.039216 0.013889
4 0.340482 0.876225 0.000408 0.000817
4 0.340891 0.877247 0.000408 0.000408
4 0.341708 0.878472 0.000408 0.000408
4 0.346609 0.884191 0.000408 0.000408
4 0.347018 0.884600 0.000408 0.000408
4 0.976307 0.995302 0.047386 0.009395
5 0.500000 0.343954 1.000000 0.687908
5 0.021038 0.630923 0.042075 0.249592
6 0.468546 0.808619 0.000817 0.000408
