0 0.501634 0.130310 0.040033 0.047386
0 0.914216 0.141953 0.041667 0.045343
0 0.959355 0.131536 0.015114 0.022059
0 0.633578 0.611724 0.188725 0.080474
0 0.920343 0.582925 0.022876 0.012255
0 0.868873 0.589461 0.038399 0.012255
1 0.500000 0.298815 1.000000 0.597631
1 0.364379 0.590891 0.728758 0.818219
1 0.782475 0.622958 0.003676 0.004085
1 0.811887 0.626021 0.000408 0.000408
1 0.811070 0.626430 0.000408 0.000408
1 0.810049 0.626838 0.000817 0.000408
1 0.990809 0.716503 0.018382 0.024510
1 0.980801 0.709355 0.001634 0.000408
1 0.979371 0.709763 0.001225 0.000408
1 0.977941 0.710172 0.000817 0.000408
1 0.976307 0.710580 0.000817 0.000408
1 0.974877 0.710989 0.000408 0.000408
1 0.972018 0.711806 0.000408 0.000408
1 0.809845 0.890931 0.380310 0.218137
2 0.558619 0.591299 0.517565 0.274918
2 0.999592 0.734069 0.000817 0.011438
2 0.908292 0.796977 0.183415 0.106209
2 0.432802 0.863766 0.083742 0.080474
4 0.351307 0.324346 0.702614 0.372549
4 0.707312 0.505515 0.000408 0.000408
4 0.849265 0.593546 0.301471 0.147059
4 0.660131 0.852533 0.679739 0.294935
4 0.473856 0.872753 0.026961 0.017565
4 0.430147 0.873979 0.016340 0.013480
5 0.734273 0.532067 0.000408 0.000408
5 0.709150 0.535335 0.017974 0.006127
5 0.867239 0.594567 0.265523 0.124592
5 0.718342 0.538603 0.000408 0.000408
5 0.726103 0.543505 0.000408 0.000408
5 0.863154 0.661152 0.273693 0.234886
