0 0.949142 0.257761 0.101716 0.120915
0 0.898489 0.308415 0.025735 0.033497
0 0.148489 0.318219 0.028186 0.019608
0 0.184845 0.339257 0.020016 0.018382
0 0.981209 0.356209 0.037582 0.038399
0 0.153391 0.370098 0.056781 0.044118
0 0.081699 0.422590 0.103758 0.101716
0 0.984886 0.406046 0.030229 0.036765
0 0.236724 0.481618 0.219363 0.132353
0 0.997753 0.453431 0.004493 0.007353
0 0.987132 0.476511 0.025735 0.024101
0 0.381332 0.488154 0.024101 0.013072
0 0.964257 0.524714 0.055147 0.045343
0 0.998775 0.508578 0.002451 0.004902
0 0.996732 0.529412 0.006536 0.008170
0 0.947100 0.567810 0.031454 0.050654
0 0.970588 0.637663 0.058824 0.075163
0 0.792279 0.657067 0.048611 0.047794
0 0.879493 0.736111 0.053105 0.064542
0 0.762459 0.721814 0.031454 0.016340
0 0.809232 0.730801 0.040033 0.032680
0 0.661765 0.739379 0.024510 0.034314
0 0.851920 0.777165 0.052696 0.035539
0 0.898489 0.831291 0.058415 0.040850
0 0.812500 0.878268 0.242647 0.096405
0 0.546569 0.902778 0.061275 0.064542
0 0.779820 0.891136 0.019608 0.017565
0 0.447508 0.961397 0.133578 0.077206
0 0.248570 0.966912 0.052696 0.049837
0 0.752655 0.979575 0.100082 0.040850
1 0.500000 0.500000 1.000000 1.000000
1 0.953636 0.175449 0.001225 0.000408
1 0.955270 0.175858 0.000408 0.000408
1 0.948121 0.205270 0.000817 0.002042
1 0.744485 0.271038 0.000408 0.000408
1 0.744077 0.272263 0.000408 0.001225
1 0.742851 0.275123 0.002042 0.004493
1 0.741626 0.277574 0.000408 0.000408
1 0.741217 0.278391 0.000408 0.000408
1 0.740809 0.279208 0.000408 0.000408
1 0.740400 0.280025 0.000408 0.000408
1 0.736724 0.288603 0.000408 0.000408
1 0.736315 0.290033 0.000408 0.000817
1 0.999796 0.304739 0.000408 0.002451
1 0.720384 0.305556 0.000408 0.000817
1 0.889502 0.305760 0.000408 0.000408
1 0.890523 0.308211 0.002451 0.004493
1 0.889093 0.311070 0.000408 0.000408
1 0.893995 0.324551 0.000408 0.000408
1 0.164011 0.376021 0.006944 0.003676
1 0.210580 0.416054 0.001225 0.000408
1 0.229371 0.416667 0.002859 0.001634
1 0.197917 0.429943 0.000408 0.001225
1 0.145833 0.468750 0.000817 0.000408
1 0.993056 0.582312 0.013889 0.055147
1 0.945874 0.600490 0.000408 0.001634
1 0.974673 0.604167 0.000817 0.000817
1 0.975286 0.604984 0.000408 0.000817
1 0.382966 0.730188 0.000408 0.000408
1 0.927900 0.815155 0.000408 0.006944
1 0.922181 0.820057 0.001225 0.000408
1 0.921364 0.820466 0.000408 0.000408
1 0.808211 0.850286 0.000408 0.000408
1 0.752859 0.860703 0.002451 0.000817
1 0.811479 0.935458 0.162990 0.129085
1 0.910539 0.879493 0.018791 0.014706
1 0.819444 0.873570 0.000817 0.000408
1 0.744894 0.887459 0.001225 0.001225
1 0.900940 0.887051 0.000408 0.000408
1 0.738562 0.887868 0.000817 0.000408
1 0.736111 0.888276 0.001634 0.000408
1 0.733864 0.888685 0.002042 0.000408
1 0.748570 0.908905 0.000408 0.000817
1 0.745711 0.922998 0.000408 0.000408
1 0.744281 0.923815 0.002451 0.001225
1 0.731209 0.970997 0.000817 0.003268
1 0.386234 0.981822 0.000408 0.000408
2 0.948529 0.126430 0.102941 0.252859
2 0.387663 0.069444 0.036765 0.051471
2 0.691789 0.071691 0.029003 0.034722
2 0.257966 0.098243 0.076389 0.055964
2 0.669322 0.119077 0.065768 0.063317
2 0.481209 0.192198 0.127451 0.100899
2 0.854779 0.206291 0.104984 0.120098
2 0.180964 0.220588 0.067810 0.089052
2 0.750000 0.195057 0.030229 0.031454
2 0.668913 0.226511 0.051879 0.062500
2 0.343954 0.273897 0.051471 0.052696
2 0.746324 0.288603 0.029412 0.066585
2 0.712623 0.306985 0.042892 0.097631
2 0.129289 0.334355 0.113971 0.094363
2 0.997345 0.292892 0.005310 0.010621
2 0.885825 0.310866 0.017565 0.032680
2 0.984886 0.316176 0.030229 0.019608
2 0.857843 0.327614 0.030229 0.040033
2 0.928922 0.340278 0.057190 0.053105
2 0.970180 0.342933 0.013072 0.024101
2 0.162377 0.356822 0.000408 0.002042
2 0.199142 0.413399 0.097631 0.113562
2 0.963235 0.399101 0.026961 0.040033
2 0.993464 0.391340 0.013072 0.013889
2 0.691176 0.422590 0.064542 0.059232
2 0.285743 0.445874 0.059232 0.091095
2 0.352533 0.419935 0.036765 0.023693
2 0.003881 0.421977 0.007761 0.022059
2 0.799837 0.445466 0.061275 0.060049
2 0.930556 0.522467 0.138889 0.205882
2 0.595588 0.446487 0.035948 0.047386
2 0.454044 0.464665 0.045343 0.045343
2 0.138685 0.461601 0.021650 0.014706
2 0.056577 0.486724 0.087827 0.046160
2 0.624387 0.489379 0.069853 0.051471
2 0.045956 0.544322 0.091912 0.112337
2 0.103758 0.538399 0.040850 0.051471
2 0.304943 0.558619 0.035539 0.038807
2 0.594567 0.582925 0.078023 0.084967
2 0.166258 0.563521 0.061275 0.042075
2 0.493056 0.587214 0.057190 0.048611
2 0.260825 0.604779 0.062500 0.049428
2 0.727124 0.608864 0.026961 0.034722
2 0.021446 0.622345 0.021650 0.016748
2 0.527165 0.667688 0.076389 0.087827
2 0.191789 0.656658 0.042075 0.059232
2 0.973448 0.641953 0.026144 0.028186
2 0.426266 0.670956 0.038807 0.024101
2 0.833946 0.692402 0.031454 0.047386
2 0.768178 0.691176 0.020016 0.043301
2 0.947100 0.684845 0.024918 0.030637
2 0.990809 0.705882 0.018382 0.061275
2 0.044935 0.729167 0.089869 0.106209
2 0.890931 0.703431 0.071078 0.041667
2 0.383987 0.716912 0.078431 0.062092
2 0.699346 0.750000 0.078431 0.079248
2 0.831904 0.751838 0.087010 0.064134
2 0.562500 0.743056 0.054739 0.035948
2 0.869690 0.726920 0.000817 0.000408
2 0.871324 0.727328 0.000817 0.000408
2 0.873366 0.727737 0.000817 0.000408
2 0.874796 0.728145 0.000408 0.000408
2 0.984886 0.787990 0.030229 0.061275
2 0.875613 0.768178 0.000408 0.000408
2 0.929330 0.807598 0.075163 0.053922
2 0.740400 0.800858 0.038807 0.035539
2 0.855188 0.786969 0.006944 0.001225
2 0.588644 0.820466 0.075163 0.051879
2 0.687500 0.808211 0.029412 0.027369
2 0.110090 0.846201 0.066585 0.058415
2 0.794935 0.834763 0.075163 0.033088
2 0.223243 0.853145 0.041258 0.037990
2 0.742034 0.853554 0.023284 0.015114
2 0.903799 0.922998 0.192402 0.154003
2 0.450368 0.877042 0.035539 0.053922
2 0.214257 0.901144 0.056781 0.048203
2 0.733456 0.929943 0.108252 0.091095
2 0.130923 0.918301 0.027369 0.053105
2 0.233864 0.914624 0.017565 0.015523
2 0.231822 0.962010 0.087827 0.075980
2 0.369690 0.958742 0.081699 0.067810
2 0.146446 0.974265 0.077206 0.051471
2 0.685662 0.983864 0.042892 0.032271
2 0.505719 0.989175 0.033497 0.021650
2 0.983864 0.990196 0.032271 0.019608
2 0.441381 0.992443 0.017565 0.015114
4 0.946487 0.940155 0.107026 0.119690
5 0.732639 0.289011 0.027369 0.052696
5 0.943015 0.524918 0.003676 0.006536
5 0.959967 0.947304 0.080065 0.105392
