0 0.011846 0.035948 0.023693 0.022876
0 0.080270 0.135621 0.160539 0.203431
0 0.311070 0.126634 0.026552 0.020425
0 0.475490 0.160131 0.015523 0.013889
0 0.198325 0.212827 0.104984 0.080065
0 0.805760 0.180760 0.007761 0.011846
0 0.477941 0.196691 0.005719 0.006944
0 0.362745 0.207312 0.009804 0.008578
0 0.353350 0.222835 0.010621 0.011846
0 0.840074 0.229167 0.012663 0.017974
0 0.368056 0.241013 0.018791 0.032680
0 0.349673 0.236111 0.012255 0.017157
0 0.135417 0.257761 0.042892 0.048203
0 0.896855 0.240400 0.013480 0.012663
0 0.005923 0.254902 0.011846 0.026961
0 0.639093 0.268791 0.028186 0.026961
0 0.889502 0.278186 0.017565 0.022876
0 0.273080 0.280433 0.020016 0.021650
0 0.569036 0.286765 0.026961 0.022876
0 0.040033 0.290645 0.029412 0.021650
0 0.135621 0.303922 0.059641 0.047386
0 0.008170 0.287990 0.016340 0.012255
0 0.617647 0.312500 0.043301 0.061275
0 0.908088 0.291054 0.013072 0.015931
0 0.274101 0.291462 0.000817 0.000408
0 0.274714 0.291871 0.000408 0.000408
0 0.232435 0.316789 0.056373 0.049428
0 0.104167 0.297794 0.001634 0.002451
0 0.111724 0.316381 0.030637 0.020833
0 0.357435 0.367647 0.046569 0.102941
0 0.546569 0.347835 0.061275 0.063317
0 0.909109 0.461193 0.181781 0.255719
0 0.772876 0.408292 0.040033 0.044526
0 0.265523 0.887255 0.020425 0.016340
1 0.149101 0.044935 0.157680 0.089869
1 0.538807 0.031454 0.332516 0.062908
1 0.851920 0.185458 0.296160 0.370915
1 0.705270 0.006332 0.000408 0.000408
1 0.133374 0.652165 0.266748 0.695670
1 0.672181 0.792279 0.655637 0.415441
2 0.500000 0.500000 1.000000 1.000000
2 0.985498 0.920752 0.029003 0.158497
2 0.395629 0.973243 0.001225 0.000408
2 0.397467 0.973652 0.000817 0.000408
2 0.399306 0.974060 0.001225 0.000408
2 0.401144 0.974469 0.000817 0.000408
2 0.402778 0.974877 0.000817 0.000408
2 0.404616 0.975286 0.000408 0.000408
2 0.406454 0.975694 0.000817 0.000408
2 0.408292 0.976103 0.000408 0.000408
2 0.409926 0.976511 0.000408 0.000408
2 0.431577 0.985907 0.000408 0.000408
2 0.432598 0.986315 0.000817 0.000408
2 0.433415 0.986724 0.000817 0.000408
2 0.436683 0.988154 0.005719 0.002451
2 0.462418 0.999387 0.002451 0.001225
4 0.556781 0.082721 0.363562 0.146650
4 0.752042 0.082312 0.047386 0.042892
