1 0.500000 0.513276 1.000000 0.973448
1 0.130106 0.149714 0.000408 0.000408
1 0.129698 0.150531 0.000408 0.000408
1 0.129289 0.151144 0.000408 0.000817
1 0.128881 0.151757 0.000408 0.000408
1 0.128472 0.152369 0.000408 0.000817
1 0.128064 0.153186 0.000408 0.000817
1 0.127655 0.153799 0.000408 0.000408
1 0.293913 0.698938 0.002042 0.002451
2 0.103145 0.076797 0.206291 0.153595
2 0.127247 0.153799 0.000408 0.000408
2 0.126838 0.154616 0.000408 0.000408
2 0.126430 0.155433 0.000408 0.000408
2 0.075163 0.237337 0.002451 0.002451
2 0.291054 0.486520 0.400735 0.433007
2 0.442810 0.975286 0.082516 0.049428
2 0.330270 0.977533 0.104984 0.044935
3 0.537786 0.461601 0.924428 0.923203
3 0.218342 0.287377 0.000408 0.000408
3 0.218750 0.288194 0.000408 0.000408
3 0.219975 0.290237 0.000408 0.000408
3 0.216299 0.546364 0.008578 0.019199
3 0.220792 0.556373 0.000408 0.000817
3 0.221201 0.557190 0.000408 0.000817
3 0.221609 0.558415 0.000408 0.000817
3 0.222018 0.559436 0.000408 0.000408
3 0.289420 0.691381 0.000408 0.000408
3 0.289828 0.692198 0.000408 0.000408
3 0.290237 0.692606 0.000408 0.000408
3 0.290645 0.693423 0.000408 0.000408
3 0.291054 0.694036 0.000408 0.000817
3 0.292484 0.696283 0.002451 0.003676
3 0.889910 0.869485 0.000408 0.000408
5 0.857230 0.037786 0.137663 0.075572
5 0.963235 0.167892 0.073529 0.111111
5 0.491422 0.204657 0.225490 0.122549
5 0.252247 0.168301 0.069036 0.045752
5 0.263480 0.235498 0.095588 0.018382
5 0.957312 0.338440 0.085376 0.064951
5 0.275940 0.617647 0.123775 0.164216
