0 0.500000 0.441789 1.000000 0.851716
0 0.059845 0.016136 0.000408 0.000408
0 0.349877 0.078023 0.087010 0.064542
0 0.519404 0.106822 0.000408 0.000408
0 0.506332 0.117647 0.025735 0.021242
0 0.035948 0.185458 0.022876 0.029412
0 0.057802 0.203023 0.028186 0.034314
0 0.047386 0.267157 0.022876 0.019608
0 0.214461 0.516544 0.076797 0.088644
0 0.020425 0.509600 0.015523 0.030637
0 0.267157 0.515319 0.025327 0.020016
0 0.254289 0.510417 0.000408 0.000408
0 0.068423 0.584355 0.113971 0.111520
0 0.515523 0.624592 0.016340 0.016340
0 0.123366 0.679534 0.093137 0.090278
0 0.222835 0.875000 0.445670 0.250000
0 0.275123 0.795343 0.027369 0.022876
0 0.562500 0.955474 0.086601 0.089052
0 0.444444 0.993056 0.015523 0.013889
0 0.638276 0.994077 0.018382 0.011846
1 0.007149 0.329861 0.014297 0.082108
1 0.816381 0.858456 0.083742 0.048611
1 0.956087 0.907680 0.087827 0.103758
2 0.153595 0.305351 0.131536 0.122141
2 0.142565 0.398080 0.165850 0.104167
2 0.433415 0.407475 0.106209 0.080474
2 0.253268 0.550654 0.089869 0.099673
2 0.729167 0.642770 0.131536 0.180964
2 0.500408 0.611111 0.187092 0.116013
2 0.594158 0.608864 0.000408 0.000408
2 0.300654 0.640523 0.095588 0.058824
2 0.863154 0.719158 0.141340 0.122141
2 0.715891 0.741422 0.079657 0.092320
2 0.885008 0.854167 0.229984 0.129902
2 0.841503 0.881332 0.000817 0.000408
2 0.662377 0.982843 0.062500 0.034314
3 0.500000 0.287582 1.000000 0.575163
3 0.063930 0.215686 0.127859 0.177288
3 0.099877 0.221201 0.000408 0.000408
3 0.101511 0.222426 0.000408 0.000408
3 0.101920 0.222835 0.000408 0.000408
3 0.102328 0.223243 0.000408 0.000408
3 0.103145 0.223652 0.000408 0.000408
3 0.103554 0.224060 0.000408 0.000408
3 0.500000 0.644812 1.000000 0.710376
3 0.204453 0.351511 0.000408 0.000408
3 0.216912 0.361111 0.001634 0.002451
3 0.233456 0.373979 0.000408 0.000408
3 0.234273 0.374387 0.000408 0.000408
3 0.239583 0.377247 0.000408 0.000408
3 0.240400 0.377655 0.000408 0.000408
3 0.257966 0.432802 0.000408 0.001225
3 0.258374 0.434845 0.000408 0.000408
3 0.260825 0.443832 0.000408 0.000408
3 0.268178 0.449346 0.014297 0.009804
3 0.895833 0.618056 0.208333 0.219771
3 0.279616 0.513276 0.000408 0.000408
3 0.303513 0.521855 0.004085 0.017565
3 0.207925 0.533497 0.000817 0.009804
3 0.296569 0.545752 0.005719 0.007353
3 0.281863 0.546364 0.013889 0.002859
3 0.498979 0.553717 0.000408 0.000408
3 0.345384 0.567198 0.000408 0.000408
3 0.351511 0.570261 0.011029 0.005719
3 0.554126 0.568423 0.008578 0.002042
3 0.516748 0.571078 0.004902 0.006536
3 0.357435 0.573325 0.000817 0.000408
3 0.358047 0.573734 0.000408 0.000408
3 0.358864 0.574142 0.000408 0.000408
3 0.519404 0.574551 0.000408 0.000408
3 0.537173 0.576593 0.001634 0.002859
3 0.536152 0.578227 0.000408 0.000408
3 0.535743 0.578636 0.000408 0.000408
3 0.369485 0.579453 0.000408 0.000408
3 0.368464 0.580474 0.000817 0.000817
3 0.369077 0.580270 0.000408 0.000408
3 0.525123 0.580270 0.000408 0.000408
3 0.525531 0.580678 0.000408 0.000408
3 0.528391 0.582108 0.005310 0.002451
3 0.381740 0.581495 0.000408 0.000408
3 0.382557 0.581904 0.000408 0.000408
3 0.383374 0.582312 0.000408 0.000408
3 0.384191 0.582721 0.000408 0.000408
3 0.384804 0.583129 0.000817 0.000408
3 0.385621 0.583538 0.000817 0.000408
3 0.372345 0.583946 0.001225 0.000408
3 0.386438 0.583946 0.000817 0.000408
3 0.373366 0.584355 0.000817 0.000408
3 0.387459 0.584559 0.001225 0.000817
3 0.374387 0.584763 0.001225 0.000408
3 0.375408 0.585172 0.000817 0.000408
3 0.388276 0.585172 0.000408 0.000408
3 0.376838 0.585784 0.002042 0.000817
3 0.378064 0.586397 0.000408 0.000408
3 0.378881 0.586806 0.000408 0.000408
3 0.396650 0.589665 0.000817 0.000408
3 0.397263 0.590074 0.000408 0.000408
3 0.398080 0.590482 0.000408 0.000408
3 0.452002 0.590482 0.000408 0.000408
3 0.454248 0.592320 0.004085 0.003268
3 0.406863 0.595384 0.005719 0.004493
3 0.410131 0.598243 0.000817 0.001225
3 0.620507 0.598652 0.000817 0.000408
3 0.410743 0.599060 0.000408 0.000408
3 0.622141 0.599060 0.000817 0.000408
3 0.411152 0.599469 0.000408 0.000408
3 0.623366 0.599469 0.000817 0.000408
3 0.625000 0.599877 0.000817 0.000408
3 0.626634 0.600286 0.000817 0.000408
3 0.411969 0.600694 0.000408 0.000408
3 0.628268 0.600694 0.000817 0.000408
3 0.629698 0.601103 0.001225 0.000408
3 0.633783 0.602328 0.006127 0.002042
3 0.581495 0.606005 0.000408 0.000408
3 0.582108 0.606413 0.000817 0.000408
3 0.585376 0.608252 0.005719 0.003268
3 0.605596 0.610090 0.000408 0.000408
3 0.604779 0.610498 0.000408 0.000408
3 0.600899 0.613154 0.007353 0.004902
3 0.646855 0.612132 0.000408 0.000408
3 0.648080 0.614175 0.002042 0.003676
3 0.635008 0.614583 0.000408 0.000408
3 0.597018 0.615809 0.000408 0.000408
3 0.596609 0.616217 0.000408 0.000408
3 0.637051 0.616217 0.000408 0.000408
3 0.649306 0.616217 0.000408 0.000408
3 0.444649 0.616626 0.000408 0.000408
3 0.637459 0.616626 0.000408 0.000408
3 0.445466 0.617034 0.000408 0.000408
3 0.637868 0.617034 0.000408 0.000408
3 0.446283 0.617443 0.000408 0.000408
3 0.447100 0.617851 0.000408 0.000408
3 0.447917 0.618260 0.000408 0.000408
3 0.452002 0.620098 0.006944 0.003268
3 0.456495 0.622141 0.002042 0.000817
3 0.457925 0.622753 0.000817 0.000408
3 0.464665 0.623366 0.011846 0.000817
3 0.652982 0.649306 0.011029 0.043709
3 0.479371 0.632557 0.000408 0.000408
3 0.479779 0.632966 0.000408 0.000408
3 0.480188 0.633374 0.000408 0.000408
3 0.511234 0.643178 0.000408 0.000408
3 0.512459 0.643587 0.000408 0.000408
3 0.572100 0.645221 0.000408 0.000408
3 0.569649 0.648489 0.004493 0.006127
3 0.560253 0.648489 0.000408 0.000408
3 0.559436 0.649714 0.000408 0.000408
3 0.528391 0.650531 0.000408 0.000408
3 0.559028 0.650531 0.000408 0.000408
3 0.528799 0.650940 0.000408 0.000408
3 0.558619 0.651144 0.000408 0.000817
3 0.529208 0.651348 0.000408 0.000408
3 0.558211 0.651757 0.000408 0.000408
3 0.567198 0.651757 0.000408 0.000408
3 0.566789 0.652369 0.000408 0.000817
3 0.557802 0.652574 0.000408 0.000408
3 0.566381 0.652982 0.000408 0.000408
3 0.557394 0.653391 0.000408 0.000408
3 0.565972 0.653391 0.000408 0.000408
3 0.658701 0.653391 0.000408 0.000408
3 0.549020 0.666258 0.000817 0.000817
3 0.654616 0.687704 0.000408 0.000408
3 0.694036 0.700776 0.006536 0.006127
3 0.664420 0.700776 0.000408 0.000408
3 0.664828 0.701185 0.000408 0.000408
3 0.666667 0.702614 0.003268 0.002451
3 0.668505 0.704044 0.000408 0.000408
3 0.690564 0.704044 0.000408 0.000408
3 0.690155 0.704453 0.000408 0.000408
3 0.689747 0.704861 0.000408 0.000408
3 0.689338 0.705270 0.000408 0.000408
3 0.688930 0.705678 0.000408 0.000408
3 0.688521 0.706087 0.000408 0.000408
3 0.688113 0.706495 0.000408 0.000408
3 0.687704 0.706904 0.000408 0.000408
3 0.673203 0.733252 0.001634 0.018791
3 0.678309 0.725899 0.001225 0.002451
3 0.749796 0.734681 0.000408 0.000408
3 0.750408 0.735294 0.000817 0.000817
3 0.674224 0.746528 0.000408 0.000408
3 0.675041 0.749387 0.001225 0.003676
3 0.675858 0.751838 0.000408 0.001225
3 0.676266 0.752859 0.000408 0.000817
3 0.676675 0.753881 0.000408 0.000408
3 0.677083 0.755106 0.000408 0.000408
3 0.684028 0.764910 0.000408 0.000408
3 0.684436 0.765727 0.000408 0.000408
3 0.686070 0.775940 0.000408 0.000408
3 0.686479 0.776757 0.000408 0.000408
3 0.689542 0.781658 0.005719 0.009395
3 0.701185 0.786969 0.000408 0.000408
3 0.860907 0.793096 0.000408 0.000408
3 0.874592 0.796160 0.000817 0.004902
3 0.860498 0.794322 0.000408 0.000408
3 0.929126 0.836397 0.000408 0.000408
3 0.077002 0.922386 0.154003 0.155229
3 0.974265 0.861111 0.008170 0.007353
3 0.978554 0.864992 0.000408 0.000408
3 0.978962 0.865400 0.000408 0.000408
3 0.979371 0.865809 0.000408 0.000408
3 0.647263 0.998979 0.000408 0.000408
3 0.647876 0.999592 0.000817 0.000817
4 0.112337 0.328431 0.224673 0.095588
4 0.091708 0.302492 0.000408 0.000408
4 0.266748 0.458129 0.078431 0.168709
4 0.334559 0.562500 0.075163 0.035948
4 0.444444 0.614788 0.145425 0.071895
4 0.593954 0.643587 0.117647 0.092729
4 0.675245 0.707108 0.051471 0.160131
4 0.526144 0.654208 0.016340 0.014297
