0 0.506127 0.500000 0.987745 1.000000
0 0.630106 0.402574 0.000408 0.000408
0 0.083129 0.430964 0.034722 0.054739
0 0.636234 0.437704 0.000408 0.000408
0 0.206904 0.811683 0.308415 0.376634
0 0.002451 0.836397 0.004902 0.031454
0 0.377655 0.970384 0.000408 0.000408
2 0.277369 0.628064 0.515523 0.691585
2 0.643995 0.410131 0.108252 0.098039
2 0.525531 0.623775 0.130310 0.053922
2 0.378064 0.970384 0.000408 0.000408
4 0.027778 0.014297 0.055556 0.028595
5 0.020221 0.008783 0.040441 0.017565
5 0.393587 0.500000 0.787173 1.000000
5 0.826593 0.000817 0.023284 0.001634
5 0.731822 0.110907 0.076389 0.101716
5 0.879902 0.145016 0.080065 0.108660
5 0.353350 0.981005 0.045752 0.037990
6 0.336397 0.499796 0.000408 0.000408
6 0.476920 0.569853 0.000408 0.000817
6 0.476511 0.570466 0.000408 0.000408
6 0.455678 0.846201 0.000408 0.000408
6 0.378064 0.970997 0.000408 0.000817
