1 0.219363 0.090482 0.394608 0.180964
1 0.741013 0.013276 0.165033 0.026552
1 0.940359 0.098652 0.119281 0.197304
1 0.600490 0.123775 0.222222 0.148693
1 0.007149 0.577410 0.014297 0.024918
1 0.003881 0.622345 0.007761 0.035539
1 0.944444 0.704657 0.111111 0.127451
1 0.955678 0.814951 0.088644 0.117647
1 0.032271 0.794730 0.064542 0.070670
1 0.816176 0.848448 0.120098 0.147876
1 0.073325 0.946487 0.146650 0.107026
2 0.463235 0.287582 0.926471 0.575163
2 0.910539 0.447304 0.178922 0.509804
2 0.351103 0.356413 0.000408 0.000408
2 0.519812 0.445466 0.000408 0.000408
2 0.517770 0.446283 0.000408 0.000408
2 0.516544 0.446691 0.000408 0.000408
2 0.820057 0.659926 0.000408 0.000408
2 0.820261 0.755923 0.075163 0.169526
2 0.181781 0.863154 0.363562 0.273693
2 0.984886 0.947100 0.030229 0.105801
2 0.824755 0.911356 0.058007 0.032680
2 0.087623 0.975286 0.083742 0.049428
3 0.021855 0.000817 0.000408 0.001634
3 0.902369 0.001225 0.000817 0.002451
3 0.415237 0.011234 0.000408 0.000408
3 0.414828 0.014093 0.000408 0.001225
3 0.145425 0.017361 0.002451 0.005310
3 0.703023 0.016953 0.001634 0.000408
3 0.704453 0.017361 0.001225 0.000408
3 0.705678 0.017770 0.000408 0.000408
3 0.788194 0.020425 0.006127 0.004085
3 0.791462 0.022672 0.000408 0.000408
3 0.764502 0.024918 0.002042 0.001634
3 0.807802 0.026144 0.011029 0.000817
3 0.306373 0.056985 0.120915 0.058415
3 0.915645 0.029208 0.000408 0.000408
3 0.916054 0.030842 0.000408 0.001225
3 0.208538 0.045139 0.000408 0.000408
3 0.209355 0.045547 0.000408 0.000408
3 0.209967 0.045956 0.000817 0.000408
3 0.211601 0.046773 0.002451 0.001225
3 0.066789 0.048611 0.002859 0.002451
3 0.233456 0.049632 0.002859 0.000408
3 0.884600 0.065768 0.001225 0.001634
3 0.366217 0.078636 0.001225 0.000408
3 0.913194 0.079861 0.000408 0.000408
3 0.914420 0.080270 0.000408 0.000408
3 0.915645 0.080678 0.000408 0.000408
3 0.916667 0.081087 0.000817 0.000408
3 0.917892 0.081495 0.000817 0.000408
3 0.919118 0.081904 0.000817 0.000408
3 0.920343 0.082312 0.000817 0.000408
3 0.390931 0.086193 0.000817 0.001634
3 0.245711 0.086397 0.000408 0.000408
3 0.390319 0.087418 0.000408 0.000817
3 0.389910 0.088031 0.000408 0.000408
3 0.239992 0.088440 0.000408 0.000408
3 0.239379 0.091912 0.000817 0.001634
3 0.305147 0.129902 0.003268 0.000817
3 0.237132 0.130923 0.000408 0.001225
3 0.302900 0.130515 0.000408 0.000408
3 0.314134 0.132353 0.004085 0.003268
3 0.236724 0.133987 0.000408 0.001634
3 0.239175 0.135212 0.004493 0.000817
3 0.249796 0.135008 0.007761 0.000408
3 0.500000 0.571487 1.000000 0.857026
3 0.813725 0.745302 0.003268 0.010212
3 0.847835 0.780025 0.000408 0.000408
3 0.031863 0.841503 0.063725 0.033497
3 0.108660 0.909314 0.112745 0.081699
3 0.026757 0.888480 0.053513 0.033497
5 0.894812 0.016748 0.042075 0.033497
5 0.025735 0.196078 0.030229 0.026961
5 0.893178 0.237337 0.051879 0.053922
5 0.260621 0.223856 0.036765 0.018791
5 0.339665 0.238358 0.060049 0.032271
5 0.303922 0.323325 0.185458 0.131944
5 0.888889 0.321487 0.036765 0.058007
5 0.678922 0.420956 0.245098 0.154003
5 0.419322 0.416258 0.253676 0.084967
5 0.826389 0.390523 0.029412 0.031046
5 0.812908 0.426266 0.019608 0.025735
5 0.784722 0.531658 0.147059 0.118873
5 0.268791 0.506944 0.022876 0.022876
5 0.137255 0.574346 0.078431 0.065359
5 0.346201 0.597222 0.197304 0.075163
5 0.691789 0.635621 0.166258 0.126634
5 0.158088 0.629902 0.071078 0.084967
5 0.485090 0.641544 0.096814 0.044526
5 0.069036 0.691789 0.138072 0.112337
5 0.296569 0.672998 0.157680 0.034722
5 0.787990 0.705270 0.065359 0.090278
5 0.829044 0.957721 0.154003 0.084559
5 0.601920 0.980801 0.052696 0.030229
5 0.523284 0.984886 0.031863 0.030229
