0 0.084150 0.005719 0.035948 0.011438
0 0.084150 0.031454 0.095588 0.027778
0 0.248979 0.066789 0.024918 0.064951
0 0.935662 0.524306 0.128676 0.951389
0 0.095588 0.058619 0.082516 0.018382
0 0.209150 0.066789 0.022876 0.026552
0 0.191381 0.124796 0.020833 0.021650
0 0.120098 0.143382 0.093954 0.035131
0 0.357843 0.259600 0.163399 0.131944
0 0.272263 0.484681 0.212010 0.152369
0 0.806577 0.531046 0.164624 0.231209
0 0.576185 0.552288 0.121324 0.098039
0 0.697917 0.599265 0.092729 0.054739
0 0.583742 0.691993 0.127451 0.092320
0 0.792892 0.746324 0.149510 0.173203
0 0.445261 0.697917 0.098856 0.071487
0 0.022263 0.800858 0.044526 0.172794
0 0.379085 0.743056 0.081699 0.024510
0 0.460989 0.743873 0.027369 0.023693
0 0.386846 0.778391 0.066993 0.038807
0 0.372141 0.829453 0.101307 0.030637
0 0.351920 0.871732 0.104984 0.063725
0 0.732026 0.943832 0.025327 0.023284
0 0.680351 0.975899 0.182598 0.048203
1 0.497753 0.500000 0.995507 1.000000
1 0.995711 0.050858 0.000408 0.000408
2 0.799224 0.053717 0.401552 0.107435
4 0.008374 0.004902 0.016748 0.009804
4 0.358660 0.000204 0.008987 0.000408
5 0.995711 0.050449 0.000408 0.000408
5 0.995302 0.050858 0.000408 0.000408
