0 0.083333 0.008987 0.016340 0.017974
0 0.793301 0.009600 0.013889 0.019199
0 0.865809 0.040645 0.114788 0.081291
0 0.002655 0.048815 0.005310 0.011846
0 0.169935 0.092320 0.062092 0.067810
0 0.006332 0.083333 0.012663 0.016340
0 0.010417 0.177900 0.020833 0.014297
0 0.997958 0.195057 0.004085 0.011029
0 0.022876 0.266953 0.045752 0.019199
0 0.010008 0.445057 0.020016 0.026552
0 0.005923 0.741217 0.011846 0.011846
0 0.005310 0.908701 0.010621 0.010212
0 0.877655 0.983252 0.031454 0.033497
0 0.462623 0.995098 0.015114 0.009804
0 0.536765 0.995302 0.007353 0.009395
0 0.618260 0.996936 0.009395 0.006127
0 0.266340 0.997141 0.007353 0.005719
0 0.346405 0.997345 0.008987 0.005310
0 0.494690 0.998366 0.008987 0.003268
1 0.696283 0.374387 0.446487 0.272467
1 0.235090 0.467320 0.470180 0.242647
1 0.479575 0.623775 0.959150 0.341503
1 0.869077 0.924632 0.055147 0.114788
2 0.156863 0.085989 0.313725 0.171977
2 0.613766 0.117443 0.484069 0.234886
2 0.959967 0.125408 0.080065 0.250817
2 0.866626 0.077410 0.000408 0.000408
2 0.916258 0.079453 0.000817 0.000408
2 0.912377 0.080065 0.004493 0.000817
2 0.314747 0.135825 0.001225 0.000408
2 0.981413 0.413399 0.037173 0.031863
2 0.922386 0.764297 0.116830 0.133987
2 0.052288 0.872141 0.104575 0.255719
3 0.500000 0.257966 1.000000 0.515931
3 0.997958 0.189542 0.004085 0.000817
3 0.500000 0.730801 1.000000 0.538399
3 0.001021 0.903391 0.002042 0.000408
3 0.005310 0.912786 0.010621 0.002859
4 0.500000 0.520425 1.000000 0.151961
4 0.877859 0.848856 0.033497 0.033497
