0 0.410948 0.188725 0.578431 0.377451
0 0.607435 0.409314 0.187092 0.154412
0 0.884804 0.544322 0.000817 0.000408
0 0.854167 0.565155 0.098039 0.041258
0 0.818832 0.576593 0.000408 0.000408
0 0.819240 0.577002 0.000408 0.000408
0 0.819853 0.577819 0.000817 0.001225
1 0.500000 0.500000 1.000000 1.000000
1 0.000204 0.138889 0.000408 0.003268
2 0.137255 0.196691 0.274510 0.393382
2 0.800858 0.518587 0.176879 0.069853
4 0.059845 0.056577 0.119690 0.085376
4 0.034926 0.123366 0.069853 0.064542
4 0.072100 0.094975 0.000408 0.000408
4 0.071283 0.095384 0.000408 0.000408
4 0.070466 0.095997 0.001225 0.000817
5 0.356822 0.380923 0.181781 0.202206
5 0.848652 0.640523 0.302696 0.313725
