1 0.500000 0.500000 1.000000 1.000000
2 0.198734 0.027982 0.067402 0.050245
2 0.034314 0.374387 0.068627 0.117239
2 0.861111 0.545752 0.277778 0.287582
2 0.068832 0.433211 0.000408 0.000408
2 0.096609 0.476920 0.000408 0.000408
2 0.097018 0.477737 0.000408 0.000408
2 0.097426 0.478554 0.000408 0.000408
2 0.097835 0.478962 0.000408 0.000408
2 0.098243 0.479779 0.000408 0.000408
2 0.098652 0.480392 0.000408 0.000817
2 0.099265 0.481413 0.000817 0.001225
2 0.099877 0.482435 0.000408 0.000817
2 0.293301 0.741422 0.433824 0.517157
2 0.701389 0.561275 0.163399 0.087418
2 0.946691 0.574346 0.091912 0.083333
2 0.926062 0.807190 0.147876 0.368464
2 0.793913 0.832721 0.188317 0.268382
4 0.217525 0.723448 0.435049 0.553105
5 0.230392 0.685253 0.460784 0.629493
