0 0.787786 0.239379 0.147467 0.241830
0 0.824959 0.143382 0.060049 0.048203
0 0.186479 0.206291 0.114788 0.092320
0 0.049632 0.248162 0.099265 0.115605
0 0.100082 0.375204 0.076797 0.087827
0 0.777369 0.539624 0.029412 0.026144
0 0.806985 0.640114 0.081291 0.085784
0 0.170956 0.992443 0.024101 0.015114
1 0.206291 0.400531 0.194444 0.162173
1 0.920547 0.434845 0.158905 0.094363
1 0.166871 0.473243 0.000408 0.000408
1 0.539011 0.533497 0.056781 0.033497
1 0.151757 0.604371 0.246324 0.127042
1 0.541054 0.615400 0.042075 0.042892
1 0.952002 0.714869 0.095997 0.079248
1 0.723243 0.834967 0.045343 0.053105
1 0.018587 0.894812 0.029003 0.072304
2 0.810866 0.154820 0.096405 0.075163
2 0.006944 0.173611 0.013889 0.053105
2 0.587623 0.270833 0.062500 0.120915
2 0.030842 0.244485 0.053513 0.063317
2 0.243873 0.309641 0.236111 0.173203
2 0.008578 0.292484 0.017157 0.039216
2 0.055760 0.276961 0.000408 0.000817
2 0.056168 0.278186 0.000408 0.000817
2 0.975899 0.312500 0.048203 0.058824
2 0.089257 0.330678 0.065768 0.067402
2 0.055147 0.299224 0.000817 0.000408
2 0.021242 0.303717 0.004902 0.001225
2 0.114379 0.385621 0.043301 0.047386
2 0.682802 0.496324 0.149918 0.127451
2 0.262868 0.545547 0.205474 0.149101
2 0.517157 0.597835 0.068627 0.048611
2 0.417279 0.611724 0.082925 0.055147
2 0.839257 0.628881 0.044526 0.059232
2 0.358456 0.620302 0.000408 0.000408
2 0.539420 0.866422 0.077206 0.113562
2 0.003676 0.902165 0.007353 0.045343
2 0.287582 0.913194 0.052288 0.060049
3 0.500000 0.500000 1.000000 1.000000
3 0.085376 0.303717 0.000817 0.000408
3 0.109273 0.331291 0.001225 0.000817
3 0.108456 0.331904 0.000408 0.000408
3 0.108047 0.332312 0.000408 0.000408
3 0.121324 0.337623 0.002451 0.003676
3 0.119894 0.339869 0.000408 0.000817
3 0.082312 0.351920 0.000408 0.000408
3 0.081087 0.352737 0.000408 0.000408
3 0.080678 0.353145 0.000408 0.000408
3 0.079861 0.353554 0.000408 0.000408
3 0.079044 0.354167 0.001225 0.000817
3 0.115400 0.364379 0.003676 0.007353
3 0.117443 0.368464 0.000408 0.000817
3 0.117851 0.369281 0.000408 0.000817
3 0.118260 0.370098 0.000408 0.000817
3 0.118668 0.370711 0.000408 0.000408
3 0.119077 0.371528 0.000408 0.000408
3 0.119485 0.372345 0.000408 0.000408
3 0.105392 0.404616 0.003268 0.002042
3 0.107639 0.405842 0.000408 0.000408
4 0.943015 0.199142 0.011029 0.013480
5 0.289828 0.955270 0.037173 0.034722
