0 0.156046 0.329248 0.312092 0.392157
0 0.515114 0.499183 0.263072 0.262255
0 0.378881 0.504698 0.002859 0.011846
1 0.500000 0.500000 1.000000 1.000000
2 0.067198 0.376225 0.073121 0.081699
2 0.271242 0.430556 0.196895 0.182190
2 0.441789 0.494690 0.125408 0.081699
2 0.495302 0.689134 0.146650 0.211601
2 0.075368 0.920752 0.131944 0.158497
2 0.016136 0.990809 0.032271 0.018382
4 0.732435 0.025123 0.009804 0.007761
4 0.845180 0.111724 0.008987 0.010212
4 0.640523 0.239379 0.018791 0.023693
4 0.860498 0.450980 0.018382 0.019608
4 0.945670 0.505923 0.008987 0.010212
4 0.839257 0.552900 0.007761 0.007761
4 0.162377 0.754289 0.118056 0.051879
4 0.015114 0.774510 0.030229 0.040850
4 0.316789 0.817198 0.031454 0.017565
4 0.441789 0.881944 0.007761 0.008170
4 0.422998 0.888889 0.011029 0.011438
4 0.472835 0.919935 0.007761 0.006536
4 0.022059 0.967933 0.044118 0.051879
4 0.887255 0.953023 0.012255 0.013072
4 0.524510 0.954044 0.013072 0.011029
