0 0.825980 0.300245 0.306373 0.580065
0 0.980392 0.143178 0.039216 0.087827
0 0.942402 0.333742 0.115196 0.218137
0 0.804739 0.751021 0.323529 0.383578
0 0.646038 0.694853 0.062500 0.071895
0 0.079044 0.878064 0.158088 0.243873
0 0.336397 0.971201 0.063317 0.057598
0 0.451185 0.994894 0.029003 0.010212
4 0.021446 0.578840 0.042892 0.100490
5 0.500000 0.500000 1.000000 1.000000
5 0.006944 0.563725 0.013889 0.025327
5 0.006332 0.911560 0.012663 0.051062
5 0.069649 0.999387 0.006127 0.001225
6 0.006332 0.528799 0.000408 0.000408
6 0.009395 0.528799 0.000817 0.000408
6 0.004289 0.529208 0.000408 0.000408
6 0.014093 0.529208 0.000408 0.000408
6 0.001430 0.529616 0.000408 0.000408
6 0.025531 0.533701 0.000408 0.000408
6 0.027982 0.534518 0.000408 0.000408
6 0.036560 0.538194 0.000408 0.000408
6 0.038603 0.539011 0.000408 0.000408
6 0.040645 0.539828 0.000408 0.000408
6 0.042688 0.543096 0.000408 0.000408
6 0.039011 0.549632 0.000408 0.000408
6 0.006127 0.550858 0.001634 0.000408
6 0.001021 0.551266 0.000408 0.000408
6 0.037377 0.551675 0.000408 0.000408
6 0.012868 0.556985 0.000408 0.000408
6 0.012459 0.559641 0.000408 0.000817
6 0.036152 0.560662 0.000408 0.000408
6 0.012459 0.562092 0.000408 0.000817
6 0.037377 0.565564 0.000408 0.000408
6 0.012459 0.566381 0.000408 0.000408
6 0.010008 0.569649 0.000408 0.000408
6 0.041871 0.573325 0.000408 0.000408
6 0.041871 0.575776 0.000408 0.000408
6 0.031658 0.583129 0.000408 0.000408
6 0.029208 0.583946 0.000408 0.000408
6 0.023080 0.586397 0.000408 0.000408
6 0.022672 0.587623 0.000408 0.000408
6 0.022263 0.590891 0.000408 0.000408
6 0.021446 0.592525 0.000408 0.000408
6 0.020221 0.594567 0.000408 0.000408
6 0.019404 0.595792 0.000408 0.000408
6 0.018178 0.599469 0.000408 0.000408
6 0.017770 0.601103 0.000408 0.000408
6 0.018995 0.607639 0.000408 0.000408
6 0.021038 0.610090 0.000408 0.000408
6 0.022672 0.612541 0.000408 0.000408
6 0.014502 0.619077 0.000408 0.000408
6 0.016136 0.619077 0.000408 0.000408
6 0.014093 0.619485 0.000408 0.000408
6 0.008987 0.620302 0.000817 0.000408
6 0.003472 0.622753 0.000408 0.000408
6 0.003064 0.623570 0.000408 0.000408
6 0.015727 0.623570 0.000408 0.000408
6 0.002655 0.624387 0.000408 0.000408
6 0.002247 0.625204 0.000408 0.000408
6 0.000613 0.628881 0.000408 0.000408
6 0.000204 0.629289 0.000408 0.000408
