0 0.990809 0.550858 0.018382 0.018382
0 0.206904 0.990809 0.052696 0.018382
0 0.935866 0.993464 0.015523 0.013072
1 0.500000 0.500000 1.000000 1.000000
1 0.585376 0.010008 0.063725 0.020016
1 0.669322 0.009600 0.058415 0.019199
1 0.882557 0.066176 0.234886 0.132353
1 0.991013 0.301471 0.017974 0.068627
2 0.747141 0.098856 0.505719 0.197712
2 0.987541 0.038603 0.024918 0.049428
2 0.842933 0.427696 0.314134 0.458333
2 0.694853 0.364379 0.071895 0.047386
4 0.863766 0.443423 0.029003 0.055964
4 0.658701 0.457312 0.016748 0.015114
