0 0.756944 0.159926 0.046569 0.069853
1 0.352737 0.241013 0.705474 0.482026
1 0.713031 0.003064 0.000408 0.000408
1 0.713440 0.008578 0.000408 0.000817
1 0.713848 0.014297 0.000408 0.001634
1 0.334355 0.225286 0.000408 0.000408
1 0.397672 0.525735 0.126225 0.201797
1 0.936887 0.621732 0.126225 0.130719
1 0.979575 0.959559 0.040850 0.053922
1 0.110498 0.975490 0.118056 0.049020
2 0.717525 0.112745 0.390114 0.225490
2 0.329248 0.137051 0.243464 0.240605
2 0.062500 0.169935 0.125000 0.070261
2 0.207721 0.252451 0.000408 0.000817
2 0.262868 0.626430 0.525735 0.747141
2 0.045343 0.399918 0.090686 0.147876
2 0.865400 0.422590 0.060049 0.157271
2 0.170956 0.401144 0.000408 0.000817
2 0.457312 0.456904 0.000408 0.000408
2 0.457108 0.463235 0.003268 0.003268
2 0.001838 0.475082 0.003676 0.000817
2 0.380515 0.558415 0.000408 0.000817
2 0.378881 0.562092 0.002859 0.006536
3 0.160743 0.120098 0.321487 0.240196
3 0.790237 0.014910 0.154820 0.029820
3 0.685253 0.500000 0.629493 1.000000
3 0.400940 0.065155 0.000408 0.002859
3 0.401348 0.070466 0.000408 0.003676
3 0.401757 0.075572 0.000408 0.004085
3 0.402165 0.079861 0.000408 0.002042
3 0.434845 0.089461 0.016748 0.002451
3 0.447712 0.090074 0.008170 0.002859
3 0.427288 0.099060 0.001634 0.008578
3 0.189134 0.472222 0.188725 0.297386
3 0.385008 0.424837 0.001225 0.000817
3 0.036356 0.551062 0.072712 0.200980
