0 0.560866 0.043913 0.064542 0.040441
0 0.495915 0.109477 0.069444 0.058824
1 0.500000 0.138480 1.000000 0.276961
1 0.500000 0.550654 1.000000 0.898693
1 0.260621 0.195466 0.004085 0.000408
1 0.266953 0.195874 0.003676 0.000408
1 0.273284 0.196283 0.003268 0.000408
1 0.279412 0.196691 0.002451 0.000408
1 0.285948 0.197100 0.001634 0.000408
1 0.292279 0.197508 0.001225 0.000408
1 0.298611 0.197917 0.000817 0.000408
2 0.351103 0.149306 0.702206 0.138480
4 0.500000 0.189134 1.000000 0.183007
4 0.243668 0.228350 0.134395 0.071895
5 0.249183 0.244281 0.181373 0.223039
5 0.124183 0.227533 0.075980 0.035948
5 0.510417 0.416667 0.018382 0.051471
5 0.420752 0.489583 0.111111 0.113971
