0 0.161969 0.569444 0.037990 0.044935
0 0.819036 0.876021 0.106209 0.171160
0 0.933824 0.864992 0.089869 0.059232
1 0.500000 0.210580 1.000000 0.421160
1 0.500000 0.627451 1.000000 0.745098
1 0.970792 0.260417 0.000408 0.000408
2 0.994281 0.245711 0.011438 0.011029
2 0.983252 0.263480 0.031046 0.015523
2 0.625613 0.476511 0.163807 0.062500
2 0.889093 0.893382 0.049428 0.051471
4 0.500000 0.336601 1.000000 0.176471
4 0.135008 0.982843 0.024918 0.023693
5 0.661356 0.530025 0.066993 0.055964
5 0.898489 0.615400 0.030637 0.038807
5 0.789011 0.648489 0.063317 0.042892
5 0.484273 0.827819 0.220997 0.088644
