0 0.960989 0.304943 0.029003 0.031454
0 0.955678 0.335580 0.018382 0.024101
0 0.539011 0.558824 0.091095 0.047386
0 0.212010 0.554943 0.018791 0.031454
0 0.639910 0.553309 0.069036 0.028186
0 0.378268 0.853145 0.077614 0.055147
0 0.871936 0.871119 0.049428 0.042075
0 0.818423 0.873979 0.034722 0.041258
0 0.082925 0.887868 0.095588 0.060049
1 0.500000 0.500000 1.000000 1.000000
1 0.333333 0.838235 0.666667 0.323529
1 0.748162 0.678717 0.000408 0.000408
1 0.748570 0.679943 0.000408 0.000408
1 0.748979 0.681168 0.000408 0.001225
1 0.749387 0.682394 0.000408 0.001225
1 0.750000 0.684436 0.000817 0.002859
1 0.750613 0.686683 0.000408 0.001634
1 0.751021 0.688113 0.000408 0.001225
1 0.751430 0.689542 0.000408 0.001634
1 0.751838 0.691176 0.000408 0.001634
1 0.752247 0.692606 0.000408 0.001225
1 0.752655 0.694036 0.000408 0.001634
1 0.753064 0.695466 0.000408 0.001225
1 0.753472 0.697100 0.000408 0.001225
1 0.753881 0.698325 0.000408 0.001225
1 0.754289 0.699959 0.000408 0.001225
1 0.754698 0.701389 0.000408 0.000817
1 0.755106 0.702819 0.000408 0.001225
1 0.755515 0.704453 0.000408 0.001225
1 0.755923 0.705678 0.000408 0.001225
1 0.756332 0.707312 0.000408 0.001225
1 0.756740 0.708538 0.000408 0.000408
2 0.959763 0.349265 0.080474 0.186275
2 0.800245 0.666258 0.151961 0.112745
2 0.991422 0.676266 0.017157 0.081291
2 0.897263 0.986724 0.133578 0.026552
4 0.986111 0.299837 0.015523 0.012255
4 0.979779 0.322304 0.024101 0.022876
4 0.953636 0.378064 0.018382 0.028186
4 0.980801 0.415645 0.017157 0.017565
4 0.420956 0.778186 0.841912 0.443627
4 0.724877 0.613358 0.000408 0.000408
