0 0.033292 0.018995 0.066585 0.037990
0 0.414624 0.362949 0.829248 0.725899
0 0.959763 0.089869 0.080474 0.138072
0 0.992034 0.473039 0.015931 0.084967
0 0.094975 0.613154 0.189951 0.176471
0 0.955882 0.661560 0.088235 0.118873
0 0.391340 0.709150 0.013072 0.013072
0 0.406454 0.711193 0.014706 0.012255
0 0.742443 0.726103 0.000408 0.000408
0 0.376225 0.736724 0.018791 0.011846
0 0.693627 0.753268 0.041667 0.033497
0 0.598243 0.751021 0.026552 0.017565
0 0.378881 0.748162 0.020833 0.011029
0 0.303105 0.755515 0.018791 0.019199
0 0.021650 0.889910 0.043301 0.140114
0 0.353145 0.926062 0.091912 0.102941
4 0.031250 0.465074 0.062500 0.202206
4 0.419118 0.971405 0.070261 0.047386
5 0.084150 0.043301 0.168301 0.086601
5 0.339257 0.016136 0.039624 0.032271
5 0.418096 0.051266 0.090278 0.102533
5 0.500000 0.500000 1.000000 1.000000
5 0.000204 0.004493 0.000408 0.002451
5 0.010621 0.923407 0.021242 0.034722
6 0.714257 0.410335 0.000408 0.000408
6 0.710172 0.414011 0.000408 0.000408
6 0.709763 0.415033 0.000408 0.001634
6 0.702002 0.450368 0.000408 0.000408
6 0.700776 0.453023 0.000408 0.000817
6 0.700163 0.454044 0.000817 0.001225
6 0.723243 0.559436 0.000408 0.000408
6 0.754289 0.686887 0.000408 0.000408
