0 0.288399 0.007557 0.015523 0.015114
0 0.410335 0.002859 0.004493 0.005719
0 0.515523 0.003268 0.008170 0.006536
0 0.974265 0.011234 0.026144 0.022467
0 0.486111 0.092320 0.092320 0.067810
0 0.007966 0.256127 0.015931 0.011438
0 0.991013 0.518178 0.017974 0.037990
0 0.219975 0.614992 0.028186 0.031454
0 0.882966 0.649510 0.052696 0.032680
0 0.174020 0.682802 0.036765 0.051879
0 0.327002 0.679534 0.032271 0.032271
0 0.233456 0.709967 0.011846 0.009804
0 0.168913 0.727533 0.021650 0.023693
0 0.254289 0.750000 0.017565 0.039216
0 0.205678 0.757353 0.072304 0.030229
1 0.655025 0.578840 0.132761 0.228758
1 0.806985 0.894199 0.386029 0.211601
2 0.395833 0.005923 0.031046 0.011846
2 0.442810 0.184436 0.119281 0.076389
2 0.023693 0.240400 0.047386 0.055964
2 0.049837 0.386846 0.099673 0.134804
2 0.534109 0.368668 0.066585 0.060049
2 0.448734 0.397876 0.079657 0.084967
2 0.200980 0.648489 0.401961 0.386846
2 0.745098 0.725899 0.057190 0.061275
3 0.500000 0.500000 1.000000 1.000000
3 0.853554 0.941176 0.292892 0.117647
4 0.492443 0.357435 0.062500 0.037582
4 0.273080 0.725082 0.031454 0.033497
