0 0.038807 0.031863 0.077614 0.063725
0 0.500000 0.500000 1.000000 1.000000
0 0.443219 0.492647 0.004085 0.005719
0 0.445466 0.491830 0.000408 0.000817
0 0.445874 0.492647 0.000408 0.000817
0 0.446283 0.493464 0.000408 0.000817
0 0.448121 0.497345 0.003268 0.006944
0 0.443219 0.496324 0.000817 0.001634
0 0.443832 0.497549 0.000408 0.000817
0 0.445466 0.501021 0.002859 0.006127
0 0.449959 0.501225 0.000408 0.000817
0 0.451797 0.505106 0.003268 0.006944
0 0.447100 0.504493 0.000408 0.000817
0 0.447508 0.505310 0.000408 0.000817
0 0.449142 0.508783 0.002859 0.006127
0 0.453840 0.509395 0.000817 0.001634
0 0.455882 0.513685 0.003268 0.006944
0 0.450776 0.512255 0.000408 0.000817
0 0.451185 0.513072 0.000408 0.000817
0 0.451797 0.514297 0.000817 0.001634
0 0.453431 0.517770 0.002451 0.005310
0 0.457721 0.517565 0.000408 0.000817
0 0.458129 0.518382 0.000408 0.000817
0 0.459967 0.522263 0.003268 0.006944
0 0.455065 0.521242 0.000817 0.001634
0 0.457108 0.525531 0.003268 0.006944
0 0.461806 0.526144 0.000408 0.000817
0 0.463644 0.530025 0.003268 0.006944
0 0.458946 0.529412 0.000408 0.000817
0 0.459355 0.530229 0.000408 0.000817
0 0.460989 0.533701 0.002859 0.006127
0 0.465686 0.534314 0.000817 0.001634
0 0.467525 0.537990 0.002859 0.005719
0 0.462623 0.537173 0.000408 0.000817
0 0.463031 0.537990 0.000408 0.000817
0 0.463644 0.539216 0.000817 0.001634
0 0.464461 0.541054 0.000817 0.002042
0 0.469158 0.541258 0.000408 0.000817
0 0.469567 0.542075 0.000408 0.000817
0 0.466095 0.544730 0.002451 0.005310
0 0.469975 0.542892 0.000408 0.000817
0 0.470997 0.545139 0.001634 0.003676
0 0.472222 0.547998 0.000817 0.002042
0 0.467525 0.547794 0.000408 0.000817
0 0.468750 0.550245 0.002042 0.004085
0 0.473039 0.549837 0.000817 0.001634
0 0.474469 0.552900 0.002042 0.004493
0 0.470180 0.553105 0.000817 0.001634
0 0.471609 0.556168 0.002042 0.004493
0 0.475694 0.555556 0.000408 0.000817
0 0.477124 0.558619 0.002451 0.005310
0 0.472835 0.558824 0.000408 0.000817
0 0.474265 0.561887 0.002451 0.005310
0 0.479779 0.564338 0.002859 0.006127
0 0.475694 0.564951 0.000408 0.000817
0 0.477124 0.568015 0.002451 0.005310
0 0.481413 0.567810 0.000408 0.000817
0 0.482843 0.570874 0.002451 0.005310
0 0.478554 0.571078 0.000408 0.000817
0 0.479779 0.573734 0.002042 0.004493
0 0.484273 0.573938 0.000408 0.000817
0 0.485498 0.576593 0.002042 0.004493
0 0.481209 0.576797 0.000817 0.001634
0 0.482435 0.579453 0.001634 0.003676
0 0.486724 0.579248 0.000408 0.000817
0 0.488154 0.582312 0.002451 0.005310
0 0.483456 0.581699 0.000408 0.000817
0 0.483864 0.582516 0.000408 0.000817
0 0.485294 0.585580 0.002451 0.005310
0 0.490809 0.588031 0.002859 0.006127
0 0.487949 0.591299 0.002859 0.006127
0 0.492443 0.591503 0.000408 0.000817
0 0.493668 0.594158 0.002042 0.004493
0 0.490605 0.597018 0.002451 0.005310
0 0.494894 0.596814 0.000408 0.000817
0 0.495302 0.597631 0.000408 0.000817
0 0.496324 0.599877 0.001634 0.003676
0 0.492034 0.600082 0.000408 0.000817
0 0.493260 0.602737 0.002042 0.004493
0 0.497549 0.602533 0.000817 0.001634
0 0.498979 0.605596 0.002042 0.004493
0 0.494485 0.605392 0.000408 0.000817
0 0.494894 0.606209 0.000408 0.000817
0 0.495507 0.607639 0.000817 0.002042
0 0.500204 0.608252 0.000408 0.000817
0 0.501634 0.611315 0.002451 0.005310
0 0.496119 0.612949 0.001225 0.005310
0 0.503064 0.614379 0.000408 0.000817
0 0.504493 0.617443 0.002451 0.005310
0 0.496936 0.616217 0.000408 0.001225
0 0.497345 0.617443 0.000408 0.001225
0 0.498162 0.619690 0.001225 0.003268
0 0.505923 0.620507 0.000408 0.000817
0 0.507149 0.623162 0.002042 0.004493
0 0.499796 0.623979 0.002042 0.005310
0 0.508578 0.626225 0.000817 0.001634
0 0.501225 0.627655 0.000817 0.002042
0 0.510008 0.629289 0.002042 0.004493
0 0.502247 0.630106 0.001225 0.002859
0 0.503472 0.632966 0.001225 0.002859
0 0.511234 0.631944 0.000408 0.000817
0 0.512663 0.635008 0.002451 0.005310
0 0.504698 0.635825 0.001225 0.002859
0 0.505923 0.638685 0.001225 0.002859
0 0.515319 0.640727 0.002859 0.006127
0 0.511438 0.651552 0.009804 0.022876
0 0.517974 0.646446 0.002451 0.005310
0 0.519608 0.649918 0.000817 0.001634
0 0.520833 0.652574 0.001634 0.003676
0 0.522059 0.655229 0.000817 0.001634
0 0.523693 0.658701 0.002451 0.005310
0 0.526144 0.664011 0.002451 0.005310
0 0.516953 0.664420 0.001225 0.002859
0 0.518178 0.667279 0.001225 0.002859
0 0.527574 0.667075 0.000408 0.000817
0 0.528595 0.669322 0.001634 0.003676
0 0.519404 0.670139 0.001225 0.002859
0 0.529820 0.671977 0.000817 0.001634
0 0.520629 0.672998 0.001225 0.002859
0 0.530433 0.673203 0.000408 0.000817
0 0.531658 0.675858 0.002042 0.004493
0 0.521446 0.674837 0.000408 0.000817
0 0.522876 0.677900 0.002451 0.005310
0 0.533088 0.678922 0.000817 0.001634
0 0.534518 0.681985 0.002042 0.004493
0 0.524306 0.680964 0.000408 0.000817
0 0.524714 0.681781 0.000408 0.000817
0 0.526348 0.685253 0.002859 0.006127
0 0.535743 0.684641 0.000408 0.000817
0 0.537173 0.687704 0.002451 0.005310
0 0.527982 0.688725 0.000408 0.000817
0 0.529616 0.692198 0.002859 0.006127
0 0.538603 0.690768 0.000408 0.000817
0 0.540033 0.693832 0.002451 0.005310
0 0.531250 0.695670 0.000408 0.000817
0 0.532884 0.699142 0.002859 0.006127
0 0.542484 0.699142 0.002451 0.005310
0 0.544118 0.702614 0.000817 0.001634
0 0.534518 0.702614 0.000408 0.000817
0 0.534926 0.703431 0.000408 0.000817
0 0.545343 0.705270 0.001634 0.003676
0 0.536356 0.706495 0.002451 0.005310
0 0.546364 0.707516 0.000408 0.000817
0 0.546773 0.708333 0.000408 0.000817
0 0.547998 0.710989 0.002042 0.004493
0 0.537786 0.709559 0.000408 0.000817
0 0.538194 0.710376 0.000408 0.000817
0 0.539624 0.713440 0.002451 0.005310
0 0.549224 0.713644 0.000408 0.000817
0 0.550858 0.717116 0.002859 0.006127
0 0.541054 0.716503 0.000408 0.000817
0 0.541462 0.717320 0.000408 0.000817
0 0.542892 0.720384 0.002451 0.005310
0 0.553513 0.722835 0.002451 0.005310
0 0.544526 0.723856 0.000817 0.001634
0 0.546160 0.727328 0.002451 0.005310
0 0.555964 0.728145 0.002451 0.005310
0 0.547794 0.730801 0.000817 0.001634
0 0.558619 0.733864 0.002859 0.006127
0 0.549428 0.734273 0.002451 0.005310
0 0.551062 0.737745 0.000817 0.001634
0 0.560253 0.737337 0.000408 0.000817
0 0.561683 0.740400 0.002451 0.005310
0 0.551675 0.738971 0.000408 0.000817
0 0.553309 0.742443 0.002859 0.006127
0 0.563113 0.743464 0.000408 0.000817
0 0.564134 0.745711 0.001634 0.003676
0 0.554943 0.745915 0.000408 0.000817
0 0.556577 0.749387 0.002859 0.006127
0 0.565359 0.748366 0.000817 0.001634
0 0.566993 0.751838 0.002451 0.005310
0 0.558211 0.752859 0.000408 0.000817
0 0.559845 0.756332 0.002859 0.006127
0 0.569649 0.757557 0.002859 0.006127
0 0.561479 0.759804 0.000408 0.000817
0 0.563113 0.763276 0.002859 0.006127
0 0.572304 0.763276 0.002451 0.005310
0 0.573734 0.766340 0.000408 0.000817
0 0.564747 0.766748 0.000408 0.000817
0 0.574959 0.768995 0.002042 0.004493
0 0.565155 0.767565 0.000408 0.000817
0 0.566585 0.770629 0.002451 0.005310
0 0.576389 0.772059 0.000817 0.001634
0 0.577819 0.775123 0.002042 0.004493
0 0.568015 0.773693 0.000408 0.000817
0 0.568423 0.774510 0.000408 0.000817
0 0.569853 0.777574 0.002451 0.005310
0 0.579044 0.777778 0.000408 0.000817
0 0.580474 0.780842 0.002451 0.005310
0 0.571283 0.780637 0.000408 0.000817
0 0.571691 0.781454 0.000408 0.000817
0 0.573121 0.784518 0.002451 0.005310
0 0.581904 0.783905 0.000408 0.000817
0 0.583333 0.786969 0.002451 0.005310
0 0.574551 0.787582 0.000408 0.000817
0 0.574959 0.788399 0.000408 0.000817
0 0.576593 0.791871 0.002859 0.006127
0 0.584763 0.790033 0.000408 0.000817
0 0.585989 0.792688 0.002042 0.004493
0 0.578227 0.795343 0.000408 0.000817
0 0.587214 0.795343 0.000408 0.000817
0 0.579861 0.798815 0.002859 0.006127
0 0.587623 0.796160 0.000408 0.000817
0 0.589052 0.799224 0.002451 0.005310
0 0.581495 0.802288 0.000408 0.000817
0 0.591503 0.804534 0.002451 0.005310
0 0.583129 0.805760 0.002859 0.006127
0 0.594158 0.810253 0.002859 0.006127
0 0.584763 0.809232 0.000408 0.000817
0 0.586397 0.812704 0.002859 0.006127
0 0.595792 0.813725 0.000408 0.000817
0 0.597018 0.816381 0.002042 0.004493
0 0.588031 0.816176 0.000408 0.000817
0 0.589665 0.819649 0.002859 0.006127
0 0.598243 0.819036 0.000408 0.000817
0 0.598652 0.819853 0.000408 0.000817
0 0.599673 0.822100 0.001634 0.003676
0 0.591299 0.823121 0.000408 0.000817
0 0.591708 0.823938 0.000408 0.000817
0 0.600899 0.824755 0.000817 0.001634
0 0.593137 0.827002 0.002451 0.005310
0 0.602328 0.827819 0.002042 0.004493
0 0.594567 0.830065 0.000408 0.000817
0 0.603554 0.830474 0.000408 0.000817
0 0.594975 0.830882 0.000408 0.000817
0 0.604984 0.833538 0.002451 0.005310
0 0.596405 0.833946 0.002451 0.005310
0 0.606413 0.836601 0.000408 0.000817
0 0.597835 0.837010 0.000408 0.000817
0 0.607843 0.839665 0.002451 0.005310
0 0.598243 0.837827 0.000408 0.000817
0 0.599673 0.840891 0.002451 0.005310
0 0.609273 0.842729 0.000408 0.000817
0 0.610498 0.845384 0.002042 0.004493
0 0.601307 0.844363 0.000817 0.001634
0 0.602941 0.847835 0.002451 0.005310
0 0.611928 0.848448 0.000817 0.001634
0 0.613358 0.851511 0.002042 0.004493
0 0.604575 0.851307 0.000817 0.001634
0 0.605392 0.852941 0.000817 0.001634
0 0.607026 0.856413 0.002451 0.005310
0 0.614583 0.854167 0.000408 0.000817
0 0.615809 0.856822 0.002042 0.004493
0 0.608456 0.859477 0.000408 0.000817
0 0.617034 0.859477 0.000408 0.000817
0 0.608864 0.860294 0.000408 0.000817
0 0.618668 0.862949 0.002859 0.006127
0 0.610703 0.864175 0.003268 0.006944
0 0.621324 0.868668 0.002451 0.005310
0 0.612541 0.868056 0.000408 0.000817
0 0.612949 0.868873 0.000408 0.000817
0 0.613358 0.869690 0.000408 0.000817
0 0.615196 0.873570 0.003268 0.006944
0 0.622958 0.872141 0.000817 0.001634
0 0.624183 0.874796 0.001634 0.003676
0 0.625408 0.877451 0.000817 0.001634
0 0.617239 0.877859 0.000817 0.001634
0 0.627042 0.880923 0.002451 0.005310
0 0.619281 0.882149 0.003268 0.006944
0 0.629493 0.886234 0.002451 0.005310
0 0.621119 0.886029 0.000408 0.000817
0 0.621528 0.886846 0.000408 0.000817
0 0.621936 0.887663 0.000408 0.000817
0 0.623775 0.891544 0.003268 0.006944
0 0.630923 0.889297 0.000408 0.000817
0 0.632353 0.892361 0.002451 0.005310
0 0.625817 0.895833 0.000817 0.001634
0 0.634804 0.897672 0.002451 0.005310
0 0.628064 0.900531 0.003676 0.007761
0 0.637459 0.903391 0.002859 0.006127
0 0.630106 0.904820 0.000408 0.000817
0 0.630515 0.905637 0.000408 0.000817
0 0.632761 0.910335 0.004085 0.008578
0 0.639093 0.906863 0.000408 0.000817
0 0.640523 0.909926 0.002451 0.005310
0 0.641953 0.912990 0.000408 0.000817
0 0.642974 0.915237 0.001634 0.003676
0 0.635008 0.915033 0.000408 0.000817
0 0.636846 0.918913 0.003268 0.006944
0 0.644199 0.917892 0.000817 0.001634
0 0.645629 0.920956 0.002042 0.004493
0 0.638685 0.922794 0.000408 0.000817
0 0.639093 0.923611 0.000408 0.000817
0 0.646855 0.923611 0.000408 0.000817
0 0.639706 0.924837 0.000817 0.001634
0 0.648284 0.926675 0.002451 0.005310
0 0.641748 0.929126 0.003268 0.006944
0 0.649714 0.929739 0.000408 0.000817
0 0.650123 0.930556 0.000408 0.000817
0 0.651348 0.933211 0.002042 0.004493
0 0.643587 0.933007 0.000408 0.000817
0 0.645425 0.936887 0.003268 0.006944
0 0.652574 0.935866 0.000408 0.000817
0 0.654003 0.938930 0.002451 0.005310
0 0.647467 0.941176 0.000817 0.001634
0 0.655433 0.941993 0.000408 0.000817
0 0.648080 0.942402 0.000408 0.000817
0 0.656863 0.945057 0.002451 0.005310
0 0.648489 0.943219 0.000408 0.000817
0 0.650327 0.947100 0.003268 0.006944
0 0.659314 0.950368 0.002451 0.005310
0 0.652165 0.950980 0.000408 0.000817
0 0.654412 0.955678 0.004085 0.008578
0 0.661969 0.956087 0.002859 0.006127
0 0.663603 0.959559 0.000408 0.000817
0 0.656658 0.960376 0.000408 0.000817
0 0.665033 0.962623 0.002451 0.005310
0 0.657067 0.961193 0.000408 0.000817
0 0.658088 0.963440 0.001634 0.003676
0 0.659314 0.966095 0.000817 0.001634
0 0.666462 0.965686 0.000408 0.000817
0 0.667484 0.967933 0.001634 0.003676
0 0.660743 0.969158 0.002042 0.004493
0 0.668709 0.970588 0.000817 0.001634
0 0.662582 0.973243 0.001634 0.003676
0 0.670343 0.974060 0.002451 0.005310
0 0.663807 0.975899 0.000817 0.001634
0 0.665237 0.978962 0.002042 0.004493
0 0.672181 0.978145 0.001225 0.002859
0 0.673815 0.981822 0.002042 0.004493
0 0.667484 0.983864 0.002451 0.005310
0 0.675654 0.985907 0.001634 0.003676
0 0.669526 0.988358 0.001634 0.003676
0 0.678105 0.991422 0.003268 0.007353
0 0.670547 0.990605 0.000408 0.000817
0 0.671977 0.993668 0.002451 0.005310
0 0.680964 0.997549 0.002451 0.004902
0 0.674020 0.998162 0.001634 0.003676
1 0.561479 0.745098 0.239788 0.509804
2 0.049632 0.042688 0.099265 0.085376
2 0.370711 0.109069 0.162173 0.218137
2 0.525735 0.040850 0.138889 0.081699
2 0.693219 0.013276 0.091503 0.026552
2 0.758170 0.000817 0.022059 0.001634
2 0.930147 0.005310 0.139706 0.010621
2 0.647263 0.026757 0.000408 0.000408
2 0.033292 0.279616 0.066585 0.118873
2 0.990605 0.250613 0.018791 0.030637
2 0.794730 0.324959 0.291258 0.130310
2 0.845588 0.541462 0.308824 0.290441
2 0.014706 0.495302 0.029412 0.058415
2 0.896242 0.759804 0.207516 0.168301
2 0.767157 0.692606 0.000817 0.000408
2 0.766340 0.693015 0.000817 0.000408
2 0.737541 0.708333 0.056781 0.030229
2 0.825163 0.935253 0.115196 0.129493
4 0.327410 0.429330 0.042075 0.035131
5 0.547181 0.316585 0.156454 0.120915
5 0.406658 0.670547 0.662990 0.658905
6 0.771038 0.690564 0.000408 0.000408
6 0.739583 0.707312 0.062500 0.033088
