0 0.054330 0.360703 0.108660 0.052288
0 0.092116 0.335989 0.000408 0.000408
0 0.091708 0.336806 0.000408 0.000408
1 0.412377 0.163603 0.824755 0.327206
1 0.812500 0.385621 0.375000 0.771242
1 0.320261 0.582721 0.640523 0.834559
1 0.052900 0.339665 0.002859 0.000408
1 0.050041 0.340074 0.002042 0.000408
1 0.047181 0.340482 0.000408 0.000408
1 0.919730 0.951797 0.160539 0.096405
2 0.500000 0.500000 1.000000 1.000000
2 0.994485 0.099469 0.011029 0.077206
2 0.002247 0.863358 0.004493 0.094363
5 0.903391 0.313521 0.046160 0.091095
