0 0.256536 0.024510 0.036765 0.032680
0 0.266953 0.675245 0.028186 0.047386
0 0.011234 0.667688 0.016748 0.028186
0 0.859477 0.723856 0.044118 0.033497
0 0.993056 0.725490 0.013889 0.019608
0 0.822712 0.739175 0.015523 0.017565
0 0.555147 0.760212 0.026961 0.018791
0 0.246936 0.794322 0.094363 0.039624
0 0.995711 0.794730 0.008578 0.011029
0 0.774101 0.820057 0.065359 0.059232
0 0.385825 0.826389 0.021650 0.025327
0 0.643178 0.877655 0.020016 0.027369
0 0.888889 0.919322 0.094771 0.095180
0 0.837214 0.927900 0.059232 0.072304
0 0.509804 0.903799 0.019608 0.021650
0 0.997141 0.922590 0.005719 0.016748
0 0.154003 0.942402 0.019608 0.019608
0 0.970588 0.957312 0.058824 0.025735
0 0.150735 0.963644 0.013072 0.013072
0 0.171977 0.971814 0.019608 0.022876
0 0.995098 0.991422 0.009804 0.017157
1 0.867443 0.225286 0.100899 0.105801
1 0.272467 0.376634 0.120098 0.110294
1 0.138480 0.588848 0.089052 0.094363
1 0.212214 0.908497 0.424428 0.183007
1 0.065768 0.936275 0.131536 0.127451
1 0.621119 0.957721 0.064951 0.084559
2 0.975286 0.067402 0.049428 0.040850
2 0.049632 0.861520 0.099265 0.056373
2 0.004493 0.867443 0.008987 0.014297
2 0.110090 0.874387 0.000408 0.000408
2 0.020016 0.881536 0.017974 0.010621
2 0.085784 0.940972 0.106209 0.114788
2 0.029208 0.887051 0.000408 0.000408
2 0.029616 0.887459 0.000408 0.000408
2 0.030433 0.887868 0.000408 0.000408
2 0.030842 0.888276 0.000408 0.000408
2 0.130515 0.892361 0.000408 0.000408
2 0.147059 0.946283 0.060458 0.107435
2 0.366422 0.989175 0.047386 0.021650
2 0.129085 0.998570 0.000817 0.000408
2 0.129698 0.998979 0.000408 0.000408
3 0.500000 0.500000 1.000000 1.000000
3 0.000204 0.832925 0.000408 0.000817
3 0.000613 0.833538 0.000408 0.000408
3 0.004493 0.873162 0.008987 0.004493
3 0.045547 0.874183 0.003676 0.001634
3 0.037786 0.892361 0.000408 0.000408
3 0.116013 0.894812 0.000817 0.005310
3 0.043505 0.894404 0.011029 0.003676
3 0.106209 0.894404 0.000817 0.000408
3 0.102124 0.895425 0.005719 0.001634
3 0.049837 0.896446 0.000817 0.000408
3 0.175654 0.904003 0.004085 0.003268
3 0.116013 0.908292 0.003268 0.006944
3 0.121732 0.930147 0.014706 0.004902
3 0.173815 0.928513 0.000408 0.001634
3 0.165237 0.956904 0.016748 0.055147
3 0.156658 0.985090 0.000408 0.001225
3 0.156250 0.986111 0.000408 0.000817
3 0.155842 0.987132 0.000408 0.000408
3 0.111724 0.992034 0.009395 0.002859
3 0.116830 0.993668 0.000817 0.000408
4 0.133578 0.222835 0.030229 0.042075
4 0.237132 0.766953 0.015114 0.017565
4 0.077614 0.925041 0.155229 0.149918
4 0.971609 0.931168 0.010212 0.010212
4 0.638276 0.994485 0.031454 0.011029
