1 0.394404 0.500000 0.788807 1.000000
1 0.533292 0.706291 0.000408 0.001634
1 0.532884 0.708129 0.000408 0.001225
1 0.532475 0.710172 0.000408 0.001225
1 0.532067 0.712214 0.000408 0.001225
1 0.531658 0.714052 0.000408 0.000817
1 0.531250 0.716299 0.000408 0.000408
1 0.500204 0.857230 0.000408 0.000408
1 0.499796 0.858864 0.000408 0.000408
1 0.499387 0.860907 0.000408 0.000408
1 0.498979 0.862745 0.000408 0.000817
1 0.498570 0.864379 0.000408 0.000817
1 0.498162 0.866217 0.000408 0.001225
1 0.497753 0.868056 0.000408 0.000817
1 0.497345 0.869894 0.000408 0.001225
1 0.496936 0.871732 0.000408 0.000817
1 0.496528 0.873570 0.000408 0.001225
1 0.496119 0.875408 0.000408 0.000817
1 0.495711 0.877451 0.000408 0.000817
1 0.495302 0.879085 0.000408 0.000817
1 0.494894 0.881127 0.000408 0.000817
1 0.494485 0.882761 0.000408 0.000817
1 0.494077 0.884804 0.000408 0.000817
1 0.493668 0.886642 0.000408 0.001225
1 0.493260 0.888480 0.000408 0.000817
1 0.492851 0.890319 0.000408 0.001225
1 0.492443 0.892157 0.000408 0.000817
1 0.492034 0.893995 0.000408 0.001225
1 0.491626 0.895833 0.000408 0.000817
1 0.491217 0.897876 0.000408 0.000817
1 0.490809 0.899510 0.000408 0.000817
1 0.490400 0.901552 0.000408 0.000817
1 0.489992 0.903186 0.000408 0.000817
1 0.489583 0.905229 0.000408 0.000817
1 0.489175 0.907067 0.000408 0.001225
1 0.488766 0.908905 0.000408 0.000817
1 0.488358 0.910743 0.000408 0.001225
1 0.487949 0.912582 0.000408 0.000817
1 0.487541 0.914420 0.000408 0.001225
1 0.487132 0.916258 0.000408 0.000817
1 0.486724 0.918096 0.000408 0.000408
1 0.470792 0.969158 0.000408 0.000408
1 0.470384 0.970384 0.000408 0.000408
1 0.469975 0.971609 0.000408 0.000408
1 0.469567 0.972835 0.000408 0.000408
1 0.469158 0.974060 0.000408 0.000408
1 0.468750 0.975286 0.000408 0.000408
1 0.468342 0.976716 0.000408 0.000817
1 0.467933 0.978145 0.000408 0.000408
1 0.467525 0.979371 0.000408 0.000408
1 0.467116 0.980596 0.000408 0.000408
1 0.466708 0.981822 0.000408 0.000408
1 0.466299 0.983252 0.000408 0.000817
1 0.465891 0.984477 0.000408 0.000817
1 0.465482 0.985703 0.000408 0.000817
1 0.465074 0.986928 0.000408 0.000817
1 0.464665 0.988154 0.000408 0.000817
1 0.464257 0.989583 0.000408 0.001225
1 0.463848 0.990809 0.000408 0.001225
1 0.463440 0.992034 0.000408 0.001225
1 0.463031 0.993464 0.000408 0.000817
1 0.462623 0.994690 0.000408 0.000817
1 0.462214 0.996119 0.000408 0.001225
1 0.461806 0.997345 0.000408 0.001225
1 0.461397 0.998570 0.000408 0.001225
1 0.460989 0.999592 0.000408 0.000817
2 0.048815 0.007149 0.097631 0.014297
2 0.018587 0.133987 0.037173 0.026144
2 0.068832 0.238358 0.137663 0.157271
2 0.465074 0.842933 0.105801 0.314134
4 0.683211 0.073734 0.082925 0.147467
4 0.730596 0.500000 0.538807 1.000000
4 0.053922 0.168301 0.012255 0.016340
4 0.062500 0.196487 0.012255 0.015523
4 0.106209 0.223243 0.022876 0.013480
4 0.078023 0.229779 0.019608 0.015114
4 0.053922 0.231822 0.018791 0.015114
5 0.480188 0.846609 0.108252 0.306781
