0 0.185866 0.123570 0.129085 0.247141
0 0.728758 0.179330 0.464052 0.358660
0 0.350286 0.544730 0.700572 0.910539
0 0.092525 0.182802 0.029003 0.122141
0 0.464665 0.243873 0.094363 0.083333
0 0.772876 0.445874 0.267974 0.159722
0 0.667892 0.587623 0.340686 0.261846
0 0.254289 0.514502 0.046160 0.031454
0 0.232639 0.553717 0.036356 0.017565
0 0.331699 0.566176 0.034314 0.023693
0 0.253268 0.568219 0.026961 0.017157
0 0.828431 0.720384 0.037582 0.036356
0 0.987132 0.779616 0.025735 0.030637
0 0.655637 0.778595 0.021242 0.024510
0 0.899510 0.914624 0.200980 0.170752
0 0.013685 0.997753 0.000408 0.000408
1 0.500000 0.498979 1.000000 0.997958
1 0.868668 0.152165 0.262663 0.304330
1 0.108047 0.958333 0.216095 0.079248
4 0.393178 0.085376 0.049428 0.170752
4 0.978962 0.301879 0.042075 0.117647
4 0.737949 0.748775 0.129493 0.125817
4 0.896446 0.738971 0.084559 0.089052
4 0.900123 0.806168 0.104984 0.087827
4 0.013889 0.971814 0.027778 0.056373
6 0.114175 0.998979 0.217729 0.002042
6 0.691789 0.998979 0.215278 0.002042
