0 0.116830 0.702206 0.233660 0.378268
0 0.946487 0.886846 0.107026 0.117647
0 0.710172 0.931168 0.389297 0.137663
1 0.195670 0.552900 0.391340 0.282271
1 0.744894 0.751430 0.243873 0.256127
1 0.946691 0.746936 0.106618 0.189951
1 0.172181 0.855188 0.083742 0.064951
1 0.954657 0.952819 0.090686 0.094363
1 0.251021 0.957312 0.393382 0.085376
1 0.881944 0.970792 0.066993 0.058415
2 0.751838 0.139910 0.496324 0.279820
2 0.444444 0.504289 0.888889 0.991422
2 0.923407 0.735090 0.153186 0.251225
2 0.131332 0.635417 0.000408 0.000408
2 0.846814 0.767974 0.000817 0.000817
4 0.500000 0.500000 1.000000 1.000000
