0 0.260825 0.329248 0.521650 0.658497
0 0.000204 0.629698 0.000408 0.006127
0 0.410131 0.688113 0.085784 0.060049
0 0.273489 0.743668 0.154003 0.154003
0 0.077002 0.837418 0.154003 0.325163
0 0.739175 0.880310 0.521650 0.239379
0 0.327002 0.991422 0.046977 0.017157
0 0.440359 0.991422 0.042484 0.017157
0 0.400123 0.995711 0.034722 0.008578
1 0.500000 0.500000 1.000000 1.000000
1 0.029616 0.189134 0.000408 0.000817
1 0.029208 0.191585 0.000408 0.001634
1 0.028799 0.193832 0.000408 0.002042
1 0.014297 0.276961 0.028595 0.164216
1 0.995915 0.971609 0.008170 0.056781
1 0.679534 0.949755 0.000408 0.000817
1 0.679943 0.950572 0.000408 0.000817
1 0.680351 0.951389 0.000408 0.000817
1 0.680760 0.952206 0.000408 0.000817
1 0.681168 0.953023 0.000408 0.000817
1 0.681577 0.954044 0.000408 0.000408
