0 0.777369 0.046773 0.117647 0.093546
0 0.654412 0.089665 0.074346 0.045343
0 0.602533 0.151552 0.047386 0.047386
0 0.571078 0.204044 0.044118 0.034722
0 0.590891 0.264910 0.090278 0.073121
0 0.818219 0.395629 0.174837 0.078840
0 0.971814 0.467933 0.056373 0.217729
0 0.730596 0.417892 0.000408 0.000817
0 0.810458 0.518791 0.150327 0.147876
0 0.971201 0.491217 0.000408 0.000408
0 0.882149 0.492443 0.001225 0.000408
0 0.883783 0.492851 0.001225 0.000408
0 0.885621 0.493260 0.000817 0.000408
0 0.680556 0.663603 0.072712 0.051879
0 0.795956 0.717933 0.000408 0.000408
0 0.803513 0.859069 0.218137 0.281863
0 0.579044 0.823121 0.081291 0.157680
0 0.646446 0.883578 0.141748 0.155229
0 0.649306 0.889502 0.000408 0.000408
0 0.459559 0.975286 0.102941 0.049428
1 0.271242 0.500000 0.542484 1.000000
1 0.601511 0.500000 0.796977 1.000000
1 0.925041 0.228554 0.000408 0.000408
1 0.971201 0.491626 0.000408 0.000408
1 0.821895 0.590482 0.000817 0.000408
1 0.822712 0.590891 0.000817 0.000408
1 0.824142 0.591503 0.002042 0.000817
1 0.831087 0.591708 0.000408 0.000408
1 0.829861 0.592320 0.002042 0.000817
1 0.648489 0.891136 0.000408 0.000408
2 0.956699 0.175858 0.086601 0.148284
2 0.667688 0.142157 0.062500 0.049837
2 0.664420 0.214257 0.094363 0.076389
2 0.597835 0.279003 0.065768 0.059641
2 0.881536 0.550858 0.089052 0.117239
2 0.750817 0.817810 0.070261 0.062908
2 0.623775 0.866013 0.080882 0.105392
2 0.532680 0.956699 0.048203 0.086601
2 0.554534 0.921364 0.000408 0.000408
4 0.408088 0.500000 0.470588 1.000000
4 0.278391 0.382557 0.000408 0.000408
5 0.566789 0.074346 0.323938 0.148693
5 0.401757 0.087214 0.041258 0.052696
5 0.389706 0.115605 0.003268 0.004085
5 0.352533 0.157475 0.032680 0.042075
5 0.404616 0.148897 0.000408 0.000408
5 0.396038 0.167688 0.000408 0.000408
5 0.367443 0.223448 0.056781 0.111111
5 0.341299 0.179739 0.002859 0.004085
5 0.339665 0.182190 0.000408 0.000817
5 0.339257 0.182802 0.000408 0.000408
5 0.238358 0.569853 0.083742 0.383987
5 0.766340 0.495711 0.101307 0.162990
5 0.817198 0.454044 0.000408 0.000408
5 0.598856 0.531454 0.022876 0.029412
5 0.177288 0.786765 0.051471 0.426471
5 0.815564 0.597631 0.052696 0.045752
5 0.982230 0.653799 0.035539 0.093546
5 0.243464 0.896855 0.075163 0.206291
