0 0.177083 0.050449 0.298611 0.100899
3 0.951593 0.363766 0.096814 0.337827
3 0.504902 0.760825 0.990196 0.478350
4 0.793096 0.102533 0.082925 0.071078
4 0.968546 0.230801 0.005719 0.004902
4 0.965482 0.257353 0.017565 0.041667
4 0.977328 0.282475 0.000408 0.000408
4 0.977737 0.282884 0.000408 0.000408
4 0.978554 0.284518 0.000408 0.000408
4 0.979167 0.285335 0.000817 0.001225
4 0.979779 0.286356 0.000408 0.000817
4 0.981005 0.289011 0.002042 0.004493
4 0.978350 0.313930 0.028595 0.045343
4 0.992851 0.336806 0.000408 0.000408
4 0.998570 0.341708 0.000408 0.000408
4 0.999387 0.342729 0.001225 0.001634
4 0.637663 0.641136 0.000817 0.000408
4 0.627247 0.643791 0.004493 0.001634
4 0.619894 0.647876 0.002859 0.001634
4 0.618260 0.648897 0.000408 0.000408
4 0.608252 0.651757 0.008170 0.001225
4 0.476511 0.651757 0.002859 0.000408
4 0.472631 0.652165 0.004085 0.000408
4 0.479167 0.652165 0.000817 0.000408
4 0.602533 0.652165 0.001634 0.000408
4 0.469771 0.652574 0.000817 0.000408
4 0.481413 0.652574 0.002042 0.000408
4 0.599877 0.652778 0.003676 0.000817
4 0.458946 0.668709 0.015931 0.031863
4 0.483660 0.652982 0.000817 0.000408
4 0.467933 0.653391 0.000408 0.000408
4 0.596814 0.653391 0.000817 0.000408
4 0.594567 0.654003 0.003676 0.000817
4 0.487132 0.654208 0.002042 0.000408
4 0.488766 0.654616 0.000408 0.000408
4 0.591912 0.654616 0.000817 0.000408
4 0.489583 0.655025 0.000408 0.000408
4 0.490605 0.655433 0.000817 0.000408
4 0.590074 0.655433 0.001225 0.000408
4 0.491830 0.655842 0.000817 0.000408
4 0.588848 0.655842 0.000408 0.000408
4 0.493056 0.656250 0.000817 0.000408
4 0.587827 0.656250 0.000817 0.000408
4 0.494485 0.656658 0.000408 0.000408
4 0.586193 0.656658 0.000817 0.000408
4 0.584763 0.657067 0.001225 0.000408
4 0.583538 0.657475 0.000408 0.000408
4 0.496936 0.657884 0.000408 0.000408
4 0.582721 0.657884 0.000408 0.000408
4 0.497753 0.658292 0.000408 0.000408
4 0.581904 0.658292 0.000408 0.000408
4 0.498979 0.658701 0.000408 0.000408
4 0.515523 0.659722 0.004085 0.000817
4 0.526961 0.659722 0.006536 0.000817
4 0.579861 0.659518 0.000408 0.000408
4 0.507353 0.661765 0.012255 0.004085
4 0.578636 0.659926 0.001225 0.000408
4 0.522672 0.660335 0.001225 0.000408
4 0.531250 0.660335 0.001225 0.000408
4 0.577410 0.660335 0.000408 0.000408
4 0.520016 0.660743 0.002451 0.000408
4 0.533292 0.660948 0.002042 0.000817
4 0.535743 0.661969 0.001225 0.000408
4 0.574959 0.661969 0.000408 0.000408
4 0.550041 0.666258 0.025735 0.008170
4 0.573938 0.662377 0.000817 0.000408
4 0.569240 0.665645 0.000408 0.000408
4 0.567402 0.666258 0.003268 0.000817
4 0.564338 0.667688 0.000408 0.000408
4 0.563113 0.668096 0.000408 0.000408
4 0.462214 0.690564 0.000408 0.000408
4 0.462623 0.692606 0.000408 0.002859
4 0.463440 0.695466 0.000408 0.000408
4 0.463848 0.696283 0.000408 0.000408
4 0.464665 0.697917 0.000408 0.000408
4 0.465074 0.698734 0.000408 0.000408
4 0.465482 0.699959 0.000408 0.000408
4 0.466299 0.701593 0.000408 0.000408
4 0.466299 0.707516 0.001225 0.010621
4 0.375613 0.761234 0.108252 0.099265
4 0.465482 0.713848 0.000408 0.001225
4 0.465074 0.716095 0.000408 0.001634
4 0.451185 0.729984 0.027369 0.025327
4 0.434232 0.720384 0.000817 0.000408
4 0.434845 0.720792 0.000408 0.000408
4 0.435253 0.721201 0.000408 0.000408
4 0.435662 0.721609 0.000408 0.000408
4 0.436070 0.722018 0.000408 0.000408
4 0.436479 0.722426 0.000408 0.000408
4 0.302083 0.816381 0.083742 0.015931
4 0.342933 0.810662 0.000408 0.000408
4 0.260008 0.824551 0.000408 0.000408
4 0.259600 0.824959 0.000408 0.000408
4 0.257149 0.830882 0.004493 0.011438
4 0.179943 0.877247 0.155637 0.078023
4 0.101716 0.918913 0.000817 0.000408
4 0.094363 0.933415 0.012255 0.027778
4 0.083538 0.954861 0.006127 0.007761
4 0.075980 0.963848 0.008170 0.011846
4 0.082312 0.970792 0.001225 0.000408
4 0.104984 0.981209 0.054739 0.018791
4 0.077002 0.991626 0.000408 0.000408
4 0.075776 0.993260 0.000408 0.000408
4 0.075368 0.994281 0.000408 0.000817
4 0.074142 0.997753 0.002042 0.004493
5 0.500000 0.500000 1.000000 1.000000
6 0.652778 0.628676 0.019608 0.003268
6 0.642770 0.629698 0.000408 0.000408
6 0.642361 0.630106 0.000408 0.000408
6 0.641544 0.630719 0.001225 0.000817
6 0.640727 0.631332 0.000408 0.000408
6 0.636642 0.639297 0.007761 0.015523
6 0.623570 0.646038 0.015931 0.007761
6 0.632149 0.645016 0.001225 0.000817
6 0.343342 0.810866 0.544526 0.321895
6 0.102941 0.985703 0.060458 0.028595
6 0.085580 0.972018 0.000408 0.000408
