0 0.176471 0.167279 0.175654 0.277369
0 0.557802 0.227737 0.250408 0.177696
0 0.584967 0.423203 0.029412 0.030229
0 0.038603 0.546569 0.077206 0.204248
0 0.677900 0.516748 0.114788 0.106209
0 0.579657 0.494690 0.044118 0.032680
0 0.157067 0.508578 0.064134 0.032680
0 0.723856 0.645833 0.089052 0.140523
0 0.523489 0.704044 0.021650 0.025735
0 0.765523 0.767565 0.067810 0.093137
0 0.503064 0.739379 0.045343 0.034314
0 0.677492 0.782067 0.066585 0.075572
0 0.505923 0.775735 0.027369 0.013072
0 0.541667 0.801266 0.032680 0.021650
0 0.651757 0.839257 0.034722 0.037990
0 0.511438 0.888889 0.127451 0.096405
0 0.716095 0.911560 0.066176 0.062500
0 0.986520 0.964052 0.026961 0.033497
0 0.477737 0.990196 0.038807 0.019608
1 0.500000 0.500000 1.000000 1.000000
1 0.749387 0.748162 0.001225 0.003676
1 0.748570 0.750204 0.000408 0.000408
1 0.748162 0.750613 0.000408 0.000408
1 0.534109 0.793505 0.000408 0.000408
1 0.534518 0.793913 0.000408 0.000408
1 0.734273 0.903391 0.000408 0.000408
1 0.469567 0.999592 0.002859 0.000817
2 0.112745 0.017770 0.033497 0.035539
2 0.036969 0.162377 0.073938 0.188317
2 0.116422 0.206699 0.062092 0.063725
2 0.147876 0.204861 0.000817 0.000408
2 0.148489 0.205270 0.000408 0.000408
2 0.731822 0.442810 0.069036 0.054739
2 0.871732 0.457312 0.060458 0.045343
2 0.642361 0.550041 0.088644 0.088644
2 0.066789 0.668301 0.133578 0.046569
2 0.217933 0.732435 0.128676 0.091503
2 0.561479 0.735090 0.067402 0.083742
2 0.717525 0.759804 0.073938 0.102941
2 0.548611 0.789828 0.037582 0.026552
2 0.456291 0.852533 0.134804 0.145425
2 0.203023 0.810458 0.030229 0.029412
2 0.786356 0.857843 0.105392 0.096405
2 0.252247 0.892565 0.032271 0.054739
2 0.662377 0.929534 0.154003 0.124592
2 0.418913 0.980596 0.118056 0.038807
