1 0.500000 0.500000 1.000000 1.000000
4 0.882557 0.115809 0.234886 0.156454
4 0.384191 0.151757 0.136029 0.104984
4 0.839052 0.307802 0.181373 0.189134
4 0.139297 0.482230 0.062092 0.057598
4 0.891748 0.483864 0.081699 0.028186
4 0.224265 0.573529 0.074346 0.106209
4 0.521855 0.597631 0.118873 0.131536
4 0.160539 0.585172 0.045752 0.075572
4 0.672181 0.615605 0.068219 0.070261
4 0.659926 0.738358 0.033088 0.065768
4 0.874592 0.784314 0.071078 0.035131
4 0.737949 0.846609 0.109886 0.044526
4 0.755923 0.950163 0.094363 0.099673
