0 0.498366 0.924224 0.071895 0.090278
1 0.151961 0.933824 0.291667 0.132353
2 0.147672 0.017361 0.060049 0.034722
2 0.178513 0.029208 0.000817 0.000408
2 0.179534 0.029616 0.000408 0.000408
2 0.156658 0.265727 0.298611 0.379493
2 0.006944 0.189542 0.013889 0.020425
2 0.986315 0.286765 0.027369 0.049837
2 0.713031 0.508578 0.573938 0.284314
2 0.328023 0.545956 0.162582 0.135212
2 0.384191 0.552492 0.000408 0.000408
2 0.384600 0.552900 0.000408 0.000408
2 0.385008 0.553309 0.000408 0.000408
2 0.031046 0.862337 0.062092 0.040850
2 0.985703 0.858456 0.028595 0.027369
2 0.971201 0.868668 0.000408 0.000408
2 0.014910 0.953227 0.029820 0.093546
2 0.951797 0.974265 0.096405 0.051471
2 0.352124 0.974673 0.164216 0.050654
2 0.030229 0.980596 0.000817 0.000408
3 0.500000 0.500000 1.000000 1.000000
3 0.037990 0.880515 0.000817 0.002859
3 0.051266 0.879289 0.000408 0.000408
3 0.050858 0.879698 0.000408 0.000408
3 0.050041 0.880719 0.001225 0.001634
3 0.049020 0.881944 0.000817 0.000817
3 0.037377 0.883374 0.000408 0.000408
3 0.036969 0.885008 0.000408 0.000408
3 0.036560 0.886438 0.000408 0.000817
3 0.036152 0.888072 0.000408 0.000817
3 0.035743 0.889502 0.000408 0.001225
3 0.035335 0.890931 0.000408 0.001634
3 0.032884 0.898693 0.004493 0.013889
3 0.023693 0.903595 0.013889 0.003268
3 0.003268 0.908088 0.001634 0.004902
3 0.010621 0.906454 0.000817 0.000817
3 0.010825 0.907475 0.000408 0.000408
3 0.060253 0.975490 0.005310 0.001634
3 0.056985 0.976511 0.001225 0.000408
3 0.055556 0.976920 0.000817 0.000408
3 0.050449 0.978554 0.000408 0.000408
3 0.049632 0.978962 0.000408 0.000408
3 0.048611 0.979371 0.000817 0.000408
3 0.044118 0.981209 0.008170 0.003268
3 0.073325 0.980596 0.000408 0.000408
3 0.080065 0.997958 0.001634 0.004085
4 0.777165 0.137255 0.018382 0.033497
4 0.062092 0.175654 0.043301 0.040033
4 0.349469 0.544935 0.024101 0.015523
4 0.364788 0.562500 0.022876 0.031046
4 0.381536 0.566789 0.019608 0.033905
4 0.963235 0.823121 0.037582 0.022876
4 0.028391 0.848039 0.056781 0.026961
4 0.998570 0.845384 0.002859 0.001225
4 0.008170 0.900123 0.016340 0.055147
5 0.087010 0.059641 0.138072 0.119281
5 0.183211 0.016748 0.020833 0.033497
5 0.212623 0.152165 0.051879 0.063317
5 0.160743 0.162786 0.042075 0.042075
5 0.113154 0.196078 0.026144 0.026961
5 0.580065 0.292892 0.040850 0.075163
5 0.018791 0.888072 0.037582 0.038399
5 0.049632 0.987541 0.059232 0.024918
