0 0.841299 0.708538 0.112337 0.060049
0 0.674632 0.864379 0.046160 0.051471
0 0.777165 0.938113 0.091095 0.123775
0 0.573121 0.942198 0.196078 0.115605
0 0.435866 0.947712 0.049837 0.092320
0 0.689134 0.918913 0.022059 0.024101
1 0.456087 0.500000 0.912173 1.000000
1 0.915237 0.458333 0.169526 0.864379
1 0.327002 0.270221 0.000408 0.000408
1 0.318423 0.272672 0.001225 0.000408
1 0.862949 0.637868 0.000408 0.000408
1 0.859069 0.953636 0.164216 0.092729
1 0.697508 0.963235 0.082925 0.073529
1 0.439134 0.976307 0.147059 0.047386
1 0.627247 0.976511 0.027369 0.046977
2 0.900123 0.348243 0.199755 0.696487
2 0.786765 0.226511 0.045752 0.053513
2 0.678309 0.302900 0.028186 0.018382
2 0.618056 0.430556 0.061275 0.026144
2 0.296364 0.641544 0.048611 0.063317
2 0.872345 0.614992 0.000408 0.000408
2 0.795547 0.807598 0.365605 0.384804
2 0.858047 0.636642 0.000408 0.000408
2 0.765114 0.659722 0.165033 0.029412
2 0.334763 0.674632 0.042075 0.029003
2 0.526552 0.900123 0.147876 0.108252
2 0.380106 0.931985 0.077206 0.136029
2 0.611315 0.885008 0.002042 0.000408
2 0.608864 0.885417 0.001225 0.000408
2 0.606005 0.885825 0.000408 0.000408
2 0.988766 0.961193 0.022467 0.077614
2 0.691381 0.930351 0.001225 0.000408
2 0.715891 0.969975 0.049428 0.060049
4 0.887663 0.500000 0.224673 1.000000
4 0.321078 0.252655 0.046569 0.046160
5 0.789420 0.176675 0.049428 0.067402
5 0.248366 0.377247 0.285948 0.216095
5 0.143178 0.321487 0.230801 0.043301
5 0.186479 0.508578 0.044526 0.022059
