0 0.970792 0.253881 0.052696 0.068219
0 0.855188 0.291667 0.046160 0.032680
0 0.907680 0.319649 0.033497 0.028186
0 0.015523 0.346609 0.018791 0.018382
0 0.009191 0.425654 0.018382 0.016340
0 0.971201 0.551879 0.017565 0.018791
0 0.616830 0.651961 0.031863 0.046569
0 0.015523 0.738766 0.031046 0.035539
0 0.812908 0.813521 0.092320 0.118873
0 0.501634 0.970997 0.112745 0.058007
0 0.501021 0.984681 0.001225 0.000408
0 0.500000 0.985090 0.000817 0.000408
0 0.498775 0.985498 0.000817 0.000408
0 0.497753 0.985907 0.000408 0.000408
1 0.103554 0.021242 0.044526 0.042484
1 0.346609 0.500000 0.693219 1.000000
1 0.790645 0.500000 0.418709 1.000000
1 0.999796 0.552900 0.000408 0.000408
1 0.989992 0.571283 0.000408 0.000408
1 0.857639 0.768995 0.000408 0.000408
1 0.855596 0.771855 0.000408 0.000408
1 0.854779 0.773080 0.000408 0.000408
1 0.853962 0.774306 0.000408 0.000408
1 0.853554 0.774714 0.000408 0.000408
1 0.852737 0.775940 0.000408 0.000408
1 0.852328 0.776348 0.000408 0.000408
1 0.851920 0.777165 0.000408 0.000408
1 0.851511 0.777574 0.000408 0.000408
1 0.847222 0.782680 0.008170 0.009804
2 0.980596 0.309232 0.038807 0.061275
2 0.988766 0.568423 0.022467 0.058415
2 0.905433 0.698121 0.031454 0.037582
2 0.833538 0.829861 0.055964 0.084559
2 0.094158 0.981209 0.188317 0.037582
4 0.655433 0.500000 0.618873 1.000000
4 0.905433 0.818219 0.189134 0.363562
4 0.500000 0.974469 0.040850 0.032271
5 0.995302 0.559028 0.009395 0.011846
5 0.990400 0.565155 0.000408 0.000408
5 0.989175 0.575572 0.000408 0.000817
5 0.988562 0.576797 0.000817 0.001634
5 0.987949 0.577819 0.000408 0.000408
5 0.987541 0.578227 0.000408 0.000408
5 0.897263 0.792484 0.205474 0.415033
5 0.810662 0.849060 0.015114 0.009395
5 0.818627 0.853962 0.000817 0.000408
6 0.067402 0.079657 0.134804 0.159314
6 0.237132 0.020425 0.060049 0.040850
6 0.146446 0.142157 0.045343 0.030229
