1 0.500000 0.500000 1.000000 1.000000
4 0.689951 0.005923 0.027778 0.011846
4 0.026144 0.054126 0.052288 0.080474
4 0.856618 0.054330 0.029412 0.026144
4 0.761234 0.054126 0.027369 0.024101
4 0.312704 0.146242 0.044526 0.017157
4 0.108456 0.152778 0.023284 0.024510
4 0.375204 0.272059 0.042075 0.031046
4 0.780229 0.345792 0.022059 0.024918
4 0.193423 0.359273 0.064951 0.033905
4 0.330882 0.366422 0.025327 0.027778
4 0.515523 0.378881 0.030229 0.033905
4 0.722018 0.388685 0.028186 0.032271
4 0.495711 0.441176 0.038807 0.047386
4 0.360907 0.514297 0.028186 0.022876
4 0.060049 0.546364 0.029412 0.031454
4 0.524101 0.573938 0.071078 0.052288
4 0.216708 0.578227 0.023284 0.030637
4 0.086806 0.583129 0.031454 0.020016
4 0.901144 0.626430 0.045752 0.046977
4 0.885212 0.665441 0.024510 0.026961
4 0.672998 0.689747 0.029003 0.035539
4 0.835172 0.739379 0.040441 0.036765
4 0.794730 0.759191 0.040441 0.029820
4 0.291462 0.809028 0.031454 0.033905
4 0.398693 0.841095 0.028595 0.053922
4 0.884600 0.869077 0.046160 0.041258
4 0.873162 0.919935 0.038807 0.037582
4 0.712827 0.908497 0.022059 0.013072
4 0.402369 0.924837 0.027778 0.033497
4 0.655025 0.926062 0.024918 0.031046
4 0.461397 0.973856 0.037990 0.031046
4 0.044730 0.993668 0.033905 0.012663
4 0.080678 0.993668 0.023284 0.012663
6 0.690155 0.006127 0.029003 0.012255
6 0.119485 0.164828 0.000408 0.000408
6 0.335172 0.353145 0.000408 0.000408
