0 0.509600 0.440768 0.128676 0.178922
0 0.525735 0.689134 0.040850 0.039216
0 0.466299 0.689134 0.020833 0.030229
0 0.504902 0.706699 0.033497 0.033497
1 0.500000 0.500000 1.000000 1.000000
1 0.458129 0.419322 0.000408 0.000408
1 0.008987 0.985703 0.017974 0.028595
2 0.258578 0.565972 0.517157 0.692402
2 0.963031 0.353145 0.073938 0.073938
2 0.504289 0.687704 0.254493 0.153186
2 0.078227 0.860498 0.000408 0.001225
2 0.078636 0.861928 0.000408 0.000817
2 0.079044 0.863358 0.000408 0.000408
2 0.060458 0.932394 0.120915 0.135212
4 0.275123 0.308619 0.091095 0.245507
4 0.833333 0.350899 0.051471 0.050654
4 0.295956 0.431577 0.000408 0.000408
4 0.157680 0.695057 0.315359 0.452206
4 0.015114 0.971201 0.030229 0.042892
4 0.084355 0.989788 0.060049 0.020425
