0 0.291871 0.129289 0.055964 0.036356
0 0.345384 0.489379 0.239788 0.147876
0 0.005106 0.567606 0.010212 0.015931
1 0.500000 0.500000 1.000000 1.000000
5 0.269608 0.767974 0.539216 0.464052
6 0.829453 0.026757 0.000408 0.000408
6 0.815564 0.079657 0.000408 0.000817
6 0.804943 0.122345 0.000408 0.000408
6 0.802900 0.130106 0.000408 0.000408
6 0.781658 0.224469 0.000408 0.000408
6 0.776348 0.263276 0.000408 0.000408
6 0.759600 0.430760 0.000408 0.000408
6 0.751021 0.500204 0.000408 0.000408
6 0.746119 0.515319 0.000408 0.000408
6 0.741217 0.525531 0.000408 0.000408
6 0.738766 0.528391 0.000408 0.000408
6 0.720792 0.546773 0.000408 0.000408
6 0.715074 0.555351 0.000408 0.000408
6 0.699551 0.571283 0.000408 0.000408
6 0.687296 0.581087 0.000408 0.000408
6 0.663194 0.597835 0.000408 0.000408
6 0.655433 0.603554 0.000408 0.000408
6 0.638276 0.613358 0.000408 0.000408
6 0.614992 0.625613 0.000408 0.000408
6 0.606005 0.630515 0.000408 0.000408
6 0.581495 0.642361 0.000408 0.000408
6 0.578227 0.643995 0.000408 0.000408
6 0.558211 0.654208 0.000408 0.000408
6 0.551675 0.657475 0.000408 0.000408
