0 0.650327 0.218137 0.062092 0.031046
0 0.613562 0.324755 0.018791 0.013889
0 0.538194 0.404820 0.023284 0.020425
0 0.482435 0.526144 0.151961 0.107843
0 0.625817 0.507149 0.000817 0.000408
0 0.291462 0.554739 0.046977 0.080882
0 0.424020 0.583946 0.178922 0.094363
0 0.332516 0.611520 0.032680 0.032680
0 0.596609 0.847426 0.034722 0.033905
0 0.250204 0.940564 0.023284 0.022467
0 0.920343 0.974877 0.049020 0.050245
0 0.425858 0.980188 0.020016 0.014297
1 0.500000 0.500000 1.000000 1.000000
4 0.573121 0.236724 0.034314 0.037173
4 0.698529 0.599469 0.219771 0.184232
