0 0.885621 0.056781 0.113562 0.113562
0 0.778391 0.063113 0.029003 0.017565
0 0.867851 0.400735 0.264297 0.354575
0 0.813521 0.306577 0.000408 0.000408
0 0.812092 0.307598 0.002451 0.001634
0 0.810458 0.308619 0.000817 0.000408
0 0.809845 0.309028 0.000408 0.000408
0 0.809028 0.309436 0.000408 0.000408
0 0.453636 0.457925 0.046160 0.041667
0 0.963644 0.566381 0.015523 0.011029
0 0.318423 0.678309 0.030637 0.034722
0 0.797181 0.679943 0.028186 0.024918
1 0.500000 0.500000 1.000000 1.000000
1 0.964052 0.135621 0.071895 0.098856
1 0.768995 0.377655 0.086193 0.093546
1 0.598652 0.506332 0.000408 0.000408
1 0.718750 0.608252 0.004493 0.000817
1 0.748570 0.608864 0.001225 0.002042
2 0.837418 0.194036 0.325163 0.388072
2 0.989788 0.341503 0.020425 0.033497
2 0.410743 0.468546 0.138480 0.084967
2 0.561887 0.472835 0.081291 0.076389
2 0.891136 0.544322 0.032271 0.044526
2 0.938521 0.576389 0.065768 0.067810
2 0.646242 0.573121 0.021242 0.017974
2 0.655842 0.583333 0.002042 0.002451
2 0.718954 0.622958 0.130719 0.076797
2 0.754289 0.707108 0.141748 0.036765
2 0.988766 0.751634 0.022467 0.065359
2 0.576389 0.829657 0.071895 0.065359
2 0.806168 0.950776 0.225899 0.079657
4 0.984477 0.223243 0.031046 0.051879
4 0.688113 0.493464 0.051879 0.081699
5 0.740400 0.487132 0.329657 0.263480
