0 0.500000 0.435049 1.000000 0.870098
0 0.702206 0.111111 0.595588 0.222222
0 0.500000 0.728554 1.000000 0.542892
1 0.679739 0.123775 0.640523 0.247549
1 0.318423 0.023489 0.000408 0.001225
1 0.318015 0.025735 0.000408 0.001634
1 0.185866 0.295343 0.371732 0.536765
1 0.500000 0.663194 1.000000 0.426062
1 0.140931 0.649510 0.281863 0.187092
1 0.371936 0.563317 0.000408 0.001634
1 0.372345 0.564951 0.000408 0.001634
1 0.372753 0.566789 0.000408 0.001225
1 0.373162 0.568423 0.000408 0.001225
1 0.373570 0.570057 0.000408 0.001225
1 0.373979 0.571895 0.000408 0.000817
1 0.374387 0.573529 0.000408 0.000817
1 0.374796 0.575368 0.000408 0.000408
1 0.375204 0.577002 0.000408 0.000408
1 0.375613 0.578636 0.000408 0.000408
1 0.376430 0.582312 0.000408 0.000408
1 0.376838 0.584355 0.000408 0.001225
1 0.377247 0.586601 0.000408 0.001634
1 0.016953 0.781863 0.033905 0.075980
