1 0.773489 0.278799 0.136846 0.104984
2 0.017157 0.343546 0.034314 0.037582
2 0.744077 0.861315 0.511846 0.277369
2 0.691381 0.797998 0.000408 0.000408
2 0.784722 0.847835 0.000817 0.000408
2 0.680351 0.906658 0.000408 0.000408
2 0.762868 0.939134 0.158088 0.064542
2 0.924632 0.991422 0.052696 0.017157
3 0.500000 0.500000 1.000000 1.000000
3 0.860090 0.786560 0.000408 0.000408
3 0.987541 0.999592 0.024101 0.000817
4 0.952206 0.207108 0.039216 0.047386
4 0.049020 0.357843 0.047386 0.023693
4 0.010417 0.359477 0.020833 0.022876
4 0.146446 0.370098 0.042892 0.044118
4 0.105188 0.362541 0.031454 0.014297
4 0.120915 0.412990 0.036765 0.033497
4 0.315564 0.625408 0.014297 0.016340
4 0.390114 0.641136 0.042484 0.028186
4 0.368668 0.646446 0.000408 0.000408
4 0.551879 0.749387 0.054739 0.035539
4 0.705065 0.760825 0.085784 0.034722
4 0.798611 0.768178 0.067810 0.020016
4 0.661152 0.759600 0.000408 0.000408
4 0.707516 0.782475 0.128268 0.042075
4 0.833333 0.770629 0.000817 0.000408
4 0.834355 0.771038 0.000408 0.000408
4 0.835580 0.771446 0.000408 0.000408
4 0.837214 0.796773 0.067402 0.033905
4 0.860090 0.786152 0.000408 0.000408
4 0.862132 0.787377 0.000408 0.000408
4 0.582312 0.799632 0.045343 0.020833
4 0.801879 0.793301 0.000817 0.003268
4 0.747753 0.819649 0.000408 0.000408
4 0.808007 0.840074 0.120098 0.040441
4 0.985498 0.831087 0.029003 0.021650
4 0.955270 0.856209 0.073121 0.031863
4 0.868668 0.854779 0.000408 0.000408
4 0.995915 0.921160 0.008170 0.055556
4 0.934232 0.894404 0.002451 0.001225
4 0.936070 0.895221 0.000408 0.000408
4 0.829861 0.912582 0.077206 0.013072
4 0.989175 0.952819 0.000408 0.000408
5 0.113971 0.385212 0.191993 0.120915
5 0.110498 0.423815 0.000408 0.000408
5 0.110907 0.424224 0.000408 0.000408
5 0.115400 0.426675 0.000408 0.000408
5 0.346609 0.642565 0.118873 0.054739
5 0.716912 0.865400 0.256536 0.124592
5 0.898489 0.820057 0.000408 0.000408
5 0.935662 0.896650 0.128676 0.121732
5 0.960172 0.838848 0.000408 0.000408
5 0.964869 0.841095 0.008987 0.004085
5 0.936070 0.845180 0.007761 0.005719
5 0.969975 0.843342 0.000408 0.000408
5 0.940359 0.848243 0.000817 0.000408
5 0.947508 0.855188 0.000408 0.000408
5 0.948121 0.855596 0.000817 0.000408
5 0.949142 0.856005 0.000408 0.000408
5 0.957721 0.860498 0.000408 0.000408
5 0.970997 0.861111 0.007353 0.001634
5 0.959150 0.861315 0.002451 0.001225
5 0.983864 0.866626 0.000408 0.000408
5 0.985090 0.867443 0.000408 0.000408
5 0.985498 0.867851 0.000408 0.000408
5 0.986111 0.868260 0.000817 0.000408
5 0.986724 0.868668 0.000408 0.000408
5 0.987541 0.869281 0.001225 0.000817
5 0.988766 0.869894 0.000408 0.000408
