0 0.309845 0.184232 0.475082 0.339052
0 0.166054 0.128064 0.018382 0.017565
0 0.945874 0.148489 0.008578 0.013480
0 0.932802 0.153391 0.006944 0.007761
0 0.941381 0.149714 0.000408 0.000408
0 0.130923 0.183824 0.027369 0.034314
0 0.039011 0.331087 0.016748 0.017565
0 0.838440 0.418913 0.014297 0.010212
0 0.360703 0.456291 0.054739 0.040850
0 0.820261 0.465074 0.019608 0.020016
0 0.814338 0.486724 0.018382 0.013480
0 0.438725 0.486520 0.013889 0.009804
0 0.842320 0.498366 0.015523 0.011438
0 0.844771 0.530637 0.044935 0.053922
0 0.803922 0.518587 0.017974 0.017565
0 0.809845 0.527982 0.000408 0.001225
0 0.797590 0.541258 0.020016 0.024510
0 0.809436 0.529412 0.000408 0.000817
0 0.809028 0.530433 0.000408 0.000408
0 0.500613 0.542484 0.014297 0.006536
0 0.809028 0.569853 0.018382 0.012255
0 0.468137 0.607435 0.070261 0.075980
0 0.604371 0.629698 0.113971 0.071487
0 0.401757 0.606822 0.015114 0.006944
0 0.376430 0.646446 0.051879 0.063317
0 0.135621 0.676675 0.271242 0.112337
0 0.348039 0.631332 0.004085 0.000408
0 0.268178 0.664216 0.058415 0.017157
0 0.675245 0.703840 0.061275 0.048203
0 0.286969 0.789828 0.163807 0.157271
0 0.200163 0.792688 0.022059 0.014297
0 0.175449 0.825163 0.025735 0.013889
0 0.122141 0.835989 0.030229 0.031454
0 0.223243 0.886234 0.128676 0.076389
0 0.145425 0.862745 0.015523 0.020425
0 0.437500 0.877655 0.161765 0.044526
0 0.235907 0.865400 0.001225 0.000408
0 0.161969 0.911765 0.031454 0.020425
0 0.304739 0.923611 0.030229 0.022059
0 0.261642 0.920956 0.020833 0.010212
0 0.397263 0.933824 0.013480 0.013072
0 0.095997 0.956087 0.085784 0.051062
0 0.418709 0.937500 0.008170 0.008987
0 0.196487 0.970792 0.157680 0.058415
0 0.558824 0.969567 0.032680 0.055147
0 0.269404 0.999796 0.002042 0.000408
1 0.581087 0.042279 0.256944 0.084559
1 0.500000 0.500000 1.000000 1.000000
1 0.776348 0.127655 0.000408 0.000408
1 0.967525 0.132149 0.000408 0.000408
1 0.423815 0.268995 0.002042 0.002859
1 0.118260 0.277574 0.000408 0.000408
1 0.093342 0.329657 0.000408 0.000817
1 0.047590 0.333538 0.000408 0.000408
1 0.151348 0.852328 0.302696 0.295343
1 0.300654 0.796977 0.000817 0.004085
1 0.201185 0.799224 0.002042 0.000408
1 0.196895 0.833742 0.017157 0.004902
1 0.217525 0.839257 0.000408 0.000408
1 0.219158 0.839665 0.000408 0.000408
1 0.220792 0.840074 0.000408 0.000408
1 0.222631 0.840482 0.000817 0.000408
1 0.224265 0.840891 0.000817 0.000408
1 0.226103 0.841299 0.001225 0.000408
1 0.227737 0.841708 0.001225 0.000408
1 0.229371 0.842116 0.001225 0.000408
1 0.119077 0.850694 0.000408 0.000408
1 0.118668 0.851103 0.000408 0.000408
1 0.305351 0.860090 0.008578 0.002042
1 0.324959 0.864992 0.000408 0.000408
1 0.326797 0.865400 0.000817 0.000408
1 0.328636 0.865809 0.001225 0.000408
1 0.332721 0.866626 0.006127 0.001225
1 0.355801 0.871732 0.002451 0.004085
1 0.371119 0.877247 0.000408 0.000408
1 0.372753 0.877655 0.000408 0.000408
1 0.374387 0.878064 0.000408 0.000408
1 0.376225 0.878472 0.000817 0.000408
1 0.377859 0.878881 0.000817 0.000408
1 0.379698 0.879289 0.001225 0.000408
1 0.381332 0.879698 0.001225 0.000408
1 0.383170 0.880106 0.001634 0.000408
1 0.384804 0.880515 0.001634 0.000408
1 0.386438 0.880923 0.001634 0.000408
1 0.388072 0.881332 0.001634 0.000408
1 0.389706 0.881740 0.001634 0.000408
1 0.391340 0.882149 0.001634 0.000408
1 0.392974 0.882557 0.001634 0.000408
1 0.394608 0.882966 0.001634 0.000408
1 0.498366 0.891340 0.003268 0.013889
1 0.481209 0.892974 0.000817 0.007353
1 0.406454 0.889910 0.000817 0.000408
1 0.407475 0.890319 0.000408 0.000408
1 0.408701 0.890727 0.000408 0.000408
1 0.410743 0.891544 0.000408 0.000408
1 0.517361 0.898080 0.000408 0.000408
1 0.508170 0.900123 0.015523 0.002859
2 0.102533 0.085376 0.205065 0.170752
2 0.490196 0.128268 0.980392 0.256536
2 0.517565 0.075572 0.000817 0.003268
2 0.454248 0.169935 0.075163 0.143791
2 0.166871 0.120711 0.000408 0.000408
2 0.263276 0.235907 0.131944 0.036356
2 0.875000 0.420343 0.231209 0.388072
2 0.399101 0.313521 0.063725 0.112337
2 0.110703 0.280637 0.016340 0.022876
2 0.455678 0.668505 0.478350 0.361520
2 0.447712 0.580270 0.000817 0.000408
2 0.011846 0.644199 0.023693 0.032680
2 0.379289 0.628472 0.000408 0.000408
2 0.374796 0.628881 0.002042 0.000408
2 0.370302 0.629289 0.003676 0.000408
2 0.360294 0.630310 0.016340 0.001634
2 0.484681 0.751430 0.000408 0.000408
2 0.485090 0.753064 0.000408 0.000408
2 0.287786 0.912786 0.531454 0.174428
4 0.016748 0.011234 0.033497 0.022467
4 0.118464 0.102941 0.236928 0.205882
5 0.050245 0.337623 0.011438 0.017565
5 0.469567 0.752859 0.037990 0.033497
5 0.199755 0.816381 0.023693 0.038807
5 0.354779 0.856822 0.032271 0.032271
