0 0.024510 0.055760 0.049020 0.111520
0 0.155229 0.017974 0.139706 0.035948
0 0.560866 0.094975 0.152778 0.143382
0 0.882353 0.178922 0.235294 0.227941
0 0.080474 0.084355 0.018791 0.025735
0 0.314134 0.202614 0.173203 0.201797
0 0.107435 0.188930 0.129902 0.056781
0 0.056373 0.291462 0.081699 0.043709
0 0.474469 0.322917 0.071487 0.064951
0 0.229984 0.379902 0.061275 0.035131
0 0.945670 0.507557 0.108660 0.088644
0 0.496324 0.785131 0.159314 0.303922
0 0.270833 0.879289 0.074346 0.135212
1 0.330065 0.010008 0.187908 0.020016
1 0.752247 0.006944 0.131127 0.013889
1 0.994894 0.042484 0.010212 0.040033
1 0.023080 0.169526 0.046160 0.111111
1 0.276552 0.645016 0.553105 0.709967
1 0.785335 0.753268 0.429330 0.447712
5 0.500000 0.500000 1.000000 1.000000
6 0.560866 0.094975 0.153595 0.144199
6 0.314134 0.202614 0.174837 0.203431
6 0.044322 0.184028 0.004493 0.031454
6 0.270833 0.879289 0.075163 0.136029
