0 0.848448 0.004289 0.019608 0.008578
0 0.937908 0.091503 0.124183 0.183007
0 0.994485 0.004289 0.011029 0.008578
0 0.287377 0.019812 0.011029 0.016748
0 0.603758 0.130310 0.081699 0.096405
0 0.701389 0.108864 0.063725 0.040441
0 0.701593 0.505310 0.036356 0.021242
0 0.172181 0.566176 0.001225 0.002451
0 0.177900 0.566789 0.000408 0.000408
0 0.179126 0.567198 0.000408 0.000408
0 0.180351 0.567606 0.000408 0.000408
0 0.181781 0.568015 0.000817 0.000408
0 0.182802 0.568423 0.001225 0.000408
0 0.184028 0.568832 0.001225 0.000408
0 0.189951 0.571078 0.010621 0.004085
0 0.195670 0.573325 0.000817 0.000408
0 0.196487 0.573734 0.000817 0.000408
0 0.197304 0.574142 0.000817 0.000408
0 0.198121 0.574551 0.000817 0.000408
0 0.198938 0.574959 0.000817 0.000408
0 0.199959 0.575368 0.001225 0.000408
0 0.200980 0.575776 0.000817 0.000408
0 0.201797 0.576185 0.000817 0.000408
0 0.202614 0.576593 0.000817 0.000408
0 0.203431 0.577002 0.000817 0.000408
0 0.204248 0.577410 0.000817 0.000408
0 0.205065 0.577819 0.000817 0.000408
0 0.206087 0.578227 0.000408 0.000408
0 0.206904 0.578636 0.000408 0.000408
0 0.207721 0.579044 0.000408 0.000408
0 0.208538 0.579453 0.000408 0.000408
0 0.209355 0.579861 0.000408 0.000408
0 0.210172 0.580270 0.000408 0.000408
0 0.210989 0.580678 0.000408 0.000408
0 0.255515 0.599877 0.000408 0.000408
0 0.257353 0.600286 0.000817 0.000408
0 0.259191 0.600694 0.001225 0.000408
0 0.320261 0.698529 0.375817 0.195261
0 0.239175 0.623979 0.000408 0.000408
0 0.159109 0.633783 0.000408 0.000408
0 0.468954 0.756944 0.102941 0.110294
0 0.989175 0.842525 0.021650 0.037990
1 0.338031 0.500000 0.676062 1.000000
1 0.708129 0.049837 0.055147 0.099673
1 0.335580 0.124592 0.000408 0.000817
1 0.851920 0.587623 0.296160 0.824755
1 0.371119 0.207721 0.000408 0.000408
1 0.841299 0.388480 0.097631 0.061275
1 0.567606 0.380719 0.000408 0.000817
1 0.568832 0.383170 0.002042 0.004085
1 0.911560 0.392361 0.001225 0.000408
1 0.968750 0.542279 0.000408 0.000408
1 0.587623 0.753676 0.128676 0.141340
1 0.645833 0.725286 0.000817 0.002042
1 0.646446 0.727124 0.000408 0.000817
1 0.678309 0.987949 0.000408 0.000408
1 0.676675 0.988358 0.001225 0.000408
2 0.296773 0.020629 0.070670 0.041258
2 0.557598 0.500000 0.423203 1.000000
2 0.691381 0.500000 0.617239 1.000000
2 0.438113 0.003064 0.033905 0.006127
2 0.989379 0.010008 0.021242 0.020016
2 0.321691 0.104779 0.028186 0.060049
2 0.304534 0.234273 0.190768 0.073938
2 0.396855 0.235498 0.000408 0.000408
2 0.397672 0.236111 0.001225 0.000817
2 0.051062 0.374796 0.070261 0.060866
2 0.608047 0.356413 0.000408 0.000408
2 0.952410 0.446283 0.095180 0.154820
2 0.372958 0.428105 0.101307 0.107843
2 0.906658 0.392770 0.000408 0.000408
2 0.087214 0.403391 0.000408 0.000408
2 0.077410 0.444036 0.031454 0.078431
2 0.338440 0.507149 0.046977 0.028186
2 0.962623 0.599469 0.074755 0.149918
2 0.969158 0.542279 0.000408 0.000408
2 0.969975 0.542688 0.000408 0.000408
2 0.128064 0.621324 0.241422 0.147059
2 0.397263 0.641953 0.109069 0.111520
2 0.935866 0.840686 0.128268 0.318627
2 0.229779 0.718137 0.034722 0.036765
2 0.194444 0.806168 0.111111 0.101716
2 0.174428 0.937500 0.149510 0.124183
4 0.574755 0.500000 0.410948 1.000000
4 0.639910 0.059028 0.013480 0.009395
4 0.788399 0.344567 0.032680 0.048611
4 0.045752 0.446691 0.083333 0.162990
4 0.149101 0.941381 0.091503 0.077206
4 0.127247 0.951185 0.000408 0.000408
5 0.394404 0.129902 0.190768 0.259804
5 0.444444 0.010212 0.058007 0.020425
5 0.532067 0.103554 0.041258 0.049428
5 0.486520 0.092933 0.017974 0.021650
5 0.728758 0.122345 0.058007 0.031454
5 0.834967 0.147467 0.020425 0.019608
5 0.712010 0.160335 0.040033 0.015114
5 0.763685 0.243464 0.158088 0.158497
5 0.631127 0.329044 0.170752 0.296977
5 0.297181 0.337418 0.098448 0.218137
5 0.574346 0.446078 0.033497 0.020425
5 0.342320 0.480801 0.048203 0.043301
5 0.578636 0.525531 0.073938 0.045343
5 0.592525 0.582312 0.020833 0.025735
5 0.611724 0.619690 0.063317 0.062092
5 0.699959 0.617443 0.028186 0.028186
5 0.735703 0.697304 0.067810 0.089052
5 0.636234 0.694444 0.018382 0.026144
5 0.667688 0.757966 0.045343 0.087010
5 0.733047 0.780637 0.000408 0.000817
5 0.733456 0.782271 0.000408 0.000817
5 0.733864 0.783905 0.000408 0.001634
5 0.792279 0.892157 0.116422 0.215686
5 0.673203 0.909722 0.147876 0.159314
