1 0.500000 0.500000 1.000000 1.000000
4 0.990809 0.247141 0.018382 0.022876
4 0.988766 0.258374 0.000408 0.000408
4 0.169322 0.657680 0.037173 0.040850
4 0.247141 0.773080 0.142974 0.064951
4 0.280433 0.991830 0.023284 0.016340
4 0.256740 0.996528 0.016748 0.006944
5 0.850082 0.313521 0.299837 0.410539
5 0.185049 0.753268 0.370098 0.493464
5 0.785335 0.897876 0.429330 0.204248
5 0.370302 0.936070 0.000408 0.000408
6 0.279616 0.984681 0.000408 0.000408
6 0.276348 0.985907 0.000408 0.000408
6 0.288603 0.985907 0.000408 0.000408
6 0.275940 0.986315 0.000408 0.000408
6 0.275531 0.986724 0.000408 0.000408
6 0.275123 0.987132 0.000408 0.000408
6 0.290237 0.987132 0.000408 0.000408
6 0.274714 0.987541 0.000408 0.000408
6 0.274306 0.987949 0.000408 0.000408
6 0.291871 0.989992 0.000408 0.000408
6 0.253064 0.993260 0.000408 0.000408
6 0.251430 0.993668 0.000408 0.000408
6 0.257966 0.995711 0.000408 0.000408
6 0.248979 0.996119 0.000408 0.000408
6 0.259191 0.996528 0.000408 0.000408
6 0.270629 0.997345 0.000408 0.000408
6 0.271446 0.998162 0.000408 0.000408
6 0.263276 0.998570 0.000408 0.000408
