0 0.050858 0.254698 0.101716 0.265931
2 0.901757 0.136438 0.196487 0.272876
2 0.931985 0.600286 0.136029 0.799428
3 0.430964 0.500000 0.393791 1.000000
4 0.414828 0.046364 0.109886 0.092729
4 0.781454 0.500000 0.437092 1.000000
4 0.470997 0.084355 0.025327 0.008578
4 0.440768 0.087623 0.004085 0.008578
4 0.447917 0.100694 0.011029 0.029820
4 0.429126 0.147263 0.015114 0.033905
4 0.383578 0.155229 0.009804 0.006536
4 0.422386 0.178309 0.004902 0.014297
4 0.472018 0.291054 0.029003 0.023284
4 0.466299 0.320466 0.055147 0.033905
4 0.482026 0.348039 0.020425 0.014706
4 0.975286 0.369894 0.009395 0.013480
4 0.398489 0.451797 0.017565 0.019608
4 0.047181 0.566585 0.094363 0.097222
4 0.022876 0.627859 0.045752 0.058824
4 0.069036 0.619894 0.013072 0.020016
4 0.464869 0.647467 0.017157 0.022059
4 0.417892 0.690768 0.016340 0.019608
4 0.341503 0.701797 0.022876 0.026144
4 0.187704 0.717525 0.009395 0.012663
4 0.021038 0.800654 0.042075 0.048203
4 0.018791 0.876838 0.037582 0.037173
4 0.449142 0.990605 0.037173 0.018791
5 0.248570 0.500000 0.497141 1.000000
