0 0.688930 0.376021 0.020016 0.016748
0 0.589665 0.381536 0.021650 0.011438
0 0.537786 0.389297 0.028186 0.019608
0 0.603962 0.445466 0.046977 0.056781
0 0.701389 0.434028 0.022876 0.027369
0 0.583946 0.563930 0.000408 0.000408
0 0.584763 0.564338 0.000408 0.000408
0 0.567198 0.566789 0.000408 0.000408
0 0.591708 0.568015 0.000408 0.000408
0 0.598652 0.572917 0.000408 0.000408
0 0.565972 0.574551 0.000408 0.000408
0 0.601511 0.574551 0.000408 0.000408
0 0.881944 0.617034 0.044118 0.068219
0 0.603145 0.593342 0.000408 0.000408
0 0.577410 0.596609 0.000408 0.000408
0 0.581495 0.599060 0.000408 0.000408
0 0.588031 0.603554 0.000408 0.000408
0 0.591708 0.606005 0.000408 0.000408
0 0.756127 0.641544 0.026144 0.025735
0 0.537786 0.669526 0.040441 0.030229
0 0.919322 0.736315 0.028186 0.041258
0 0.690972 0.727328 0.026552 0.020833
0 0.957925 0.855188 0.041667 0.071487
1 0.500000 0.500000 1.000000 1.000000
1 0.969567 0.980596 0.060866 0.038807
4 0.771242 0.055760 0.022059 0.032271
4 0.924224 0.088031 0.032271 0.025735
4 0.891748 0.152778 0.027778 0.026144
4 0.250408 0.187704 0.017974 0.038807
4 0.832312 0.227124 0.041258 0.038399
4 0.647672 0.328431 0.033088 0.033497
4 0.509600 0.535743 0.039624 0.051879
4 0.584763 0.583742 0.039624 0.048203
4 0.095384 0.844567 0.036356 0.031454
4 0.205474 0.900940 0.030229 0.033905
4 0.147672 0.921364 0.024918 0.025735
4 0.962827 0.974673 0.074346 0.050654
