0 0.903186 0.079248 0.193627 0.158497
0 0.754289 0.891953 0.145833 0.216095
1 0.500000 0.500000 1.000000 1.000000
1 0.976511 0.732639 0.000408 0.002042
1 0.976307 0.746324 0.003268 0.008170
1 0.956087 0.746936 0.000408 0.000408
1 0.957925 0.748775 0.003268 0.003268
1 0.913399 0.964665 0.173203 0.070670
2 0.234069 0.118260 0.468137 0.236520
2 0.984069 0.069649 0.031863 0.038807
2 0.966299 0.719158 0.000408 0.000408
2 0.967320 0.719567 0.000817 0.000408
2 0.902574 0.858660 0.194853 0.277778
3 0.206291 0.674224 0.412582 0.376225
4 0.965891 0.739788 0.024101 0.022876
