0 0.523693 0.012459 0.046569 0.024918
0 0.887255 0.037582 0.225490 0.075163
0 0.183824 0.031454 0.044118 0.033497
0 0.578431 0.060049 0.036765 0.035948
0 0.359886 0.128472 0.107843 0.118873
0 0.161765 0.082925 0.019608 0.016340
0 0.026757 0.138072 0.053513 0.048203
0 0.360907 0.208333 0.062500 0.036765
0 0.391953 0.197508 0.000408 0.000408
0 0.392361 0.198325 0.000408 0.000408
0 0.149101 0.283292 0.098039 0.063317
0 0.344771 0.278595 0.031046 0.051471
0 0.254289 0.301879 0.083742 0.097222
0 0.455270 0.284518 0.033905 0.044526
0 0.996324 0.336806 0.007353 0.056781
0 0.484069 0.336193 0.035948 0.032680
0 0.445466 0.347018 0.037173 0.030637
0 0.883578 0.484273 0.028595 0.048611
0 0.097222 0.481209 0.060458 0.040033
0 0.078431 0.564951 0.064542 0.041667
0 0.593954 0.604167 0.082516 0.101307
0 0.433619 0.611724 0.071487 0.062500
0 0.534109 0.699755 0.123775 0.122549
0 0.403391 0.714052 0.077206 0.142157
0 0.970384 0.696691 0.059232 0.105801
0 0.817198 0.748162 0.162990 0.105801
0 0.349060 0.739175 0.031454 0.035539
0 0.604984 0.877655 0.187092 0.241422
0 0.316993 0.837010 0.059641 0.058007
0 0.794730 0.847018 0.021650 0.018382
0 0.116013 0.910539 0.065359 0.087418
0 0.804126 0.907271 0.056781 0.062092
0 0.063317 0.907271 0.036765 0.035948
0 0.188725 0.926471 0.035948 0.045752
0 0.037173 0.919322 0.023693 0.029003
0 0.844567 0.958129 0.310866 0.083742
0 0.479371 0.968954 0.031454 0.061275
0 0.344771 0.970792 0.069444 0.057598
0 0.249796 0.981209 0.054330 0.036765
1 0.500000 0.500000 1.000000 1.000000
1 0.388276 0.140319 0.000408 0.000408
1 0.387459 0.140931 0.001225 0.000817
1 0.386642 0.141544 0.000408 0.000408
4 0.686887 0.649714 0.152369 0.150735
6 0.391953 0.202819 0.000408 0.000408
6 0.275123 0.349877 0.000408 0.000408
6 0.095792 0.472018 0.041258 0.022467
6 0.071078 0.469363 0.008170 0.004902
6 0.068219 0.473448 0.003268 0.003268
6 0.084559 0.481618 0.029412 0.013072
6 0.117443 0.485498 0.004493 0.004493
6 0.123570 0.492647 0.007761 0.009804
6 0.113358 0.494894 0.028186 0.013480
6 0.127655 0.499387 0.000408 0.003676
6 0.053105 0.544526 0.005719 0.001634
6 0.049428 0.545956 0.001634 0.002859
6 0.056781 0.545547 0.001634 0.000408
6 0.063521 0.546160 0.006944 0.001634
6 0.058824 0.545956 0.002451 0.000408
6 0.067606 0.547181 0.001225 0.000408
6 0.048407 0.547794 0.000408 0.000817
6 0.071078 0.548203 0.005719 0.001634
6 0.047998 0.548815 0.000408 0.001225
6 0.075163 0.549224 0.002451 0.000408
6 0.047590 0.550041 0.000408 0.001225
6 0.079248 0.550245 0.005719 0.001634
6 0.047181 0.551471 0.000408 0.001634
6 0.084150 0.551675 0.004085 0.001225
6 0.046773 0.553309 0.000408 0.002042
6 0.088440 0.553309 0.004493 0.002042
6 0.046364 0.555760 0.000408 0.002859
6 0.091299 0.554534 0.001225 0.000408
6 0.093546 0.555147 0.003268 0.000817
6 0.095792 0.555760 0.001225 0.000408
6 0.097835 0.556373 0.002859 0.000817
6 0.099877 0.556985 0.001225 0.000408
6 0.045956 0.559232 0.000408 0.004085
6 0.103554 0.558211 0.006127 0.002042
6 0.107639 0.560662 0.002042 0.002859
6 0.046569 0.565359 0.001634 0.006536
6 0.109069 0.562704 0.000817 0.001225
6 0.109681 0.566381 0.000408 0.006127
6 0.049020 0.567606 0.000817 0.000408
6 0.047998 0.568015 0.001225 0.000408
6 0.049428 0.569444 0.000817 0.002451
6 0.110090 0.570261 0.000408 0.001634
6 0.051062 0.571283 0.002451 0.001225
6 0.110498 0.572100 0.000408 0.002042
6 0.053922 0.572508 0.003268 0.001225
6 0.056168 0.573325 0.001225 0.000408
6 0.057394 0.573734 0.001225 0.000408
6 0.110907 0.574551 0.000408 0.002042
6 0.058619 0.574142 0.001225 0.000408
6 0.061275 0.574959 0.004085 0.001225
6 0.063930 0.575776 0.001225 0.000408
6 0.065155 0.576185 0.001225 0.000408
6 0.110294 0.577614 0.000817 0.003268
6 0.068423 0.577206 0.005310 0.001634
6 0.071691 0.578227 0.001225 0.000408
6 0.072917 0.578636 0.001225 0.000408
6 0.074959 0.579248 0.002859 0.000817
6 0.109681 0.579657 0.000408 0.000817
6 0.077819 0.580065 0.002859 0.000817
6 0.109273 0.580474 0.000408 0.000817
6 0.080270 0.580678 0.002042 0.000408
6 0.084763 0.581087 0.006944 0.000408
6 0.106005 0.583538 0.006127 0.005310
6 0.089052 0.581495 0.001634 0.000408
6 0.090482 0.581904 0.001225 0.000408
6 0.098448 0.583333 0.008987 0.003268
6 0.091708 0.582312 0.001225 0.000408
6 0.093137 0.582721 0.001634 0.000408
