0 0.114175 0.003676 0.011029 0.007353
0 0.313725 0.012255 0.016340 0.024510
0 0.914420 0.004289 0.021650 0.008578
0 0.979167 0.004902 0.018791 0.009804
0 0.190155 0.259600 0.041258 0.041258
0 0.143178 0.347222 0.069036 0.034314
0 0.141953 0.385621 0.028186 0.036765
0 0.328431 0.467525 0.044118 0.031454
0 0.229167 0.514093 0.057190 0.028186
0 0.153391 0.532067 0.097631 0.030637
0 0.236111 0.549224 0.105392 0.028186
0 0.021446 0.573734 0.042892 0.021650
0 0.822508 0.597835 0.028186 0.035539
0 0.522467 0.600899 0.079248 0.037582
0 0.569444 0.632353 0.019608 0.036765
0 0.814134 0.751634 0.022059 0.033497
0 0.441381 0.780025 0.017565 0.021650
0 0.840686 0.815564 0.026144 0.042075
0 0.910335 0.879902 0.034722 0.044118
0 0.463644 0.878676 0.019608 0.016340
0 0.800858 0.909109 0.031454 0.049428
0 0.510212 0.964869 0.018791 0.043301
1 0.505106 0.211193 0.415441 0.422386
1 0.074346 0.165645 0.133987 0.136846
1 0.021650 0.205678 0.043301 0.126225
1 0.043505 0.268995 0.000408 0.000408
1 0.226511 0.378064 0.074755 0.099265
1 0.076593 0.448938 0.153186 0.164216
1 0.264706 0.408292 0.000817 0.000408
1 0.384191 0.778799 0.189134 0.442402
1 0.249592 0.960580 0.165033 0.078840
2 0.263276 0.019404 0.059232 0.038807
3 0.500000 0.500000 1.000000 1.000000
3 0.407271 0.366013 0.023693 0.000817
4 0.069036 0.379902 0.016340 0.018791
