0 0.988562 0.008170 0.022876 0.016340
0 0.486315 0.539011 0.714461 0.667892
0 0.162377 0.378881 0.000408 0.000408
0 0.983252 0.483252 0.033497 0.031863
0 0.961397 0.732843 0.077206 0.038399
0 0.994077 0.918301 0.011846 0.036765
2 0.500000 0.476716 1.000000 0.953431
2 0.795547 0.167484 0.408905 0.334967
2 0.998775 0.002859 0.002451 0.005719
2 0.005719 0.067606 0.011438 0.079657
4 0.788807 0.172590 0.422386 0.345180
4 0.010417 0.066585 0.020833 0.116013
4 0.990809 0.157884 0.000408 0.000408
4 0.590482 0.188113 0.000408 0.000408
4 0.254902 0.945057 0.034314 0.037173
4 0.768587 0.960989 0.084559 0.051062
5 0.904616 0.465074 0.190768 0.546977
5 0.500000 0.688930 1.000000 0.622141
6 0.991217 0.157884 0.000408 0.000408
6 0.589869 0.188725 0.001634 0.002451
6 0.980188 0.214257 0.000408 0.000408
6 0.637459 0.329044 0.000408 0.000408
6 0.637868 0.329453 0.000408 0.000408
6 0.638480 0.329861 0.000817 0.000408
6 0.962827 0.750204 0.074346 0.004493
6 0.989175 0.921773 0.000408 0.000408
