0 0.036765 0.015931 0.073529 0.031863
0 0.467320 0.066789 0.155229 0.133578
0 0.965278 0.047998 0.016340 0.011029
0 0.983864 0.104779 0.021650 0.013480
0 0.497958 0.157680 0.019608 0.037582
0 0.085376 0.338235 0.170752 0.355392
0 0.931577 0.228145 0.006944 0.016748
0 0.837010 0.255923 0.018791 0.016748
0 0.924632 0.279003 0.020833 0.030229
0 0.971201 0.298611 0.034722 0.046569
0 0.810458 0.291667 0.029412 0.015523
0 0.915033 0.334967 0.026961 0.009804
0 0.562500 0.365400 0.040033 0.041258
0 0.883578 0.385212 0.046569 0.026961
0 0.959355 0.416258 0.015114 0.012255
0 0.906046 0.437092 0.022059 0.015523
0 0.953636 0.463644 0.020833 0.047386
0 0.943627 0.527574 0.000817 0.002859
0 0.935866 0.705065 0.128268 0.317810
0 0.101511 0.574959 0.017565 0.011029
0 0.118056 0.715686 0.020425 0.030229
0 0.754289 0.864992 0.491422 0.270016
0 0.172181 0.772059 0.028186 0.044118
0 0.119690 0.756944 0.008987 0.008170
0 0.184232 0.851511 0.054739 0.041258
0 0.122345 0.867647 0.014297 0.026144
0 0.010825 0.974469 0.021650 0.024101
0 0.167279 0.989175 0.014297 0.012663
0 0.126634 0.994077 0.020425 0.011846
0 0.561887 0.999796 0.012663 0.000408
1 0.989788 0.030025 0.020425 0.060049
1 0.546977 0.492034 0.794935 0.676062
1 0.221609 0.177083 0.000408 0.000408
1 0.222018 0.177900 0.000408 0.000408
1 0.222426 0.178717 0.000408 0.000408
1 0.222835 0.179739 0.000408 0.000817
1 0.223243 0.180556 0.000408 0.000817
1 0.223652 0.181373 0.000408 0.000817
1 0.224060 0.181985 0.000408 0.000408
1 0.242034 0.195057 0.000408 0.000408
1 0.243260 0.197917 0.002042 0.005310
1 0.988971 0.286765 0.022059 0.040033
1 0.787377 0.371119 0.271650 0.108252
1 0.969975 0.497753 0.060049 0.111520
1 0.356618 0.864379 0.280229 0.271242
1 0.054126 0.902778 0.108252 0.194444
1 0.838031 0.846201 0.059232 0.062500
1 0.929534 0.830270 0.000408 0.000408
1 0.934845 0.875000 0.077206 0.060458
1 0.535335 0.999592 0.040441 0.000817
2 0.124387 0.191789 0.248775 0.383578
2 0.713644 0.290850 0.572712 0.581699
2 0.197508 0.190972 0.000408 0.000408
2 0.224673 0.748366 0.449346 0.503268
2 0.872753 0.581904 0.000408 0.000408
2 0.578023 0.834763 0.227941 0.329657
2 0.568423 0.999796 0.000408 0.000408
4 0.322100 0.104371 0.221814 0.208742
4 0.196691 0.263889 0.060049 0.162582
4 0.196691 0.191381 0.000408 0.000408
4 0.723243 0.826797 0.553513 0.346405
5 0.160948 0.002247 0.071895 0.004493
