0 0.052288 0.060458 0.030229 0.029412
1 0.212214 0.192810 0.424428 0.385621
1 0.418505 0.051675 0.000408 0.000408
1 0.419322 0.052083 0.000408 0.000408
1 0.078431 0.381944 0.002451 0.000817
1 0.066381 0.975490 0.131944 0.049020
2 0.407271 0.008987 0.047386 0.017974
2 0.214257 0.364992 0.428513 0.627042
2 0.035743 0.122958 0.063317 0.064542
2 0.037582 0.834355 0.011438 0.001225
2 0.030433 0.835172 0.000408 0.000408
2 0.011642 0.839257 0.000408 0.000408
2 0.010008 0.839665 0.000408 0.000408
2 0.008170 0.840074 0.000817 0.000408
2 0.006536 0.840482 0.000817 0.000408
2 0.002655 0.843342 0.005310 0.005310
2 0.265114 0.845792 0.000817 0.000408
2 0.266953 0.846201 0.001225 0.000408
2 0.279820 0.849265 0.023693 0.005719
2 0.292075 0.852328 0.000817 0.000408
2 0.113766 0.951185 0.001225 0.000408
2 0.114992 0.951593 0.000408 0.000408
2 0.095588 0.952819 0.000817 0.000408
2 0.132353 0.999183 0.001634 0.001634
3 0.231413 0.914420 0.462827 0.171160
4 0.500000 0.500000 1.000000 1.000000
5 0.260212 0.346814 0.409314 0.693627
5 0.280025 0.901144 0.560049 0.197712
