0 0.355801 0.096201 0.134804 0.192402
0 0.705270 0.197508 0.128676 0.083742
0 0.373366 0.231209 0.033497 0.033497
0 0.295343 0.287377 0.084967 0.128676
0 0.563521 0.320057 0.112337 0.142565
0 0.367034 0.313521 0.056781 0.069853
0 0.079657 0.714665 0.159314 0.570670
0 0.924224 0.632966 0.094363 0.080474
0 0.955678 0.734477 0.061683 0.074346
0 0.926471 0.700368 0.000817 0.000408
0 0.925041 0.700776 0.000408 0.000408
0 0.664624 0.977533 0.102941 0.044935
1 0.500000 0.500000 1.000000 1.000000
1 0.029208 0.697100 0.058415 0.229167
1 0.024510 0.903186 0.049020 0.150327
1 0.998979 0.831904 0.002042 0.001225
1 0.911356 0.943015 0.177288 0.113971
1 0.704861 0.992851 0.000408 0.000408
1 0.704044 0.993260 0.000408 0.000408
1 0.703227 0.993668 0.000408 0.000408
1 0.697917 0.996119 0.000408 0.000408
2 0.010212 0.039011 0.020425 0.078023
2 0.288807 0.081291 0.155229 0.162582
2 0.979575 0.013480 0.040850 0.026961
2 0.391136 0.127859 0.062500 0.033497
2 0.010417 0.523080 0.020833 0.125408
2 0.983252 0.505515 0.033497 0.038807
2 0.905842 0.825980 0.188317 0.171569
2 0.020425 0.800245 0.040850 0.071078
4 0.009191 0.604779 0.018382 0.024101
4 0.844975 0.916054 0.310049 0.167892
5 0.976307 0.049428 0.047386 0.059641
5 0.726920 0.545956 0.118873 0.091912
5 0.671569 0.584355 0.046569 0.021650
5 0.762459 0.613358 0.108252 0.055964
