0 0.951797 0.698938 0.096405 0.209967
0 0.982026 0.898693 0.035948 0.078431
1 0.500000 0.488971 1.000000 0.977941
4 0.161969 0.807394 0.238971 0.118056
4 0.324346 0.984069 0.116013 0.031863
5 0.500000 0.862337 1.000000 0.275327
5 0.103145 0.750613 0.013480 0.003676
5 0.140727 0.764093 0.060049 0.024101
5 0.171160 0.776348 0.000817 0.000408
5 0.172590 0.777165 0.000408 0.000408
5 0.185866 0.783088 0.026144 0.011438
5 0.199346 0.789011 0.000817 0.000408
5 0.200368 0.789420 0.000408 0.000408
5 0.201185 0.789828 0.000408 0.000408
5 0.214052 0.795752 0.025327 0.011438
5 0.227124 0.801675 0.000817 0.000408
5 0.228145 0.802083 0.000408 0.000408
5 0.228962 0.802492 0.000408 0.000408
5 0.229779 0.802900 0.000408 0.000408
5 0.230596 0.803309 0.000408 0.000408
5 0.231413 0.803717 0.000408 0.000408
5 0.232026 0.804126 0.000817 0.000408
