0 0.988971 0.011234 0.022059 0.022467
0 0.335580 0.094567 0.043709 0.035539
0 0.316585 0.151552 0.027778 0.024510
0 0.294118 0.151552 0.014706 0.017974
0 0.191176 0.446691 0.068627 0.066585
0 0.433824 0.515319 0.005719 0.011846
0 0.240400 0.526348 0.016748 0.008578
0 0.209967 0.532067 0.039216 0.013480
0 0.215482 0.564338 0.040441 0.036356
0 0.413603 0.558824 0.010212 0.018791
0 0.392565 0.607639 0.006536 0.006944
0 0.388685 0.619690 0.005310 0.008987
0 0.303717 0.711397 0.091912 0.083742
0 0.504289 0.710376 0.024101 0.034314
0 0.945261 0.772672 0.031046 0.073938
0 0.521650 0.780433 0.043301 0.087010
0 0.891953 0.794935 0.050245 0.112745
0 0.914624 0.914420 0.084967 0.120507
1 0.329453 0.500000 0.658905 1.000000
1 0.635212 0.500000 0.729575 1.000000
1 0.308619 0.715074 0.000408 0.000408
1 0.931168 0.763480 0.002859 0.004085
1 0.300858 0.829453 0.000408 0.000408
1 0.298611 0.834559 0.004085 0.009804
1 0.296364 0.840074 0.000408 0.000408
1 0.751838 0.937296 0.000408 0.000408
1 0.733456 0.940155 0.000408 0.000408
1 0.739992 0.955678 0.000408 0.000408
2 0.975899 0.012051 0.026144 0.024101
2 0.015114 0.017565 0.024510 0.022876
2 0.383783 0.074551 0.033905 0.056781
2 0.407067 0.121732 0.016748 0.022876
2 0.376634 0.136234 0.019608 0.035539
2 0.911765 0.315768 0.054739 0.064542
2 0.093954 0.322304 0.021242 0.022876
2 0.094567 0.370098 0.025735 0.026144
2 0.205882 0.517157 0.049837 0.028595
2 0.214665 0.535948 0.002042 0.000817
2 0.249387 0.580065 0.027369 0.029412
2 0.560253 0.660335 0.085376 0.042075
2 0.200368 0.675449 0.087010 0.040441
2 0.465482 0.714869 0.075572 0.106209
2 0.943832 0.777369 0.112337 0.186275
2 0.664420 0.751634 0.078840 0.096405
2 0.032067 0.722835 0.032271 0.035539
2 0.766953 0.726716 0.043709 0.034314
2 0.864788 0.842933 0.102124 0.183415
2 0.906250 0.766340 0.014297 0.027778
2 0.286765 0.776552 0.026144 0.027778
2 0.199551 0.830882 0.050245 0.101307
2 0.907271 0.793301 0.013072 0.015523
2 0.743668 0.803717 0.029003 0.018382
2 0.293301 0.823734 0.022876 0.038807
2 0.908905 0.810866 0.009804 0.008987
2 0.898080 0.857230 0.000408 0.000408
2 0.904003 0.874387 0.015523 0.033088
2 0.509600 0.903799 0.090278 0.045343
2 0.903186 0.896650 0.016340 0.004085
2 0.763685 0.963848 0.120507 0.072304
2 0.972018 0.987337 0.040441 0.019608
4 0.463644 0.500000 0.470588 1.000000
5 0.904616 0.056168 0.050245 0.038807
