0 0.500000 0.500000 1.000000 1.000000
0 0.015523 0.131740 0.031046 0.106618
0 0.367443 0.580678 0.695670 0.401552
0 0.001430 0.799020 0.002859 0.005719
0 0.003064 0.802288 0.000408 0.000817
0 0.003472 0.803105 0.000408 0.000817
0 0.003881 0.803922 0.000408 0.000817
0 0.005310 0.806577 0.002451 0.004493
0 0.000817 0.806373 0.001634 0.003268
0 0.004902 0.814134 0.006536 0.012255
0 0.006740 0.809232 0.000408 0.000817
0 0.008170 0.811887 0.002451 0.004493
0 0.009600 0.814542 0.000408 0.000817
0 0.011234 0.817606 0.002859 0.005310
0 0.009600 0.822917 0.002859 0.005310
0 0.012868 0.820670 0.000408 0.000817
0 0.013276 0.821487 0.000408 0.000817
0 0.014706 0.824142 0.002451 0.004493
0 0.012663 0.828636 0.003268 0.006127
0 0.016136 0.826797 0.000408 0.000817
0 0.017565 0.829453 0.002451 0.004493
0 0.014502 0.832108 0.000408 0.000817
0 0.018995 0.832108 0.000408 0.000817
0 0.016136 0.835172 0.002859 0.005310
0 0.019608 0.833333 0.000817 0.001634
0 0.021242 0.836397 0.002451 0.004493
0 0.017770 0.838235 0.000408 0.000817
0 0.019199 0.840891 0.002451 0.004493
0 0.022672 0.839052 0.000408 0.000817
0 0.024101 0.841708 0.002451 0.004493
0 0.020629 0.843546 0.000408 0.000817
0 0.022263 0.846609 0.002859 0.005310
0 0.025531 0.844363 0.000408 0.000817
0 0.027165 0.847426 0.002859 0.005310
0 0.023897 0.849673 0.000408 0.000817
0 0.025531 0.852737 0.002859 0.005310
0 0.029003 0.850899 0.000817 0.001634
0 0.030637 0.853962 0.002451 0.004493
0 0.027165 0.855801 0.000408 0.000817
0 0.028595 0.858456 0.002451 0.004493
0 0.032067 0.856618 0.000408 0.000817
0 0.033497 0.859273 0.002451 0.004493
0 0.030025 0.861111 0.000408 0.000817
0 0.031863 0.864583 0.003268 0.006127
0 0.034926 0.861928 0.000408 0.000817
0 0.035335 0.862745 0.000408 0.000817
0 0.036765 0.865400 0.002451 0.004493
0 0.033701 0.868056 0.000408 0.000817
0 0.038194 0.868056 0.000408 0.000817
0 0.035131 0.870711 0.002451 0.004493
0 0.038603 0.868873 0.000408 0.000817
0 0.040033 0.871528 0.002451 0.004493
0 0.036560 0.873366 0.000408 0.000817
0 0.036969 0.874183 0.000408 0.000817
0 0.041462 0.874183 0.000408 0.000817
0 0.038603 0.877247 0.002859 0.005310
0 0.041871 0.875000 0.000408 0.000817
0 0.042279 0.875817 0.000408 0.000817
0 0.043913 0.878881 0.002859 0.005310
0 0.040237 0.880310 0.000408 0.000817
0 0.040645 0.881127 0.000408 0.000817
0 0.042688 0.885008 0.003676 0.006944
0 0.045752 0.882353 0.000817 0.001634
0 0.046364 0.883578 0.000408 0.000817
0 0.047998 0.886642 0.002859 0.005310
0 0.044730 0.888889 0.000408 0.000817
0 0.045139 0.889706 0.000408 0.000817
0 0.049632 0.889706 0.000408 0.000817
0 0.046569 0.892361 0.002451 0.004493
0 0.050041 0.890523 0.000408 0.000817
0 0.051675 0.893587 0.002859 0.005310
0 0.047998 0.895016 0.000408 0.000817
0 0.048407 0.895833 0.000408 0.000817
0 0.048815 0.896650 0.000408 0.000817
0 0.053309 0.896650 0.000408 0.000817
0 0.050245 0.899306 0.002451 0.004493
0 0.053717 0.897467 0.000408 0.000817
0 0.055760 0.901348 0.003676 0.006944
0 0.051675 0.901961 0.000408 0.000817
0 0.052083 0.902778 0.000408 0.000817
0 0.052492 0.903595 0.000408 0.000817
0 0.054534 0.907475 0.003676 0.006944
0 0.057802 0.905229 0.000408 0.000817
0 0.059641 0.908701 0.003268 0.006127
0 0.056577 0.911356 0.000408 0.000817
0 0.058211 0.914420 0.002859 0.005310
0 0.061479 0.912173 0.000408 0.000817
0 0.063317 0.915645 0.003268 0.006127
0 0.679534 0.956699 0.279820 0.086601
0 0.059845 0.917484 0.000408 0.000817
0 0.060253 0.918301 0.000408 0.000817
0 0.062092 0.921773 0.003268 0.006127
0 0.065155 0.919118 0.000408 0.000817
0 0.067198 0.922998 0.003676 0.006944
0 0.063930 0.925245 0.000408 0.000817
0 0.065972 0.929126 0.003676 0.006944
0 0.069240 0.926879 0.000408 0.000817
0 0.069853 0.928105 0.000817 0.001634
0 0.071487 0.931168 0.002451 0.004493
0 0.068015 0.933007 0.000408 0.000817
0 0.068423 0.933824 0.000408 0.000817
0 0.072917 0.933824 0.000408 0.000817
0 0.069853 0.936479 0.002451 0.004493
0 0.073325 0.934641 0.000408 0.000817
0 0.075163 0.938113 0.003268 0.006127
0 0.071283 0.939134 0.000408 0.000817
0 0.071691 0.939951 0.000408 0.000817
0 0.073734 0.943832 0.003676 0.006944
0 0.078840 0.945057 0.004085 0.007761
0 0.077410 0.950776 0.003676 0.006944
0 0.081291 0.949755 0.000817 0.001634
0 0.082925 0.952819 0.002451 0.004493
0 0.079453 0.954657 0.000408 0.000817
0 0.079861 0.955474 0.000408 0.000817
0 0.084355 0.955474 0.000408 0.000817
0 0.081495 0.958538 0.002859 0.005310
0 0.084763 0.956291 0.000408 0.000817
0 0.085172 0.957108 0.000408 0.000817
0 0.086806 0.960172 0.002859 0.005310
0 0.083129 0.961601 0.000408 0.000817
0 0.083538 0.962418 0.000408 0.000817
0 0.085784 0.966708 0.004085 0.007761
0 0.088644 0.963644 0.000817 0.001634
0 0.089257 0.964869 0.000408 0.000817
0 0.090891 0.967933 0.002859 0.005310
0 0.088031 0.970997 0.000408 0.000817
0 0.092525 0.970997 0.000408 0.000817
0 0.089461 0.973652 0.002451 0.004493
0 0.092933 0.971814 0.000408 0.000817
0 0.094567 0.974877 0.002859 0.005310
0 0.090891 0.976307 0.000408 0.000817
0 0.091299 0.977124 0.000408 0.000817
0 0.091708 0.977941 0.000408 0.000817
0 0.096201 0.977941 0.000408 0.000817
0 0.093137 0.980596 0.002451 0.004493
0 0.096609 0.978758 0.000408 0.000817
0 0.098652 0.982639 0.003676 0.006944
0 0.094567 0.983252 0.000408 0.000817
0 0.094975 0.984069 0.000408 0.000817
0 0.095384 0.984886 0.000408 0.000817
0 0.097426 0.988766 0.003676 0.006944
0 0.100694 0.986520 0.000408 0.000817
0 0.102533 0.989992 0.003268 0.006127
0 0.099469 0.992647 0.000408 0.000817
0 0.101103 0.995711 0.002859 0.005310
0 0.104371 0.993464 0.000408 0.000817
0 0.106209 0.996936 0.003268 0.006127
0 0.102737 0.998775 0.000408 0.000817
0 0.103145 0.999592 0.000408 0.000817
1 0.053717 0.898693 0.107435 0.202614
1 0.952206 0.913603 0.095588 0.172794
2 0.450776 0.010825 0.052696 0.021650
2 0.713644 0.162377 0.137255 0.086193
2 0.734069 0.284109 0.109477 0.078840
5 0.477124 0.509804 0.954248 0.980392
5 0.907067 0.746119 0.166258 0.085376
5 0.051471 0.902982 0.102941 0.194036
5 0.720180 0.919118 0.524510 0.161765
6 0.076593 0.269404 0.000408 0.000408
6 0.788194 0.650123 0.000408 0.000408
