0 0.344567 0.142565 0.211193 0.241013
0 0.064747 0.606005 0.114788 0.099265
0 0.344158 0.750613 0.149918 0.368873
0 0.032067 0.699551 0.064134 0.109069
0 0.133578 0.975899 0.088235 0.048203
1 0.617034 0.381332 0.765931 0.762663
1 0.037582 0.290645 0.075163 0.435866
1 0.049428 0.619077 0.098856 0.186683
1 0.651552 0.823734 0.619281 0.352533
1 0.161560 0.826797 0.323121 0.346405
1 0.389502 0.740605 0.037173 0.031863
1 0.322508 0.814134 0.000408 0.000817
2 0.045343 0.155433 0.090686 0.310866
2 0.529003 0.500000 0.941993 1.000000
2 0.115400 0.100694 0.087010 0.138480
2 0.100286 0.181168 0.000408 0.000408
2 0.099877 0.181577 0.000408 0.000408
2 0.099469 0.181985 0.000408 0.000408
2 0.027165 0.244485 0.000408 0.000408
2 0.026757 0.246732 0.000408 0.001634
2 0.025735 0.252247 0.001634 0.009395
2 0.079044 0.568015 0.158088 0.513480
2 0.415033 0.324346 0.002451 0.003268
2 0.031454 0.406250 0.049837 0.064951
2 0.025940 0.438930 0.000408 0.000408
2 0.038603 0.453227 0.000408 0.000408
2 0.426471 0.756536 0.092320 0.098856
2 0.147059 0.804943 0.044118 0.048611
2 0.308619 0.916871 0.184232 0.166258
2 0.207312 0.879289 0.079657 0.036356
4 0.090482 0.423203 0.180964 0.846405
4 0.995711 0.989788 0.008578 0.020425
5 0.074346 0.108456 0.099673 0.202206
5 0.058211 0.318423 0.072304 0.280637
5 0.074346 0.209763 0.000817 0.000408
5 0.074959 0.210172 0.000408 0.000408
5 0.075776 0.210580 0.000408 0.000408
5 0.394404 0.441789 0.222631 0.257761
5 0.222222 0.599265 0.109477 0.182190
5 0.977533 0.881332 0.044935 0.079657
