0 0.729984 0.315768 0.084967 0.067810
0 0.930964 0.511846 0.039216 0.057190
0 0.255515 0.622753 0.050245 0.043709
1 0.536969 0.500000 0.926062 1.000000
1 0.660948 0.177083 0.678105 0.354167
1 0.043096 0.210784 0.086193 0.420752
1 0.066789 0.036560 0.000408 0.000408
1 0.434232 0.706087 0.868464 0.587827
1 0.091299 0.798203 0.182598 0.403595
2 0.472018 0.500000 0.944036 1.000000
2 0.628881 0.209150 0.742239 0.418301
2 0.108864 0.758170 0.217729 0.483660
4 0.213440 0.281250 0.376225 0.562500
4 0.674837 0.366013 0.033497 0.040033
4 0.062500 0.607843 0.125000 0.144608
4 0.409722 0.560662 0.000817 0.000408
4 0.650735 0.780433 0.480392 0.439134
4 0.156863 0.840891 0.089869 0.318219
4 0.620302 0.725082 0.038807 0.027778
4 0.537582 0.808415 0.069444 0.017974
