0 0.507353 0.546364 0.026144 0.007761
0 0.484681 0.559028 0.019199 0.029820
0 0.524101 0.552492 0.007353 0.004493
0 0.528799 0.555147 0.002042 0.000817
0 0.548815 0.562296 0.037990 0.013480
0 0.562908 0.579248 0.013889 0.020425
0 0.476103 0.576797 0.002859 0.005719
0 0.478145 0.580270 0.001225 0.001225
0 0.481618 0.583129 0.005719 0.004493
0 0.486520 0.587214 0.004085 0.003676
0 0.489175 0.589665 0.001225 0.001225
0 0.547998 0.594771 0.015931 0.010621
0 0.490809 0.591503 0.002042 0.002451
0 0.493056 0.593954 0.002451 0.002451
0 0.495302 0.595997 0.002042 0.001634
0 0.518178 0.605188 0.043709 0.016748
1 0.500000 0.500000 1.000000 1.000000
1 0.201593 0.997345 0.027369 0.005310
4 0.042484 0.012663 0.038399 0.025327
4 0.077002 0.007966 0.023284 0.015931
4 0.716708 0.020221 0.028186 0.013480
4 0.089869 0.059641 0.031863 0.073529
4 0.025123 0.137663 0.050245 0.131536
4 0.735703 0.100899 0.043301 0.031046
4 0.518791 0.150940 0.047386 0.058415
4 0.521038 0.269608 0.057598 0.035948
4 0.994485 0.308415 0.011029 0.031046
4 0.446078 0.359069 0.041667 0.024510
4 0.464869 0.392974 0.028595 0.029412
4 0.427696 0.432598 0.033497 0.030229
4 0.402778 0.462827 0.063725 0.054739
4 0.522263 0.578023 0.094363 0.070261
4 0.240400 0.630106 0.164624 0.138480
4 0.021855 0.638072 0.043709 0.076797
4 0.601511 0.710376 0.204657 0.205882
4 0.003268 0.752042 0.006536 0.036765
4 0.001021 0.780025 0.002042 0.002042
4 0.349469 0.977124 0.060049 0.045752
4 0.520221 0.982026 0.122958 0.035948
4 0.201593 0.985498 0.081291 0.029003
6 0.478962 0.378472 0.001225 0.001225
