0 0.008783 0.001225 0.017565 0.002451
0 0.016953 0.003064 0.000408 0.000408
0 0.997753 0.034518 0.004493 0.010212
0 0.002859 0.048407 0.005719 0.017565
0 0.689134 0.108047 0.181373 0.120507
0 0.094158 0.089665 0.049428 0.060866
0 0.002247 0.084355 0.004493 0.017565
0 0.302288 0.225082 0.332516 0.299020
0 0.015727 0.108047 0.031454 0.017565
0 0.927288 0.125408 0.013889 0.011438
0 0.814134 0.128064 0.016340 0.015931
0 0.951185 0.126430 0.009395 0.012663
0 0.019199 0.154412 0.038399 0.055556
0 0.086193 0.156046 0.049837 0.030229
0 0.801675 0.155433 0.017565 0.016748
0 0.829861 0.156250 0.010212 0.011846
0 0.952002 0.156863 0.013480 0.010621
0 0.977328 0.158088 0.012663 0.013072
0 0.605392 0.185458 0.014706 0.021242
0 0.632149 0.188521 0.017565 0.024101
0 0.579657 0.183824 0.020425 0.013072
0 0.819444 0.189542 0.011438 0.010621
0 0.689338 0.194649 0.017565 0.015114
0 0.743056 0.197712 0.015523 0.019608
0 0.715482 0.196283 0.011029 0.015114
0 0.575572 0.219363 0.017974 0.012255
0 0.604779 0.221405 0.016748 0.013889
0 0.631127 0.224060 0.013889 0.016748
0 0.740605 0.229371 0.015523 0.026552
0 0.800449 0.225490 0.017565 0.015523
0 0.823938 0.225694 0.010621 0.012663
0 0.030025 0.243464 0.026552 0.015523
0 0.601307 0.246732 0.013889 0.017974
0 0.573325 0.245507 0.020016 0.011438
0 0.623570 0.250000 0.018382 0.013072
0 0.794322 0.257761 0.012663 0.017157
0 0.845384 0.259600 0.014297 0.019199
0 0.819444 0.256944 0.014706 0.011438
0 0.947304 0.257966 0.015523 0.012663
0 0.971201 0.258170 0.008578 0.011438
0 0.015523 0.259804 0.017157 0.013889
0 0.569240 0.280025 0.015114 0.016748
0 0.595997 0.282067 0.014706 0.016748
0 0.791054 0.289420 0.013480 0.016748
0 0.625408 0.287990 0.010621 0.010621
0 0.738154 0.289216 0.011438 0.011438
0 0.897876 0.296160 0.176471 0.016340
0 0.570670 0.308619 0.013072 0.012663
0 0.597018 0.309845 0.011029 0.012663
0 0.622345 0.312296 0.012663 0.012663
0 0.940155 0.317810 0.071487 0.019608
0 0.725899 0.323325 0.019608 0.017565
0 0.896855 0.342116 0.078840 0.014297
0 0.082516 0.345180 0.025327 0.012255
0 0.645425 0.385417 0.148693 0.035539
0 0.078431 0.391136 0.022876 0.025735
0 0.794730 0.395425 0.095997 0.026961
0 0.879698 0.404820 0.038807 0.018791
0 0.586601 0.444444 0.047386 0.027778
0 0.652574 0.449142 0.048611 0.029003
0 0.093750 0.785743 0.068219 0.069853
0 0.105801 0.934641 0.120098 0.123366
0 0.068219 0.956495 0.079248 0.087010
1 0.500000 0.500000 1.000000 1.000000
1 0.992851 0.537582 0.000408 0.000817
1 0.983660 0.599877 0.032680 0.072304
1 0.967116 0.636234 0.000408 0.000408
1 0.966708 0.636642 0.000408 0.000408
1 0.966299 0.637051 0.000408 0.000408
1 0.965891 0.637459 0.000408 0.000408
1 0.965482 0.637868 0.000408 0.000408
1 0.952819 0.660335 0.000408 0.000408
1 0.952410 0.661152 0.000408 0.000408
1 0.041667 0.986520 0.049020 0.026961
2 0.787582 0.729167 0.424837 0.541667
2 0.998570 0.497549 0.002859 0.039216
2 0.996324 0.542279 0.007353 0.047794
4 0.920547 0.581904 0.149101 0.160539
4 0.186275 0.580065 0.057190 0.067810
4 0.023489 0.665645 0.046977 0.153186
4 0.017157 0.959355 0.034314 0.081291
4 0.351103 0.964665 0.081291 0.070670
