1 0.814542 0.335784 0.339052 0.392157
1 0.980801 0.266544 0.038399 0.084559
2 0.721201 0.146446 0.100899 0.083742
2 0.958742 0.336601 0.082516 0.046569
2 0.967320 0.413399 0.065359 0.070261
2 0.977533 0.530433 0.044935 0.031454
2 0.815564 0.714665 0.368873 0.121324
3 0.500000 0.500000 1.000000 1.000000
5 0.652165 0.065359 0.171977 0.130719
5 0.140523 0.055964 0.061275 0.067810
5 0.869281 0.065564 0.033497 0.042075
5 0.013889 0.085376 0.027778 0.042484
5 0.335376 0.100899 0.068627 0.050654
5 0.489788 0.210580 0.110294 0.083742
5 0.805556 0.219158 0.044935 0.034722
5 0.325368 0.232843 0.046160 0.026144
5 0.151348 0.264093 0.069853 0.028186
5 0.306577 0.329044 0.096814 0.098448
5 0.427900 0.387868 0.150735 0.152369
5 0.672998 0.398489 0.122141 0.042892
5 0.466299 0.572712 0.084559 0.102941
5 0.165645 0.615400 0.041258 0.049428
5 0.097222 0.819036 0.060458 0.057190
