0 0.463644 0.116422 0.927288 0.232843
0 0.860294 0.067198 0.279412 0.134395
0 0.856005 0.109886 0.000408 0.000817
0 0.424224 0.129698 0.000408 0.000408
0 0.976920 0.130923 0.000408 0.000408
0 0.755515 0.165237 0.000408 0.000408
0 0.755923 0.165645 0.000408 0.000408
0 0.756740 0.166054 0.000408 0.000408
0 0.841708 0.193015 0.000408 0.000408
2 0.008783 0.007353 0.017565 0.014706
2 0.377042 0.058619 0.082516 0.117239
2 0.431168 0.025327 0.019199 0.050654
2 0.491013 0.025123 0.081699 0.050245
2 0.755106 0.060662 0.220180 0.121324
2 0.829657 0.016136 0.041667 0.032271
2 0.617647 0.022263 0.026144 0.037173
2 0.859069 0.021650 0.033497 0.023693
2 0.890114 0.034518 0.024510 0.029820
2 0.122549 0.060866 0.081699 0.074346
2 0.877655 0.034109 0.000408 0.000408
2 0.552288 0.108864 0.248366 0.140114
2 0.993056 0.060458 0.013889 0.027778
2 0.033701 0.084150 0.067402 0.033497
2 0.910743 0.134600 0.135212 0.072304
2 0.823325 0.136642 0.031454 0.033905
2 0.757966 0.150531 0.020833 0.031454
2 0.706087 0.156658 0.033088 0.011846
2 0.005310 0.198938 0.010621 0.082516
2 0.824959 0.179534 0.035539 0.031454
3 0.500000 0.416667 1.000000 0.646242
3 0.429943 0.123162 0.000408 0.000408
3 0.425449 0.128472 0.000408 0.000408
3 0.424224 0.129289 0.000408 0.000408
3 0.380310 0.739379 0.760621 0.521242
3 0.880515 0.676675 0.000408 0.000408
3 0.876838 0.678717 0.000408 0.000408
3 0.622549 0.778186 0.039216 0.020425
4 0.133987 0.014093 0.038399 0.021650
4 0.322712 0.040441 0.013072 0.032680
4 0.193627 0.084763 0.119281 0.104984
4 0.507761 0.390319 0.131536 0.140931
4 0.462010 0.417279 0.004085 0.008578
4 0.268791 0.473652 0.138072 0.115605
4 0.500000 0.728350 1.000000 0.543301
4 0.852124 0.644199 0.012255 0.045752
4 0.203227 0.673203 0.020833 0.034314
4 0.859273 0.666462 0.000408 0.000408
4 0.858456 0.667484 0.000408 0.000817
4 0.858864 0.668505 0.000408 0.000408
4 0.250000 0.728758 0.040850 0.053105
4 0.178922 0.707312 0.008170 0.009395
4 0.934436 0.729371 0.081291 0.050245
4 0.184845 0.714257 0.000408 0.000408
4 0.184436 0.858864 0.127859 0.282271
4 0.302696 0.751430 0.035948 0.030637
4 0.556577 0.977328 0.020016 0.045343
5 0.195057 0.304534 0.390114 0.516748
5 0.066993 0.091095 0.000817 0.000817
5 0.442198 0.230596 0.109069 0.133578
5 0.990605 0.514093 0.018791 0.072304
5 0.812500 0.844771 0.375000 0.310458
5 0.453023 0.944853 0.072712 0.110294
5 0.614379 0.954248 0.205882 0.091503
6 0.154616 0.092933 0.000408 0.000408
6 0.462010 0.416871 0.004902 0.011029
6 0.852533 0.645629 0.014706 0.050245
6 0.856822 0.622141 0.000408 0.000817
6 0.203023 0.672998 0.022059 0.035539
6 0.860090 0.670956 0.000408 0.000408
6 0.891953 0.693015 0.000408 0.000408
6 0.890727 0.693423 0.001225 0.000408
6 0.250000 0.728554 0.041667 0.054330
6 0.179943 0.708538 0.011846 0.013480
6 0.878472 0.702410 0.000408 0.000408
6 0.876838 0.705474 0.002859 0.004902
6 0.875204 0.708129 0.000408 0.000408
6 0.602124 0.735090 0.000817 0.000408
6 0.302696 0.751430 0.036765 0.031454
6 0.747345 0.940155 0.002859 0.002859
6 0.775123 0.989992 0.000408 0.000408
