0 0.625613 0.025123 0.010212 0.007761
0 0.631536 0.159926 0.404412 0.254493
0 0.642770 0.036969 0.007761 0.007761
0 0.168709 0.087214 0.013072 0.031454
0 0.090278 0.113154 0.029412 0.043301
0 0.832925 0.157475 0.015523 0.002042
0 0.946691 0.196283 0.008578 0.007761
0 0.641544 0.329657 0.037990 0.048203
0 0.696895 0.331495 0.020425 0.026552
0 0.709559 0.969771 0.008987 0.017157
0 0.694444 0.989175 0.013072 0.017565
1 0.500000 0.500000 1.000000 1.000000
1 0.783292 0.234273 0.115605 0.171977
1 0.459355 0.209967 0.002042 0.000817
1 0.463644 0.210376 0.002451 0.001634
1 0.576593 0.657884 0.000408 0.000408
2 0.485703 0.500000 0.971405 0.769608
2 0.456495 0.755106 0.000408 0.000408
2 0.131127 0.797181 0.002451 0.000408
2 0.035948 0.975286 0.071895 0.049428
4 0.459967 0.214257 0.012255 0.010212
4 0.568832 0.368873 0.101716 0.097222
4 0.716299 0.674837 0.285539 0.240196
4 0.463644 0.866013 0.410948 0.253268
5 0.489788 0.015523 0.110294 0.031046
5 0.252247 0.606413 0.110703 0.109069
