0 0.274101 0.008783 0.044118 0.017565
0 0.425654 0.017770 0.033497 0.035539
0 0.737132 0.053717 0.525735 0.107435
0 0.072917 0.186887 0.140114 0.062500
0 0.174837 0.234681 0.155229 0.046977
0 0.899306 0.227737 0.025735 0.028186
0 0.905842 0.277778 0.038807 0.023693
0 0.924632 0.432190 0.037990 0.037582
1 0.140319 0.161765 0.280637 0.323529
1 0.500000 0.511234 1.000000 0.977533
1 0.111724 0.200368 0.000408 0.000408
1 0.098448 0.256740 0.007353 0.004493
1 0.178717 0.257966 0.005310 0.000408
1 0.199142 0.257966 0.002859 0.000408
1 0.205882 0.258783 0.009804 0.001225
1 0.094158 0.259804 0.001225 0.001634
1 0.093342 0.260825 0.000408 0.000408
1 0.092525 0.261846 0.001225 0.001634
1 0.091299 0.263480 0.001225 0.001634
1 0.090482 0.264502 0.000408 0.000408
1 0.089869 0.265319 0.000817 0.001225
1 0.089257 0.266136 0.000408 0.000408
1 0.088440 0.267361 0.000408 0.000408
2 0.205065 0.209967 0.410131 0.419935
2 0.458129 0.016748 0.042892 0.033497
2 0.638072 0.092525 0.253268 0.140114
2 0.110498 0.106822 0.108252 0.028186
2 0.734477 0.201797 0.063725 0.036765
2 0.930556 0.238358 0.062092 0.055964
2 0.247753 0.257557 0.000408 0.000408
2 0.846201 0.309232 0.094363 0.016340
2 0.883987 0.523489 0.138072 0.225082
2 0.039624 0.497753 0.051471 0.160539
2 0.948734 0.560866 0.017565 0.089869
2 0.377859 0.583333 0.022876 0.058007
2 0.212623 0.631944 0.094363 0.046569
2 0.634600 0.706087 0.017565 0.073121
2 0.245711 0.755923 0.070670 0.029003
2 0.018791 0.777778 0.026961 0.060458
2 0.556168 0.779412 0.018382 0.061275
2 0.516544 0.855801 0.136029 0.015523
2 0.887868 0.901757 0.013480 0.053513
2 0.386234 0.941789 0.037990 0.105801
2 0.959967 0.919935 0.065359 0.008987
2 0.092933 0.967933 0.098448 0.051879
5 0.789624 0.660743 0.060458 0.195670
