0 0.927492 0.123570 0.000408 0.000408
0 0.935253 0.124183 0.000408 0.000817
0 0.935253 0.127859 0.000408 0.000817
0 0.935662 0.132761 0.000408 0.000817
0 0.935253 0.134600 0.000408 0.000408
0 0.677696 0.577614 0.644608 0.842320
0 0.195057 0.207312 0.000408 0.000408
0 0.202819 0.214461 0.000408 0.000817
0 0.151757 0.355596 0.000408 0.000408
0 0.150327 0.356413 0.002451 0.001225
0 0.148693 0.357230 0.000817 0.000408
0 0.147467 0.357639 0.000817 0.000408
0 0.816789 0.471609 0.000408 0.000408
0 0.817402 0.472018 0.000817 0.000408
0 0.818015 0.472426 0.000408 0.000408
0 0.818832 0.472835 0.000408 0.000408
0 0.819240 0.473243 0.000408 0.000408
0 0.820057 0.473652 0.000408 0.000408
0 0.820874 0.474060 0.000408 0.000408
0 0.821691 0.474469 0.000408 0.000408
0 0.822712 0.474877 0.000817 0.000408
0 0.823734 0.475286 0.000408 0.000408
0 0.763276 0.497753 0.000408 0.000408
0 0.272263 0.974673 0.065768 0.048203
0 0.986520 0.980188 0.026961 0.036356
2 0.981209 0.000613 0.003268 0.001225
2 0.984477 0.069649 0.031046 0.134395
2 0.985294 0.154412 0.029412 0.011438
2 0.977533 0.254289 0.044935 0.137663
2 0.760417 0.528391 0.130310 0.113971
3 0.179943 0.270833 0.359886 0.460784
3 0.452002 0.806781 0.267565 0.385621
3 0.395221 0.754493 0.000408 0.000817
3 0.392565 0.761846 0.000817 0.001634
3 0.388685 0.771038 0.007761 0.016748
3 0.392770 0.779616 0.000408 0.000408
3 0.393382 0.782271 0.000817 0.000817
3 0.393995 0.783292 0.000408 0.000408
3 0.394404 0.784109 0.000408 0.000408
3 0.395221 0.786560 0.000408 0.000408
3 0.388072 0.798815 0.000817 0.000408
4 0.192402 0.119281 0.384804 0.238562
4 0.408088 0.024306 0.080882 0.048611
4 0.788807 0.195874 0.422386 0.391748
4 0.422386 0.007966 0.000817 0.000408
4 0.422998 0.008374 0.000408 0.000408
4 0.390523 0.048815 0.021242 0.017565
4 0.426675 0.057394 0.024101 0.012663
4 0.930964 0.130106 0.009804 0.024101
4 0.193423 0.213848 0.060049 0.014297
4 0.163194 0.218342 0.000408 0.000408
4 0.161969 0.219158 0.000408 0.000408
4 0.161356 0.219567 0.000817 0.000408
4 0.160743 0.219975 0.000408 0.000408
4 0.160335 0.220384 0.000408 0.000408
4 0.159926 0.220792 0.000408 0.000408
4 0.158701 0.222426 0.000408 0.000408
4 0.157680 0.235498 0.006536 0.025735
4 0.986520 0.276552 0.026961 0.062908
4 0.161152 0.248570 0.000408 0.000408
4 0.161969 0.248979 0.000408 0.000408
4 0.162377 0.249387 0.000408 0.000408
4 0.164011 0.250613 0.000408 0.000408
4 0.165237 0.251430 0.000408 0.000408
4 0.165645 0.251838 0.000408 0.000408
4 0.166871 0.252655 0.000408 0.000408
4 0.167279 0.253064 0.000408 0.000408
4 0.167688 0.253472 0.000408 0.000408
4 0.168301 0.253881 0.000817 0.000408
4 0.168913 0.254289 0.000408 0.000408
4 0.169322 0.254698 0.000408 0.000408
4 0.169935 0.255106 0.000817 0.000408
4 0.170547 0.255515 0.000408 0.000408
4 0.170956 0.255923 0.000408 0.000408
4 0.171773 0.256332 0.000408 0.000408
4 0.181168 0.268587 0.018382 0.024101
4 0.187704 0.280842 0.000408 0.000408
4 0.187296 0.281250 0.000408 0.000408
4 0.186887 0.282067 0.000408 0.000408
4 0.186479 0.282475 0.000408 0.000408
4 0.186070 0.282884 0.000408 0.000408
4 0.185662 0.283292 0.000408 0.000408
4 0.185253 0.283701 0.000408 0.000408
4 0.184436 0.284109 0.000408 0.000408
4 0.184028 0.284518 0.000408 0.000408
4 0.183619 0.284926 0.000408 0.000408
4 0.182394 0.285743 0.000408 0.000408
4 0.180760 0.286969 0.000408 0.000408
4 0.179943 0.287377 0.000408 0.000408
4 0.179534 0.287786 0.000408 0.000408
4 0.178717 0.288194 0.000408 0.000408
4 0.178309 0.288603 0.000408 0.000408
4 0.177492 0.289011 0.000408 0.000408
4 0.176266 0.289828 0.000408 0.000408
4 0.175041 0.290645 0.000408 0.000408
4 0.173815 0.291462 0.000408 0.000408
4 0.170547 0.293505 0.000408 0.000408
4 0.170139 0.293913 0.000408 0.000408
4 0.168913 0.294730 0.000408 0.000408
4 0.168505 0.295139 0.000408 0.000408
4 0.167892 0.295547 0.000817 0.000408
4 0.167279 0.295956 0.000408 0.000408
4 0.159518 0.303309 0.015114 0.014297
4 0.151757 0.310662 0.000408 0.000408
4 0.151348 0.311479 0.000408 0.000408
4 0.150123 0.313113 0.000408 0.000408
4 0.149714 0.313521 0.000408 0.000408
4 0.148489 0.315155 0.000408 0.000408
4 0.146855 0.317198 0.000408 0.000408
4 0.146446 0.317606 0.000408 0.000408
4 0.145629 0.318832 0.000408 0.000408
4 0.145221 0.319240 0.000408 0.000408
4 0.135008 0.337214 0.020016 0.035539
4 0.160539 0.343342 0.013072 0.015931
4 0.186479 0.349060 0.025735 0.006127
4 0.166871 0.346814 0.000408 0.000817
4 0.167279 0.347426 0.000408 0.000408
4 0.167688 0.348243 0.000408 0.000408
4 0.199959 0.348448 0.001225 0.000817
4 0.200776 0.349060 0.000408 0.000408
4 0.201185 0.349469 0.000408 0.000408
4 0.202002 0.350082 0.001225 0.000817
4 0.202819 0.350694 0.000408 0.000408
4 0.126021 0.355392 0.000408 0.000817
4 0.126430 0.356209 0.000408 0.000817
4 0.135417 0.358660 0.017565 0.003268
4 0.145629 0.358047 0.000408 0.000408
4 0.980188 0.413603 0.039624 0.038807
4 0.993873 0.471609 0.012255 0.012663
4 0.995507 0.487541 0.008987 0.009395
4 0.140727 0.542892 0.043709 0.040850
4 0.980188 0.603145 0.039624 0.084559
4 0.391748 0.775735 0.051471 0.064542
4 0.603145 0.928309 0.031454 0.050245
5 0.158292 0.099265 0.316585 0.198529
5 0.500000 0.500000 1.000000 1.000000
5 0.793096 0.120711 0.363154 0.241422
5 0.684845 0.089869 0.002859 0.000817
5 0.520221 0.981005 0.024918 0.017565
5 0.997141 0.982230 0.005719 0.014297
6 0.673407 0.076593 0.000408 0.000408
6 0.681577 0.088848 0.000408 0.000408
6 0.685458 0.089665 0.007353 0.002042
6 0.961397 0.144812 0.000408 0.000408
6 0.192606 0.206904 0.004493 0.001225
6 0.197100 0.209355 0.004493 0.003676
6 0.158292 0.283497 0.066585 0.151144
6 0.194649 0.209763 0.005310 0.003676
6 0.203431 0.212827 0.006536 0.004085
6 0.209967 0.216299 0.027778 0.010212
6 0.219975 0.214257 0.000408 0.000408
6 0.219567 0.217116 0.000408 0.000408
6 0.162786 0.298407 0.000408 0.000408
6 0.157884 0.303105 0.009395 0.008987
6 0.152982 0.307802 0.000408 0.000408
6 0.140727 0.324142 0.000408 0.000408
6 0.140319 0.324551 0.000408 0.000408
6 0.137868 0.327819 0.004493 0.006127
6 0.135417 0.331291 0.000408 0.000817
6 0.135008 0.331904 0.000408 0.000408
6 0.131536 0.337010 0.006536 0.008987
6 0.178717 0.343954 0.050245 0.017974
6 0.128064 0.342116 0.000408 0.000408
6 0.126225 0.347835 0.003268 0.011029
6 0.153186 0.354371 0.002451 0.002859
6 0.148897 0.356822 0.000408 0.000408
6 0.148080 0.357435 0.001225 0.000817
6 0.149306 0.357230 0.000408 0.000408
6 0.127655 0.358456 0.000408 0.000408
6 0.139093 0.359681 0.001225 0.000408
6 0.131740 0.360090 0.000408 0.000408
6 0.135825 0.360090 0.002859 0.000408
