0 0.161356 0.054126 0.102941 0.061683
0 0.123979 0.151757 0.058415 0.104984
0 0.167279 0.202410 0.052696 0.065768
0 0.230801 0.214665 0.047386 0.032271
0 0.022059 0.267770 0.044118 0.125408
0 0.214869 0.289420 0.151961 0.118056
0 0.090278 0.354779 0.075163 0.171160
0 0.020425 0.420956 0.040850 0.077206
0 0.144199 0.408497 0.019608 0.022876
0 0.178922 0.412377 0.020425 0.028186
0 0.371324 0.542688 0.026961 0.024101
0 0.332108 0.582925 0.075163 0.050654
0 0.382557 0.618056 0.049428 0.058824
0 0.417279 0.686479 0.031454 0.037990
0 0.051675 0.792892 0.042075 0.030229
0 0.701389 0.970588 0.037582 0.048203
0 0.742034 0.962623 0.031454 0.028186
0 0.750000 0.990809 0.047386 0.018382
1 0.500000 0.500000 1.000000 1.000000
1 0.151757 0.226920 0.000408 0.000408
1 0.016953 0.358660 0.033905 0.072712
1 0.060866 0.336806 0.000817 0.000408
1 0.053717 0.341095 0.000408 0.003268
1 0.078227 0.438113 0.000408 0.000408
2 0.019404 0.008578 0.038807 0.017157
2 0.295343 0.022059 0.116830 0.044118
2 0.426471 0.004902 0.064542 0.009804
2 0.202002 0.132353 0.162990 0.157680
2 0.424632 0.066176 0.020833 0.023693
2 0.495302 0.133578 0.037990 0.036765
2 0.048611 0.171773 0.091503 0.077206
2 0.276757 0.205065 0.030637 0.043301
2 0.148489 0.251021 0.066585 0.051879
2 0.308415 0.259600 0.090686 0.066585
2 0.410335 0.273080 0.045343 0.069853
2 0.331291 0.325368 0.068627 0.055147
2 0.048407 0.360498 0.070670 0.118873
2 0.158497 0.346814 0.041667 0.057190
2 0.448734 0.377247 0.090278 0.077206
2 0.547998 0.425858 0.079657 0.076389
2 0.122345 0.417892 0.042075 0.034314
2 0.084967 0.492443 0.148693 0.128676
2 0.174632 0.456291 0.087010 0.051471
2 0.309436 0.505923 0.097631 0.059232
2 0.213644 0.568423 0.079248 0.135212
2 0.565768 0.550858 0.037582 0.035539
2 0.146855 0.668301 0.031454 0.053105
2 0.132557 0.738766 0.034722 0.063317
2 0.592933 0.817402 0.081291 0.068627
2 0.415645 0.838031 0.041258 0.031454
2 0.464665 0.844975 0.028186 0.034722
2 0.996119 0.849265 0.007761 0.040850
2 0.613766 0.927696 0.138480 0.144608
2 0.270833 0.890114 0.025327 0.036765
2 0.767565 0.946691 0.033497 0.034722
5 0.455065 0.799632 0.032680 0.018382
