0 0.677288 0.196078 0.515523 0.392157
0 0.699551 0.383374 0.000408 0.000408
0 0.898080 0.423611 0.042075 0.063725
0 0.684028 0.398080 0.000408 0.000408
0 0.683619 0.398489 0.000408 0.000408
1 0.500000 0.500000 1.000000 1.000000
2 0.411765 0.012459 0.062908 0.024918
2 0.869077 0.140931 0.136029 0.175654
2 0.679330 0.374387 0.064542 0.059232
2 0.578023 0.464257 0.034314 0.029003
2 0.498979 0.504289 0.030637 0.024101
2 0.163399 0.638685 0.326797 0.091912
2 0.853145 0.857843 0.140114 0.158497
4 0.525735 0.048815 0.199346 0.097631
