0 0.326389 0.152778 0.218954 0.305556
0 0.942402 0.403391 0.030229 0.018382
0 0.159314 0.560866 0.068627 0.068627
0 0.807190 0.606822 0.110294 0.087827
0 0.053922 0.649101 0.035948 0.057190
0 0.916054 0.651757 0.042075 0.060049
0 0.789011 0.966503 0.077206 0.066993
0 0.400735 0.979167 0.026144 0.041667
0 0.565768 0.986724 0.043301 0.026552
0 0.675858 0.989992 0.071487 0.020016
0 0.745098 0.999796 0.009804 0.000408
1 0.558619 0.165237 0.132761 0.158905
1 0.820466 0.198325 0.204657 0.186683
1 0.650531 0.301879 0.145833 0.084967
1 0.343954 0.635008 0.360294 0.564134
1 0.009191 0.916258 0.018382 0.040033
2 0.078636 0.139910 0.157271 0.090278
2 0.629085 0.150940 0.085784 0.067402
2 0.961397 0.422590 0.077206 0.048611
2 0.985498 0.462010 0.029003 0.037582
2 0.994077 0.512868 0.011846 0.024101
2 0.915033 0.559845 0.071895 0.062500
2 0.840278 0.866422 0.102124 0.075163
2 0.960989 0.923611 0.078023 0.091503
3 0.500000 0.500000 1.000000 1.000000
