1 0.398897 0.134600 0.797794 0.269199
1 0.500000 0.500000 1.000000 1.000000
1 0.006536 0.289011 0.013072 0.002859
1 0.007353 0.325980 0.014706 0.014706
1 0.009804 0.353145 0.019608 0.020833
2 0.498570 0.214257 0.997141 0.428513
2 0.043301 0.118056 0.086601 0.178922
2 0.708946 0.454044 0.056781 0.042892
2 0.921569 0.594567 0.057190 0.042075
2 0.181577 0.698734 0.149918 0.087827
2 0.955065 0.746324 0.075163 0.054739
2 0.874387 0.880923 0.251225 0.174428
2 0.166054 0.828431 0.159722 0.057190
4 0.442198 0.005515 0.028186 0.011029
4 0.419322 0.144404 0.838644 0.288807
4 0.021446 0.022467 0.015114 0.030229
4 0.399510 0.016544 0.013072 0.014297
4 0.462214 0.019199 0.014297 0.015523
4 0.145221 0.036765 0.028186 0.022876
4 0.478145 0.036356 0.020833 0.019608
4 0.387868 0.039624 0.011029 0.013072
4 0.083333 0.250000 0.015523 0.015523
4 0.055556 0.253881 0.023693 0.014297
4 0.007557 0.411765 0.015114 0.029412
