0 0.464665 0.032067 0.051879 0.064134
0 0.532067 0.101103 0.049428 0.144199
0 0.777778 0.163399 0.060458 0.075163
0 0.188521 0.156454 0.027369 0.026961
0 0.162377 0.180147 0.025735 0.029412
0 0.884600 0.262868 0.028186 0.021650
0 0.596201 0.283088 0.053513 0.051471
0 0.503064 0.268178 0.028186 0.013480
0 0.685253 0.523489 0.629493 0.502859
0 0.269608 0.582721 0.050654 0.046160
0 0.649510 0.807802 0.013072 0.024101
0 0.729779 0.821078 0.024101 0.029412
1 0.500000 0.500000 1.000000 1.000000
1 0.641340 0.668301 0.157680 0.101307
1 0.720384 0.632557 0.000408 0.001225
1 0.565359 0.685662 0.008170 0.006944
2 0.518995 0.083946 0.082108 0.167892
2 0.721201 0.097835 0.070670 0.046160
2 0.777778 0.289011 0.179739 0.029003
2 0.452002 0.508987 0.069036 0.067810
2 0.390931 0.593546 0.075163 0.040033
2 0.680147 0.794526 0.123366 0.050654
2 0.738766 0.815768 0.007761 0.016340
4 0.782680 0.104575 0.044118 0.036765
4 0.445057 0.344567 0.091095 0.082925
4 0.685458 0.696078 0.106209 0.144608
4 0.596201 0.660131 0.073121 0.064542
5 0.934641 0.176879 0.130719 0.106209
6 0.494485 0.152778 0.000408 0.001634
6 0.494077 0.164011 0.000408 0.001225
6 0.621528 0.335376 0.001225 0.001634
6 0.999592 0.393587 0.000817 0.109886
6 0.574959 0.387051 0.000408 0.000408
6 0.575368 0.387459 0.000408 0.000408
6 0.577002 0.388685 0.000408 0.000408
6 0.577410 0.389093 0.000408 0.000408
