0 0.182190 0.069444 0.029412 0.034314
0 0.962010 0.167892 0.022876 0.026144
0 0.292279 0.233456 0.037990 0.020833
0 0.445057 0.259600 0.027369 0.030637
0 0.401348 0.277982 0.080474 0.055964
0 0.008374 0.280025 0.016748 0.020833
0 0.190768 0.546569 0.221405 0.213235
0 0.036969 0.551471 0.073938 0.072712
0 0.031454 0.627247 0.037582 0.073121
0 0.101103 0.633578 0.024918 0.040850
0 0.106209 0.616626 0.000817 0.000408
0 0.108456 0.617647 0.003676 0.001634
0 0.134600 0.670956 0.030637 0.045343
0 0.208946 0.802288 0.045343 0.025327
0 0.343546 0.888480 0.040033 0.067810
0 0.851920 0.955270 0.031454 0.066585
0 0.335376 0.969975 0.058007 0.021650
1 0.500000 0.500000 1.000000 1.000000
2 0.055760 0.292688 0.111520 0.100899
2 0.500000 0.453023 0.043301 0.036765
2 0.049020 0.625408 0.098039 0.122549
