0 0.305147 0.739379 0.098039 0.043301
0 0.256332 0.794935 0.034722 0.034314
0 0.175245 0.897467 0.094771 0.068627
0 0.059845 0.945261 0.119690 0.109477
1 0.756332 0.193627 0.196487 0.325980
1 0.160743 0.138889 0.051879 0.021242
1 0.187296 0.149714 0.000408 0.000408
1 0.773489 0.356822 0.000408 0.000408
1 0.940768 0.467933 0.118464 0.055147
1 0.174224 0.832516 0.348448 0.334967
1 0.296773 0.723652 0.000408 0.000408
1 0.344158 0.745711 0.000408 0.000408
1 0.351511 0.751021 0.014297 0.010212
2 0.500000 0.563930 1.000000 0.872141
3 0.500000 0.237337 1.000000 0.474673
