0 0.474469 0.028391 0.051879 0.056781
0 0.460172 0.046364 0.000408 0.000408
0 0.008578 0.190768 0.017157 0.029412
0 0.137868 0.285335 0.275735 0.188317
0 0.324346 0.359477 0.037582 0.022876
0 0.271446 0.364379 0.024101 0.022059
0 0.315768 0.391544 0.016340 0.018382
0 0.282067 0.456904 0.070670 0.114788
0 0.205270 0.493464 0.034722 0.047386
0 0.248366 0.596201 0.089052 0.145833
0 0.148489 0.607026 0.062500 0.092320
0 0.577410 0.584967 0.031454 0.020425
0 0.465686 0.660131 0.113562 0.137255
0 0.575776 0.637255 0.051879 0.040033
0 0.203023 0.737745 0.049837 0.065359
0 0.149510 0.733047 0.040850 0.028186
0 0.996119 0.739175 0.007761 0.011029
0 0.201797 0.792279 0.036765 0.035539
0 0.986111 0.839257 0.027778 0.024918
0 0.287377 0.889502 0.087827 0.101716
0 0.137868 0.872345 0.073121 0.065768
0 0.344567 0.871936 0.020833 0.017565
0 0.647467 0.932802 0.128268 0.122141
0 0.058211 0.892157 0.031454 0.032680
0 0.959967 0.941381 0.080065 0.117239
0 0.135212 0.928309 0.048203 0.045343
0 0.593954 0.950368 0.023693 0.016748
0 0.751634 0.977533 0.074346 0.044935
0 0.826389 0.980188 0.053105 0.039624
0 0.676266 0.979167 0.013480 0.012255
1 0.500000 0.500000 1.000000 1.000000
1 0.054126 0.229167 0.000408 0.001634
1 0.066789 0.250817 0.024101 0.031046
1 0.024918 0.243668 0.001634 0.002042
1 0.123570 0.310866 0.132761 0.072712
1 0.006332 0.300654 0.012663 0.049837
1 0.034722 0.574755 0.069444 0.063725
1 0.444240 0.727533 0.001225 0.001634
1 0.445057 0.728554 0.000408 0.000408
1 0.836397 0.992647 0.024918 0.014706
2 0.422181 0.023693 0.094363 0.047386
2 0.626634 0.005515 0.020425 0.011029
2 0.607843 0.043709 0.064542 0.064542
2 0.975286 0.068423 0.049428 0.066585
2 0.025735 0.110090 0.051471 0.070670
2 0.166667 0.141544 0.130719 0.122958
2 0.037990 0.170547 0.020425 0.031454
2 0.713235 0.236724 0.046569 0.046160
2 0.165645 0.256740 0.110703 0.056781
2 0.096201 0.344158 0.192402 0.201389
2 0.341299 0.308211 0.129493 0.114788
2 0.058619 0.268382 0.001225 0.004902
2 0.470180 0.350286 0.053922 0.055964
2 0.623366 0.402778 0.044118 0.040850
2 0.010825 0.416054 0.021650 0.031454
2 0.241217 0.443423 0.069853 0.077206
2 0.373979 0.459967 0.069036 0.082516
2 0.505923 0.455678 0.052696 0.037990
2 0.024101 0.460989 0.029412 0.020833
2 0.954657 0.473243 0.061275 0.038807
2 0.069036 0.634600 0.138072 0.344363
2 0.783701 0.520425 0.035539 0.043301
2 0.180147 0.542279 0.044118 0.035539
2 0.957721 0.566789 0.042075 0.073938
2 0.127655 0.561070 0.000408 0.000408
2 0.354167 0.600490 0.065359 0.040850
2 0.675858 0.619690 0.046160 0.058007
2 0.529003 0.705678 0.165033 0.178513
2 0.952819 0.659109 0.094363 0.083742
2 0.395221 0.684845 0.100899 0.100899
2 0.161765 0.691789 0.057190 0.029003
2 0.952002 0.733456 0.070670 0.082925
2 0.301266 0.779412 0.098448 0.108660
2 0.718546 0.799837 0.131536 0.099673
2 0.950776 0.805147 0.066585 0.029412
2 0.010212 0.835580 0.020425 0.066585
2 0.402369 0.851103 0.057190 0.031454
2 0.534109 0.891544 0.139297 0.110703
2 0.738766 0.907475 0.056781 0.063317
2 0.920956 0.906046 0.024101 0.047386
2 0.997141 0.916258 0.005719 0.005719
2 0.170956 0.940155 0.028186 0.028186
2 0.525123 0.973652 0.029003 0.052696
2 0.155433 0.978554 0.082925 0.042892
2 0.418913 0.979167 0.079657 0.041667
2 0.881944 0.979167 0.067810 0.041667
2 0.282680 0.982843 0.065359 0.034314
2 0.089257 0.994485 0.010212 0.011029
2 0.973243 0.996324 0.008578 0.007353
