1 0.119077 0.258783 0.238154 0.131944
2 0.594158 0.105801 0.184232 0.179739
2 0.407067 0.151757 0.135212 0.135212
2 0.049020 0.417688 0.098039 0.125408
2 0.111111 0.621119 0.222222 0.228350
2 0.922181 0.726716 0.155637 0.069444
2 0.048815 0.757557 0.097631 0.044526
3 0.500000 0.500000 1.000000 1.000000
3 0.353758 0.098856 0.007353 0.002451
3 0.031454 0.393791 0.062908 0.058824
3 0.019812 0.608047 0.039624 0.145833
5 0.342525 0.277778 0.189134 0.555556
5 0.611724 0.012459 0.052696 0.024918
5 0.851920 0.112132 0.281454 0.224265
5 0.757149 0.071691 0.125408 0.118056
5 0.478554 0.049224 0.045343 0.028186
5 0.821691 0.220180 0.156454 0.079248
5 0.528391 0.242443 0.046160 0.083742
5 0.702002 0.397467 0.073121 0.043301
5 0.898489 0.447712 0.113971 0.075163
5 0.590278 0.445670 0.044118 0.047386
5 0.886846 0.567606 0.226307 0.262663
5 0.280637 0.476511 0.033497 0.021650
5 0.575980 0.637868 0.237745 0.226716
5 0.220792 0.560458 0.059232 0.037582
5 0.374592 0.731413 0.089052 0.093546
5 0.525735 0.874183 0.160131 0.251634
5 0.708333 0.930147 0.094771 0.044118
