0 0.500000 0.753064 1.000000 0.493873
1 0.115605 0.723039 0.231209 0.187092
1 0.165645 0.946078 0.154820 0.107843
1 0.020629 0.952819 0.041258 0.094363
2 0.323938 0.151552 0.647876 0.303105
2 0.500000 0.523489 1.000000 0.608252
2 0.624796 0.892157 0.287173 0.215686
4 0.500000 0.318423 1.000000 0.636846
4 0.865196 0.310866 0.021242 0.026961
4 0.868668 0.326593 0.022467 0.015931
4 0.889502 0.333742 0.003676 0.004902
4 0.861520 0.357026 0.008170 0.004085
5 0.978145 0.877042 0.043709 0.239379
5 0.377859 0.998775 0.022876 0.002451
6 0.752451 0.340278 0.001634 0.002451
6 0.785335 0.371936 0.000408 0.000408
6 0.784314 0.372753 0.001634 0.001225
6 0.806168 0.405637 0.000408 0.000817
