0 0.899918 0.022263 0.144608 0.044526
0 0.295956 0.239992 0.128676 0.097631
1 0.165441 0.500000 0.330882 1.000000
1 0.873979 0.475082 0.252042 0.950163
1 0.014297 0.744690 0.028595 0.462418
1 0.022876 0.700163 0.002451 0.004902
1 0.021446 0.718750 0.000408 0.000408
1 0.356413 0.941585 0.118873 0.116830
2 0.076593 0.031046 0.153186 0.062092
2 0.280842 0.500000 0.376225 1.000000
2 0.716912 0.500000 0.566176 1.000000
2 0.591299 0.130923 0.000408 0.000408
2 0.046364 0.572508 0.092729 0.854984
2 0.219363 0.898080 0.001634 0.001225
2 0.218342 0.898897 0.000408 0.000408
2 0.270833 0.922181 0.000817 0.000408
2 0.268587 0.922590 0.001225 0.000408
2 0.412173 0.999796 0.002451 0.000408
4 0.516544 0.500000 0.407271 1.000000
4 0.736724 0.013480 0.198121 0.026961
4 0.577614 0.088644 0.050654 0.105392
4 0.487132 0.330270 0.000408 0.000408
4 0.530025 0.381536 0.087827 0.096405
4 0.047794 0.411969 0.018791 0.014297
4 0.526144 0.481822 0.084967 0.124592
4 0.019812 0.429534 0.014297 0.015114
4 0.055351 0.453023 0.019199 0.015523
4 0.021446 0.458946 0.015114 0.010212
4 0.018791 0.625204 0.037582 0.250408
4 0.032680 0.508578 0.012255 0.011438
4 0.035335 0.524101 0.006944 0.009804
4 0.046569 0.721814 0.009804 0.016340
4 0.047998 0.741422 0.011029 0.013072
4 0.041258 0.809845 0.012255 0.013480
4 0.233456 0.823121 0.020833 0.033497
4 0.027982 0.860703 0.025735 0.016340
4 0.014910 0.863358 0.000408 0.000408
4 0.148080 0.876021 0.020833 0.024101
4 0.208946 0.890523 0.024918 0.018791
4 0.262255 0.910131 0.022876 0.019608
4 0.157680 0.922386 0.018791 0.022876
4 0.031046 0.920956 0.013072 0.011029
4 0.273489 0.943015 0.021650 0.042075
4 0.267770 0.971609 0.020833 0.014297
4 0.217525 0.990196 0.024918 0.019608
4 0.023489 0.988358 0.013480 0.011029
4 0.022467 0.997141 0.017157 0.005719
