0 0.613766 0.498366 0.042075 0.035948
0 0.802900 0.504289 0.027369 0.025735
0 0.480801 0.591299 0.017157 0.055147
0 0.568423 0.595997 0.053513 0.047386
0 0.315155 0.679534 0.066585 0.069036
0 0.226716 0.800041 0.121732 0.147467
0 0.130310 0.776144 0.040850 0.078431
0 0.075163 0.779412 0.033497 0.033497
0 0.036152 0.831904 0.072304 0.124592
0 0.332925 0.832312 0.029412 0.034722
0 0.205270 0.909926 0.410539 0.180147
0 0.045139 0.931985 0.000408 0.000408
1 0.500000 0.500000 1.000000 1.000000
1 0.365196 0.878676 0.002451 0.000817
2 0.221814 0.710376 0.061275 0.047386
2 0.184436 0.839869 0.368873 0.207516
4 0.023080 0.947100 0.046160 0.091095
6 0.145629 0.760417 0.002042 0.001225
6 0.366217 0.864379 0.000408 0.004085
6 0.200368 0.867851 0.002042 0.001225
6 0.361928 0.878676 0.004085 0.000817
6 0.331699 0.885621 0.000817 0.010621
6 0.343342 0.907884 0.000408 0.010212
