0 0.867647 0.081291 0.098856 0.162582
0 0.072712 0.085989 0.077614 0.063317
0 0.045547 0.199142 0.091095 0.146650
0 0.810866 0.296569 0.154412 0.099673
0 0.901757 0.368668 0.038807 0.047794
0 0.046569 0.462623 0.093137 0.169526
0 0.545547 0.717320 0.125408 0.206699
0 0.962010 0.732230 0.075980 0.109886
0 0.941993 0.679126 0.000817 0.000408
0 0.717320 0.839257 0.183007 0.285539
0 0.363766 0.805351 0.069853 0.030637
0 0.531046 0.919526 0.126634 0.118464
1 0.500000 0.500000 1.000000 1.000000
1 0.038603 0.061070 0.000408 0.000408
1 0.026348 0.132149 0.000408 0.000408
1 0.914420 0.381740 0.000408 0.000408
1 0.999796 0.760008 0.000408 0.000408
2 0.050245 0.045547 0.066993 0.042075
2 0.929943 0.190768 0.140114 0.187092
2 0.014093 0.166258 0.028186 0.084967
2 0.114379 0.286969 0.068627 0.046160
2 0.896242 0.318015 0.053922 0.065768
2 0.207925 0.393587 0.123366 0.180964
2 0.875613 0.543301 0.087010 0.108660
2 0.742647 0.583333 0.081699 0.081699
2 0.324346 0.650123 0.093137 0.112337
2 0.647467 0.691176 0.096405 0.060458
2 0.989583 0.722835 0.020833 0.073938
2 0.340278 0.769812 0.065359 0.042075
2 0.649510 0.798611 0.162582 0.075980
2 0.963644 0.796569 0.072712 0.061275
2 0.285948 0.855801 0.078431 0.096405
2 0.473448 0.878268 0.130719 0.088235
2 0.236111 0.987541 0.109477 0.024918
4 0.778799 0.667688 0.011029 0.017565
5 0.282680 0.033292 0.099673 0.066585
5 0.207721 0.196078 0.059232 0.065359
5 0.292688 0.217729 0.055964 0.062092
5 0.565155 0.261234 0.055964 0.097631
5 0.273489 0.248979 0.000408 0.000408
5 0.928309 0.392565 0.040441 0.022876
5 0.948734 0.382557 0.000408 0.000408
5 0.576797 0.508578 0.075163 0.051471
5 0.091708 0.535131 0.092729 0.092320
5 0.064134 0.666871 0.128268 0.172794
