0 0.662786 0.123775 0.472631 0.247549
0 0.372141 0.090074 0.063725 0.052696
0 0.371732 0.515319 0.743464 0.780637
0 0.398489 0.195466 0.039624 0.035539
0 0.717933 0.790237 0.564134 0.419526
0 0.380719 0.997753 0.031863 0.004493
1 0.850694 0.086397 0.298611 0.172794
1 0.867647 0.362745 0.264706 0.400327
1 0.915237 0.521446 0.169526 0.435866
1 0.876838 0.585172 0.000408 0.000408
2 0.986928 0.273489 0.026144 0.034722
2 0.368873 0.492034 0.070261 0.042892
2 0.014502 0.819444 0.029003 0.092320
2 0.509395 0.842320 0.023693 0.018791
4 0.883374 0.426675 0.233252 0.368056
4 0.589461 0.785335 0.332516 0.265114
4 0.321487 0.935253 0.168301 0.085376
4 0.115605 0.965891 0.231209 0.029820
5 0.357639 0.139093 0.715278 0.278186
5 0.500000 0.532475 1.000000 0.935049
5 0.835580 0.566381 0.000408 0.000408
6 0.712827 0.124183 0.574346 0.248366
6 0.867443 0.362541 0.265114 0.401552
6 0.856413 0.575980 0.041258 0.017974
6 0.872345 0.580882 0.002859 0.001634
6 0.867443 0.581699 0.005310 0.002451
6 0.877247 0.585172 0.000408 0.000408
6 0.934436 0.662582 0.131127 0.154412
