0 0.625000 0.412582 0.062092 0.064542
0 0.578431 0.461397 0.029412 0.066585
0 0.657067 0.725286 0.547794 0.549428
1 0.282680 0.500000 0.565359 1.000000
1 0.774101 0.286969 0.451797 0.573938
1 0.820670 0.816381 0.358660 0.367239
2 0.148489 0.054534 0.254493 0.109069
2 0.460989 0.267565 0.444036 0.535131
2 0.944649 0.586601 0.110703 0.096405
2 0.084967 0.632557 0.169935 0.124592
2 0.387255 0.847222 0.197712 0.305556
2 0.044526 0.843954 0.089052 0.058007
2 0.109069 0.972222 0.053922 0.055556
2 0.577410 0.972631 0.157271 0.054739
4 0.969975 0.603758 0.060049 0.071078
