0 0.876634 0.253676 0.048203 0.074346
0 0.802696 0.705678 0.394608 0.448121
0 0.704861 0.602328 0.079657 0.092729
0 0.640727 0.985498 0.052696 0.029003
1 0.398897 0.500000 0.797794 1.000000
1 0.824959 0.370302 0.350082 0.445670
1 0.591299 0.271038 0.146650 0.054330
1 0.693423 0.386642 0.000408 0.000408
1 0.693015 0.387051 0.000408 0.000408
1 0.514297 0.455474 0.006536 0.004085
1 0.510621 0.457721 0.000817 0.000408
1 0.925654 0.488766 0.000817 0.001225
1 0.633578 0.632966 0.070261 0.182598
1 0.452002 0.545547 0.000408 0.000408
1 0.454248 0.547386 0.004085 0.003268
1 0.455474 0.560253 0.003268 0.005310
1 0.463031 0.559028 0.000408 0.000408
1 0.463440 0.559845 0.000408 0.000408
1 0.463848 0.560866 0.000408 0.000817
1 0.464257 0.561683 0.000408 0.000817
1 0.464665 0.562704 0.000408 0.000408
1 0.465074 0.563930 0.000408 0.000408
1 0.465482 0.564747 0.000408 0.000408
1 0.466299 0.566789 0.000408 0.000408
1 0.466708 0.568015 0.000408 0.000408
1 0.467116 0.569240 0.000408 0.000408
1 0.467525 0.570261 0.000408 0.000817
1 0.467933 0.571487 0.000408 0.000817
1 0.469975 0.576389 0.003676 0.008170
1 0.408088 0.576389 0.001634 0.006536
1 0.686887 0.578227 0.000408 0.000408
1 0.472018 0.580678 0.000408 0.000408
1 0.472426 0.581087 0.000408 0.000408
1 0.472835 0.581495 0.000408 0.000408
1 0.473243 0.581904 0.000408 0.000408
1 0.431168 0.582312 0.000408 0.000408
1 0.687704 0.582721 0.000408 0.000408
1 0.668913 0.588440 0.000408 0.000408
1 0.666054 0.589052 0.002859 0.000817
1 0.331495 0.603350 0.015114 0.005719
1 0.355596 0.601103 0.000408 0.000408
1 0.358252 0.602124 0.004902 0.001634
1 0.323734 0.606413 0.000408 0.000408
1 0.323325 0.606822 0.000408 0.000408
1 0.322917 0.607230 0.000408 0.000408
1 0.322508 0.607639 0.000408 0.000408
1 0.322100 0.608047 0.000408 0.000408
1 0.321691 0.608456 0.000408 0.000408
1 0.321487 0.611315 0.003268 0.005310
1 0.442198 0.611315 0.000408 0.000408
1 0.442606 0.611724 0.000408 0.000408
1 0.456904 0.624592 0.028186 0.025327
1 0.960580 0.700368 0.078840 0.176062
1 0.323325 0.614583 0.000408 0.000408
1 0.373162 0.617034 0.000408 0.000408
1 0.358456 0.618464 0.000408 0.000817
1 0.590278 0.622753 0.000817 0.002859
1 0.843546 0.629085 0.001634 0.010621
1 0.842525 0.636234 0.000408 0.003676
1 0.686479 0.642770 0.000408 0.003676
1 0.390931 0.643791 0.003268 0.000817
1 0.714052 0.646855 0.002451 0.000408
1 0.725082 0.647876 0.015523 0.001634
1 0.865400 0.654208 0.000408 0.000408
1 0.865809 0.655842 0.000408 0.000408
1 0.866217 0.657475 0.000408 0.000408
1 0.866626 0.659109 0.000408 0.000408
1 0.576593 0.664828 0.000408 0.000408
1 0.575368 0.666462 0.000408 0.000408
1 0.574959 0.666871 0.000408 0.000408
1 0.574551 0.667688 0.000408 0.000408
1 0.574142 0.668096 0.000408 0.000408
1 0.573529 0.668913 0.000817 0.001225
1 0.572917 0.669730 0.000408 0.000408
1 0.572100 0.670547 0.001225 0.001225
1 0.385417 0.691176 0.001225 0.001634
1 0.386234 0.692198 0.000408 0.000408
1 0.386642 0.692606 0.000408 0.000408
1 0.387868 0.694240 0.000408 0.000408
1 0.860907 0.712010 0.006127 0.001634
1 0.773489 0.720180 0.002042 0.010621
1 0.772059 0.728554 0.002451 0.001225
1 0.777982 0.733047 0.003676 0.002042
1 0.736928 0.734069 0.000817 0.001634
1 0.736315 0.735090 0.000408 0.000408
1 0.427696 0.738766 0.005719 0.000408
1 0.795547 0.741626 0.000408 0.000408
1 0.797794 0.743260 0.004085 0.002859
1 0.699142 0.746936 0.020016 0.004493
1 0.710784 0.747958 0.002451 0.003268
1 0.630923 0.747345 0.000408 0.000408
1 0.632149 0.747753 0.001225 0.000408
1 0.638889 0.750204 0.012255 0.004493
1 0.607026 0.774714 0.002451 0.020016
1 0.679534 0.769404 0.000408 0.000408
1 0.679126 0.770221 0.000408 0.000408
1 0.678717 0.771446 0.000408 0.000408
1 0.678309 0.772467 0.000408 0.000817
1 0.677900 0.773284 0.000408 0.000817
1 0.677492 0.774306 0.000408 0.001225
1 0.673407 0.778391 0.007761 0.006944
1 0.831291 0.898693 0.337418 0.202614
1 0.554126 0.803922 0.001225 0.002451
1 0.553309 0.805351 0.000408 0.000408
1 0.755106 0.813725 0.000408 0.000817
1 0.754698 0.815564 0.000408 0.001225
1 0.468546 0.834967 0.000817 0.002451
1 0.472835 0.862949 0.002042 0.001225
1 0.474060 0.863766 0.000408 0.000408
2 0.642565 0.418709 0.701797 0.837418
2 0.721201 0.516748 0.557598 0.966503
2 0.840891 0.051675 0.000408 0.000408
2 0.873366 0.071487 0.064542 0.040033
2 0.143791 0.200368 0.089052 0.027369
2 0.070670 0.223856 0.053922 0.020425
2 0.899510 0.494485 0.053922 0.055964
2 0.739583 0.732230 0.000408 0.000408
2 0.738358 0.733456 0.002042 0.002042
2 0.785539 0.789420 0.062908 0.111520
2 0.950163 0.803513 0.099673 0.085784
2 0.445466 0.837623 0.000408 0.000408
2 0.454248 0.940155 0.035131 0.119690
2 0.666054 0.929534 0.000408 0.000408
2 0.472018 0.981005 0.000408 0.000408
4 0.708333 0.500000 0.583333 1.000000
4 0.912990 0.127859 0.035948 0.033497
4 0.569444 0.516136 0.085784 0.073121
4 0.834559 0.633987 0.017157 0.022059
5 0.571487 0.303717 0.066993 0.029003
5 0.679739 0.348448 0.096405 0.116013
5 0.396242 0.645016 0.149510 0.187908
5 0.576797 0.762868 0.045752 0.090278
5 0.453431 0.847222 0.040033 0.030229
5 0.528391 0.910743 0.055964 0.111520
