0 0.022263 0.039624 0.044526 0.079248
0 0.696487 0.722835 0.019608 0.007761
0 0.447712 0.819444 0.015523 0.011438
0 0.465891 0.898693 0.041258 0.030229
0 0.433415 0.918301 0.022876 0.020425
0 0.463235 0.949959 0.037582 0.045343
0 0.393587 0.986111 0.031454 0.027778
1 0.500000 0.500000 1.000000 1.000000
1 0.757966 0.000204 0.000408 0.000408
1 0.855596 0.045343 0.138480 0.090686
1 0.977124 0.150327 0.045752 0.027778
1 0.787377 0.421569 0.000408 0.000817
1 0.786969 0.422386 0.000408 0.000817
1 0.268178 0.958946 0.000408 0.000408
1 0.378472 0.984069 0.000408 0.000817
2 0.053513 0.043301 0.060458 0.086601
2 0.224877 0.009191 0.059232 0.018382
2 0.363154 0.007557 0.058007 0.015114
2 0.853350 0.188113 0.284314 0.376225
2 0.609477 0.035131 0.048203 0.036765
2 0.160335 0.055147 0.073121 0.050654
2 0.688113 0.081699 0.066585 0.065359
2 0.647263 0.187500 0.055964 0.127451
2 0.175858 0.186275 0.042075 0.050654
2 0.975490 0.214461 0.049020 0.101307
2 0.592933 0.313930 0.062500 0.083742
2 0.262868 0.318423 0.096814 0.032271
2 0.585989 0.513889 0.039624 0.049837
2 0.344975 0.557190 0.062500 0.026961
2 0.670547 0.719158 0.031454 0.021650
2 0.029412 0.814747 0.058824 0.101716
2 0.447100 0.846814 0.087010 0.133987
2 0.392565 0.823734 0.102124 0.049428
2 0.280433 0.945466 0.236520 0.109069
2 0.111724 0.929943 0.087010 0.052696
2 0.434436 0.947100 0.031454 0.037990
2 0.018791 0.975899 0.037582 0.048203
2 0.988154 0.976307 0.023693 0.047386
2 0.268178 0.958538 0.000408 0.000408
4 0.873366 0.469567 0.253268 0.939134
5 0.719975 0.126021 0.130310 0.252042
5 0.980392 0.100694 0.039216 0.076389
5 0.889502 0.556577 0.220997 0.653186
