0 0.085376 0.013072 0.074346 0.026144
0 0.589869 0.055760 0.362745 0.111520
0 0.500000 0.500000 1.000000 1.000000
0 0.000408 0.008170 0.000817 0.003268
0 0.126838 0.191789 0.001225 0.000408
0 0.940155 0.362132 0.000408 0.000408
0 0.773080 0.404208 0.000408 0.000408
0 0.646855 0.467525 0.000408 0.000408
1 0.388276 0.145833 0.273284 0.291667
1 0.405842 0.056985 0.000408 0.000408
2 0.081495 0.071078 0.162990 0.142157
2 0.136438 0.172590 0.272876 0.345180
2 0.776961 0.407680 0.446078 0.524510
2 0.874796 0.706699 0.250408 0.357843
2 0.014502 0.824755 0.029003 0.150327
2 0.584150 0.947100 0.161765 0.105801
4 0.093750 0.077410 0.187500 0.154820
4 0.606618 0.063317 0.423203 0.126634
5 0.305556 0.171773 0.181373 0.343546
5 0.111520 0.334559 0.223039 0.294118
5 0.131740 0.608252 0.263480 0.232026
5 0.036152 0.871732 0.069853 0.051471
5 0.043505 0.968546 0.087010 0.062908
6 0.405025 0.056168 0.000408 0.000408
6 0.012459 0.159926 0.000408 0.000408
6 0.525123 0.261438 0.000408 0.000817
6 0.271855 0.343750 0.000408 0.000408
6 0.014502 0.768995 0.029003 0.039624
6 0.029208 0.845384 0.000408 0.001225
6 0.001430 0.897876 0.000408 0.000817
