0 0.774510 0.117239 0.450980 0.234477
0 0.758170 0.035335 0.050654 0.028186
0 0.149101 0.064542 0.012255 0.016340
0 0.034314 0.101511 0.068627 0.041258
0 0.295752 0.212010 0.261438 0.146242
0 0.309232 0.471201 0.618464 0.636846
0 0.130515 0.162990 0.017565 0.018791
0 0.396038 0.171569 0.003676 0.000817
0 0.454453 0.180351 0.000408 0.000408
0 0.454044 0.181985 0.000408 0.000408
0 0.900940 0.201185 0.000408 0.000408
0 0.960580 0.261438 0.078840 0.089869
0 0.834355 0.292279 0.083742 0.056781
0 0.612132 0.298611 0.149918 0.035948
0 0.703636 0.325980 0.052696 0.064542
0 0.999592 0.305351 0.000817 0.002042
0 0.796977 0.352533 0.134804 0.079248
0 0.500000 0.659722 1.000000 0.680556
0 0.627859 0.363562 0.003268 0.000817
0 0.628472 0.364992 0.002042 0.001225
0 0.261846 0.478758 0.096405 0.109477
0 0.204044 0.605801 0.015114 0.053922
0 0.235090 0.649714 0.021650 0.017565
1 0.261029 0.083742 0.478758 0.167484
1 0.502247 0.026757 0.000408 0.000408
1 0.501838 0.028595 0.000408 0.000817
1 0.501430 0.030025 0.000408 0.001225
1 0.497753 0.043096 0.006944 0.024101
1 0.494077 0.055760 0.000408 0.001225
1 0.493668 0.056781 0.000408 0.000817
1 0.493260 0.058211 0.000408 0.000408
1 0.492851 0.059436 0.000408 0.000408
1 0.068219 0.101716 0.000817 0.001634
1 0.068832 0.102737 0.000408 0.000408
1 0.111315 0.105392 0.000408 0.002451
1 0.464257 0.106618 0.005310 0.001634
1 0.112337 0.111520 0.001634 0.009804
1 0.325163 0.146855 0.002451 0.000408
1 0.147263 0.155433 0.000408 0.000408
1 0.147672 0.155842 0.000408 0.000408
1 0.149306 0.157271 0.002859 0.002451
1 0.150940 0.158701 0.000408 0.000408
1 0.251021 0.462214 0.347631 0.404003
1 0.211397 0.628268 0.000408 0.000817
2 0.028391 0.041667 0.056781 0.083333
2 0.174837 0.029412 0.067810 0.058824
2 0.424428 0.028391 0.065359 0.056781
2 0.586601 0.078636 0.220588 0.157271
2 0.767157 0.062092 0.188725 0.124183
2 0.912786 0.003268 0.014297 0.006536
2 0.931781 0.004698 0.018791 0.009395
2 0.972835 0.009191 0.020833 0.018382
2 0.191381 0.048203 0.000408 0.000817
2 0.190972 0.049020 0.000408 0.000817
2 0.190564 0.049632 0.000408 0.000408
2 0.190155 0.050449 0.000408 0.000408
2 0.189747 0.051266 0.000408 0.000408
2 0.189338 0.052083 0.000408 0.000408
2 0.123979 0.075163 0.032271 0.039216
2 0.500000 0.407067 1.000000 0.632761
2 0.427492 0.117443 0.000408 0.000408
2 0.213235 0.139093 0.000817 0.000408
2 0.189338 0.145629 0.000408 0.000408
2 0.187908 0.146038 0.000817 0.000408
2 0.186275 0.146855 0.002451 0.001225
2 0.184641 0.147672 0.000817 0.000408
2 0.184028 0.148080 0.000408 0.000408
2 0.766544 0.344363 0.000408 0.001634
2 0.500000 0.536356 0.040850 0.085784
2 0.761234 0.666667 0.093546 0.062092
2 0.566789 0.684845 0.000408 0.000408
2 0.029820 0.710580 0.026144 0.034722
2 0.082312 0.726920 0.024101 0.048611
2 0.529003 0.793301 0.165033 0.133987
2 0.800245 0.755310 0.034314 0.023693
2 0.731822 0.808211 0.058415 0.114788
2 0.955065 0.764502 0.040033 0.026552
2 0.995098 0.777778 0.009804 0.030229
2 0.125613 0.928922 0.035539 0.142157
2 0.887663 0.905842 0.075163 0.073121
4 0.497345 0.030842 0.020016 0.061683
4 0.718342 0.042075 0.014297 0.012255
4 0.723856 0.072100 0.009804 0.020833
4 0.566381 0.169935 0.262663 0.183824
4 0.122958 0.138480 0.058007 0.040033
4 0.303105 0.150123 0.291667 0.050245
4 0.331699 0.532271 0.663399 0.535131
5 0.179534 0.042688 0.024101 0.024101
5 0.995098 0.146855 0.009804 0.027369
5 0.616626 0.226511 0.261029 0.111520
5 0.616422 0.534314 0.015523 0.013072
