0 0.004902 0.903799 0.009804 0.017565
0 0.003268 0.928309 0.006536 0.011029
0 0.016136 0.968342 0.021650 0.014297
0 0.014502 0.989788 0.029003 0.020425
1 0.500000 0.500000 1.000000 1.000000
1 0.767770 0.794935 0.464461 0.410131
1 0.578636 0.837010 0.000408 0.000817
2 0.253676 0.658497 0.507353 0.683007
2 0.686479 0.714257 0.627042 0.571487
2 0.430760 0.887868 0.004493 0.002042
2 0.322100 0.992034 0.100899 0.015931
2 0.000408 0.997958 0.000817 0.004085
4 0.346814 0.059232 0.050654 0.071895
5 0.407884 0.670956 0.277369 0.432598
