0 0.839869 0.049632 0.206699 0.099265
0 0.359273 0.119690 0.092729 0.162582
0 0.370302 0.157067 0.000408 0.000408
1 0.500000 0.500000 1.000000 1.000000
1 0.953023 0.146446 0.093954 0.292892
2 0.475286 0.036765 0.198938 0.073529
2 0.989788 0.017157 0.020425 0.034314
2 0.995711 0.074142 0.008578 0.020833
2 0.345997 0.114788 0.060458 0.084967
2 0.315155 0.075368 0.001225 0.000408
2 0.313930 0.075776 0.000408 0.000408
2 0.829453 0.200163 0.341095 0.229575
4 0.690972 0.132557 0.170343 0.193219
4 0.869690 0.427900 0.077614 0.044526
