1 0.500000 0.500000 1.000000 1.000000
1 0.271650 0.001634 0.011438 0.003268
1 0.938930 0.489175 0.082108 0.059232
4 0.262868 0.016544 0.056781 0.033088
4 0.218954 0.204248 0.009804 0.006536
4 0.220384 0.217729 0.019199 0.017157
4 0.235294 0.222018 0.007353 0.007761
4 0.330678 0.268587 0.015114 0.023284
4 0.274101 0.315768 0.020425 0.019608
4 0.267565 0.334355 0.008987 0.008578
4 0.157475 0.553513 0.019199 0.016340
4 0.687500 0.626838 0.015523 0.013480
4 0.663399 0.641953 0.024510 0.017565
4 0.370711 0.689747 0.028186 0.028186
4 0.325980 0.741422 0.013072 0.022876
4 0.349265 0.781250 0.018791 0.016748
5 0.103758 0.235907 0.207516 0.471814
5 0.799224 0.312908 0.401552 0.625817
6 0.265727 0.000204 0.000408 0.000408
6 0.276757 0.000613 0.000408 0.000408
6 0.266953 0.001021 0.000408 0.000408
6 0.277165 0.001021 0.000408 0.000408
6 0.249796 0.002247 0.000408 0.000408
6 0.274306 0.003064 0.000408 0.000408
6 0.241626 0.003881 0.000408 0.000408
6 0.245711 0.005106 0.000408 0.000408
6 0.251430 0.007149 0.000408 0.000408
6 0.248162 0.008374 0.000408 0.000408
6 0.248570 0.008783 0.000408 0.000408
6 0.251838 0.009600 0.000408 0.000408
6 0.249796 0.010008 0.000408 0.000408
6 0.236724 0.010417 0.000408 0.000408
6 0.251021 0.010825 0.000408 0.000408
6 0.236315 0.011642 0.000408 0.000408
6 0.287786 0.012051 0.000408 0.000408
6 0.282067 0.014910 0.000408 0.000408
6 0.234681 0.015319 0.000408 0.000408
6 0.279616 0.016544 0.000408 0.000408
6 0.277982 0.018178 0.000408 0.000408
6 0.277574 0.018587 0.000408 0.000408
6 0.275123 0.022672 0.000408 0.000408
6 0.237949 0.025940 0.000408 0.000408
6 0.273080 0.026348 0.000408 0.000408
6 0.239583 0.027574 0.000408 0.000408
6 0.271855 0.027574 0.000408 0.000408
6 0.241626 0.028799 0.000408 0.000408
6 0.243668 0.029616 0.000408 0.000408
6 0.248570 0.030842 0.000408 0.000408
6 0.267361 0.030842 0.000408 0.000408
6 0.263685 0.032475 0.000408 0.000408
6 0.257149 0.032884 0.000408 0.000408
6 0.262051 0.032884 0.000408 0.000408
