0 0.066789 0.002247 0.000408 0.004493
0 0.083742 0.002451 0.003268 0.004902
0 0.068832 0.009191 0.003676 0.009395
0 0.081904 0.005310 0.000408 0.000817
0 0.076185 0.008987 0.011029 0.006536
0 0.978554 0.439747 0.000408 0.000408
1 0.500000 0.500000 1.000000 1.000000
4 0.075776 0.006740 0.017565 0.013480
4 0.171569 0.077819 0.169935 0.155637
4 0.304943 0.016136 0.065768 0.032271
4 0.468546 0.116013 0.047386 0.181373
4 0.062704 0.063521 0.037173 0.062500
4 0.272876 0.132966 0.120098 0.154003
4 0.379493 0.200776 0.075163 0.097631
4 0.181985 0.279412 0.065768 0.059641
4 0.010417 0.310049 0.020833 0.033497
4 0.169322 0.360498 0.042075 0.048611
4 0.205065 0.361315 0.031863 0.029003
4 0.985090 0.455065 0.029820 0.080065
4 0.983047 0.567198 0.031454 0.069853
6 0.484273 0.206904 0.000408 0.000408
6 0.158292 0.251430 0.000408 0.000408
6 0.157475 0.254698 0.000408 0.000408
6 0.154616 0.273489 0.000408 0.000408
6 0.151348 0.284518 0.000408 0.000408
6 0.161560 0.289011 0.000408 0.000408
