1 0.500000 0.500000 1.000000 1.000000
5 0.019404 0.007353 0.038807 0.014706
5 0.059641 0.350082 0.119281 0.262255
5 0.089257 0.768382 0.178513 0.344771
6 0.213848 0.007149 0.000408 0.000408
6 0.210172 0.014706 0.000408 0.000817
6 0.193832 0.047998 0.000408 0.000408
6 0.181168 0.071283 0.000408 0.000408
6 0.168505 0.094771 0.000408 0.000817
6 0.156250 0.117851 0.000408 0.000408
6 0.150531 0.128881 0.000408 0.000408
6 0.143587 0.141136 0.000408 0.000408
6 0.130923 0.162377 0.000408 0.000408
6 0.130515 0.163194 0.000408 0.000408
6 0.118260 0.187296 0.000408 0.000408
6 0.014093 0.547590 0.000408 0.000408
6 0.023489 0.595384 0.000408 0.000408
6 0.036152 0.661152 0.000408 0.000408
6 0.043505 0.699959 0.000408 0.000408
6 0.093342 0.967525 0.000408 0.000408
6 0.094158 0.972631 0.000408 0.000817
6 0.098243 0.996936 0.000408 0.000408
