0 0.554943 0.500000 0.890114 1.000000
0 0.943627 0.409314 0.021242 0.019608
0 0.991422 0.426062 0.017157 0.044935
0 0.983660 0.464869 0.032680 0.031863
0 0.836397 0.886846 0.304330 0.226307
0 0.024101 0.834763 0.036765 0.039624
0 0.034109 0.906863 0.068219 0.044935
0 0.056985 0.980392 0.039624 0.035948
1 0.167279 0.500000 0.334559 1.000000
1 0.769608 0.032475 0.072712 0.064951
1 0.908088 0.063725 0.079248 0.127451
1 0.991217 0.061887 0.017565 0.123775
1 0.736315 0.178922 0.254493 0.071078
1 0.889910 0.236315 0.059232 0.033905
1 0.816585 0.363562 0.002451 0.020425
1 0.941789 0.435662 0.116422 0.162173
1 0.815155 0.375204 0.000408 0.002859
1 0.824959 0.395629 0.020833 0.020833
1 0.836193 0.406250 0.000817 0.000408
1 0.324959 0.540441 0.147467 0.183824
1 0.682598 0.530637 0.112745 0.132353
1 0.990809 0.539216 0.018382 0.032680
1 0.500408 0.742443 0.360294 0.372958
1 0.398897 0.570057 0.000408 0.000408
1 0.399306 0.570466 0.000408 0.000408
1 0.399918 0.570874 0.000817 0.000408
1 0.400531 0.571283 0.000408 0.000408
1 0.400940 0.571691 0.000408 0.000408
1 0.403391 0.573325 0.000408 0.000408
1 0.404208 0.573734 0.000408 0.000408
1 0.791667 0.808007 0.416667 0.383987
1 0.325980 0.632557 0.000817 0.000408
1 0.326593 0.632966 0.000408 0.000408
1 0.327410 0.633374 0.000408 0.000408
1 0.328636 0.634191 0.000408 0.000408
1 0.329453 0.634600 0.000408 0.000408
1 0.333333 0.636642 0.000817 0.000408
1 0.334150 0.637051 0.000817 0.000408
1 0.334967 0.637459 0.000817 0.000408
1 0.707312 0.654616 0.043709 0.013480
1 0.681168 0.665850 0.000408 0.000817
1 0.680760 0.667279 0.000408 0.001225
1 0.881740 0.832312 0.000408 0.000408
1 0.843342 0.908701 0.076389 0.152369
4 0.879902 0.334967 0.134804 0.190359
4 0.349469 0.568423 0.129493 0.196487
4 0.984273 0.721405 0.031454 0.072712
4 0.809641 0.876634 0.174837 0.213235
4 0.991013 0.868873 0.017974 0.035948
