0 0.382966 0.043709 0.045343 0.026144
0 0.330270 0.068219 0.050245 0.040033
0 0.978554 0.232843 0.042892 0.085784
0 0.212214 0.256944 0.047794 0.030229
0 0.304739 0.266136 0.076797 0.032271
0 0.181373 0.613562 0.362745 0.685458
0 0.265114 0.362949 0.019608 0.024101
0 0.217320 0.374796 0.069444 0.031454
0 0.420547 0.384395 0.026552 0.037582
0 0.399918 0.392974 0.017157 0.023693
0 0.253472 0.415033 0.021650 0.033497
0 0.398897 0.432394 0.027369 0.031454
0 0.283292 0.534518 0.030637 0.046160
0 0.220997 0.561070 0.030229 0.033088
0 0.211193 0.617647 0.022059 0.029412
0 0.377042 0.719771 0.054739 0.093954
0 0.458946 0.690972 0.046977 0.029003
0 0.438521 0.731209 0.067402 0.063725
0 0.606005 0.970180 0.137663 0.059641
0 0.170343 0.985294 0.028595 0.029412
0 0.464869 0.994690 0.031863 0.010621
1 0.500000 0.500000 1.000000 1.000000
1 0.273080 0.627247 0.000408 0.000408
1 0.000408 0.875000 0.000817 0.007353
4 0.898284 0.914011 0.078431 0.095997
