0 0.727737 0.826389 0.544526 0.347222
1 0.336397 0.054126 0.252042 0.108252
1 0.552492 0.029208 0.037990 0.058415
1 0.488358 0.219567 0.305964 0.439134
1 0.912786 0.170343 0.174428 0.340686
2 0.175041 0.187908 0.350082 0.375817
2 0.447508 0.184232 0.266748 0.368464
2 0.513276 0.500000 0.767565 1.000000
2 0.926675 0.534314 0.146650 0.720588
2 0.840278 0.876021 0.157680 0.149918
2 0.016953 0.882557 0.033905 0.048611
2 0.035948 0.935458 0.071895 0.048203
2 0.051675 0.975899 0.103350 0.048203
3 0.162582 0.636029 0.325163 0.644608
4 0.125000 0.079453 0.202614 0.158905
5 0.293709 0.294118 0.175654 0.442810
5 0.631944 0.192810 0.089052 0.037582
5 0.511846 0.285335 0.040850 0.032271
5 0.811479 0.477941 0.217729 0.392974
5 0.133783 0.934232 0.267565 0.131536
