0 0.422998 0.203636 0.038807 0.037990
0 0.833742 0.299632 0.022876 0.018382
0 0.545956 0.330678 0.008578 0.010212
0 0.604575 0.341912 0.064542 0.030229
0 0.603758 0.383578 0.081699 0.058007
0 0.543913 0.366422 0.017565 0.022059
0 0.694036 0.387255 0.029412 0.063725
0 0.735090 0.383987 0.045343 0.033497
0 0.457925 0.386234 0.016340 0.018382
0 0.742034 0.426879 0.052696 0.035948
0 0.919322 0.451389 0.016748 0.016340
0 0.485090 0.959763 0.028186 0.057598
0 0.518382 0.967320 0.020425 0.065359
0 0.215482 0.963235 0.014297 0.016340
0 0.452819 0.984477 0.022467 0.031046
0 0.546364 0.996324 0.015931 0.007353
1 0.500000 0.500000 1.000000 1.000000
1 0.136234 0.024918 0.138480 0.049837
1 0.475286 0.008987 0.044526 0.017974
1 0.789624 0.137255 0.420752 0.274510
1 0.999796 0.192198 0.000408 0.015114
2 0.587827 0.030637 0.024510 0.061275
2 0.765319 0.142974 0.469363 0.285948
2 0.796977 0.167484 0.118464 0.065359
2 0.737541 0.151348 0.000408 0.000408
2 0.930760 0.234681 0.068219 0.127042
2 0.883783 0.176675 0.000408 0.000408
2 0.882557 0.177083 0.000408 0.000408
2 0.881332 0.177492 0.000408 0.000408
2 0.880106 0.177900 0.000408 0.000408
2 0.878881 0.178309 0.000408 0.000408
2 0.877655 0.178717 0.000408 0.000408
2 0.875613 0.179534 0.000408 0.000408
2 0.874387 0.179943 0.000408 0.000408
2 0.873162 0.180351 0.000408 0.000408
2 0.871936 0.180760 0.000408 0.000408
2 0.870711 0.181168 0.000408 0.000408
2 0.869485 0.181577 0.000408 0.000408
2 0.868464 0.181985 0.000817 0.000408
2 0.867239 0.182394 0.000817 0.000408
2 0.866013 0.182802 0.000817 0.000408
2 0.864788 0.183211 0.000817 0.000408
2 0.863562 0.183619 0.000817 0.000408
2 0.862337 0.184028 0.000817 0.000408
2 0.861315 0.184436 0.000408 0.000408
2 0.860294 0.184845 0.000817 0.000408
2 0.859069 0.185253 0.000817 0.000408
2 0.857843 0.185662 0.000817 0.000408
2 0.856618 0.186070 0.000817 0.000408
2 0.989379 0.218137 0.021242 0.010621
2 0.978145 0.223652 0.000408 0.001225
2 0.968750 0.232026 0.004493 0.002451
2 0.457516 0.533292 0.645425 0.453840
2 0.767770 0.429943 0.000408 0.000408
2 0.321078 0.675449 0.234477 0.060866
2 0.512459 0.962623 0.146650 0.074755
2 0.386234 0.968546 0.024101 0.035131
4 0.137255 0.027982 0.147059 0.055964
4 0.469567 0.016136 0.087010 0.032271
4 0.585580 0.053513 0.104984 0.107026
4 0.083946 0.041258 0.010212 0.012255
4 0.825776 0.176266 0.348448 0.239788
4 0.324142 0.609069 0.296977 0.196078
4 0.268178 0.517565 0.013480 0.012255
4 0.485498 0.703431 0.014297 0.016340
