0 0.063113 0.269812 0.017565 0.046160
0 0.817810 0.748979 0.026961 0.034722
0 0.927288 0.898489 0.026144 0.021650
1 0.258987 0.087827 0.428105 0.175654
1 0.589665 0.017565 0.076389 0.035131
1 0.850490 0.169730 0.299020 0.339461
1 0.345588 0.542892 0.691176 0.914216
1 0.466299 0.122345 0.000408 0.000408
1 0.917279 0.647467 0.165441 0.616830
1 0.670343 0.893178 0.237745 0.140931
1 0.921773 0.892361 0.002042 0.005310
1 0.643587 0.981413 0.086193 0.037173
2 0.062092 0.090482 0.124183 0.180964
2 0.642974 0.444649 0.650327 0.889297
2 0.977941 0.063521 0.044118 0.042075
2 0.010212 0.215278 0.020425 0.026961
2 0.448325 0.315359 0.111520 0.138889
2 0.531250 0.688930 0.007761 0.001225
2 0.584559 0.694240 0.000817 0.000408
2 0.589052 0.696487 0.008170 0.004085
2 0.593546 0.698734 0.000817 0.000408
2 0.594158 0.699142 0.000408 0.000408
2 0.595384 0.699959 0.000408 0.000408
2 0.635825 0.720792 0.000408 0.000408
2 0.636642 0.721201 0.000408 0.000408
2 0.637663 0.721609 0.000817 0.000408
2 0.638480 0.722018 0.000817 0.000408
2 0.657884 0.732230 0.037990 0.020016
2 0.690972 0.771855 0.000408 0.000408
2 0.690564 0.772467 0.000408 0.000817
2 0.685253 0.779003 0.010212 0.012255
2 0.379493 0.883987 0.368464 0.151144
2 0.906454 0.901757 0.032680 0.018382
2 0.690564 0.955065 0.247141 0.089869
2 0.563930 0.957721 0.000408 0.000408
4 0.390523 0.536765 0.610294 0.926471
4 0.906863 0.338031 0.186275 0.024918
6 0.649306 0.356209 0.214461 0.133987
6 0.886029 0.930964 0.227941 0.138072
