0 0.817198 0.003676 0.029820 0.007353
0 0.736315 0.069853 0.040441 0.022059
0 0.971405 0.093546 0.057190 0.039216
0 0.662582 0.115605 0.038399 0.024510
0 0.493260 0.143587 0.045343 0.055147
0 0.993668 0.126225 0.012663 0.017974
0 0.964665 0.234273 0.070670 0.176879
0 0.616422 0.180760 0.053105 0.057598
0 0.547590 0.245302 0.055964 0.038807
0 0.897263 0.284109 0.058415 0.070670
0 0.598039 0.285948 0.043301 0.035948
0 0.395425 0.398489 0.040033 0.041258
0 0.929126 0.411969 0.126225 0.059232
0 0.213644 0.489583 0.054739 0.065768
0 0.877859 0.484273 0.040033 0.037173
0 0.918709 0.494485 0.022876 0.021650
0 0.946691 0.534722 0.032271 0.035948
0 0.899918 0.561275 0.020425 0.022876
0 0.726511 0.596609 0.069853 0.065768
0 0.911356 0.587214 0.019608 0.022467
0 0.987132 0.625408 0.025735 0.069444
0 0.925449 0.620507 0.043709 0.032680
0 0.270221 0.637663 0.060866 0.053922
0 0.815768 0.685049 0.080882 0.104575
0 0.889297 0.682394 0.037582 0.040441
0 0.350694 0.780025 0.056781 0.039624
0 0.992443 0.794526 0.015114 0.031863
0 0.764910 0.916462 0.105801 0.043709
0 0.684028 0.958129 0.153186 0.083742
0 0.900327 0.938113 0.039216 0.028186
0 0.861520 0.962010 0.047386 0.039216
1 0.500000 0.500000 1.000000 1.000000
1 0.997549 0.617647 0.004902 0.010621
