0 0.956699 0.340891 0.086601 0.060049
0 0.383578 0.538603 0.043301 0.049428
1 0.117443 0.048611 0.234886 0.097222
1 0.500000 0.417892 1.000000 0.835784
1 0.522263 0.824346 0.000408 0.000817
1 0.522672 0.825163 0.000408 0.000817
1 0.523080 0.826185 0.000408 0.000408
1 0.579657 0.831087 0.002451 0.004493
1 0.861724 0.921364 0.136029 0.157271
1 0.562704 0.880106 0.001225 0.001225
1 0.559845 0.880923 0.001225 0.000408
1 0.534518 0.881332 0.000408 0.000408
1 0.557394 0.881332 0.002042 0.000408
1 0.537582 0.893587 0.032680 0.024101
1 0.554943 0.881740 0.002042 0.000408
1 0.643178 0.887051 0.000408 0.000408
1 0.643995 0.887459 0.000408 0.000408
1 0.644812 0.887868 0.000408 0.000408
1 0.645629 0.895833 0.000408 0.001634
1 0.521038 0.906046 0.000408 0.000817
1 0.520629 0.906863 0.000408 0.000817
1 0.520221 0.907475 0.000408 0.000408
1 0.519812 0.908292 0.000408 0.000408
1 0.519404 0.909109 0.000408 0.000408
1 0.649918 0.913603 0.000817 0.000408
1 0.651348 0.914011 0.000408 0.000408
1 0.652574 0.914420 0.000408 0.000408
1 0.653799 0.914828 0.000408 0.000408
1 0.655433 0.915237 0.000408 0.000408
1 0.656658 0.915645 0.000408 0.000408
1 0.657884 0.916054 0.000408 0.000408
1 0.994485 0.963644 0.011029 0.072712
2 0.146446 0.067402 0.292892 0.134804
2 0.959967 0.309232 0.037582 0.041667
2 0.018587 0.338031 0.037173 0.069036
2 0.918913 0.336806 0.000408 0.000408
2 0.916462 0.337214 0.001225 0.000408
2 0.893587 0.348039 0.043709 0.021242
2 0.752655 0.694853 0.494690 0.610294
2 0.696691 0.539420 0.000408 0.000408
2 0.191381 0.710580 0.000408 0.000408
2 0.235294 0.770016 0.141340 0.118464
2 0.164420 0.716708 0.000408 0.000408
2 0.366422 0.770425 0.088235 0.092320
2 0.351511 0.828023 0.058415 0.040850
2 0.475899 0.883578 0.127451 0.134804
2 0.634600 0.909109 0.000408 0.000408
3 0.102941 0.402165 0.205882 0.240605
3 0.420343 0.817198 0.840686 0.365605
3 0.511234 0.793709 0.138480 0.182190
3 0.356005 0.743668 0.000408 0.000408
3 0.366830 0.750613 0.020425 0.013480
3 0.635212 0.909109 0.000817 0.000408
3 0.636642 0.909518 0.001225 0.000408
3 0.638072 0.909926 0.000817 0.000408
3 0.639297 0.910335 0.000817 0.000408
3 0.640523 0.910743 0.000817 0.000408
3 0.642157 0.911152 0.000817 0.000408
3 0.643382 0.911560 0.000817 0.000408
3 0.644608 0.911969 0.000817 0.000408
3 0.646038 0.912377 0.000408 0.000408
3 0.647263 0.912786 0.000408 0.000408
3 0.648693 0.913194 0.000817 0.000408
5 0.589257 0.877655 0.149918 0.090278
5 0.452002 0.893587 0.028186 0.020833
5 0.492034 0.923611 0.027369 0.033497
5 0.504698 0.991422 0.063317 0.017157
5 0.399510 0.993464 0.047386 0.013072
