1 0.500000 0.311887 1.000000 0.623775
1 0.445261 0.773693 0.076797 0.008170
1 0.562296 0.782475 0.000408 0.000408
1 0.564951 0.782884 0.001634 0.000408
1 0.567606 0.783292 0.002042 0.000408
1 0.613971 0.801879 0.090686 0.036765
1 0.798815 0.792279 0.000408 0.000408
1 0.797181 0.792688 0.001225 0.000408
1 0.784518 0.797386 0.024101 0.008987
1 0.772059 0.802083 0.000817 0.000408
1 0.771038 0.802492 0.000408 0.000408
1 0.770221 0.802900 0.000408 0.000408
1 0.218137 0.820466 0.227941 0.016748
1 0.050041 0.829044 0.100082 0.016748
1 0.505310 0.944649 0.989379 0.110703
4 0.500000 0.649510 1.000000 0.359477
5 0.500000 0.832312 1.000000 0.335376
