0 0.430760 0.500000 0.861520 1.000000
0 0.991422 0.626225 0.017157 0.081699
0 0.581904 0.795956 0.051879 0.046977
0 0.724877 0.916258 0.171977 0.167484
1 0.147876 0.034722 0.295752 0.069444
1 0.818627 0.121732 0.362745 0.243464
1 0.031250 0.090891 0.009395 0.002042
1 0.036560 0.092116 0.001225 0.000408
1 0.037786 0.092525 0.000408 0.000408
1 0.054330 0.102941 0.005719 0.004085
1 0.057394 0.105188 0.000408 0.000408
1 0.058619 0.106005 0.000408 0.000408
1 0.059436 0.107026 0.001225 0.001634
1 0.060458 0.108456 0.000817 0.001225
1 0.061070 0.109273 0.000408 0.000408
1 0.061479 0.110090 0.000408 0.000408
1 0.061887 0.110498 0.000408 0.000408
1 0.062296 0.110907 0.000408 0.000408
1 0.063317 0.112132 0.001634 0.002042
1 0.064747 0.113971 0.001225 0.001634
1 0.065972 0.115605 0.001225 0.001634
1 0.066789 0.116830 0.000408 0.000817
1 0.067198 0.117443 0.000408 0.000408
1 0.069444 0.122958 0.001634 0.002451
1 0.078636 0.132353 0.003676 0.004902
1 0.081087 0.135621 0.001225 0.001634
1 0.089052 0.136438 0.000817 0.000817
1 0.081904 0.136642 0.000408 0.000408
1 0.083538 0.137663 0.002859 0.002451
1 0.089665 0.137051 0.000408 0.000408
1 0.085580 0.158088 0.000408 0.000817
1 0.085172 0.158905 0.000408 0.000817
1 0.084763 0.159722 0.000408 0.000817
1 0.082516 0.162377 0.004085 0.004493
1 0.080270 0.164828 0.000408 0.000408
1 0.052083 0.171364 0.001225 0.000408
1 0.058415 0.172181 0.008987 0.001225
1 0.929330 0.452819 0.141340 0.222631
1 0.115809 0.816585 0.231618 0.366830
1 0.866830 0.832925 0.266340 0.334150
1 0.450980 0.892770 0.313725 0.214461
1 0.964052 0.799632 0.000817 0.000408
2 0.854167 0.284926 0.291667 0.194036
2 0.737745 0.241013 0.001634 0.000817
2 0.724469 0.359886 0.000408 0.000817
2 0.677696 0.694444 0.644608 0.611111
4 0.555556 0.121324 0.150327 0.110294
4 0.045752 0.130923 0.091503 0.082108
4 0.792688 0.391953 0.138480 0.100082
4 0.218137 0.442402 0.075163 0.043301
