0 0.801675 0.037990 0.055964 0.075980
0 0.178309 0.113766 0.212827 0.086193
0 0.651348 0.297386 0.058415 0.102941
0 0.793709 0.284109 0.040033 0.073938
0 0.868056 0.331291 0.064542 0.078431
0 0.763480 0.757353 0.243464 0.485294
0 0.061887 0.629493 0.015931 0.026961
0 0.278186 0.850899 0.021242 0.012255
0 0.272059 0.989788 0.012255 0.020425
1 0.500000 0.500000 1.000000 1.000000
5 0.979984 0.197100 0.040033 0.394199
5 0.189338 0.107639 0.000408 0.000408
5 0.288399 0.156658 0.000817 0.000408
5 0.807394 0.321283 0.000408 0.000408
5 0.807802 0.321691 0.000408 0.000408
5 0.808211 0.322100 0.000408 0.000408
