0 0.991422 0.423203 0.017157 0.026144
0 0.170956 0.530025 0.119690 0.034722
0 0.106822 0.585376 0.025735 0.026144
1 0.500000 0.500000 1.000000 1.000000
1 0.685253 0.458946 0.000408 0.000408
1 0.667484 0.477533 0.035131 0.035948
1 0.665033 0.518995 0.013072 0.026552
1 0.702410 0.638276 0.000408 0.000408
1 0.702819 0.639706 0.000408 0.000817
1 0.703227 0.641136 0.000408 0.001225
1 0.706291 0.653186 0.005719 0.022876
1 0.756332 0.764502 0.093546 0.161356
1 0.773693 0.877451 0.008170 0.044118
1 0.950980 0.944649 0.098039 0.110703
1 0.792688 0.984681 0.000408 0.000408
1 0.803922 0.992443 0.026144 0.015114
3 0.508578 0.679330 0.572712 0.641340
3 0.353554 0.910131 0.262663 0.179739
5 0.829044 0.649510 0.341912 0.700980
5 0.025735 0.559845 0.051471 0.094363
