0 0.996732 0.006536 0.006536 0.013072
0 0.112337 0.513480 0.224673 0.217320
0 0.839257 0.442402 0.065768 0.044935
0 0.869077 0.537377 0.261846 0.177696
0 0.455678 0.737745 0.261846 0.251634
0 0.329453 0.826389 0.330474 0.347222
0 0.344158 0.818423 0.000408 0.000408
0 0.023693 0.929943 0.047386 0.140114
1 0.500000 0.500000 1.000000 1.000000
1 0.330678 0.651961 0.000408 0.000817
1 0.294322 0.718137 0.131127 0.114379
1 0.539828 0.702002 0.000408 0.001225
1 0.540237 0.703636 0.000408 0.001225
1 0.203431 0.734681 0.000817 0.002042
1 0.206495 0.757557 0.000408 0.000408
1 0.206904 0.758578 0.000408 0.000817
1 0.341299 0.814542 0.002042 0.004085
1 0.341299 0.817198 0.000408 0.000408
1 0.197100 0.856005 0.000408 0.000408
1 0.120711 0.934845 0.228350 0.130310
2 0.022059 0.037582 0.044118 0.075163
2 0.709763 0.140523 0.042075 0.048203
2 0.177900 0.204044 0.080474 0.128676
2 0.042279 0.253676 0.084559 0.161765
2 0.227941 0.307802 0.050654 0.094363
2 0.374592 0.286152 0.029412 0.028186
2 0.618668 0.327002 0.034722 0.077206
2 0.889093 0.325368 0.083742 0.065768
2 0.338644 0.362337 0.049837 0.047386
2 0.434845 0.366422 0.051879 0.051471
2 0.823734 0.401757 0.051879 0.090278
2 0.544935 0.437500 0.047386 0.078431
2 0.887868 0.419322 0.025735 0.024918
2 0.120711 0.438725 0.064951 0.050654
2 0.377247 0.581291 0.261029 0.175654
2 0.576593 0.542279 0.069853 0.082925
2 0.976920 0.615400 0.046160 0.079657
2 0.047181 0.659722 0.083742 0.057190
2 0.802288 0.652165 0.032680 0.035539
2 0.643382 0.764910 0.245915 0.243873
2 0.184232 0.719567 0.099673 0.082925
2 0.233047 0.706699 0.001225 0.003268
2 0.233864 0.708946 0.000408 0.000408
2 0.120915 0.875408 0.241830 0.151144
4 0.361724 0.793709 0.042075 0.036765
