1 0.500000 0.500000 1.000000 1.000000
2 0.283292 0.000204 0.000408 0.000408
2 0.283701 0.000817 0.000408 0.000817
2 0.284109 0.001430 0.000408 0.000408
2 0.284518 0.002042 0.000408 0.000817
2 0.284926 0.002655 0.000408 0.000408
2 0.285335 0.003268 0.000408 0.000817
2 0.285743 0.003881 0.000408 0.000408
2 0.286152 0.004493 0.000408 0.000817
2 0.286560 0.005106 0.000408 0.000408
2 0.286969 0.005719 0.000408 0.000817
2 0.297590 0.039420 0.039624 0.066585
2 0.102737 0.175245 0.128676 0.124183
2 0.395221 0.436479 0.090278 0.072304
