0 0.603554 0.276757 0.028186 0.038807
0 0.951593 0.791258 0.014297 0.012255
0 0.483047 0.970792 0.074755 0.058415
0 0.463848 0.999796 0.002042 0.000408
1 0.500000 0.406454 1.000000 0.812908
1 0.500000 0.643178 1.000000 0.544526
2 0.091299 0.017157 0.037990 0.034314
2 0.603145 0.311479 0.114788 0.100082
2 0.017157 0.332312 0.034314 0.083742
2 0.005515 0.476511 0.011029 0.045343
2 0.894812 0.770425 0.063317 0.075163
2 0.964257 0.798611 0.039624 0.046569
3 0.488154 0.378064 0.976307 0.756127
3 0.500000 0.741422 1.000000 0.517157
3 0.949551 0.796364 0.000408 0.000408
3 0.479984 0.991830 0.034314 0.016340
4 0.500000 0.580065 1.000000 0.474673
