1 0.804534 0.249183 0.390931 0.498366
1 0.092525 0.497753 0.185049 0.307598
1 0.974469 0.514093 0.000408 0.000408
1 0.856413 0.706291 0.243873 0.383987
1 0.106005 0.802900 0.212010 0.394199
1 0.408701 0.858047 0.386029 0.188317
1 0.915033 0.783292 0.001634 0.000408
1 0.916871 0.783701 0.001225 0.000408
1 0.918709 0.784109 0.000817 0.000408
1 0.920547 0.784518 0.000408 0.000408
1 0.927696 0.803105 0.003268 0.003268
1 0.156863 0.936479 0.000817 0.000408
1 0.153391 0.937092 0.006127 0.000817
1 0.148693 0.937704 0.002451 0.000408
2 0.987541 0.214665 0.024918 0.024101
2 0.036765 0.504085 0.073529 0.174020
2 0.923407 0.822712 0.052696 0.085784
2 0.164011 0.952614 0.287990 0.094771
2 0.364583 0.981822 0.126225 0.036356
3 0.500000 0.500000 1.000000 1.000000
3 0.675041 0.162377 0.000408 0.000408
3 0.000204 0.591299 0.000408 0.000408
3 0.278799 0.905433 0.000408 0.000408
3 0.277165 0.905842 0.000408 0.000408
3 0.275735 0.906250 0.000817 0.000408
3 0.274306 0.906658 0.001225 0.000408
3 0.272672 0.907067 0.001225 0.000408
5 0.354984 0.089257 0.320261 0.178513
5 0.581699 0.784722 0.074346 0.053105
