0 0.996732 0.100490 0.006536 0.023693
1 0.500000 0.500000 1.000000 1.000000
1 0.026348 0.977533 0.052696 0.044935
2 0.449346 0.101103 0.415850 0.202206
2 0.873366 0.968342 0.063725 0.063317
3 0.095792 0.385825 0.191585 0.771650
3 0.459763 0.881944 0.398284 0.236111
3 0.000613 0.816381 0.000408 0.000408
3 0.000204 0.816789 0.000408 0.000408
3 0.078636 0.909314 0.157271 0.181373
3 0.771446 0.940359 0.220997 0.092320
3 0.660335 0.942606 0.001225 0.000408
3 0.659109 0.943015 0.000408 0.000408
3 0.882149 0.963440 0.000408 0.000408
3 0.882557 0.963848 0.000408 0.000408
3 0.882966 0.964257 0.000408 0.000408
3 0.906863 0.996528 0.007353 0.006944
5 0.741217 0.965278 0.207108 0.069444
