0 0.156250 0.084150 0.117239 0.136438
0 0.214665 0.230392 0.160539 0.125000
1 0.991217 0.030433 0.017565 0.060866
1 0.281250 0.338235 0.140114 0.138072
1 0.282680 0.877247 0.046569 0.060049
2 0.177492 0.598448 0.354984 0.190359
2 0.801471 0.699551 0.291667 0.226716
2 0.813725 0.950572 0.212418 0.098856
2 0.611520 0.947712 0.061275 0.051471
3 0.500000 0.500000 1.000000 1.000000
3 0.768178 0.747958 0.000408 0.003268
5 0.687296 0.716708 0.163807 0.147467
5 0.508783 0.810253 0.082108 0.040441
5 0.938930 0.905842 0.122141 0.188317
