0 0.092729 0.241830 0.185458 0.143791
0 0.464869 0.647467 0.147876 0.112745
0 0.629698 0.861724 0.125408 0.176879
0 0.017770 0.818015 0.035539 0.050245
0 0.608252 0.984681 0.034314 0.030637
1 0.500000 0.500000 1.000000 1.000000
1 0.013072 0.199346 0.007353 0.003268
1 0.020016 0.642361 0.040033 0.185049
1 0.018587 0.805351 0.000408 0.000408
1 0.030842 0.821691 0.000408 0.000408
1 0.031454 0.822100 0.000817 0.000408
2 0.095588 0.175858 0.174837 0.046160
2 0.007557 0.198734 0.000408 0.000408
2 0.222222 0.315155 0.162582 0.154003
2 0.117034 0.708333 0.234069 0.349673
2 0.400531 0.713848 0.189951 0.175245
2 0.452410 0.711193 0.004493 0.004085
2 0.437296 0.714052 0.003676 0.001634
4 0.586601 0.227941 0.030229 0.022876
4 0.626634 0.264502 0.009804 0.014297
4 0.570057 0.308619 0.018382 0.017565
4 0.105188 0.611111 0.029003 0.023693
4 0.134191 0.648897 0.018382 0.052696
4 0.446078 0.694444 0.025327 0.040850
4 0.473448 0.691789 0.030229 0.020833
4 0.130310 0.741830 0.019608 0.022876
4 0.240809 0.807802 0.024918 0.028186
5 0.192198 0.709967 0.330474 0.231209
5 0.904412 0.868056 0.058824 0.044118
