0 0.632353 0.363358 0.735294 0.726716
0 0.833333 0.269404 0.333333 0.538807
0 0.371732 0.136846 0.162582 0.068627
0 0.333333 0.235090 0.068627 0.025735
0 0.410335 0.294935 0.051879 0.060458
0 0.307802 0.410131 0.051879 0.137255
0 0.315972 0.892974 0.238971 0.214052
0 0.730801 0.799020 0.043301 0.026144
0 0.747958 0.871936 0.043301 0.034722
0 0.636846 0.940155 0.162582 0.086193
0 0.165237 0.995711 0.060049 0.008578
0 0.590074 0.995711 0.033088 0.008578
1 0.500000 0.500000 1.000000 1.000000
1 0.794526 0.303309 0.409314 0.606618
1 0.740605 0.044935 0.075980 0.089869
1 0.923203 0.119485 0.153595 0.238971
1 0.702410 0.090074 0.000408 0.000408
1 0.702002 0.090686 0.000408 0.000817
1 0.701593 0.091299 0.000408 0.000408
1 0.701185 0.091708 0.000408 0.000408
1 0.700776 0.092116 0.000408 0.000408
1 0.799224 0.271242 0.281454 0.328431
1 0.893587 0.435866 0.000408 0.000817
1 0.893178 0.436683 0.000408 0.000817
1 0.892770 0.437500 0.000408 0.000817
1 0.892361 0.438113 0.000408 0.000408
1 0.891953 0.438930 0.000408 0.000408
1 0.891544 0.439747 0.000408 0.000408
1 0.891136 0.440564 0.000408 0.000408
1 0.890727 0.441381 0.000408 0.000408
1 0.940359 0.496119 0.119281 0.101716
1 0.999387 0.547590 0.000408 0.000408
4 0.811887 0.290645 0.376225 0.581291
5 0.756127 0.287990 0.281863 0.575980
5 0.777982 0.187704 0.273284 0.375408
5 0.907884 0.398693 0.000408 0.000817
5 0.931168 0.481413 0.135212 0.164624
5 0.982639 0.555760 0.000408 0.000408
5 0.981822 0.556168 0.000408 0.000408
5 0.981005 0.556577 0.000408 0.000408
5 0.980188 0.556985 0.000408 0.000408
5 0.979371 0.557394 0.000408 0.000408
5 0.978554 0.557802 0.000408 0.000408
5 0.977737 0.558211 0.000408 0.000408
5 0.976920 0.558619 0.000408 0.000408
5 0.976103 0.559028 0.000408 0.000408
5 0.975286 0.559436 0.000408 0.000408
5 0.974469 0.559845 0.000408 0.000408
5 0.973652 0.560253 0.000408 0.000408
5 0.972835 0.560662 0.000408 0.000408
5 0.972018 0.561070 0.000408 0.000408
5 0.971201 0.561479 0.000408 0.000408
5 0.970384 0.561887 0.000408 0.000408
5 0.969567 0.562296 0.000408 0.000408
5 0.968750 0.562704 0.000408 0.000408
5 0.967933 0.563113 0.000408 0.000408
5 0.967116 0.563521 0.000408 0.000408
5 0.966299 0.563930 0.000408 0.000408
5 0.964869 0.564338 0.000817 0.000408
5 0.935049 0.572917 0.058824 0.016748
