0 0.309436 0.013072 0.041258 0.026144
0 0.683415 0.145221 0.633170 0.290441
0 0.056373 0.145833 0.112745 0.174020
0 0.215891 0.108456 0.099265 0.099265
0 0.184641 0.296569 0.143791 0.086601
0 0.617443 0.379902 0.134395 0.116830
0 0.400531 0.362541 0.087010 0.074755
0 0.517974 0.419730 0.034314 0.045343
0 0.424837 0.434232 0.089869 0.056373
0 0.017974 0.571283 0.035948 0.282271
0 0.318015 0.461601 0.047794 0.052288
0 0.344363 0.881332 0.119281 0.102533
0 0.277778 0.992647 0.033497 0.014706
1 0.661765 0.776144 0.676471 0.447712
1 0.069240 0.975899 0.138480 0.048203
5 0.500000 0.500000 1.000000 1.000000
5 0.003881 0.491013 0.007761 0.028595
5 0.002042 0.536765 0.004085 0.009804
5 0.003064 0.572917 0.006127 0.011846
5 0.984069 0.988154 0.031863 0.023693
