0 0.500000 0.500000 1.000000 1.000000
0 0.895221 0.464052 0.086193 0.053105
0 0.983456 0.537786 0.033088 0.041258
1 0.880719 0.876021 0.238562 0.247958
5 0.059436 0.023897 0.118873 0.047794
5 0.325368 0.004698 0.034722 0.009395
5 0.030842 0.094158 0.061683 0.071487
5 0.585784 0.145629 0.115196 0.123775
5 0.207312 0.159518 0.117239 0.123775
5 0.104371 0.408497 0.208742 0.540033
5 0.695261 0.587010 0.609477 0.825980
5 0.385417 0.313521 0.156454 0.181781
5 0.299428 0.522467 0.079248 0.066176
5 0.286152 0.803922 0.297794 0.241013
5 0.025123 0.873366 0.050245 0.107843
