0 0.263889 0.024306 0.050654 0.048611
0 0.325776 0.014297 0.017565 0.016340
0 0.258783 0.043709 0.000408 0.000817
0 0.259191 0.044526 0.000408 0.000817
0 0.259600 0.045343 0.000408 0.000817
0 0.260008 0.045956 0.000408 0.000408
0 0.004698 0.193627 0.009395 0.013889
0 0.009804 0.279003 0.019608 0.026144
0 0.008578 0.416054 0.017157 0.014297
0 0.993260 0.549020 0.013480 0.013072
0 0.007966 0.630515 0.015931 0.025735
0 0.003881 0.772876 0.007761 0.008987
1 0.503676 0.154208 0.259804 0.308415
1 0.977941 0.011234 0.044118 0.022467
1 0.576185 0.412990 0.847631 0.402778
1 0.729575 0.270833 0.064542 0.053105
1 0.709763 0.297998 0.015114 0.003676
1 0.017157 0.389706 0.034314 0.057190
1 0.297590 0.479167 0.063317 0.065359
1 0.046364 0.507353 0.048611 0.053922
1 0.989379 0.563521 0.021242 0.015931
1 0.586397 0.833946 0.205474 0.131944
1 0.969158 0.943423 0.061683 0.104984
2 0.046977 0.124592 0.093954 0.249183
2 0.350286 0.030637 0.189134 0.061275
2 0.951389 0.118668 0.097222 0.090278
2 0.967525 0.431577 0.064951 0.074755
2 0.134804 0.482435 0.075163 0.033497
2 0.735090 0.682598 0.083742 0.151961
2 0.988766 0.762255 0.022467 0.071895
2 0.949142 0.934232 0.101716 0.131536
2 0.114379 0.976307 0.147876 0.047386
2 0.777574 0.982230 0.042892 0.035539
3 0.242443 0.226920 0.484886 0.453840
3 0.762255 0.155433 0.475490 0.310866
3 0.975490 0.235703 0.049020 0.084150
3 0.946691 0.211806 0.002859 0.000408
3 0.732639 0.299837 0.011029 0.000817
3 0.500000 0.662582 1.000000 0.674837
3 0.997141 0.542279 0.005719 0.000408
4 0.500000 0.324346 1.000000 0.276961
4 0.555556 0.751634 0.043301 0.031046
4 0.428922 0.792279 0.035948 0.042075
4 0.777778 0.817198 0.062092 0.034722
4 0.873979 0.820466 0.045343 0.041258
4 0.922590 0.854167 0.059232 0.037582
5 0.197304 0.978758 0.037582 0.042484
