0 0.031658 0.035948 0.063317 0.071895
0 0.346609 0.011846 0.046160 0.023693
0 0.689134 0.014093 0.145425 0.028186
0 0.939134 0.089257 0.105392 0.178513
0 0.292688 0.124387 0.115605 0.187500
0 0.690768 0.094567 0.063725 0.097631
0 0.189134 0.177288 0.089869 0.068627
0 0.117034 0.214665 0.044526 0.060049
0 0.253268 0.276552 0.154412 0.083333
0 0.325776 0.425449 0.254493 0.126225
0 0.729779 0.381944 0.021650 0.026961
0 0.682802 0.445057 0.115605 0.101716
0 0.382353 0.580065 0.147876 0.254902
0 0.152369 0.657067 0.084967 0.077206
0 0.659314 0.799632 0.231209 0.337010
0 0.368668 0.782680 0.062500 0.054739
0 0.296977 0.881332 0.459967 0.237337
0 0.874796 0.906454 0.099265 0.187092
0 0.571691 0.965891 0.000408 0.000408
1 0.500000 0.500000 1.000000 1.000000
1 0.285335 0.291667 0.003676 0.001634
1 0.213848 0.484681 0.010212 0.002859
1 0.353145 0.517974 0.026552 0.020425
1 0.334763 0.539420 0.000408 0.000408
1 0.176675 0.598243 0.000408 0.000408
1 0.927492 0.805351 0.145016 0.389297
1 0.676675 0.713031 0.000408 0.000408
1 0.566993 0.818015 0.044118 0.030637
1 0.546977 0.843137 0.008170 0.015523
1 0.194036 0.878064 0.000817 0.000408
1 0.239379 0.886029 0.001634 0.001634
1 0.251838 0.896446 0.000408 0.000408
1 0.252247 0.896855 0.000408 0.000408
1 0.262868 0.948529 0.221814 0.102941
2 0.451389 0.022467 0.061275 0.034314
2 0.793301 0.067810 0.057190 0.061275
2 0.631332 0.119077 0.055964 0.063317
2 0.100490 0.151757 0.026144 0.034722
2 0.011642 0.171569 0.023284 0.053922
2 0.400735 0.210580 0.085784 0.122141
2 0.680556 0.294526 0.060458 0.061275
2 0.287377 0.331904 0.087827 0.080474
2 0.958946 0.336601 0.052696 0.071078
2 0.056577 0.363154 0.073121 0.064542
2 0.098039 0.409314 0.041667 0.071078
2 0.795956 0.417892 0.062500 0.085784
2 0.077002 0.401757 0.000408 0.000408
2 0.532680 0.585580 0.213235 0.282271
2 0.330270 0.503268 0.111520 0.075163
2 0.226511 0.505515 0.038807 0.045343
2 0.862745 0.568832 0.071895 0.046160
2 0.736111 0.578023 0.064542 0.058007
2 0.158497 0.603554 0.061275 0.049428
2 0.066381 0.665033 0.045343 0.046569
2 0.331699 0.710989 0.037582 0.037990
2 0.499183 0.868056 0.248366 0.217320
2 0.162990 0.933619 0.183007 0.132761
2 0.315155 0.962214 0.070670 0.069853
2 0.991013 0.981413 0.017974 0.037173
4 0.894608 0.762663 0.210784 0.474673
5 0.835580 0.726511 0.051879 0.053513
