1 0.500000 0.500000 1.000000 1.000000
2 0.513276 0.438521 0.118873 0.114788
2 0.747345 0.409109 0.104167 0.051879
2 0.235090 0.508170 0.081291 0.071895
2 0.535335 0.529412 0.083742 0.029412
2 0.456291 0.563725 0.081699 0.033497
2 0.828840 0.669322 0.150327 0.082925
2 0.077614 0.687092 0.050654 0.071078
2 0.984886 0.714052 0.030229 0.058824
2 0.733047 0.730801 0.049428 0.066993
2 0.108864 0.815768 0.045343 0.103758
2 0.280433 0.797590 0.093546 0.046160
2 0.782067 0.995302 0.032271 0.009395
5 0.008374 0.506332 0.016748 0.016748
