0 0.011846 0.153186 0.023693 0.012255
0 0.010825 0.416462 0.021650 0.019199
0 0.156454 0.534722 0.071895 0.078431
0 0.993056 0.640931 0.013889 0.013072
0 0.127859 0.693832 0.022876 0.024918
0 0.131332 0.747345 0.028186 0.035539
0 0.003268 0.970792 0.006536 0.014297
0 0.740605 0.995302 0.025327 0.009395
0 0.928513 0.995302 0.027778 0.009395
0 0.971201 0.995711 0.017565 0.008578
0 0.901144 0.996732 0.005719 0.006536
0 0.808211 0.997345 0.015931 0.005310
1 0.217933 0.077614 0.090278 0.155229
1 0.359069 0.068832 0.064542 0.080474
2 0.417279 0.205065 0.082925 0.075163
2 0.653391 0.260825 0.046160 0.034722
2 0.234477 0.281454 0.065359 0.026961
2 0.691176 0.337214 0.023693 0.035539
2 0.175654 0.550654 0.057190 0.054739
2 0.427288 0.539011 0.047386 0.024918
3 0.500000 0.500000 1.000000 1.000000
4 0.149714 0.762255 0.021650 0.022876
