3 0.500000 0.500000 1.000000 1.000000
5 0.368260 0.014910 0.067402 0.029820
5 0.871936 0.043709 0.162173 0.087418
5 0.989379 0.068627 0.021242 0.044118
5 0.674224 0.128268 0.094363 0.068627
5 0.653799 0.248979 0.077206 0.053513
5 0.965891 0.307190 0.038807 0.044118
5 0.773489 0.532067 0.094363 0.058415
5 0.291667 0.643791 0.032680 0.033497
5 0.604167 0.703023 0.048203 0.051471
5 0.328636 0.726511 0.014297 0.032271
5 0.176879 0.892157 0.012255 0.030229
5 0.190155 0.926266 0.024101 0.034722
5 0.885212 0.942810 0.063725 0.063725
5 0.755310 0.960580 0.058007 0.066585
