0 0.977941 0.655025 0.044118 0.057598
0 0.991830 0.722835 0.016340 0.022467
1 0.500000 0.500000 1.000000 1.000000
1 0.672181 0.956087 0.000408 0.000408
2 0.100286 0.055964 0.028186 0.022876
2 0.974877 0.540441 0.050245 0.093954
2 0.724469 0.711601 0.167075 0.096405
2 0.888480 0.731822 0.133987 0.053513
2 0.965686 0.837010 0.064542 0.074346
2 0.911765 0.924428 0.176471 0.086601
2 0.715278 0.947508 0.120915 0.104984
2 0.204044 0.990196 0.034722 0.019608
2 0.982435 0.995915 0.022876 0.008170
4 0.787582 0.948529 0.080882 0.102941
5 0.676266 0.930760 0.028186 0.058415
