0 0.668505 0.805147 0.662990 0.389706
0 0.955678 0.963848 0.088644 0.072304
0 0.437704 0.956495 0.000408 0.000408
2 0.986928 0.702002 0.026144 0.066585
3 0.165237 0.060049 0.330474 0.120098
3 0.632761 0.025531 0.636438 0.051062
3 0.500000 0.601716 1.000000 0.709967
3 0.558619 0.752451 0.010212 0.004902
3 0.706087 0.819649 0.000408 0.000408
3 0.706495 0.820057 0.000408 0.000408
3 0.222631 0.950572 0.445261 0.098856
3 0.498366 0.972631 0.123366 0.054739
3 0.437704 0.956904 0.000408 0.000408
3 0.425041 0.962214 0.000408 0.000408
3 0.424224 0.962623 0.000408 0.000408
3 0.423203 0.963031 0.000817 0.000408
3 0.422386 0.963440 0.000817 0.000408
3 0.416258 0.966299 0.011438 0.005310
3 0.410131 0.969158 0.000817 0.000408
3 0.409314 0.969567 0.000817 0.000408
3 0.408292 0.969975 0.000408 0.000408
3 0.407475 0.970384 0.000408 0.000408
3 0.365809 0.986111 0.073938 0.027778
4 0.500000 0.205678 1.000000 0.411356
4 0.055556 0.512663 0.111111 0.083333
4 0.902982 0.566789 0.130310 0.162173
4 0.660131 0.600082 0.026961 0.014706
4 0.967933 0.725694 0.064134 0.059232
4 0.719771 0.718137 0.036765 0.030229
4 0.601920 0.778595 0.118873 0.067810
4 0.672998 0.830270 0.066585 0.043709
4 0.706495 0.819649 0.000408 0.000408
4 0.653391 0.848652 0.000408 0.000408
4 0.652574 0.849060 0.000408 0.000408
4 0.233660 0.944240 0.467320 0.111520
5 0.936479 0.723243 0.000408 0.000408
5 0.776961 0.862132 0.446078 0.275735
5 0.902574 0.748162 0.000408 0.000408
5 0.995915 0.963644 0.008170 0.026144
5 0.543913 0.987745 0.019199 0.024510
6 0.500000 0.329044 1.000000 0.166258
6 0.055760 0.512663 0.111520 0.084150
6 0.654616 0.847835 0.000408 0.000408
6 0.653595 0.848243 0.000817 0.000408
6 0.652778 0.848652 0.000817 0.000408
6 0.652165 0.849060 0.000408 0.000408
6 0.233864 0.922181 0.467729 0.068219
6 0.555351 0.950776 0.000408 0.000408
6 0.552492 0.954044 0.000408 0.000408
