0 0.273284 0.217320 0.085784 0.043301
0 0.238766 0.252859 0.064951 0.026144
0 0.009804 0.293913 0.019608 0.027369
0 0.027574 0.466708 0.055147 0.020016
0 0.042892 0.556781 0.020425 0.016340
0 0.404412 0.639910 0.144608 0.064134
0 0.025940 0.631536 0.051879 0.039216
0 0.500000 0.806373 1.000000 0.387255
0 0.302492 0.898897 0.000408 0.000408
0 0.302492 0.900531 0.000408 0.000408
0 0.331495 0.902982 0.000408 0.000408
0 0.333538 0.902982 0.000408 0.000408
0 0.340074 0.906658 0.000408 0.000408
1 0.500000 0.494281 1.000000 0.988562
1 0.997958 0.797794 0.004085 0.008987
1 0.918709 0.936070 0.162582 0.127859
1 0.401348 0.888685 0.000408 0.000408
1 0.400123 0.889093 0.000408 0.000408
1 0.398897 0.889502 0.000408 0.000408
1 0.398080 0.889910 0.000408 0.000408
1 0.396855 0.890319 0.000408 0.000408
1 0.380106 0.896446 0.000408 0.000408
1 0.378881 0.896855 0.000408 0.000408
1 0.364992 0.900940 0.026552 0.007761
1 0.350899 0.905025 0.000817 0.000408
1 0.349469 0.905433 0.000408 0.000408
1 0.346201 0.906250 0.000408 0.000408
1 0.344158 0.906658 0.001225 0.000408
1 0.057598 0.955882 0.115196 0.088235
4 0.181985 0.006332 0.020016 0.012663
4 0.865605 0.032475 0.046569 0.024918
4 0.983456 0.162173 0.033088 0.016340
4 0.993260 0.357026 0.013480 0.018791
4 0.395833 0.848652 0.147876 0.116422
4 0.272263 0.909518 0.060049 0.036356
6 0.302492 0.899714 0.000408 0.001225
6 0.332516 0.902982 0.001634 0.000408
