0 0.687296 0.044322 0.062500 0.063317
0 0.252247 0.188113 0.024101 0.019199
0 0.050858 0.286560 0.050245 0.043709
0 0.102124 0.372753 0.044118 0.051062
0 0.530433 0.373570 0.039624 0.026552
0 0.869281 0.993056 0.024510 0.013889
1 0.500000 0.500000 1.000000 1.000000
5 0.878268 0.140523 0.243464 0.254902
5 0.206495 0.977737 0.135212 0.044526
6 0.514706 0.360498 0.000817 0.000408
6 0.517157 0.361111 0.003268 0.001634
6 0.513685 0.364379 0.001225 0.007353
6 0.519812 0.362337 0.002042 0.000817
6 0.524510 0.363971 0.007353 0.002451
6 0.530229 0.365809 0.004085 0.001225
6 0.533701 0.366830 0.002859 0.000817
6 0.535948 0.367443 0.001634 0.000408
6 0.543709 0.373570 0.013889 0.011846
6 0.511642 0.371732 0.002859 0.007353
6 0.517770 0.378676 0.011029 0.006536
6 0.544730 0.380106 0.002042 0.001225
6 0.543096 0.381127 0.001225 0.000817
6 0.539011 0.382149 0.006944 0.001225
6 0.524101 0.383170 0.001634 0.002451
6 0.534722 0.382966 0.001634 0.000408
6 0.533292 0.383374 0.001225 0.000408
6 0.530025 0.384600 0.005310 0.002042
6 0.524714 0.385825 0.001225 0.002859
6 0.526961 0.385825 0.000817 0.000408
6 0.525940 0.386438 0.001225 0.000817
