0 0.500000 0.312092 1.000000 0.624183
0 0.781863 0.760621 0.436275 0.478758
0 0.380515 0.771446 0.761029 0.457108
1 0.609069 0.290441 0.781863 0.580882
1 0.038399 0.188725 0.076797 0.240196
1 0.012663 0.185049 0.025327 0.074346
1 0.500000 0.709967 1.000000 0.580065
1 0.125817 0.581699 0.251634 0.171569
1 0.923203 0.782067 0.153595 0.435866
1 0.526757 0.807802 0.518382 0.384395
1 0.145221 0.816993 0.290441 0.366013
1 0.252042 0.667688 0.000817 0.000408
1 0.253064 0.668096 0.000408 0.000408
4 0.017157 0.194240 0.034314 0.140931
4 0.025735 0.498366 0.051471 0.063725
4 0.051879 0.530433 0.000817 0.000408
4 0.432190 0.765319 0.759804 0.469363
5 0.025735 0.198938 0.051471 0.192810
5 0.012663 0.172998 0.025327 0.063317
5 0.012663 0.230801 0.025327 0.050654
5 0.147059 0.546364 0.294118 0.189134
5 0.007966 0.495302 0.015931 0.032271
5 0.016136 0.511642 0.000408 0.000408
5 0.018178 0.513685 0.000408 0.000408
5 0.274101 0.636846 0.511438 0.245915
5 0.433211 0.721405 0.261029 0.298203
5 0.561479 0.847222 0.080474 0.169118
5 0.700980 0.901552 0.239379 0.196895
5 0.688725 0.878676 0.155229 0.081699
5 0.563930 0.871119 0.000408 0.000408
5 0.758374 0.953227 0.055147 0.093546
