0 0.333742 0.168301 0.135621 0.133987
0 0.679534 0.133374 0.118056 0.060049
0 0.436887 0.194444 0.062500 0.049837
0 0.553513 0.213848 0.071078 0.088644
0 0.609477 0.199755 0.033497 0.030229
0 0.627247 0.226716 0.028186 0.024510
0 0.724469 0.264910 0.087827 0.073121
0 0.557802 0.258374 0.000408 0.000408
0 0.998366 0.302288 0.003268 0.019608
0 0.004289 0.536152 0.008578 0.028186
0 0.780025 0.800245 0.077206 0.068627
1 0.280433 0.024306 0.141748 0.048611
1 0.418709 0.026144 0.058007 0.018791
1 0.461601 0.047998 0.079248 0.055964
1 0.140931 0.034109 0.010621 0.002859
1 0.125613 0.040645 0.000408 0.000408
1 0.125204 0.041054 0.000408 0.000408
1 0.124796 0.041462 0.000408 0.000408
1 0.500000 0.521038 1.000000 0.957925
1 0.153595 0.077410 0.228758 0.062500
1 0.664420 0.149101 0.036356 0.028595
1 0.379902 0.147672 0.002451 0.002042
1 0.537377 0.172590 0.000408 0.000408
1 0.620302 0.188930 0.000408 0.000408
1 0.571078 0.235703 0.011438 0.013889
1 0.612745 0.234886 0.000817 0.003268
2 0.143791 0.099469 0.287582 0.198938
2 0.158905 0.018587 0.107843 0.037173
2 0.611315 0.040441 0.719363 0.080882
2 0.961193 0.036560 0.077614 0.073121
2 0.184641 0.050858 0.010621 0.002859
2 0.452206 0.061887 0.020425 0.012663
2 0.559845 0.113562 0.672794 0.115196
2 0.943832 0.109069 0.112337 0.071078
2 0.917688 0.074551 0.000408 0.000408
2 0.916054 0.074959 0.001225 0.000408
2 0.907067 0.077002 0.016748 0.003676
2 0.500613 0.075776 0.000408 0.000408
2 0.897467 0.079044 0.001634 0.000408
2 0.020425 0.164420 0.040850 0.139297
2 0.831087 0.112132 0.000408 0.000408
2 0.803922 0.171569 0.102124 0.050654
2 0.509191 0.206291 0.071487 0.116013
2 0.661356 0.171569 0.116013 0.046569
2 0.473243 0.155842 0.000408 0.000408
2 0.761029 0.197100 0.000817 0.000408
2 0.759600 0.197508 0.000408 0.000408
2 0.587010 0.236724 0.061275 0.052696
2 0.444853 0.233456 0.044118 0.044526
2 0.708333 0.391136 0.117647 0.107435
2 0.081699 0.566176 0.151144 0.092320
2 0.716503 0.781454 0.089052 0.084967
2 0.012868 0.812092 0.025735 0.026144
2 0.831699 0.864992 0.071895 0.042075
4 0.530229 0.052288 0.916667 0.104575
4 0.024714 0.087623 0.049428 0.024101
