0 0.446691 0.227533 0.115605 0.077614
0 0.016544 0.222222 0.029003 0.017157
0 0.839052 0.738154 0.061275 0.036765
0 0.995915 0.760417 0.008170 0.007761
0 0.997345 0.941176 0.005310 0.008170
0 0.149510 0.993464 0.010621 0.013072
0 0.700368 0.999796 0.016748 0.000408
1 0.201593 0.165237 0.403186 0.330474
1 0.245302 0.368056 0.087010 0.080882
1 0.358047 0.489788 0.128676 0.176471
1 0.525123 0.548611 0.110703 0.123366
1 0.840482 0.583946 0.097631 0.140114
1 0.530433 0.796569 0.063317 0.044118
1 0.775531 0.901144 0.045343 0.063725
1 0.612132 0.935458 0.100899 0.129085
2 0.291054 0.233456 0.093546 0.100082
2 0.921364 0.270833 0.114788 0.159314
2 0.005515 0.219975 0.011029 0.021650
2 0.879289 0.446078 0.041258 0.050654
3 0.500000 0.500000 1.000000 1.000000
3 0.014502 0.213440 0.009395 0.000408
4 0.095792 0.192402 0.080474 0.182190
4 0.050245 0.205270 0.019608 0.021650
4 0.151757 0.860090 0.000408 0.000408
4 0.164828 0.870507 0.025735 0.020425
4 0.142157 0.913399 0.030229 0.026144
4 0.185253 0.914624 0.042075 0.019608
4 0.088848 0.919730 0.000408 0.000408
4 0.086193 0.936070 0.022876 0.032271
4 0.105188 0.964665 0.055147 0.038807
