0 0.068423 0.054534 0.136846 0.109069
0 0.314338 0.077410 0.352533 0.154820
0 0.570261 0.103554 0.129085 0.100899
0 0.505515 0.140727 0.000408 0.001225
0 0.273489 0.155025 0.000408 0.000408
0 0.105392 0.257761 0.210784 0.100490
1 0.123979 0.060458 0.224265 0.120915
1 0.500000 0.500000 1.000000 1.000000
1 0.079657 0.165033 0.159314 0.244281
1 0.984886 0.942402 0.030229 0.037582
1 0.949959 0.998979 0.000408 0.000408
1 0.948938 0.999387 0.000817 0.000408
1 0.947917 0.999796 0.001225 0.000408
2 0.179739 0.176879 0.165033 0.153595
2 0.374796 0.284314 0.210376 0.316993
2 0.512868 0.169526 0.045343 0.081699
2 0.754289 0.188521 0.145833 0.091095
2 0.588440 0.177900 0.085376 0.065768
2 0.564747 0.229779 0.097631 0.041258
2 0.777778 0.471609 0.113562 0.247141
2 0.045547 0.589257 0.052696 0.046160
2 0.572100 0.657067 0.063317 0.096814
2 0.085580 0.711601 0.171160 0.079248
2 0.591503 0.741422 0.044118 0.064542
2 0.034926 0.822712 0.069853 0.098856
2 0.563930 0.894199 0.055964 0.058007
2 0.633374 0.876021 0.000408 0.000408
2 0.685458 0.922794 0.103758 0.093137
2 0.974060 0.936070 0.051879 0.054330
2 0.974265 0.989583 0.051471 0.020833
4 0.957721 0.975694 0.084559 0.048611
