0 0.948529 0.013480 0.031046 0.026961
1 0.500000 0.167688 1.000000 0.335376
1 0.851511 0.650327 0.296977 0.699346
1 0.345997 0.664011 0.691993 0.671977
2 0.936479 0.016748 0.042075 0.033497
2 0.980596 0.047590 0.038807 0.095180
2 0.003881 0.060866 0.007761 0.019608
2 0.974877 0.155842 0.050245 0.068219
2 0.974469 0.268995 0.051062 0.101716
4 0.963440 0.065972 0.015114 0.019199
4 0.983864 0.096201 0.017565 0.013480
4 0.991422 0.146855 0.017157 0.035539
4 0.500000 0.593546 1.000000 0.812908
4 0.982435 0.284109 0.020425 0.017565
4 0.334355 0.964869 0.021650 0.015523
6 0.237337 0.975899 0.064542 0.048203
6 0.054126 0.976920 0.108252 0.046160
