0 0.153799 0.801675 0.069036 0.069853
0 0.221201 0.792688 0.034722 0.015114
1 0.305964 0.080474 0.126634 0.160948
1 0.659926 0.000613 0.002042 0.001225
1 0.712623 0.003472 0.002042 0.006944
1 0.500000 0.500000 1.000000 1.000000
1 0.356005 0.195874 0.000408 0.000408
1 0.840891 0.657067 0.318219 0.685866
1 0.049224 0.483864 0.000408 0.000408
1 0.048815 0.484273 0.000408 0.000408
1 0.046773 0.486724 0.000408 0.000408
1 0.046364 0.487132 0.000408 0.000408
1 0.045956 0.487541 0.000408 0.000408
1 0.045547 0.487949 0.000408 0.000408
1 0.045139 0.488358 0.000408 0.000408
1 0.044730 0.489175 0.000408 0.000408
1 0.044322 0.489583 0.000408 0.000408
1 0.043913 0.489992 0.000408 0.000408
1 0.043505 0.490400 0.000408 0.000408
1 0.043096 0.490809 0.000408 0.000408
1 0.042688 0.491217 0.000408 0.000408
1 0.041871 0.492239 0.001225 0.001634
1 0.041054 0.493260 0.000408 0.000408
1 0.040645 0.493668 0.000408 0.000408
1 0.037582 0.497345 0.005719 0.006944
1 0.034518 0.501021 0.000408 0.000408
1 0.034109 0.501430 0.000408 0.000408
1 0.033701 0.502247 0.000408 0.000408
1 0.000204 0.559028 0.000408 0.000408
2 0.396855 0.235703 0.732435 0.471405
2 0.922998 0.131332 0.154003 0.167075
2 0.982230 0.350082 0.035539 0.050654
2 0.604779 0.431168 0.115605 0.146650
2 0.290645 0.547590 0.115605 0.183415
2 0.762868 0.567810 0.096814 0.061275
2 0.129085 0.796569 0.107026 0.084967
2 0.185049 0.799020 0.063725 0.063725
2 0.290033 0.789011 0.054739 0.042075
2 0.152165 0.831087 0.001225 0.000408
2 0.149918 0.831495 0.000817 0.000408
2 0.891544 0.918301 0.167892 0.136438
4 0.117443 0.241626 0.234886 0.483252
4 0.656454 0.108456 0.168301 0.216912
4 0.526552 0.026144 0.019608 0.016340
4 0.460376 0.054943 0.015523 0.014297
4 0.525735 0.070057 0.019608 0.020833
4 0.557190 0.080678 0.026961 0.024918
4 0.540645 0.113766 0.021650 0.037990
4 0.134804 0.381944 0.269608 0.492647
4 0.678513 0.179534 0.030229 0.017565
4 0.611520 0.180147 0.016340 0.016340
4 0.551266 0.186479 0.015114 0.016748
4 0.575776 0.192810 0.024101 0.022876
4 0.591503 0.213644 0.016340 0.015523
4 0.804330 0.626021 0.391340 0.747958
4 0.705270 0.298611 0.090278 0.053105
4 0.718750 0.774306 0.000408 0.001225
4 0.755515 0.831495 0.000408 0.000408
4 0.761029 0.841095 0.010621 0.018791
4 0.766544 0.850899 0.000408 0.000817
4 0.766953 0.851716 0.000408 0.000817
4 0.767361 0.852533 0.000408 0.000817
4 0.767770 0.853145 0.000408 0.000408
4 0.768178 0.853962 0.000408 0.000408
4 0.768587 0.854779 0.000408 0.000408
4 0.768995 0.855596 0.000408 0.000408
4 0.793913 0.907475 0.000408 0.000408
4 0.794322 0.908292 0.000408 0.000408
4 0.794730 0.909109 0.000408 0.000408
4 0.795139 0.910131 0.000408 0.000817
4 0.795547 0.910948 0.000408 0.000817
4 0.795956 0.911765 0.000408 0.000817
4 0.796364 0.912582 0.000408 0.000817
4 0.796977 0.914011 0.000817 0.002042
4 0.797590 0.915441 0.000408 0.000817
4 0.797998 0.916462 0.000408 0.000408
5 0.099469 0.318832 0.198938 0.479984
5 0.190768 0.172590 0.001634 0.006127
5 0.755923 0.876430 0.138480 0.247141
