0 0.373979 0.790850 0.046977 0.059641
0 0.388889 0.820670 0.094771 0.085784
1 0.029820 0.034109 0.059641 0.068219
1 0.500000 0.585580 1.000000 0.828840
1 0.210580 0.362132 0.060049 0.124592
1 0.165237 0.434845 0.000408 0.000408
1 0.164624 0.435253 0.000817 0.000408
1 0.143382 0.449755 0.041667 0.028595
1 0.121936 0.464461 0.001225 0.000817
1 0.121119 0.465074 0.000408 0.000408
1 0.120711 0.465482 0.000408 0.000408
1 0.119894 0.465891 0.000408 0.000408
1 0.119485 0.466299 0.000408 0.000408
1 0.369281 0.762868 0.010621 0.003676
2 0.500000 0.436070 1.000000 0.872141
2 0.000204 0.940359 0.000408 0.035131
3 0.209355 0.271446 0.418709 0.542892
