0 0.275391 0.500000 0.154297 1.000000
0 0.616211 0.304688 0.767578 0.609375
0 0.857422 0.003418 0.011719 0.006836
1 0.172363 0.500000 0.344727 1.000000
1 0.603516 0.500000 0.792969 1.000000
1 0.852051 0.021973 0.252930 0.043945
1 0.656250 0.082520 0.107422 0.069336
1 0.778809 0.085449 0.108398 0.071289
1 0.912598 0.088379 0.131836 0.069336
1 0.493652 0.100586 0.198242 0.089844
1 0.782227 0.140625 0.361328 0.031250
1 0.987793 0.148438 0.024414 0.033203
1 0.521973 0.199219 0.129883 0.072266
1 0.658203 0.205078 0.117188 0.070312
1 0.785156 0.211426 0.113281 0.067383
1 0.919434 0.214844 0.124023 0.072266
1 0.998047 0.326660 0.003906 0.137695
1 0.992676 0.460938 0.014648 0.103516
