0 0.500000 0.500000 1.000000 1.000000
0 0.986816 0.709961 0.026367 0.228516
0 0.594727 0.966797 0.013672 0.066406
0 0.716309 0.975098 0.155273 0.049805
1 0.215820 0.201172 0.431641 0.402344
1 0.440430 0.061035 0.156250 0.122070
1 0.495605 0.007812 0.059570 0.015625
1 0.539062 0.072754 0.113281 0.145508
1 0.762207 0.099609 0.377930 0.199219
1 0.942871 0.041016 0.114258 0.082031
1 0.822754 0.108398 0.323242 0.125000
1 0.990234 0.171387 0.019531 0.176758
1 0.819336 0.192383 0.316406 0.123047
1 0.449707 0.194336 0.194336 0.125000
1 0.597656 0.248535 0.105469 0.127930
1 0.810059 0.295410 0.315430 0.141602
1 0.393066 0.256836 0.086914 0.046875
1 0.487793 0.271973 0.088867 0.049805
1 0.979980 0.358887 0.040039 0.206055
1 0.536621 0.358887 0.198242 0.127930
1 0.092773 0.490723 0.185547 0.372070
1 0.802246 0.389160 0.311523 0.124023
1 0.279785 0.528809 0.288086 0.293945
1 0.523438 0.458984 0.191406 0.095703
1 0.786621 0.485352 0.325195 0.146484
1 0.975098 0.517090 0.049805 0.100586
1 0.515625 0.588379 0.195312 0.168945
1 0.779785 0.592773 0.317383 0.117188
1 0.949707 0.735840 0.100586 0.331055
1 0.464355 0.821777 0.928711 0.356445
1 0.991699 0.741699 0.016602 0.139648
1 0.294434 0.714355 0.209961 0.071289
1 0.940430 0.949707 0.119141 0.100586
