0 0.500000 0.500000 1.000000 1.000000
0 0.681152 0.986816 0.100586 0.026367
0 0.997070 0.997070 0.005859 0.005859
0 0.030273 0.997559 0.060547 0.004883
1 0.062500 0.203613 0.125000 0.407227
1 0.194824 0.120117 0.120117 0.240234
1 0.553711 0.169434 0.705078 0.338867
1 0.953125 0.169434 0.093750 0.338867
1 0.553711 0.259766 0.667969 0.357422
1 0.494141 0.579102 0.761719 0.841797
1 0.095703 0.212402 0.044922 0.010742
1 0.933594 0.672363 0.132812 0.655273
1 0.061523 0.700195 0.123047 0.560547
1 0.094727 0.911621 0.019531 0.092773
1 0.094238 0.983398 0.040039 0.033203
1 0.032715 0.990234 0.065430 0.019531
1 0.666992 0.992676 0.048828 0.014648
