0 0.026367 0.081543 0.007812 0.163086
0 0.500000 0.500000 1.000000 1.000000
0 0.147949 0.310059 0.295898 0.278320
1 0.036133 0.165527 0.072266 0.331055
1 0.172363 0.010254 0.161133 0.020508
1 0.276367 0.062988 0.085938 0.125977
1 0.336426 0.067871 0.055664 0.135742
1 0.638672 0.057129 0.517578 0.114258
1 0.923340 0.011230 0.153320 0.022461
1 0.953613 0.084473 0.092773 0.102539
1 0.122559 0.075195 0.067383 0.074219
1 0.174316 0.076172 0.028320 0.076172
1 0.209961 0.078125 0.029297 0.078125
1 0.422363 0.284180 0.844727 0.468750
1 0.454590 0.195801 0.094727 0.278320
1 0.540039 0.205078 0.111328 0.275391
1 0.627930 0.217285 0.105469 0.262695
1 0.666992 0.130371 0.041016 0.063477
1 0.789551 0.161621 0.190430 0.100586
1 0.925781 0.315430 0.148438 0.353516
1 0.771484 0.292969 0.201172 0.171875
1 0.980957 0.404785 0.038086 0.211914
1 0.958984 0.530273 0.082031 0.054688
1 0.443848 0.549316 0.756836 0.079102
1 0.023438 0.517578 0.046875 0.013672
1 0.874023 0.526367 0.066406 0.031250
1 0.911621 0.588867 0.159180 0.066406
1 0.407715 0.626465 0.815430 0.135742
1 0.884277 0.683594 0.163086 0.152344
1 0.987305 0.649414 0.025391 0.078125
1 0.021484 0.683594 0.042969 0.087891
1 0.217773 0.728516 0.337891 0.119141
1 0.413086 0.722168 0.042969 0.098633
1 0.617676 0.728027 0.356445 0.108398
1 0.980469 0.722168 0.039062 0.053711
1 0.036621 0.764160 0.073242 0.047852
1 0.944824 0.806641 0.110352 0.085938
1 0.837402 0.806641 0.088867 0.078125
1 0.425293 0.891602 0.149414 0.216797
1 0.732422 0.892090 0.101562 0.215820
1 0.544434 0.894043 0.116211 0.211914
1 0.251465 0.868652 0.178711 0.159180
1 0.187012 0.829590 0.120117 0.075195
1 0.634277 0.895996 0.084961 0.208008
1 0.053711 0.820801 0.107422 0.045898
1 0.835449 0.927734 0.086914 0.144531
1 0.943848 0.927734 0.112305 0.144531
1 0.076172 0.897461 0.152344 0.082031
1 0.107910 0.974609 0.149414 0.050781
1 0.011719 0.976562 0.023438 0.046875
1 0.267090 0.979004 0.147461 0.041992
