0 0.073242 0.500000 0.113281 1.000000
0 0.507812 0.500000 0.937500 1.000000
1 0.056641 0.500000 0.113281 1.000000
1 0.084473 0.500000 0.098633 1.000000
1 0.188477 0.056152 0.111328 0.112305
1 0.373047 0.057129 0.251953 0.114258
1 0.557617 0.057617 0.099609 0.115234
1 0.678711 0.004395 0.125000 0.008789
1 0.801270 0.005371 0.106445 0.010742
1 0.898926 0.060059 0.124023 0.120117
1 0.958984 0.043457 0.023438 0.086914
1 0.525391 0.500000 0.949219 1.000000
1 0.729492 0.065918 0.238281 0.104492
1 0.313477 0.120117 0.099609 0.003906
1 0.436523 0.121094 0.074219 0.003906
1 0.558594 0.121094 0.048828 0.003906
1 0.702148 0.123535 0.162109 0.004883
1 0.856445 0.127441 0.097656 0.004883
1 0.479492 0.249023 0.105469 0.240234
1 0.662598 0.172363 0.249023 0.084961
1 0.658691 0.257324 0.249023 0.071289
1 0.329590 0.270020 0.196289 0.086914
1 0.655762 0.333008 0.250977 0.070312
1 0.271973 0.416504 0.102539 0.192383
1 0.371094 0.416992 0.101562 0.193359
1 0.260254 0.635742 0.106445 0.238281
