0 0.080078 0.058105 0.160156 0.116211
0 0.618652 0.338379 0.762695 0.676758
0 0.972656 0.115234 0.054688 0.019531
0 0.425781 0.675781 0.851562 0.648438
0 0.943848 0.807617 0.112305 0.091797
1 0.077637 0.036621 0.155273 0.073242
1 0.500000 0.500000 1.000000 1.000000
1 0.795898 0.119629 0.408203 0.239258
1 0.554688 0.075684 0.064453 0.075195
1 0.056641 0.084473 0.113281 0.055664
1 0.575195 0.151367 0.062500 0.060547
1 0.945801 0.235352 0.108398 0.138672
1 0.823242 0.271973 0.193359 0.153320
1 0.963379 0.397461 0.073242 0.205078
1 0.867676 0.425781 0.208008 0.222656
1 0.015625 0.397949 0.031250 0.079102
1 0.038574 0.442383 0.077148 0.119141
1 0.079102 0.552734 0.158203 0.242188
1 0.964844 0.536621 0.070312 0.059570
1 0.157715 0.697266 0.223633 0.177734
1 0.069824 0.801270 0.139648 0.266602
1 0.322754 0.875488 0.368164 0.249023
1 0.183105 0.914551 0.100586 0.170898
1 0.155762 0.943359 0.120117 0.113281
1 0.019531 0.931152 0.039062 0.084961
1 0.488281 0.958008 0.132812 0.083984
1 0.053223 0.966797 0.106445 0.066406
1 0.414551 0.972168 0.045898 0.043945
1 0.699219 0.982422 0.261719 0.035156
1 0.345215 0.984375 0.061523 0.031250
