0 0.402344 0.346680 0.804688 0.693359
0 0.794922 0.020020 0.025391 0.040039
0 0.900879 0.053711 0.084961 0.107422
0 0.939453 0.045410 0.050781 0.090820
0 0.978516 0.000977 0.005859 0.001953
1 0.090332 0.084961 0.180664 0.169922
1 0.191895 0.034668 0.081055 0.069336
1 0.276367 0.111328 0.197266 0.222656
1 0.398438 0.010254 0.076172 0.020508
1 0.478027 0.017578 0.075195 0.035156
1 0.556641 0.041016 0.085938 0.082031
1 0.621582 0.033203 0.088867 0.066406
1 0.681641 0.017090 0.056641 0.034180
1 0.500000 0.500000 1.000000 1.000000
1 0.450684 0.083496 0.180664 0.143555
1 0.165527 0.198242 0.120117 0.132812
1 0.411621 0.252930 0.211914 0.210938
1 0.087402 0.220215 0.084961 0.141602
1 0.038086 0.239746 0.076172 0.145508
1 0.010254 0.284180 0.020508 0.080078
1 0.034180 0.394043 0.068359 0.129883
1 0.001953 0.455566 0.003906 0.010742
1 0.041992 0.575195 0.083984 0.214844
1 0.009766 0.664062 0.019531 0.044922
