0 0.067383 0.028809 0.134766 0.057617
0 0.500000 0.500000 1.000000 1.000000
0 0.959961 0.118652 0.080078 0.237305
0 0.411621 0.593262 0.000977 0.002930
0 0.838867 0.822754 0.322266 0.354492
1 0.061523 0.021973 0.123047 0.043945
1 0.288086 0.087402 0.576172 0.174805
1 0.789551 0.308594 0.420898 0.617188
1 0.963379 0.115234 0.073242 0.230469
1 0.298340 0.234863 0.596680 0.194336
1 0.315430 0.600098 0.630859 0.635742
1 0.995605 0.490723 0.008789 0.028320
1 0.729492 0.747070 0.541016 0.505859
1 0.974121 0.723145 0.051758 0.125977
1 0.265137 0.863281 0.530273 0.273438
1 0.845215 0.906738 0.309570 0.186523
1 0.464355 0.954590 0.252930 0.090820
