0 0.139160 0.500000 0.278320 1.000000
0 0.992188 0.004883 0.015625 0.007812
0 0.987793 0.148438 0.024414 0.009766
0 0.979492 0.287598 0.041016 0.010742
0 0.962891 0.709473 0.074219 0.014648
0 0.955566 0.855469 0.088867 0.015625
0 0.945312 0.993164 0.109375 0.013672
1 0.134277 0.044922 0.268555 0.089844
1 0.578125 0.500000 0.843750 1.000000
1 0.127930 0.163086 0.255859 0.189453
1 0.118652 0.328613 0.237305 0.186523
1 0.109863 0.496094 0.219727 0.183594
1 0.098145 0.658203 0.196289 0.171875
1 0.088867 0.822266 0.177734 0.177734
1 0.077148 0.951172 0.154297 0.097656
