0 0.924805 0.276855 0.150391 0.329102
0 0.443848 0.439453 0.887695 0.583984
0 0.500000 0.663086 1.000000 0.244141
1 0.500000 0.387695 1.000000 0.775391
1 0.938965 0.278809 0.122070 0.295898
1 0.740234 0.347168 0.230469 0.301758
1 0.580078 0.394531 0.236328 0.298828
1 0.455078 0.430664 0.162109 0.277344
1 0.699707 0.353027 0.098633 0.110352
1 0.302734 0.422852 0.244141 0.208984
1 0.619141 0.376465 0.097656 0.110352
1 0.098633 0.496582 0.197266 0.243164
1 0.222168 0.492676 0.188477 0.116211
1 0.014648 0.545410 0.029297 0.147461
1 0.405762 0.560547 0.079102 0.066406
1 0.500000 0.776367 1.000000 0.447266
1 0.261230 0.636230 0.024414 0.149414
