0 0.500000 0.406250 1.000000 0.259766
0 0.869141 0.874512 0.261719 0.250977
0 0.260254 0.922852 0.077148 0.154297
0 0.684570 0.964844 0.041016 0.070312
0 0.993652 0.981934 0.012695 0.036133
1 0.500000 0.234375 1.000000 0.468750
1 0.000977 0.375000 0.001953 0.005859
1 0.132324 0.455078 0.264648 0.152344
1 0.754395 0.444336 0.461914 0.121094
1 0.500000 0.716309 1.000000 0.567383
1 0.396973 0.478516 0.250977 0.041016
1 0.282227 0.496094 0.027344 0.015625
1 0.872070 0.934082 0.255859 0.131836
1 0.999023 0.997559 0.001953 0.004883
