0 0.500000 0.427734 1.000000 0.855469
0 0.926758 0.429688 0.054688 0.265625
0 0.458008 0.781250 0.916016 0.437500
0 0.980469 0.749512 0.039062 0.081055
0 0.984375 0.933594 0.031250 0.132812
1 0.232910 0.173340 0.465820 0.346680
1 0.410645 0.010254 0.125977 0.020508
1 0.498535 0.009766 0.041992 0.019531
1 0.528809 0.000977 0.000977 0.001953
1 0.667969 0.017090 0.128906 0.034180
1 0.867676 0.025391 0.264648 0.050781
1 0.527832 0.002930 0.000977 0.001953
1 0.526855 0.004883 0.000977 0.001953
1 0.525879 0.006836 0.000977 0.001953
1 0.524902 0.008789 0.000977 0.001953
1 0.523926 0.010742 0.000977 0.001953
1 0.522949 0.012695 0.000977 0.001953
1 0.521973 0.014648 0.000977 0.001953
1 0.518555 0.019531 0.005859 0.007812
1 0.526855 0.281738 0.493164 0.481445
1 0.438965 0.173828 0.227539 0.242188
1 0.807129 0.302246 0.174805 0.497070
1 0.921387 0.323242 0.157227 0.521484
1 0.018066 0.330566 0.036133 0.116211
1 0.483398 0.345703 0.097656 0.132812
1 0.046875 0.343262 0.039062 0.041992
1 0.352051 0.411133 0.303711 0.121094
1 0.500000 0.714355 1.000000 0.571289
1 0.818848 0.562988 0.000977 0.000977
1 0.822754 0.563965 0.000977 0.000977
1 0.827637 0.564941 0.002930 0.000977
1 0.915039 0.582031 0.169922 0.033203
1 0.416016 0.780762 0.046875 0.083008
1 0.530762 0.799316 0.192383 0.112305
1 0.424805 0.852539 0.375000 0.214844
1 0.989258 0.938477 0.021484 0.123047
1 0.008301 0.951660 0.016602 0.096680
1 0.093262 0.953613 0.131836 0.092773
1 0.151855 0.920410 0.004883 0.000977
1 0.159668 0.921387 0.006836 0.000977
1 0.167969 0.922363 0.007812 0.000977
1 0.459473 0.956543 0.575195 0.067383
1 0.378906 0.966797 0.429688 0.066406
1 0.671387 0.993164 0.129883 0.013672
1 0.750488 0.990723 0.004883 0.000977
1 0.758301 0.991699 0.004883 0.000977
1 0.765137 0.992676 0.004883 0.000977
1 0.772949 0.993652 0.004883 0.000977
1 0.780273 0.994629 0.005859 0.000977
1 0.788086 0.995605 0.005859 0.000977
1 0.811035 0.998047 0.036133 0.003906
