0 0.500000 0.500000 1.000000 1.000000
0 0.639648 0.821289 0.140625 0.169922
0 0.723633 0.927734 0.070312 0.144531
1 0.063477 0.037598 0.126953 0.075195
1 0.193359 0.051758 0.138672 0.103516
1 0.382812 0.016113 0.232422 0.032227
1 0.758301 0.109863 0.483398 0.219727
1 0.493164 0.039551 0.039062 0.059570
1 0.346191 0.098633 0.217773 0.164062
1 0.437988 0.140625 0.096680 0.162109
1 0.001465 0.063965 0.002930 0.006836
1 0.055664 0.090820 0.103516 0.060547
1 0.526855 0.083496 0.028320 0.034180
1 0.143555 0.205566 0.164062 0.225586
1 0.550781 0.231445 0.132812 0.271484
1 0.858398 0.550293 0.283203 0.899414
1 0.650879 0.237793 0.266602 0.264648
1 0.048828 0.248047 0.097656 0.265625
1 0.274902 0.204590 0.141602 0.114258
1 0.408691 0.286621 0.282227 0.168945
1 0.767090 0.291504 0.190430 0.161133
1 0.167480 0.315918 0.229492 0.106445
1 0.370117 0.659668 0.740234 0.573242
1 0.677246 0.442871 0.077148 0.106445
1 0.016113 0.404297 0.032227 0.023438
1 0.185547 0.743652 0.371094 0.389648
1 0.696289 0.871094 0.167969 0.257812
1 0.432617 0.913574 0.410156 0.172852
1 0.257324 0.872559 0.040039 0.041992
1 0.138184 0.935059 0.180664 0.129883
1 0.769043 0.949219 0.073242 0.101562
1 0.061035 0.970215 0.122070 0.059570
