0 0.500000 0.500000 1.000000 1.000000
0 0.950195 0.048828 0.099609 0.087891
0 0.988770 0.586426 0.022461 0.053711
1 0.017578 0.041504 0.035156 0.083008
1 0.312988 0.193848 0.584961 0.387695
1 0.587402 0.129883 0.229492 0.259766
1 0.626953 0.056152 0.105469 0.112305
1 0.765137 0.207520 0.178711 0.415039
1 0.848633 0.184082 0.158203 0.368164
1 0.932617 0.148926 0.134766 0.297852
1 0.062012 0.248047 0.124023 0.320312
1 0.794922 0.392578 0.410156 0.281250
1 0.976074 0.310059 0.047852 0.102539
1 0.188477 0.401367 0.101562 0.119141
1 0.525391 0.481445 0.248047 0.277344
1 0.377441 0.434082 0.088867 0.151367
1 0.072266 0.419922 0.144531 0.099609
1 0.289062 0.416016 0.103516 0.066406
1 0.907227 0.536133 0.185547 0.261719
1 0.645508 0.573242 0.289062 0.310547
1 0.137207 0.490723 0.086914 0.118164
1 0.265625 0.491699 0.183594 0.092773
1 0.062012 0.508789 0.096680 0.103516
1 0.017578 0.532715 0.035156 0.073242
1 0.316406 0.591797 0.248047 0.162109
1 0.800293 0.608887 0.131836 0.176758
1 0.166992 0.616699 0.085938 0.133789
1 0.098145 0.625977 0.086914 0.128906
1 0.054688 0.676270 0.109375 0.196289
1 0.354492 0.663574 0.261719 0.168945
1 0.530762 0.668457 0.116211 0.127930
1 0.901855 0.723145 0.196289 0.180664
1 0.164551 0.723633 0.116211 0.074219
1 0.773438 0.778320 0.105469 0.121094
1 0.679199 0.786621 0.116211 0.114258
1 0.569824 0.795410 0.143555 0.114258
1 0.312500 0.872559 0.371094 0.254883
1 0.921875 0.854492 0.156250 0.181641
1 0.068359 0.816406 0.136719 0.082031
1 0.416992 0.837891 0.183594 0.072266
1 0.819336 0.921387 0.134766 0.157227
1 0.640137 0.889160 0.237305 0.079102
1 0.083984 0.896973 0.167969 0.081055
1 0.426270 0.906250 0.190430 0.082031
1 0.944336 0.959961 0.111328 0.080078
1 0.661133 0.962402 0.253906 0.075195
1 0.437500 0.970215 0.197266 0.059570
1 0.094238 0.974121 0.188477 0.051758
