0 0.178711 0.112793 0.357422 0.225586
0 0.536621 0.500000 0.926758 1.000000
0 0.082031 0.827637 0.164062 0.344727
0 0.989258 0.737305 0.021484 0.021484
0 0.813477 0.962402 0.031250 0.075195
1 0.068359 0.061523 0.136719 0.123047
1 0.208496 0.047363 0.284180 0.094727
1 0.418457 0.500000 0.836914 1.000000
1 0.914062 0.044922 0.171875 0.089844
1 0.916504 0.156738 0.166992 0.190430
1 0.085938 0.147461 0.171875 0.144531
1 0.672852 0.249023 0.183594 0.224609
1 0.826660 0.313477 0.299805 0.333984
1 0.406738 0.263672 0.309570 0.169922
1 0.954590 0.360352 0.090820 0.222656
1 0.552734 0.341797 0.109375 0.054688
1 0.682129 0.461914 0.293945 0.242188
1 0.474121 0.348145 0.000977 0.000977
1 0.432129 0.469727 0.276367 0.242188
1 0.519531 0.631348 0.335938 0.411133
1 0.857910 0.514160 0.223633 0.145508
1 0.997070 0.471680 0.005859 0.011719
1 0.969727 0.557129 0.060547 0.143555
1 0.770508 0.652344 0.337891 0.181641
1 0.739746 0.750488 0.374023 0.286133
1 0.897949 0.760742 0.204102 0.289062
1 0.986328 0.654297 0.027344 0.046875
1 0.071777 0.833984 0.143555 0.332031
1 0.332031 0.802246 0.230469 0.211914
1 0.369141 0.879883 0.304688 0.240234
1 0.704102 0.905762 0.160156 0.174805
1 0.633301 0.912598 0.237305 0.174805
1 0.880859 0.919434 0.238281 0.161133
1 0.983887 0.895508 0.032227 0.068359
