0 0.500000 0.500000 1.000000 1.000000
1 0.028809 0.178223 0.057617 0.356445
1 0.668945 0.010254 0.298828 0.020508
1 0.910156 0.020996 0.179688 0.041992
1 0.124512 0.057129 0.122070 0.108398
1 0.283691 0.350098 0.204102 0.690430
1 0.531738 0.374023 0.413086 0.734375
1 0.800293 0.238281 0.399414 0.447266
1 0.868652 0.032715 0.083008 0.012695
1 0.128906 0.142090 0.126953 0.051758
1 0.138672 0.215820 0.146484 0.085938
1 0.115234 0.379395 0.230469 0.237305
1 0.828613 0.520996 0.342773 0.190430
1 0.824707 0.455566 0.000977 0.000977
1 0.833008 0.469238 0.015625 0.026367
1 0.116699 0.551758 0.233398 0.119141
1 0.173828 0.571777 0.140625 0.049805
1 0.995605 0.582520 0.008789 0.038086
1 0.702148 0.710938 0.333984 0.230469
1 0.184082 0.685547 0.147461 0.160156
1 0.896484 0.676270 0.156250 0.131836
1 0.990234 0.666016 0.019531 0.111328
1 0.054688 0.668945 0.109375 0.097656
1 0.379883 0.797852 0.255859 0.353516
1 0.269531 0.676270 0.062500 0.092773
1 0.084473 0.773438 0.168945 0.099609
1 0.992676 0.802246 0.014648 0.151367
1 0.147949 0.838867 0.295898 0.218750
1 0.522949 0.874023 0.374023 0.251953
1 0.875488 0.778320 0.192383 0.052734
1 0.856445 0.833008 0.232422 0.056641
1 0.763184 0.903809 0.422852 0.143555
1 0.993164 0.916504 0.013672 0.065430
1 0.265137 0.893066 0.000977 0.000977
1 0.121094 0.966797 0.242188 0.066406
1 0.557617 0.966797 0.201172 0.066406
1 0.812500 0.978027 0.320312 0.043945
1 0.291016 0.978516 0.091797 0.042969
1 0.993652 0.978516 0.012695 0.042969
1 0.425293 0.983887 0.079102 0.032227
