0 0.346191 0.340332 0.692383 0.680664
0 0.889648 0.117676 0.220703 0.235352
0 0.001953 0.074219 0.003906 0.011719
1 0.069824 0.063965 0.139648 0.127930
1 0.138672 0.005371 0.027344 0.010742
1 0.191406 0.016113 0.076172 0.032227
1 0.287598 0.012695 0.061523 0.025391
1 0.364746 0.035645 0.116211 0.071289
1 0.444336 0.056641 0.150391 0.113281
1 0.500000 0.500000 1.000000 1.000000
1 0.934570 0.039062 0.130859 0.078125
1 0.351562 0.123535 0.281250 0.231445
1 0.098145 0.160645 0.196289 0.278320
1 0.854492 0.093750 0.109375 0.117188
1 0.147949 0.187012 0.249023 0.286133
1 0.910645 0.120117 0.110352 0.115234
1 0.978516 0.111816 0.042969 0.081055
1 0.029785 0.166992 0.059570 0.126953
1 0.067383 0.407227 0.134766 0.205078
1 0.119629 0.444824 0.133789 0.163086
1 0.204590 0.465820 0.153320 0.162109
1 0.282227 0.492188 0.136719 0.148438
1 0.341309 0.512695 0.114258 0.134766
