0 0.500000 0.500000 1.000000 1.000000
1 0.026367 0.093750 0.052734 0.187500
1 0.135742 0.099609 0.162109 0.199219
1 0.275391 0.010254 0.089844 0.020508
1 0.663086 0.021973 0.673828 0.043945
1 0.655762 0.176270 0.688477 0.297852
1 0.297363 0.299805 0.333008 0.542969
1 0.888184 0.562500 0.223633 0.875000
1 0.659668 0.265625 0.409180 0.181641
1 0.024414 0.289551 0.048828 0.196289
1 0.117676 0.301758 0.135742 0.218750
1 0.438965 0.439453 0.151367 0.328125
1 0.368164 0.433105 0.156250 0.311523
1 0.508301 0.456543 0.151367 0.325195
1 0.810547 0.593262 0.255859 0.577148
1 0.572266 0.470703 0.148438 0.326172
1 0.637207 0.484863 0.153320 0.329102
1 0.745605 0.416504 0.129883 0.157227
1 0.021973 0.486328 0.043945 0.187500
1 0.098145 0.492188 0.108398 0.197266
1 0.701660 0.574707 0.147461 0.198242
1 0.164551 0.782227 0.237305 0.435547
1 0.268066 0.789062 0.198242 0.421875
1 0.051270 0.792480 0.102539 0.415039
1 0.365723 0.689941 0.116211 0.190430
1 0.432617 0.705078 0.115234 0.191406
1 0.499023 0.720215 0.109375 0.188477
1 0.562988 0.734375 0.112305 0.189453
1 0.648926 0.754395 0.149414 0.196289
1 0.375488 0.895996 0.122070 0.208008
1 0.446289 0.903320 0.107422 0.193359
1 0.510742 0.910156 0.109375 0.179688
1 0.600098 0.917969 0.145508 0.164062
1 0.811523 0.930176 0.343750 0.139648
