0 0.500000 0.500488 1.000000 0.999023
0 0.010254 0.831055 0.020508 0.158203
1 0.500000 0.285645 1.000000 0.571289
1 0.929199 0.139648 0.141602 0.257812
1 0.853516 0.314453 0.132812 0.125000
1 0.840820 0.550293 0.318359 0.567383
1 0.487793 0.526855 0.584961 0.416992
1 0.254395 0.786621 0.508789 0.426758
1 0.461426 0.852051 0.243164 0.272461
1 0.594727 0.862793 0.238281 0.274414
1 0.972656 0.815918 0.054688 0.149414
1 0.006348 0.819824 0.012695 0.118164
1 0.797363 0.886719 0.247070 0.226562
1 0.947266 0.933105 0.093750 0.133789
1 0.303223 0.953125 0.077148 0.093750
1 0.987305 0.958984 0.025391 0.082031
1 0.400391 0.979004 0.148438 0.041992
