0 0.500000 0.500000 1.000000 1.000000
1 0.237793 0.046875 0.475586 0.093750
1 0.672363 0.272949 0.360352 0.545898
1 0.885742 0.248535 0.228516 0.497070
1 0.272949 0.398926 0.545898 0.754883
1 0.514648 0.545410 0.210938 0.362305
1 0.936523 0.741699 0.126953 0.516602
1 0.740234 0.587402 0.273438 0.159180
1 0.077637 0.794922 0.155273 0.410156
1 0.791992 0.815430 0.328125 0.369141
1 0.549805 0.776855 0.179688 0.127930
1 0.279297 0.869141 0.443359 0.261719
1 0.638672 0.816406 0.011719 0.011719
1 0.570312 0.882324 0.177734 0.116211
1 0.660156 0.912109 0.009766 0.013672
1 0.665527 0.919434 0.000977 0.000977
1 0.599121 0.960449 0.200195 0.079102
