0 0.500000 0.500000 1.000000 1.000000
0 0.843750 0.096680 0.312500 0.193359
0 0.959961 0.306641 0.080078 0.009766
0 0.022949 0.636230 0.045898 0.198242
1 0.080566 0.010254 0.161133 0.020508
1 0.216797 0.011230 0.058594 0.022461
1 0.330566 0.033203 0.198242 0.066406
1 0.520508 0.015137 0.203125 0.030273
1 0.625977 0.220215 0.748047 0.440430
1 0.853516 0.044922 0.292969 0.089844
1 0.173828 0.144043 0.347656 0.278320
1 0.944824 0.136719 0.110352 0.097656
1 0.619629 0.499512 0.612305 0.649414
1 0.346680 0.486328 0.449219 0.523438
1 0.122559 0.518066 0.245117 0.528320
1 0.940430 0.592285 0.119141 0.280273
1 0.018066 0.645508 0.036133 0.162109
1 0.636230 0.685547 0.178711 0.150391
1 0.526367 0.724609 0.115234 0.109375
1 0.440918 0.782227 0.120117 0.144531
1 0.342773 0.817383 0.158203 0.169922
1 0.919922 0.807129 0.160156 0.147461
1 0.197754 0.815430 0.133789 0.148438
1 0.573242 0.806152 0.156250 0.077148
1 0.813965 0.892090 0.372070 0.215820
1 0.078613 0.856445 0.157227 0.134766
1 0.553223 0.920410 0.217773 0.159180
1 0.342773 0.934082 0.261719 0.131836
1 0.128906 0.950195 0.257812 0.099609
