0 0.500000 0.500000 1.000000 1.000000
1 0.173828 0.405762 0.347656 0.811523
1 0.566895 0.477051 0.866211 0.954102
1 0.026855 0.695801 0.053711 0.249023
1 0.353027 0.655762 0.131836 0.147461
1 0.360352 0.764648 0.128906 0.130859
1 0.227539 0.871582 0.244141 0.166992
1 0.065430 0.891113 0.130859 0.170898
1 0.321289 0.948242 0.091797 0.103516
1 0.185547 0.959473 0.191406 0.081055
1 0.682617 0.967285 0.634766 0.065430
1 0.104980 0.955566 0.000977 0.000977
1 0.103027 0.956543 0.000977 0.000977
1 0.051270 0.988281 0.102539 0.023438
