0 0.500000 0.500000 1.000000 1.000000
0 0.965332 0.718750 0.069336 0.132812
0 0.476562 0.999023 0.033203 0.001953
1 0.069336 0.049805 0.138672 0.099609
1 0.240234 0.057617 0.218750 0.115234
1 0.514648 0.068848 0.349609 0.137695
1 0.825684 0.473633 0.348633 0.947266
1 0.031738 0.245605 0.063477 0.278320
1 0.321289 0.556152 0.642578 0.887695
1 0.129395 0.339355 0.166992 0.448242
1 0.788574 0.531250 0.352539 0.703125
1 0.814453 0.656738 0.148438 0.500977
1 0.244629 0.634277 0.241211 0.020508
1 0.687500 0.932617 0.265625 0.134766
1 0.915527 0.958008 0.168945 0.083984
1 0.997070 0.933594 0.005859 0.035156
1 0.890625 0.985352 0.126953 0.029297
