0 0.267578 0.282715 0.535156 0.565430
0 0.985840 0.103516 0.028320 0.207031
0 0.500000 0.865723 1.000000 0.268555
1 0.253906 0.048340 0.507812 0.096680
1 0.500000 0.464844 1.000000 0.929688
1 0.993164 0.050293 0.013672 0.100586
1 0.364258 0.148926 0.197266 0.202148
1 0.194824 0.232910 0.127930 0.315430
1 0.062500 0.304199 0.125000 0.420898
1 0.005371 0.530762 0.010742 0.010742
1 0.055664 0.872559 0.111328 0.077148
1 0.224609 0.874023 0.214844 0.074219
1 0.708984 0.955566 0.582031 0.088867
1 0.375488 0.957520 0.073242 0.084961
1 0.198242 0.955566 0.162109 0.075195
1 0.308594 0.953613 0.042969 0.071289
1 0.062012 0.956055 0.124023 0.074219
1 0.063477 0.996582 0.126953 0.006836
1 0.248535 0.996582 0.161133 0.006836
1 0.147949 0.998535 0.030273 0.002930
