0 0.005859 0.007324 0.011719 0.014648
0 0.090332 0.110840 0.180664 0.221680
0 0.500000 0.500000 1.000000 1.000000
0 0.954102 0.102051 0.091797 0.204102
0 0.840820 0.405762 0.318359 0.133789
0 0.869141 0.662598 0.261719 0.184570
1 0.068359 0.069336 0.136719 0.138672
1 0.356934 0.337891 0.713867 0.675781
1 0.615234 0.000977 0.007812 0.001953
1 0.681641 0.015137 0.099609 0.030273
1 0.832520 0.177734 0.334961 0.355469
1 0.960938 0.095703 0.078125 0.191406
1 0.003906 0.159668 0.007812 0.014648
1 0.928223 0.322266 0.143555 0.164062
1 0.780273 0.634277 0.439453 0.635742
1 0.020996 0.504883 0.041992 0.128906
1 0.155762 0.698242 0.311523 0.457031
1 0.987305 0.638672 0.025391 0.078125
1 0.335938 0.805176 0.408203 0.389648
1 0.757324 0.851074 0.485352 0.297852
1 0.160645 0.931152 0.254883 0.137695
1 0.026855 0.930664 0.053711 0.064453
1 0.014160 0.975586 0.028320 0.048828
