0 0.500000 0.344238 1.000000 0.688477
0 0.500000 0.705078 1.000000 0.589844
0 0.024902 0.989258 0.049805 0.021484
1 0.123047 0.074707 0.246094 0.149414
1 0.235840 0.091309 0.147461 0.182617
1 0.369141 0.142578 0.328125 0.285156
1 0.687500 0.338867 0.625000 0.677734
1 0.074707 0.224609 0.149414 0.410156
1 0.500000 0.523926 1.000000 0.706055
1 0.053223 0.574707 0.106445 0.043945
1 0.055664 0.710449 0.111328 0.274414
1 0.427734 0.701660 0.564453 0.198242
1 0.475586 0.808105 0.951172 0.383789
1 0.970215 0.951172 0.059570 0.097656
1 0.016113 0.993164 0.032227 0.013672
