0 0.500000 0.500000 1.000000 1.000000
0 0.421387 0.010254 0.186523 0.020508
0 0.920410 0.513672 0.159180 0.044922
0 0.008789 0.671875 0.017578 0.017578
0 0.021484 0.995605 0.042969 0.008789
1 0.111328 0.318848 0.222656 0.637695
1 0.570801 0.162109 0.858398 0.324219
1 0.379395 0.004395 0.081055 0.008789
1 0.983398 0.219238 0.033203 0.104492
1 0.919922 0.216797 0.078125 0.093750
1 0.828613 0.344727 0.276367 0.138672
1 0.491211 0.640625 0.761719 0.718750
1 0.983887 0.355469 0.032227 0.134766
1 0.598633 0.353516 0.146484 0.072266
1 0.823242 0.560059 0.353516 0.395508
1 0.876465 0.480469 0.247070 0.203125
1 0.266602 0.530273 0.115234 0.171875
1 0.364258 0.652832 0.150391 0.223633
1 0.236328 0.674805 0.128906 0.132812
1 0.084473 0.679688 0.168945 0.105469
1 0.903809 0.801270 0.192383 0.206055
1 0.070312 0.761230 0.140625 0.075195
1 0.002930 0.806152 0.005859 0.028320
1 0.069824 0.826660 0.116211 0.069336
1 0.057129 0.884766 0.110352 0.052734
1 0.970215 0.891113 0.059570 0.059570
1 0.050781 0.932129 0.101562 0.053711
1 0.947754 0.946289 0.104492 0.070312
1 0.895996 0.969727 0.208008 0.060547
1 0.047852 0.978516 0.095703 0.042969
1 0.782227 0.998535 0.005859 0.002930
