0 0.449219 0.130859 0.898438 0.261719
0 0.065918 0.310059 0.131836 0.067383
0 0.051270 0.680664 0.102539 0.208984
1 0.093262 0.033691 0.186523 0.067383
1 0.125488 0.003906 0.040039 0.007812
1 0.350586 0.059570 0.380859 0.119141
1 0.500000 0.500000 1.000000 1.000000
1 0.025879 0.074707 0.051758 0.057617
1 0.140137 0.095703 0.165039 0.076172
1 0.020508 0.133301 0.041016 0.053711
1 0.144531 0.158203 0.199219 0.085938
1 0.015137 0.191895 0.030273 0.051758
1 0.147949 0.213379 0.233398 0.081055
1 0.005371 0.309570 0.010742 0.044922
1 0.046875 0.679688 0.093750 0.191406
