0 0.117676 0.041016 0.235352 0.082031
0 0.500000 0.500000 1.000000 1.000000
1 0.070801 0.018555 0.141602 0.037109
1 0.220215 0.164551 0.440430 0.329102
1 0.451660 0.054688 0.041992 0.109375
1 0.589844 0.070312 0.277344 0.140625
1 0.807129 0.092773 0.202148 0.185547
1 0.838379 0.448730 0.323242 0.897461
1 0.479980 0.515137 0.483398 0.811523
1 0.318848 0.568359 0.213867 0.863281
1 0.731934 0.408203 0.247070 0.498047
1 0.130371 0.385254 0.260742 0.188477
1 0.123535 0.685059 0.247070 0.489258
1 0.956055 0.718750 0.087891 0.345703
1 0.941406 0.957031 0.117188 0.085938
1 0.586914 0.958008 0.583984 0.083984
1 0.134277 0.963867 0.268555 0.072266
