0 0.500000 0.323242 1.000000 0.646484
0 0.500000 0.496094 1.000000 0.353516
0 0.763672 0.923828 0.472656 0.152344
0 0.469727 0.985840 0.019531 0.028320
0 0.756836 0.986816 0.015625 0.026367
1 0.165039 0.318359 0.330078 0.636719
1 0.529785 0.140625 0.551758 0.281250
1 0.908691 0.173828 0.182617 0.347656
1 0.529785 0.330078 0.553711 0.390625
1 0.500000 0.476562 1.000000 0.351562
1 0.500000 0.672363 1.000000 0.655273
1 0.998047 0.865234 0.003906 0.011719
1 0.952637 0.931641 0.094727 0.136719
1 0.874512 0.944824 0.102539 0.110352
1 0.695312 0.956543 0.291016 0.086914
