0 0.150879 0.077637 0.129883 0.155273
0 0.500000 0.500000 1.000000 1.000000
0 0.407715 0.024414 0.018555 0.048828
0 0.654785 0.884766 0.290039 0.230469
0 0.104004 0.969238 0.018555 0.061523
0 0.981445 0.976074 0.037109 0.047852
1 0.202637 0.272461 0.405273 0.544922
1 0.460938 0.291992 0.542969 0.583984
1 0.691406 0.101562 0.392578 0.203125
1 0.959961 0.010742 0.080078 0.021484
1 0.929199 0.085938 0.141602 0.132812
1 0.738281 0.320312 0.404297 0.449219
1 0.924316 0.233398 0.151367 0.220703
1 0.992676 0.306641 0.014648 0.042969
1 0.868652 0.404785 0.262695 0.159180
1 0.206543 0.548828 0.413086 0.103516
1 0.805664 0.719727 0.388672 0.441406
1 0.084961 0.564941 0.169922 0.104492
1 0.493164 0.547852 0.003906 0.001953
1 0.573730 0.787598 0.581055 0.424805
1 0.269043 0.615234 0.178711 0.068359
1 0.073730 0.651367 0.147461 0.093750
1 0.179199 0.652832 0.024414 0.018555
1 0.145020 0.802734 0.290039 0.283203
1 0.148926 0.666504 0.000977 0.000977
1 0.060059 0.740723 0.120117 0.120117
1 0.374023 0.711426 0.003906 0.000977
1 0.347656 0.720703 0.001953 0.001953
1 0.211426 0.808594 0.206055 0.132812
1 0.685059 0.931152 0.206055 0.137695
1 0.296387 0.934082 0.073242 0.131836
1 0.127930 0.936523 0.255859 0.126953
1 0.960938 0.940430 0.078125 0.119141
1 0.992676 0.988770 0.014648 0.022461
1 0.845215 0.992676 0.018555 0.014648
1 0.209473 0.994629 0.088867 0.010742
