0 0.500000 0.500000 1.000000 1.000000
0 0.652832 0.804688 0.694336 0.390625
1 0.140137 0.185547 0.280273 0.371094
1 0.504395 0.166992 0.483398 0.333984
1 0.833496 0.101074 0.186523 0.202148
1 0.956055 0.135742 0.087891 0.271484
1 0.828125 0.267090 0.152344 0.133789
1 0.520020 0.285645 0.258789 0.094727
1 0.952148 0.304199 0.095703 0.053711
1 0.124512 0.409180 0.249023 0.156250
1 0.410645 0.389160 0.276367 0.100586
1 0.612793 0.672363 0.774414 0.655273
1 0.410645 0.485352 0.256836 0.125000
1 0.132324 0.530762 0.264648 0.182617
1 0.215820 0.650391 0.083984 0.148438
1 0.115234 0.664062 0.126953 0.130859
1 0.662109 0.809570 0.675781 0.380859
1 0.027344 0.679688 0.054688 0.103516
1 0.120117 0.810547 0.240234 0.146484
1 0.027344 0.780273 0.054688 0.074219
1 0.073242 0.921387 0.146484 0.083008
1 0.111328 0.941895 0.222656 0.116211
