0 0.500000 0.500000 1.000000 1.000000
0 0.019531 0.305664 0.039062 0.013672
0 0.923340 0.570312 0.153320 0.025391
1 0.011230 0.040527 0.022461 0.081055
1 0.112793 0.075684 0.221680 0.151367
1 0.398438 0.020996 0.208984 0.041992
1 0.665527 0.059082 0.334961 0.118164
1 0.763184 0.002930 0.034180 0.005859
1 0.819336 0.024414 0.054688 0.048828
1 0.914062 0.082031 0.171875 0.164062
1 0.298340 0.257812 0.352539 0.476562
1 0.612793 0.317871 0.368164 0.487305
1 0.092773 0.274902 0.185547 0.315430
1 0.901367 0.156250 0.197266 0.048828
1 0.898926 0.267090 0.202148 0.237305
1 0.843750 0.337402 0.218750 0.266602
1 0.481934 0.423828 0.235352 0.216797
1 0.595215 0.467285 0.073242 0.157227
1 0.852539 0.514648 0.294922 0.226562
1 0.053711 0.550781 0.107422 0.253906
1 0.159668 0.549316 0.186523 0.209961
1 0.301270 0.528809 0.104492 0.104492
1 0.465820 0.597168 0.246094 0.186523
1 0.193359 0.630371 0.275391 0.200195
1 0.602051 0.680176 0.161133 0.262695
1 0.743652 0.607422 0.143555 0.083984
1 0.723145 0.717285 0.209961 0.235352
1 0.879395 0.728027 0.241211 0.256836
1 0.421875 0.696289 0.238281 0.185547
1 0.973633 0.762695 0.052734 0.205078
1 0.021973 0.762207 0.043945 0.172852
1 0.069336 0.811035 0.138672 0.245117
1 0.191406 0.831543 0.203125 0.249023
1 0.422852 0.869141 0.359375 0.261719
1 0.812988 0.803711 0.153320 0.111328
1 0.760254 0.910156 0.329102 0.179688
1 0.994141 0.850586 0.011719 0.041016
1 0.947266 0.935059 0.105469 0.129883
1 0.122070 0.955078 0.244141 0.089844
1 0.629883 0.960938 0.115234 0.078125
1 0.318848 0.982422 0.151367 0.035156
