0 0.500000 0.500000 1.000000 1.000000
0 0.602051 0.210449 0.030273 0.420898
0 0.836426 0.026855 0.327148 0.053711
0 0.923828 0.013184 0.152344 0.026367
0 0.990234 0.744629 0.019531 0.022461
0 0.964844 0.814453 0.070312 0.048828
0 0.876465 0.926758 0.247070 0.146484
1 0.033203 0.030273 0.066406 0.060547
1 0.504883 0.422363 0.990234 0.844727
1 0.908203 0.015625 0.183594 0.031250
1 0.031738 0.158203 0.063477 0.173828
1 0.111328 0.633789 0.222656 0.732422
1 0.705566 0.652832 0.588867 0.663086
1 0.783203 0.792480 0.433594 0.415039
1 0.297852 0.880859 0.494141 0.238281
1 0.916992 0.933594 0.166016 0.132812
1 0.852051 0.969238 0.165039 0.061523
