0 0.805176 0.069824 0.129883 0.139648
0 0.500000 0.500000 1.000000 1.000000
0 0.153809 0.894043 0.307617 0.211914
1 0.479492 0.407715 0.958984 0.815430
1 0.975586 0.052246 0.048828 0.104492
1 0.925293 0.313965 0.149414 0.426758
1 0.793457 0.420410 0.194336 0.278320
1 0.870605 0.466797 0.090820 0.066406
1 0.229492 0.744141 0.458984 0.511719
1 0.895020 0.534668 0.206055 0.055664
1 0.732910 0.573730 0.069336 0.022461
1 0.892090 0.578613 0.215820 0.026367
1 0.803223 0.712402 0.391602 0.254883
1 0.937988 0.617676 0.124023 0.047852
1 0.945801 0.791016 0.108398 0.210938
1 0.559082 0.793945 0.151367 0.138672
1 0.609863 0.875000 0.506836 0.250000
1 0.106934 0.899902 0.213867 0.200195
1 0.437500 0.913574 0.160156 0.147461
1 0.909180 0.934082 0.181641 0.131836
1 0.239746 0.980957 0.094727 0.038086
1 0.356934 0.987793 0.000977 0.000977
