0 0.500000 0.500000 1.000000 1.000000
0 0.938477 0.668945 0.123047 0.066406
0 0.578613 0.903809 0.178711 0.192383
0 0.259766 0.950684 0.097656 0.098633
0 0.988281 0.985840 0.023438 0.028320
0 0.004883 0.987793 0.009766 0.024414
0 0.169922 0.993164 0.021484 0.013672
1 0.081055 0.113281 0.162109 0.226562
1 0.272461 0.047363 0.205078 0.094727
1 0.364258 0.150391 0.429688 0.300781
1 0.568359 0.040527 0.128906 0.081055
1 0.618164 0.061035 0.140625 0.122070
1 0.746094 0.098633 0.355469 0.197266
1 0.946777 0.010254 0.032227 0.020508
1 0.805176 0.429688 0.389648 0.859375
1 0.202148 0.272949 0.164062 0.149414
1 0.059570 0.289551 0.119141 0.176758
1 0.407227 0.612305 0.814453 0.775391
1 0.347656 0.306641 0.173828 0.152344
1 0.172363 0.525391 0.344727 0.375000
1 0.045410 0.419434 0.090820 0.098633
1 0.033203 0.548340 0.066406 0.188477
1 0.673828 0.679199 0.132812 0.098633
1 0.898438 0.866211 0.203125 0.205078
1 0.577148 0.906250 0.164062 0.142578
1 0.913574 0.925781 0.172852 0.148438
1 0.999023 0.999023 0.001953 0.001953
