0 0.500000 0.500000 1.000000 1.000000
0 0.692383 0.006836 0.023438 0.013672
1 0.127930 0.182129 0.255859 0.364258
1 0.245117 0.030762 0.181641 0.061523
1 0.383789 0.032715 0.074219 0.065430
1 0.450684 0.030273 0.038086 0.060547
1 0.509277 0.023438 0.057617 0.046875
1 0.674316 0.095215 0.411133 0.190430
1 0.917480 0.049805 0.165039 0.099609
1 0.410645 0.231934 0.473633 0.377930
1 0.932129 0.173828 0.135742 0.160156
1 0.743164 0.305664 0.513672 0.392578
1 0.242676 0.627441 0.485352 0.624023
1 0.886719 0.537598 0.226562 0.237305
1 0.540527 0.545898 0.215820 0.199219
1 0.756348 0.681641 0.487305 0.367188
1 0.997559 0.617676 0.004883 0.022461
1 0.546875 0.718750 0.191406 0.175781
1 0.432617 0.848633 0.208984 0.080078
1 0.988281 0.851074 0.023438 0.071289
1 0.912109 0.859863 0.107422 0.073242
1 0.796387 0.868164 0.084961 0.068359
1 0.667480 0.878906 0.143555 0.070312
1 0.402832 0.946289 0.336914 0.107422
1 0.580078 0.898438 0.009766 0.009766
1 0.983398 0.949219 0.033203 0.101562
1 0.912109 0.951172 0.095703 0.097656
1 0.802246 0.956055 0.090820 0.087891
1 0.699219 0.960938 0.089844 0.078125
1 0.115234 0.962402 0.230469 0.075195
1 0.619629 0.963867 0.049805 0.072266
