0 0.500000 0.500000 1.000000 1.000000
0 0.776855 0.932617 0.041992 0.134766
1 0.125000 0.037109 0.250000 0.074219
1 0.254395 0.006348 0.022461 0.012695
1 0.321777 0.013184 0.053711 0.026367
1 0.497070 0.046875 0.248047 0.093750
1 0.383301 0.462891 0.747070 0.925781
1 0.761230 0.038086 0.071289 0.076172
1 0.899902 0.046875 0.200195 0.093750
1 0.302246 0.024414 0.045898 0.035156
1 0.833496 0.518066 0.333008 0.963867
1 0.105957 0.241211 0.211914 0.400391
1 0.748535 0.203613 0.163086 0.243164
1 0.408203 0.238770 0.226562 0.143555
1 0.220703 0.218262 0.113281 0.055664
1 0.294922 0.349121 0.060547 0.170898
1 0.649414 0.431152 0.150391 0.249023
1 0.235352 0.429688 0.111328 0.203125
1 0.027344 0.606445 0.054688 0.224609
1 0.490234 0.710938 0.199219 0.271484
1 0.664062 0.795410 0.142578 0.364258
1 0.323730 0.642090 0.000977 0.000977
1 0.590820 0.821289 0.136719 0.261719
1 0.029297 0.765625 0.058594 0.080078
1 0.201660 0.881836 0.309570 0.236328
1 0.024902 0.867188 0.049805 0.175781
1 0.053711 0.926270 0.107422 0.147461
1 0.500488 0.950684 0.274414 0.098633
1 0.143555 0.956543 0.123047 0.086914
