0 0.017578 0.027344 0.035156 0.054688
0 0.500000 0.500000 1.000000 1.000000
0 0.854980 0.845703 0.290039 0.308594
0 0.026855 0.723633 0.053711 0.046875
1 0.014160 0.022461 0.028320 0.044922
1 0.123535 0.263184 0.247070 0.526367
1 0.164062 0.032715 0.119141 0.065430
1 0.239746 0.039551 0.223633 0.079102
1 0.444336 0.009277 0.144531 0.018555
1 0.531250 0.012695 0.027344 0.025391
1 0.553711 0.049316 0.101562 0.098633
1 0.723145 0.162598 0.299805 0.325195
1 0.850098 0.266602 0.299805 0.533203
1 0.433594 0.122559 0.283203 0.241211
1 0.404785 0.339355 0.354492 0.493164
1 0.345215 0.133301 0.127930 0.073242
1 0.115723 0.464844 0.231445 0.367188
1 0.636230 0.651367 0.727539 0.697266
1 0.862305 0.479004 0.275391 0.198242
1 0.305664 0.721680 0.111328 0.257812
1 0.127441 0.729980 0.254883 0.260742
1 0.419434 0.696289 0.120117 0.089844
1 0.379883 0.768555 0.105469 0.105469
1 0.973633 0.787598 0.052734 0.114258
1 0.455078 0.765137 0.080078 0.051758
1 0.084473 0.873047 0.168945 0.171875
1 0.422363 0.864746 0.088867 0.124023
1 0.295898 0.895020 0.062500 0.143555
1 0.924805 0.914551 0.150391 0.170898
1 0.364258 0.884766 0.097656 0.089844
1 0.199707 0.936523 0.108398 0.126953
1 0.137695 0.951660 0.064453 0.096680
1 0.063965 0.961426 0.112305 0.077148
1 0.404785 0.963379 0.100586 0.067383
1 0.337402 0.958496 0.038086 0.049805
1 0.781250 0.968262 0.132812 0.063477
1 0.303711 0.985352 0.083984 0.029297
1 0.375488 0.995117 0.049805 0.009766
