0 0.500000 0.500000 1.000000 1.000000
0 0.949219 0.595703 0.101562 0.013672
0 0.950684 0.956543 0.098633 0.086914
0 0.668945 0.979004 0.011719 0.041992
1 0.051270 0.037109 0.102539 0.074219
1 0.327148 0.000977 0.029297 0.001953
1 0.395020 0.003906 0.081055 0.007812
1 0.281738 0.253906 0.475586 0.507812
1 0.544922 0.076660 0.087891 0.153320
1 0.702148 0.004883 0.173828 0.009766
1 0.822754 0.004883 0.053711 0.009766
1 0.902832 0.080078 0.194336 0.160156
1 0.708984 0.060547 0.201172 0.076172
1 0.043457 0.123535 0.086914 0.083008
1 0.699707 0.137207 0.194336 0.065430
1 0.538086 0.241211 0.095703 0.164062
1 0.906738 0.229004 0.186523 0.125977
1 0.126465 0.584961 0.252930 0.826172
1 0.703125 0.206543 0.205078 0.063477
1 0.696289 0.286133 0.214844 0.080078
1 0.343750 0.356934 0.277344 0.206055
1 0.907227 0.328613 0.185547 0.112305
1 0.525391 0.520508 0.097656 0.419922
1 0.694824 0.382812 0.213867 0.123047
1 0.433594 0.490723 0.083984 0.245117
1 0.903320 0.693848 0.193359 0.612305
1 0.321777 0.496094 0.135742 0.138672
1 0.690918 0.465332 0.211914 0.034180
1 0.688965 0.516602 0.215820 0.062500
1 0.309082 0.749023 0.124023 0.443359
1 0.683105 0.584961 0.225586 0.066406
1 0.438477 0.789062 0.214844 0.421875
1 0.677734 0.704102 0.253906 0.166016
1 0.592285 0.686523 0.075195 0.128906
1 0.668945 0.686035 0.072266 0.124023
1 0.182617 0.830078 0.134766 0.339844
1 0.397461 0.700684 0.074219 0.057617
1 0.443359 0.834961 0.039062 0.150391
1 0.685059 0.895508 0.260742 0.208984
1 0.048340 0.950684 0.096680 0.098633
1 0.504395 0.968750 0.084961 0.062500
1 0.290039 0.980957 0.117188 0.038086
