0 0.500000 0.500000 1.000000 1.000000
0 0.568359 0.375000 0.863281 0.750000
1 0.052734 0.044922 0.105469 0.089844
1 0.565430 0.376953 0.869141 0.753906
1 0.317871 0.104004 0.321289 0.208008
1 0.540039 0.015625 0.205078 0.031250
1 0.767578 0.046875 0.232422 0.093750
1 0.943359 0.056641 0.113281 0.113281
1 0.099609 0.078125 0.154297 0.142578
1 0.533691 0.095215 0.206055 0.141602
1 0.206543 0.169434 0.209961 0.194336
1 0.803223 0.145020 0.338867 0.133789
1 0.038574 0.169434 0.077148 0.149414
1 0.984375 0.171387 0.031250 0.094727
1 0.075684 0.271484 0.151367 0.205078
1 0.676270 0.227539 0.397461 0.105469
1 0.309570 0.260742 0.148438 0.146484
1 0.685547 0.425781 0.558594 0.431641
1 0.938965 0.261719 0.122070 0.095703
1 0.266113 0.531250 0.532227 0.613281
1 0.833984 0.390625 0.332031 0.265625
1 0.691406 0.547852 0.494141 0.503906
1 0.957520 0.348145 0.084961 0.086914
1 0.002441 0.382812 0.004883 0.009766
1 0.675293 0.669434 0.393555 0.403320
1 0.993652 0.526855 0.012695 0.038086
1 0.958008 0.639160 0.083984 0.184570
1 0.056152 0.676270 0.112305 0.147461
1 0.661133 0.777344 0.304688 0.326172
1 0.084961 0.813965 0.169922 0.186523
1 0.944336 0.820801 0.111328 0.168945
1 0.646484 0.884766 0.210938 0.230469
1 0.349121 0.868164 0.409180 0.140625
1 0.915039 0.908203 0.169922 0.183594
1 0.076172 0.936523 0.152344 0.126953
1 0.540527 0.943848 0.108398 0.112305
1 0.861328 0.943848 0.179688 0.112305
1 0.386719 0.947266 0.193359 0.091797
1 0.231445 0.955078 0.126953 0.089844
1 0.101562 0.977051 0.134766 0.045898
1 0.772949 0.979980 0.079102 0.040039
1 0.407227 0.990723 0.166016 0.018555
