0 0.500000 0.500000 1.000000 1.000000
0 0.998535 0.011230 0.002930 0.022461
0 0.143066 0.994141 0.020508 0.011719
1 0.189453 0.100586 0.378906 0.201172
1 0.252441 0.017578 0.274414 0.035156
1 0.544434 0.071777 0.319336 0.143555
1 0.857422 0.044922 0.283203 0.089844
1 0.961426 0.019043 0.077148 0.038086
1 0.778809 0.069824 0.120117 0.098633
1 0.571289 0.216309 0.322266 0.293945
1 0.927734 0.110352 0.144531 0.033203
1 0.053711 0.264648 0.083984 0.326172
1 0.318848 0.166504 0.092773 0.079102
1 0.834961 0.181641 0.208984 0.091797
1 0.515625 0.184082 0.277344 0.092773
1 0.973145 0.170898 0.053711 0.056641
1 0.806152 0.379395 0.387695 0.368164
1 0.186523 0.293945 0.173828 0.175781
1 0.385254 0.302734 0.260742 0.175781
1 0.503418 0.381836 0.165039 0.128906
1 0.203125 0.406250 0.208984 0.119141
1 0.400391 0.483398 0.148438 0.267578
1 0.558594 0.465820 0.212891 0.169922
1 0.220215 0.493164 0.243164 0.134766
1 0.047852 0.553711 0.074219 0.212891
1 0.377930 0.727539 0.730469 0.544922
1 0.885742 0.533203 0.228516 0.119141
1 0.225098 0.633789 0.258789 0.236328
1 0.918457 0.583008 0.163086 0.123047
1 0.684570 0.663086 0.214844 0.144531
1 0.888184 0.793457 0.223633 0.385742
1 0.927734 0.682617 0.144531 0.078125
1 0.073242 0.757812 0.146484 0.164062
1 0.664551 0.764160 0.360352 0.137695
1 0.954102 0.771484 0.091797 0.076172
1 0.426758 0.829590 0.085938 0.172852
1 0.349121 0.860352 0.049805 0.113281
1 0.980957 0.843262 0.038086 0.053711
1 0.006836 0.855469 0.013672 0.050781
1 0.693848 0.881836 0.418945 0.070312
1 0.256836 0.954590 0.095703 0.090820
1 0.035645 0.957520 0.071289 0.084961
1 0.652832 0.961914 0.655273 0.076172
