0 0.932617 0.393555 0.134766 0.787109
0 0.467285 0.926758 0.405273 0.146484
0 0.061523 0.944824 0.123047 0.110352
0 0.195312 0.951660 0.019531 0.096680
1 0.500000 0.500000 1.000000 1.000000
1 0.964844 0.220703 0.070312 0.441406
1 0.988770 0.543945 0.022461 0.138672
1 0.320801 0.929199 0.094727 0.065430
1 0.456543 0.960449 0.151367 0.079102
1 0.009766 0.977539 0.019531 0.044922
1 0.330078 0.978516 0.099609 0.042969
1 0.041016 0.979004 0.033203 0.041992
1 0.088379 0.978027 0.055664 0.038086
1 0.105957 0.998535 0.020508 0.002930
