0 0.255371 0.076660 0.360352 0.153320
0 0.500000 0.606934 1.000000 0.786133
0 0.945312 0.880859 0.109375 0.238281
1 0.500000 0.166016 1.000000 0.332031
1 0.011719 0.277832 0.023438 0.112305
1 0.737305 0.338867 0.195312 0.144531
1 0.540527 0.356934 0.202148 0.149414
1 0.341797 0.378906 0.189453 0.148438
1 0.919922 0.353027 0.160156 0.075195
1 0.142578 0.400391 0.212891 0.152344
1 0.019531 0.415039 0.039062 0.134766
1 0.760254 0.693848 0.479492 0.612305
1 0.259766 0.537109 0.519531 0.197266
1 0.320801 0.787598 0.491211 0.424805
1 0.043457 0.710938 0.086914 0.142578
1 0.060059 0.889648 0.120117 0.220703
1 0.952637 0.891602 0.094727 0.193359
1 0.966797 0.995605 0.066406 0.008789
