0 0.500000 0.500000 1.000000 1.000000
1 0.258301 0.165039 0.516602 0.330078
1 0.702148 0.074219 0.367188 0.148438
1 0.889160 0.042969 0.110352 0.085938
1 0.948730 0.129883 0.102539 0.259766
1 0.568359 0.276855 0.535156 0.424805
1 0.890137 0.263672 0.219727 0.296875
1 0.176758 0.647949 0.353516 0.704102
1 0.588379 0.446777 0.334961 0.202148
1 0.882324 0.431641 0.235352 0.130859
1 0.816406 0.493164 0.199219 0.167969
1 0.966309 0.501953 0.067383 0.074219
1 0.389648 0.738770 0.628906 0.522461
1 0.580078 0.754883 0.839844 0.490234
1 0.736816 0.599121 0.092773 0.077148
