0 0.500000 0.500000 1.000000 1.000000
0 0.900879 0.789062 0.198242 0.421875
0 0.963379 0.958984 0.073242 0.082031
1 0.232910 0.059570 0.454102 0.119141
1 0.410645 0.024414 0.198242 0.048828
1 0.582520 0.062988 0.237305 0.125977
1 0.883301 0.028320 0.233398 0.056641
1 0.698242 0.085938 0.210938 0.169922
1 0.199219 0.104980 0.398438 0.192383
1 0.822754 0.134277 0.151367 0.209961
1 0.936035 0.132324 0.118164 0.163086
1 0.047363 0.136719 0.094727 0.142578
1 0.896973 0.295898 0.206055 0.376953
1 0.598145 0.298828 0.518555 0.363281
1 0.211914 0.209473 0.250000 0.143555
1 0.040039 0.281250 0.080078 0.150391
1 0.234375 0.371582 0.263672 0.297852
1 0.140625 0.359375 0.281250 0.228516
1 0.929688 0.424316 0.140625 0.200195
1 0.352051 0.490723 0.291992 0.110352
1 0.041992 0.512207 0.083984 0.100586
1 0.644531 0.516113 0.380859 0.096680
1 0.977539 0.508301 0.044922 0.069336
1 0.808105 0.619141 0.231445 0.244141
1 0.094727 0.640137 0.189453 0.245117
1 0.782227 0.764648 0.435547 0.470703
1 0.181641 0.658691 0.253906 0.249023
1 0.279785 0.687012 0.305664 0.290039
1 0.311035 0.778809 0.458008 0.442383
1 0.011230 0.583008 0.022461 0.039062
1 0.479492 0.783691 0.570312 0.432617
1 0.938965 0.726074 0.122070 0.249023
1 0.504395 0.827148 0.338867 0.345703
1 0.602051 0.850098 0.297852 0.299805
1 0.056641 0.845703 0.113281 0.199219
1 0.909668 0.878906 0.180664 0.242188
1 0.009766 0.779785 0.019531 0.041992
1 0.095215 0.898438 0.190430 0.203125
1 0.984863 0.982422 0.030273 0.035156
