0 0.134766 0.130859 0.269531 0.261719
0 0.500000 0.500000 1.000000 1.000000
0 0.007812 0.049805 0.015625 0.017578
0 0.007324 0.392090 0.014648 0.038086
0 0.924805 0.978516 0.136719 0.019531
1 0.131836 0.128418 0.263672 0.256836
1 0.239258 0.329102 0.478516 0.658203
1 0.459961 0.022949 0.195312 0.045898
1 0.628418 0.203125 0.344727 0.406250
1 0.889160 0.097656 0.221680 0.195312
1 0.814941 0.285156 0.370117 0.392578
1 0.937012 0.602539 0.125977 0.634766
1 0.453125 0.477051 0.324219 0.239258
1 0.003906 0.388672 0.007812 0.017578
1 0.727539 0.582520 0.332031 0.327148
1 0.438965 0.769531 0.284180 0.460938
1 0.233398 0.715332 0.300781 0.227539
1 0.052734 0.752441 0.105469 0.233398
1 0.686523 0.789062 0.298828 0.230469
1 0.293945 0.869141 0.255859 0.261719
1 0.871094 0.833496 0.164062 0.159180
1 0.112305 0.895508 0.224609 0.208984
1 0.768066 0.947754 0.463867 0.104492
