0 0.500000 0.234375 1.000000 0.468750
0 0.242676 0.015137 0.016602 0.030273
0 0.789062 0.000977 0.007812 0.001953
0 0.905762 0.017578 0.188477 0.035156
0 0.701660 0.036621 0.000977 0.000977
0 0.059082 0.067383 0.000977 0.001953
0 0.686523 0.165527 0.050781 0.129883
0 0.666504 0.230957 0.000977 0.000977
0 0.475098 0.251465 0.000977 0.000977
0 0.474121 0.252441 0.000977 0.000977
0 0.473145 0.253418 0.000977 0.000977
0 0.423340 0.277832 0.000977 0.000977
1 0.172363 0.067871 0.344727 0.135742
1 0.120605 0.038086 0.106445 0.076172
1 0.379395 0.061035 0.422852 0.122070
1 0.716797 0.156738 0.566406 0.313477
1 0.824707 0.000488 0.002930 0.000977
1 0.938477 0.014648 0.123047 0.029297
1 0.950684 0.021973 0.000977 0.000977
1 0.953613 0.022949 0.000977 0.000977
1 0.807617 0.054199 0.003906 0.000977
1 0.066895 0.063477 0.000977 0.001953
1 0.068359 0.064941 0.001953 0.000977
1 0.500000 0.551758 1.000000 0.896484
1 0.440430 0.141602 0.189453 0.050781
1 0.385254 0.121582 0.000977 0.000977
1 0.392090 0.122559 0.000977 0.000977
1 0.433105 0.127441 0.000977 0.000977
1 0.826660 0.180664 0.102539 0.074219
1 0.829590 0.145020 0.000977 0.000977
1 0.777832 0.195801 0.000977 0.000977
1 0.774902 0.218262 0.000977 0.000977
1 0.475098 0.250488 0.000977 0.000977
1 0.474121 0.251465 0.000977 0.000977
1 0.473145 0.252441 0.000977 0.000977
1 0.431152 0.270020 0.000977 0.000977
1 0.442871 0.273926 0.000977 0.000977
1 0.424805 0.275879 0.001953 0.000977
1 0.423340 0.276855 0.000977 0.000977
1 0.576660 0.420410 0.000977 0.000977
1 0.469238 0.439941 0.000977 0.000977
1 0.461426 0.444824 0.000977 0.000977
1 0.458496 0.446777 0.000977 0.000977
