0 0.363281 0.500000 0.726562 1.000000
0 0.594238 0.500000 0.303711 1.000000
0 0.620605 0.500000 0.305664 1.000000
0 0.647949 0.500000 0.313477 1.000000
0 0.931641 0.500000 0.136719 1.000000
0 0.010742 0.240234 0.021484 0.095703
0 0.003906 0.580078 0.007812 0.007812
0 0.753418 0.674316 0.000977 0.000977
0 0.690918 0.854004 0.102539 0.291992
1 0.149414 0.043457 0.298828 0.086914
1 0.488770 0.055664 0.411133 0.111328
1 0.702637 0.023926 0.016602 0.047852
1 0.582031 0.500000 0.292969 1.000000
1 0.607910 0.500000 0.297852 1.000000
1 0.631348 0.500000 0.293945 1.000000
1 0.742676 0.500000 0.458008 1.000000
1 0.960449 0.188477 0.079102 0.376953
1 0.329590 0.296387 0.659180 0.420898
1 0.961426 0.434570 0.077148 0.083984
1 0.057129 0.613770 0.114258 0.389648
1 0.271973 0.716797 0.543945 0.566406
1 0.961914 0.537109 0.076172 0.105469
1 0.951660 0.781738 0.096680 0.366211
1 0.287598 0.986816 0.190430 0.026367
1 0.948730 0.995117 0.102539 0.009766
