0 0.413086 0.500000 0.826172 1.000000
0 0.400879 0.020020 0.053711 0.040039
0 0.708496 0.003906 0.010742 0.007812
0 0.658203 0.500000 0.683594 1.000000
0 0.994141 0.050293 0.011719 0.010742
0 0.966309 0.160645 0.067383 0.129883
0 0.007812 0.839355 0.015625 0.016602
1 0.059082 0.071777 0.118164 0.143555
1 0.189941 0.053223 0.151367 0.106445
1 0.375488 0.065918 0.247070 0.131836
1 0.615234 0.107422 0.388672 0.214844
1 0.570801 0.500000 0.520508 1.000000
1 0.865723 0.175293 0.268555 0.350586
1 0.285645 0.152832 0.254883 0.245117
1 0.205078 0.389160 0.410156 0.604492
1 0.044922 0.223633 0.089844 0.216797
1 0.445801 0.404297 0.342773 0.537109
1 0.525391 0.233398 0.132812 0.152344
1 0.604004 0.269043 0.174805 0.178711
1 0.256836 0.298828 0.134766 0.119141
1 0.793945 0.466797 0.412109 0.447266
1 0.723145 0.760742 0.553711 0.478516
1 0.145996 0.625977 0.159180 0.167969
1 0.247070 0.663086 0.162109 0.158203
1 0.264648 0.815430 0.363281 0.369141
1 0.055664 0.815430 0.111328 0.289062
1 0.131348 0.852539 0.262695 0.294922
1 0.483398 0.900879 0.300781 0.198242
1 0.759277 0.947266 0.331055 0.105469
