0 0.093262 0.005859 0.077148 0.011719
0 0.643555 0.100586 0.712891 0.201172
0 0.770020 0.003906 0.024414 0.007812
0 0.500000 0.586426 1.000000 0.827148
0 0.954102 0.327148 0.091797 0.087891
0 0.978516 0.442871 0.042969 0.022461
1 0.500000 0.425293 1.000000 0.850586
1 0.091797 0.001953 0.046875 0.003906
1 0.460449 0.044922 0.288086 0.089844
1 0.790527 0.097168 0.418945 0.194336
1 0.053223 0.249512 0.106445 0.131836
1 0.117188 0.531738 0.234375 0.465820
1 0.441895 0.766602 0.883789 0.466797
1 0.992188 0.706055 0.015625 0.037109
1 0.951660 0.854980 0.096680 0.239258
1 0.897461 0.931641 0.203125 0.136719
