0 0.221680 0.191895 0.443359 0.383789
0 0.459473 0.047852 0.118164 0.095703
0 0.695312 0.039551 0.167969 0.079102
0 0.500000 0.580078 1.000000 0.839844
0 0.000977 0.240234 0.001953 0.005859
0 0.110352 0.614746 0.177734 0.106445
0 0.187988 0.907715 0.161133 0.127930
1 0.034668 0.023438 0.069336 0.046875
1 0.175293 0.073242 0.223633 0.146484
1 0.289062 0.001953 0.007812 0.003906
1 0.500000 0.368652 1.000000 0.737305
1 0.886719 0.277344 0.226562 0.212891
1 0.280762 0.273926 0.000977 0.000977
1 0.097168 0.303223 0.034180 0.018555
1 0.799805 0.604492 0.400391 0.595703
1 0.078613 0.312988 0.000977 0.000977
1 0.076660 0.313965 0.000977 0.000977
1 0.592773 0.616699 0.376953 0.411133
1 0.333008 0.761230 0.666016 0.477539
1 0.849609 0.850098 0.300781 0.299805
1 0.786621 0.963379 0.176758 0.073242
1 0.672852 0.971680 0.076172 0.056641
