0 0.051758 0.143555 0.103516 0.287109
0 0.500000 0.694824 1.000000 0.610352
1 0.046387 0.130859 0.092773 0.261719
1 0.500000 0.498047 1.000000 0.996094
1 0.352051 0.458008 0.090820 0.117188
1 0.238770 0.464844 0.127930 0.126953
1 0.375977 0.497559 0.164062 0.168945
1 0.555664 0.507324 0.201172 0.163086
1 0.209961 0.465332 0.042969 0.038086
1 0.045898 0.728516 0.091797 0.542969
1 0.379883 0.566895 0.158203 0.172852
1 0.166992 0.604980 0.134766 0.166992
1 0.265137 0.557617 0.065430 0.052734
1 0.514648 0.613281 0.123047 0.085938
1 0.603516 0.625000 0.099609 0.080078
1 0.226074 0.639160 0.149414 0.098633
1 0.184570 0.718750 0.173828 0.169922
1 0.291992 0.757324 0.101562 0.200195
1 0.943848 0.864258 0.112305 0.271484
1 0.440430 0.881836 0.855469 0.236328
