0 0.486816 0.500000 0.973633 1.000000
0 0.929688 0.014648 0.011719 0.029297
0 0.864258 0.288574 0.271484 0.047852
0 0.593750 0.845215 0.406250 0.309570
1 0.202148 0.021484 0.343750 0.042969
1 0.422363 0.007812 0.083008 0.015625
1 0.620117 0.500000 0.759766 1.000000
1 0.184082 0.055176 0.368164 0.098633
1 0.395020 0.167480 0.110352 0.299805
1 0.180176 0.155762 0.360352 0.184570
1 0.037598 0.169922 0.075195 0.087891
1 0.105469 0.178223 0.068359 0.086914
1 0.168945 0.186523 0.068359 0.087891
1 0.236328 0.193848 0.074219 0.084961
1 0.032227 0.243164 0.064453 0.062500
1 0.095703 0.251953 0.064453 0.062500
1 0.232422 0.269531 0.212891 0.080078
1 0.027832 0.349121 0.055664 0.147461
1 0.081055 0.356934 0.072266 0.147461
1 0.143555 0.365723 0.072266 0.147461
1 0.254395 0.336914 0.149414 0.074219
1 0.208008 0.406738 0.078125 0.084961
1 0.159668 0.448242 0.319336 0.146484
1 0.149414 0.587402 0.298828 0.194336
1 0.174805 0.588379 0.070312 0.084961
1 0.137695 0.764648 0.275391 0.212891
1 0.581543 0.891113 0.176758 0.217773
1 0.124512 0.923340 0.249023 0.153320
1 0.706543 0.935547 0.163086 0.128906
1 0.451660 0.938477 0.102539 0.123047
1 0.599121 0.985352 0.049805 0.029297
