0 0.500000 0.500000 1.000000 1.000000
1 0.207031 0.170898 0.414062 0.341797
1 0.427734 0.251465 0.550781 0.502930
1 0.707031 0.060059 0.208984 0.120117
1 0.739258 0.404297 0.521484 0.808594
1 0.741699 0.120117 0.036133 0.046875
1 0.697266 0.198242 0.171875 0.130859
1 0.410645 0.160645 0.000977 0.000977
1 0.233398 0.571777 0.466797 0.653320
1 0.780273 0.265137 0.017578 0.030273
1 0.525879 0.758301 0.541992 0.483398
1 0.566895 0.573242 0.122070 0.083984
1 0.686035 0.589844 0.129883 0.097656
1 0.824707 0.813477 0.350586 0.373047
1 0.990234 0.828613 0.019531 0.043945
1 0.182617 0.910156 0.298828 0.179688
1 0.037598 0.946289 0.075195 0.107422
