0 0.881836 0.119629 0.236328 0.239258
0 0.923340 0.095703 0.153320 0.191406
0 0.220215 0.524902 0.440430 0.950195
0 0.857422 0.188477 0.285156 0.152344
0 0.793457 0.672363 0.413086 0.655273
0 0.029785 0.965820 0.059570 0.068359
0 0.668945 0.979980 0.009766 0.040039
0 0.160156 0.980957 0.125000 0.038086
1 0.500000 0.500000 1.000000 1.000000
1 0.891113 0.110840 0.217773 0.221680
1 0.930664 0.090332 0.138672 0.180664
1 0.072754 0.337891 0.145508 0.142578
1 0.812500 0.492676 0.375000 0.202148
1 0.038574 0.436523 0.077148 0.066406
1 0.199219 0.598633 0.345703 0.382812
1 0.021484 0.518066 0.042969 0.112305
1 0.837402 0.561523 0.325195 0.101562
1 0.682129 0.592285 0.131836 0.151367
1 0.037598 0.610352 0.075195 0.142578
1 0.806641 0.674316 0.386719 0.243164
1 0.019043 0.735840 0.038086 0.100586
1 0.046875 0.790527 0.093750 0.172852
1 0.173340 0.837891 0.278320 0.222656
1 0.807129 0.804199 0.385742 0.110352
1 0.758789 0.924316 0.324219 0.151367
1 0.940918 0.918457 0.118164 0.112305
1 0.125000 0.938965 0.250000 0.122070
1 0.024414 0.970703 0.048828 0.058594
1 0.306152 0.984375 0.108398 0.031250
1 0.906250 0.988770 0.029297 0.022461
1 0.951660 0.990234 0.055664 0.019531
1 0.991699 0.992188 0.016602 0.015625
