0 0.500000 0.500000 1.000000 1.000000
0 0.547852 0.018066 0.011719 0.036133
0 0.626465 0.017578 0.014648 0.035156
0 0.764160 0.107422 0.022461 0.214844
1 0.126465 0.057129 0.252930 0.114258
1 0.315918 0.018066 0.135742 0.036133
1 0.662598 0.294434 0.596680 0.588867
1 0.980957 0.058105 0.038086 0.116211
1 0.205078 0.213379 0.410156 0.391602
1 0.392578 0.271484 0.068359 0.476562
1 0.964844 0.221680 0.070312 0.203125
1 0.129883 0.325684 0.105469 0.213867
1 0.224121 0.329590 0.090820 0.209961
1 0.314941 0.423340 0.127930 0.387695
1 0.622559 0.657715 0.596680 0.684570
1 0.959961 0.533203 0.080078 0.433594
1 0.121582 0.510254 0.243164 0.225586
1 0.357910 0.513672 0.000977 0.007812
1 0.356934 0.520508 0.000977 0.005859
1 0.355957 0.527344 0.000977 0.003906
1 0.354980 0.534180 0.000977 0.001953
1 0.354004 0.541992 0.000977 0.001953
1 0.353027 0.546875 0.000977 0.003906
1 0.352051 0.553711 0.000977 0.001953
1 0.169434 0.702148 0.338867 0.197266
1 0.158203 0.798828 0.310547 0.142578
1 0.557617 0.822754 0.080078 0.155273
1 0.644531 0.823730 0.078125 0.155273
1 0.732422 0.825684 0.089844 0.157227
1 0.853027 0.831055 0.143555 0.162109
1 0.959961 0.877930 0.080078 0.240234
1 0.001465 0.891602 0.002930 0.062500
1 0.151367 0.933105 0.294922 0.133789
1 0.813965 0.956055 0.258789 0.087891
1 0.310547 0.958984 0.007812 0.082031
1 0.000488 0.931152 0.000977 0.002930
