0 0.141602 0.020020 0.021484 0.040039
0 0.500000 0.231934 1.000000 0.463867
0 0.984863 0.030762 0.030273 0.061523
0 0.500000 0.720215 1.000000 0.559570
0 0.024414 0.872070 0.048828 0.009766
0 0.697754 0.920410 0.012695 0.002930
1 0.238281 0.041016 0.476562 0.082031
1 0.527344 0.039551 0.134766 0.079102
1 0.750000 0.221191 0.500000 0.442383
1 0.998047 0.003906 0.003906 0.007812
1 0.051270 0.055176 0.102539 0.051758
1 0.500000 0.499512 1.000000 0.809570
1 0.484863 0.582520 0.135742 0.264648
1 0.328125 0.593262 0.253906 0.280273
1 0.640625 0.534180 0.228516 0.144531
1 0.097656 0.598145 0.195312 0.268555
1 0.603027 0.645996 0.202148 0.133789
1 0.911133 0.806152 0.177734 0.346680
1 0.495605 0.858887 0.350586 0.282227
1 0.053223 0.840820 0.106445 0.244141
1 0.270996 0.849121 0.137695 0.225586
1 0.148926 0.851074 0.092773 0.225586
1 0.797852 0.945312 0.064453 0.109375
1 0.698242 0.922363 0.035156 0.020508
1 0.720703 0.957520 0.080078 0.084961
1 0.918457 0.958008 0.163086 0.083984
1 0.031738 0.982910 0.063477 0.034180
1 0.192871 0.984375 0.247070 0.031250
1 0.363770 0.984375 0.084961 0.031250
1 0.424316 0.985840 0.032227 0.028320
1 0.496582 0.987305 0.110352 0.025391
