0 0.500000 0.500000 1.000000 1.000000
0 0.598633 0.071777 0.214844 0.143555
0 0.024414 0.985840 0.048828 0.028320
1 0.194824 0.210449 0.389648 0.420898
1 0.557129 0.228027 0.885742 0.456055
1 0.501465 0.621094 0.991211 0.533203
1 0.063477 0.547852 0.126953 0.201172
1 0.904785 0.737305 0.190430 0.525391
1 0.528809 0.647949 0.354492 0.282227
1 0.303711 0.664551 0.414062 0.264648
1 0.047363 0.671387 0.094727 0.159180
1 0.170898 0.690430 0.216797 0.171875
1 0.122070 0.770996 0.220703 0.170898
1 0.355957 0.794922 0.217773 0.171875
1 0.609375 0.865723 0.455078 0.268555
1 0.091797 0.853027 0.183594 0.170898
1 0.307617 0.876953 0.216797 0.171875
1 0.257812 0.935547 0.216797 0.128906
1 0.066895 0.936523 0.133789 0.126953
1 0.171875 0.977051 0.109375 0.045898
1 0.391113 0.988281 0.061523 0.023438
1 0.014648 0.991699 0.029297 0.016602
