0 0.500000 0.500000 1.000000 1.000000
1 0.020508 0.060547 0.041016 0.121094
1 0.312012 0.129883 0.604492 0.259766
1 0.632812 0.088379 0.291016 0.176758
1 0.794922 0.044922 0.107422 0.089844
1 0.916992 0.145508 0.166016 0.291016
1 0.729980 0.155273 0.184570 0.169922
1 0.856445 0.177246 0.115234 0.172852
1 0.182129 0.490723 0.364258 0.682617
1 0.771484 0.282715 0.242188 0.139648
1 0.390625 0.562012 0.675781 0.690430
1 0.936035 0.361816 0.127930 0.168945
1 0.738281 0.365234 0.085938 0.107422
1 0.736328 0.595703 0.435547 0.519531
1 0.843750 0.692871 0.312500 0.520508
1 0.048340 0.800781 0.069336 0.062500
1 0.703613 0.895996 0.592773 0.208008
1 0.764160 0.864258 0.120117 0.091797
1 0.250488 0.919922 0.389648 0.160156
1 0.041992 0.920410 0.083984 0.159180
