0 0.500000 0.500000 1.000000 1.000000
0 0.073242 0.997070 0.085938 0.005859
1 0.052734 0.214844 0.105469 0.429688
1 0.476074 0.153320 0.905273 0.306641
1 0.737793 0.004883 0.063477 0.009766
1 0.816406 0.020508 0.074219 0.041016
1 0.923828 0.066406 0.152344 0.132812
1 0.732422 0.311523 0.535156 0.349609
1 0.212402 0.325195 0.245117 0.130859
1 0.564453 0.585938 0.871094 0.550781
1 0.119141 0.683594 0.238281 0.515625
1 0.437500 0.934570 0.380859 0.130859
1 0.824707 0.937500 0.350586 0.125000
1 0.124512 0.961914 0.249023 0.076172
