0 0.500000 0.448242 1.000000 0.896484
0 0.936035 0.767578 0.127930 0.119141
1 0.222656 0.311035 0.445312 0.622070
1 0.642578 0.248047 0.714844 0.496094
1 0.497070 0.284180 0.166016 0.287109
1 0.339844 0.491699 0.238281 0.215820
1 0.453613 0.463379 0.112305 0.096680
1 0.500000 0.730957 1.000000 0.538086
1 0.380371 0.508789 0.098633 0.085938
1 0.889160 0.594238 0.221680 0.219727
1 0.882812 0.496582 0.044922 0.018555
1 0.938477 0.498047 0.087891 0.015625
1 0.215820 0.573242 0.111328 0.115234
1 0.154785 0.603516 0.102539 0.115234
1 0.100098 0.632812 0.098633 0.107422
1 0.045410 0.664551 0.090820 0.104492
1 0.263184 0.664062 0.090820 0.095703
1 0.200195 0.695801 0.097656 0.100586
1 0.016602 0.695312 0.033203 0.072266
1 0.064453 0.749512 0.128906 0.102539
1 0.988770 0.720703 0.022461 0.021484
1 0.024414 0.841797 0.048828 0.097656
