0 0.500000 0.500000 1.000000 1.000000
0 0.082520 0.767578 0.165039 0.332031
1 0.090332 0.097656 0.180664 0.195312
1 0.312988 0.035645 0.276367 0.071289
1 0.591309 0.091309 0.817383 0.182617
1 0.907715 0.161621 0.184570 0.020508
1 0.384277 0.193848 0.768555 0.049805
1 0.898438 0.204590 0.203125 0.053711
1 0.672363 0.220703 0.198242 0.050781
1 0.785156 0.213867 0.009766 0.037109
1 0.466797 0.232422 0.166016 0.050781
1 0.232910 0.608398 0.465820 0.783203
1 0.900879 0.279785 0.198242 0.094727
1 0.789062 0.277832 0.011719 0.063477
1 0.722168 0.306641 0.118164 0.117188
1 0.628418 0.334961 0.108398 0.160156
1 0.617188 0.630371 0.453125 0.739258
1 0.903809 0.369629 0.192383 0.100586
1 0.701660 0.551758 0.231445 0.361328
1 0.908203 0.464355 0.183594 0.102539
1 0.912598 0.557129 0.174805 0.094727
1 0.917480 0.652344 0.165039 0.093750
1 0.060547 0.660645 0.121094 0.100586
1 0.921875 0.745117 0.156250 0.093750
1 0.068848 0.752441 0.137695 0.102539
1 0.721191 0.768555 0.208008 0.093750
1 0.079102 0.858887 0.158203 0.135742
1 0.926270 0.848145 0.147461 0.098633
1 0.931152 0.943359 0.137695 0.093750
1 0.430176 0.988770 0.075195 0.022461
1 0.970703 0.997559 0.058594 0.004883
