0 0.500000 0.500000 1.000000 1.000000
0 0.536621 0.014160 0.008789 0.028320
0 0.079590 0.184082 0.159180 0.114258
1 0.013184 0.009277 0.026367 0.018555
1 0.144043 0.021973 0.219727 0.043945
1 0.284668 0.097168 0.120117 0.194336
1 0.373047 0.050781 0.046875 0.101562
1 0.675781 0.264648 0.648438 0.529297
1 0.114258 0.157227 0.228516 0.255859
1 0.003418 0.161621 0.006836 0.051758
1 0.947266 0.369629 0.105469 0.467773
1 0.251465 0.433594 0.229492 0.517578
1 0.987793 0.276855 0.024414 0.110352
1 0.745117 0.345703 0.082031 0.212891
1 0.052246 0.303223 0.104492 0.069336
1 0.093262 0.537598 0.186523 0.504883
1 0.810547 0.333496 0.066406 0.075195
1 0.046875 0.363770 0.093750 0.061523
1 0.946777 0.520020 0.106445 0.358398
1 0.041504 0.422363 0.083008 0.061523
1 0.809082 0.533203 0.200195 0.191406
1 0.036133 0.477051 0.072266 0.053711
1 0.665039 0.691406 0.427734 0.390625
1 0.632324 0.539062 0.055664 0.072266
1 0.580566 0.545898 0.061523 0.074219
1 0.473633 0.663574 0.197266 0.266602
1 0.341309 0.564453 0.055664 0.042969
1 0.344238 0.609863 0.057617 0.043945
1 0.196777 0.706543 0.153320 0.227539
1 0.287598 0.615723 0.041992 0.043945
1 0.349121 0.652344 0.063477 0.041016
1 0.293457 0.661621 0.032227 0.043945
1 0.346191 0.755859 0.155273 0.175781
1 0.926758 0.812012 0.146484 0.229492
1 0.848145 0.799805 0.040039 0.167969
1 0.493652 0.823730 0.125977 0.073242
1 0.041016 0.804199 0.082031 0.014648
1 0.149414 0.908203 0.298828 0.183594
1 0.463379 0.866211 0.665039 0.099609
1 0.410156 0.932129 0.234375 0.135742
1 0.686523 0.947266 0.326172 0.105469
1 0.941895 0.935547 0.116211 0.021484
1 0.930664 0.970703 0.138672 0.058594
