0 0.500000 0.500000 1.000000 1.000000
0 0.980469 0.473145 0.039062 0.135742
0 0.041504 0.488281 0.083008 0.021484
1 0.072754 0.031738 0.145508 0.063477
1 0.203613 0.001953 0.034180 0.003906
1 0.587402 0.413086 0.825195 0.826172
1 0.104980 0.233887 0.209961 0.454102
1 0.031738 0.090820 0.063477 0.037109
1 0.021484 0.229980 0.042969 0.231445
1 0.211914 0.165527 0.089844 0.088867
1 0.248535 0.311035 0.284180 0.213867
1 0.147461 0.296875 0.068359 0.146484
1 0.465820 0.609375 0.181641 0.501953
1 0.265137 0.535645 0.307617 0.270508
1 0.116699 0.486328 0.233398 0.148438
1 0.984375 0.465820 0.031250 0.107422
1 0.699707 0.671387 0.208008 0.233398
1 0.657715 0.779785 0.243164 0.440430
1 0.207031 0.759766 0.414062 0.390625
1 0.529785 0.635742 0.047852 0.113281
1 0.862305 0.797363 0.181641 0.233398
1 0.922852 0.735352 0.068359 0.101562
1 0.909180 0.780273 0.132812 0.167969
1 0.511719 0.856445 0.240234 0.193359
1 0.894531 0.885254 0.210938 0.229492
1 0.789551 0.892090 0.086914 0.215820
1 0.985840 0.842285 0.028320 0.071289
1 0.007324 0.911621 0.014648 0.176758
1 0.353516 0.916504 0.177734 0.166992
1 0.976562 0.917480 0.046875 0.088867
1 0.046387 0.909180 0.047852 0.062500
1 0.178223 0.963867 0.190430 0.072266
1 0.067383 0.970703 0.103516 0.058594
1 0.574707 0.973145 0.252930 0.053711
1 0.406738 0.976562 0.069336 0.046875
1 0.359863 0.979980 0.038086 0.040039
