0 0.500000 0.500000 1.000000 1.000000
1 0.124023 0.026367 0.248047 0.052734
1 0.340820 0.041504 0.167969 0.083008
1 0.679199 0.274414 0.618164 0.548828
1 0.678711 0.018066 0.128906 0.036133
1 0.810547 0.019043 0.126953 0.038086
1 0.903809 0.019043 0.055664 0.038086
1 0.966309 0.041016 0.067383 0.082031
1 0.337891 0.457031 0.675781 0.810547
1 0.965820 0.150391 0.068359 0.125000
1 0.487793 0.272949 0.256836 0.323242
1 0.984375 0.252441 0.031250 0.084961
1 0.960938 0.370605 0.078125 0.133789
1 0.974609 0.642090 0.050781 0.379883
1 0.703125 0.730957 0.548828 0.497070
1 0.550293 0.656250 0.198242 0.101562
1 0.048828 0.803223 0.097656 0.237305
1 0.341797 0.763184 0.076172 0.040039
1 0.386230 0.879883 0.192383 0.240234
1 0.675781 0.832031 0.136719 0.117188
1 0.300781 0.900391 0.050781 0.142578
1 0.156250 0.916504 0.312500 0.166992
1 0.986816 0.920410 0.026367 0.159180
1 0.811523 0.920410 0.322266 0.141602
1 0.645020 0.995605 0.290039 0.008789
