0 0.500000 0.216797 1.000000 0.433594
0 0.378418 0.011230 0.090820 0.022461
0 0.967773 0.014160 0.064453 0.028320
0 0.092773 0.323730 0.185547 0.045898
0 0.968750 0.334961 0.062500 0.009766
0 0.550781 0.448730 0.898438 0.192383
0 0.500000 0.685547 1.000000 0.628906
0 0.997559 0.495117 0.004883 0.027344
0 0.959961 0.654785 0.080078 0.024414
0 0.987305 0.959961 0.025391 0.080078
1 0.100098 0.109375 0.200195 0.218750
1 0.291016 0.111328 0.410156 0.222656
1 0.385742 0.007812 0.060547 0.015625
1 0.646973 0.057129 0.348633 0.114258
1 0.739258 0.022461 0.138672 0.044922
1 0.900879 0.060059 0.198242 0.120117
1 0.970215 0.011230 0.059570 0.022461
1 0.845215 0.095215 0.065430 0.057617
1 0.500000 0.328125 1.000000 0.503906
1 0.334473 0.127441 0.120117 0.084961
1 0.912598 0.164062 0.174805 0.154297
1 0.472168 0.107910 0.000977 0.000977
1 0.430176 0.188477 0.118164 0.140625
1 0.317871 0.200195 0.110352 0.082031
1 0.586426 0.319824 0.260742 0.104492
1 0.778809 0.380859 0.151367 0.095703
1 0.194336 0.586914 0.388672 0.382812
1 0.516602 0.739258 0.738281 0.521484
1 0.562500 0.553711 0.117188 0.101562
1 0.710449 0.616699 0.254883 0.168945
1 0.916504 0.650879 0.166992 0.153320
1 0.050781 0.785156 0.101562 0.148438
1 0.923340 0.857422 0.153320 0.285156
1 0.115723 0.829590 0.059570 0.077148
1 0.112305 0.926270 0.224609 0.147461
1 0.250977 0.914551 0.039062 0.038086
1 0.414062 0.952148 0.298828 0.095703
1 0.177246 0.958984 0.211914 0.082031
1 0.996582 0.970703 0.006836 0.058594
1 0.623047 0.977539 0.251953 0.044922
1 0.868164 0.998047 0.013672 0.003906
