0 0.500000 0.500000 1.000000 1.000000
0 0.979004 0.558594 0.041992 0.250000
0 0.649902 0.996582 0.014648 0.006836
1 0.010742 0.020020 0.021484 0.040039
1 0.220215 0.041504 0.407227 0.083008
1 0.452637 0.019043 0.063477 0.038086
1 0.747559 0.198242 0.504883 0.396484
1 0.305664 0.352539 0.611328 0.621094
1 0.825684 0.692871 0.348633 0.614258
1 0.441895 0.693848 0.749023 0.612305
1 0.123535 0.641113 0.247070 0.139648
1 0.192383 0.783203 0.384766 0.267578
1 0.091797 0.716797 0.183594 0.109375
1 0.020020 0.793457 0.040039 0.073242
1 0.117676 0.807617 0.153320 0.091797
1 0.038086 0.952637 0.076172 0.094727
1 0.790039 0.982422 0.091797 0.035156
1 0.058594 0.982910 0.058594 0.034180
