0 0.500000 0.500000 1.000000 1.000000
0 0.942871 0.211914 0.114258 0.013672
1 0.188477 0.150879 0.376953 0.301758
1 0.511230 0.174316 0.430664 0.348633
1 0.571289 0.145996 0.371094 0.291992
1 0.687012 0.028809 0.176758 0.057617
1 0.893555 0.038574 0.212891 0.077148
1 0.881348 0.261230 0.237305 0.375977
1 0.524414 0.284668 0.417969 0.350586
1 0.155273 0.328125 0.310547 0.177734
1 0.816406 0.541016 0.207031 0.339844
1 0.017578 0.422363 0.035156 0.098633
1 0.092285 0.487793 0.184570 0.211914
1 0.452148 0.454102 0.302734 0.136719
1 0.218750 0.516602 0.146484 0.216797
1 0.936035 0.596680 0.127930 0.312500
1 0.655273 0.531738 0.134766 0.172852
1 0.470703 0.735840 0.455078 0.528320
1 0.122559 0.654297 0.245117 0.142578
1 0.852051 0.816406 0.295898 0.271484
1 0.113281 0.770020 0.226562 0.153320
1 0.279297 0.864746 0.177734 0.256836
1 0.459473 0.836914 0.147461 0.115234
1 0.839355 0.890137 0.321289 0.219727
1 0.010254 0.870605 0.020508 0.090820
1 0.104004 0.902832 0.192383 0.147461
1 0.170898 0.979980 0.001953 0.002930
1 0.051758 0.991211 0.103516 0.017578
