0 0.493652 0.113281 0.987305 0.226562
0 0.500000 0.644043 1.000000 0.711914
0 0.011230 0.924805 0.022461 0.150391
1 0.041992 0.027344 0.083984 0.054688
1 0.400879 0.096191 0.635742 0.192383
1 0.739258 0.009766 0.076172 0.019531
1 0.797852 0.001465 0.015625 0.002930
1 0.837402 0.046875 0.241211 0.093750
1 0.500000 0.305664 1.000000 0.611328
1 0.072754 0.070801 0.000977 0.000977
1 0.312012 0.325195 0.149414 0.042969
1 0.473633 0.345215 0.132812 0.057617
1 0.233887 0.406250 0.272461 0.091797
1 0.464844 0.393555 0.134766 0.054688
1 0.456055 0.442871 0.134766 0.055664
1 0.270508 0.453613 0.183594 0.067383
1 0.621582 0.472656 0.127930 0.058594
1 0.448730 0.486328 0.135742 0.060547
1 0.141113 0.480469 0.045898 0.042969
1 0.754395 0.496582 0.118164 0.057617
1 0.259766 0.505371 0.185547 0.071289
1 0.612793 0.518555 0.127930 0.054688
1 0.234375 0.552246 0.218750 0.088867
1 0.438965 0.537598 0.135742 0.059570
1 0.745117 0.545410 0.115234 0.049805
1 0.600586 0.588867 0.136719 0.099609
1 0.428223 0.583984 0.141602 0.056641
1 0.729492 0.613281 0.126953 0.097656
1 0.883301 0.621094 0.125977 0.058594
1 0.151855 0.799316 0.303711 0.401367
1 0.219238 0.657227 0.202148 0.091797
1 0.976562 0.641113 0.046875 0.043945
1 0.409180 0.685547 0.156250 0.115234
1 0.583984 0.669434 0.128906 0.075195
1 0.872070 0.667480 0.125000 0.055664
1 0.714355 0.692871 0.118164 0.071289
1 0.971680 0.688477 0.056641 0.039062
1 0.861328 0.725098 0.126953 0.071289
1 0.569336 0.736328 0.125000 0.070312
1 0.964844 0.745117 0.070312 0.062500
1 0.699219 0.759766 0.121094 0.068359
1 0.393066 0.758301 0.141602 0.053711
1 0.852051 0.789062 0.118164 0.068359
1 0.558594 0.791992 0.123047 0.052734
1 0.384277 0.808105 0.139648 0.057617
1 0.958008 0.810059 0.083984 0.061523
1 0.688477 0.817383 0.117188 0.054688
1 0.548828 0.838379 0.125000 0.057617
1 0.840332 0.845703 0.112305 0.048828
1 0.375488 0.855469 0.137695 0.054688
1 0.679199 0.865234 0.116211 0.056641
1 0.948730 0.864258 0.088867 0.046875
1 0.539551 0.886230 0.125977 0.053711
1 0.829590 0.892578 0.112305 0.050781
1 0.364746 0.923828 0.139648 0.095703
1 0.594727 0.942871 0.265625 0.114258
1 0.938477 0.912598 0.089844 0.047852
1 0.996094 0.923340 0.007812 0.036133
1 0.819336 0.939453 0.109375 0.048828
1 0.927734 0.959961 0.091797 0.048828
1 0.990723 0.973145 0.018555 0.036133
1 0.807617 0.978516 0.111328 0.042969
1 0.918457 0.991211 0.086914 0.017578
1 0.401855 0.999023 0.028320 0.001953
1 0.452148 0.999512 0.011719 0.000977
