0 0.500000 0.500000 1.000000 1.000000
0 0.923340 0.010742 0.153320 0.021484
0 0.054199 0.357422 0.108398 0.134766
0 0.061523 0.384766 0.123047 0.148438
0 0.084473 0.757812 0.168945 0.023438
1 0.013672 0.025879 0.027344 0.051758
1 0.135254 0.041016 0.229492 0.082031
1 0.282227 0.047852 0.066406 0.095703
1 0.402344 0.062012 0.154297 0.124023
1 0.582031 0.079102 0.298828 0.158203
1 0.890625 0.016113 0.218750 0.032227
1 0.960449 0.005859 0.079102 0.011719
1 0.883301 0.057617 0.233398 0.068359
1 0.875977 0.139160 0.248047 0.124023
1 0.096680 0.102539 0.193359 0.037109
1 0.315430 0.098633 0.021484 0.029297
1 0.086914 0.235352 0.173828 0.230469
1 0.506836 0.159180 0.412109 0.062500
1 0.202148 0.206543 0.087891 0.110352
1 0.293945 0.160645 0.027344 0.016602
1 0.312012 0.154785 0.002930 0.000977
1 0.301758 0.582520 0.603516 0.834961
1 0.519531 0.414551 0.390625 0.483398
1 0.875000 0.207031 0.250000 0.042969
1 0.852051 0.340332 0.295898 0.250977
1 0.083984 0.358398 0.167969 0.226562
1 0.734375 0.440430 0.117188 0.136719
1 0.873535 0.570312 0.239258 0.240234
1 0.702637 0.583496 0.125977 0.165039
1 0.988770 0.606445 0.022461 0.173828
1 0.777344 0.834961 0.445312 0.330078
1 0.953613 0.804688 0.092773 0.193359
1 0.951172 0.938477 0.097656 0.068359
1 0.577637 0.980469 0.088867 0.039062
