0 0.500000 0.500000 1.000000 1.000000
0 0.123047 0.970215 0.246094 0.059570
0 0.562988 0.985840 0.014648 0.028320
1 0.289551 0.292480 0.579102 0.584961
1 0.680664 0.160645 0.216797 0.321289
1 0.729980 0.049805 0.166992 0.099609
1 0.767578 0.343750 0.449219 0.687500
1 0.994629 0.079590 0.010742 0.047852
1 0.520020 0.187012 0.161133 0.219727
1 0.924316 0.394043 0.151367 0.575195
1 0.407227 0.704102 0.814453 0.591797
1 0.604004 0.556641 0.178711 0.164062
1 0.812500 0.683105 0.039062 0.055664
1 0.996094 0.669434 0.007812 0.028320
1 0.917969 0.714355 0.164062 0.075195
1 0.842773 0.724121 0.025391 0.020508
1 0.843262 0.743652 0.030273 0.008789
1 0.891113 0.853516 0.217773 0.195312
1 0.858887 0.968262 0.194336 0.063477
1 0.102051 0.975098 0.204102 0.049805
1 0.979492 0.978516 0.041016 0.042969
