0 0.500000 0.500000 1.000000 1.000000
0 0.929199 0.833008 0.141602 0.029297
0 0.818359 0.979980 0.017578 0.040039
1 0.073242 0.116699 0.146484 0.233398
1 0.141113 0.039551 0.057617 0.079102
1 0.353027 0.032227 0.327148 0.064453
1 0.536133 0.056641 0.123047 0.113281
1 0.731934 0.063965 0.366211 0.127930
1 0.916016 0.074219 0.167969 0.148438
1 0.314941 0.075684 0.297852 0.110352
1 0.715820 0.187012 0.466797 0.196289
1 0.248535 0.171387 0.319336 0.149414
1 0.468262 0.169922 0.125977 0.146484
1 0.964844 0.224609 0.070312 0.144531
1 0.023926 0.265137 0.047852 0.067383
1 0.210449 0.314941 0.315430 0.139648
1 0.402832 0.359863 0.114258 0.209961
1 0.490234 0.351562 0.111328 0.193359
1 0.715820 0.336914 0.398438 0.164062
1 0.959473 0.324707 0.081055 0.055664
1 0.205566 0.494141 0.411133 0.365234
1 0.929199 0.496094 0.141602 0.291016
1 0.633789 0.487793 0.166016 0.200195
1 0.790527 0.507324 0.194336 0.209961
1 0.493164 0.488770 0.162109 0.100586
1 0.557617 0.665039 0.187500 0.287109
1 0.385742 0.593750 0.177734 0.142578
1 0.077637 0.678711 0.155273 0.203125
1 0.811035 0.697266 0.377930 0.205078
1 0.976562 0.687988 0.046875 0.075195
1 0.362793 0.758301 0.223633 0.176758
1 0.195801 0.736816 0.094727 0.102539
1 0.927734 0.706543 0.027344 0.018555
1 0.639160 0.816406 0.336914 0.136719
1 0.588867 0.782227 0.037109 0.058594
1 0.902344 0.845703 0.195312 0.123047
1 0.125000 0.823242 0.246094 0.058594
1 0.165039 0.895508 0.296875 0.134766
1 0.007324 0.861816 0.014648 0.043945
1 0.406250 0.920898 0.154297 0.146484
1 0.660156 0.935547 0.451172 0.128906
1 0.019043 0.928711 0.038086 0.078125
1 0.227539 0.939941 0.298828 0.100586
1 0.943848 0.955566 0.112305 0.088867
1 0.036133 0.986328 0.072266 0.027344
1 0.246094 0.986328 0.316406 0.027344
