0 0.500000 0.500000 1.000000 1.000000
0 0.941406 0.003906 0.117188 0.007812
1 0.217773 0.372559 0.435547 0.745117
1 0.431152 0.041504 0.657227 0.083008
1 0.836914 0.144043 0.326172 0.288086
1 0.411621 0.112793 0.166992 0.106445
1 0.534180 0.129395 0.076172 0.112305
1 0.609863 0.187012 0.204102 0.213867
1 0.452637 0.234863 0.137695 0.155273
1 0.768066 0.632812 0.463867 0.734375
1 0.564941 0.472168 0.163086 0.374023
1 0.372070 0.450684 0.238281 0.282227
1 0.217773 0.470215 0.097656 0.114258
1 0.441406 0.519531 0.099609 0.197266
1 0.223145 0.540527 0.118164 0.084961
1 0.282715 0.780273 0.565430 0.439453
