0 0.500000 0.500000 1.000000 1.000000
0 0.330566 0.112793 0.028320 0.225586
0 0.979980 0.571777 0.040039 0.016602
0 0.969727 0.952637 0.011719 0.094727
1 0.052246 0.053711 0.104492 0.107422
1 0.401855 0.189941 0.624023 0.379883
1 0.795410 0.110840 0.213867 0.221680
1 0.937012 0.076660 0.125977 0.153320
1 0.048340 0.238281 0.096680 0.248047
1 0.908691 0.271484 0.182617 0.275391
1 0.738770 0.294922 0.178711 0.171875
1 0.482910 0.509277 0.965820 0.282227
1 0.962402 0.439453 0.075195 0.082031
1 0.987305 0.460449 0.025391 0.028320
1 0.395508 0.728516 0.791016 0.542969
1 0.923340 0.569824 0.153320 0.174805
1 0.879883 0.568359 0.138672 0.164062
1 0.950195 0.486816 0.001953 0.000977
1 0.810547 0.773926 0.167969 0.239258
1 0.752930 0.827637 0.203125 0.344727
1 0.922363 0.829102 0.155273 0.341797
