0 0.837402 0.401855 0.325195 0.803711
0 0.933594 0.019043 0.082031 0.038086
0 0.984863 0.079102 0.030273 0.072266
0 0.976074 0.385742 0.047852 0.023438
0 0.554199 0.975098 0.108398 0.049805
0 0.195312 0.985352 0.134766 0.029297
1 0.500000 0.500000 1.000000 1.000000
1 0.736328 0.000488 0.009766 0.000977
1 0.764648 0.046387 0.103516 0.092773
1 0.887695 0.071777 0.224609 0.143555
1 0.776367 0.375000 0.152344 0.535156
1 0.983398 0.172363 0.033203 0.075195
1 0.901855 0.265137 0.196289 0.241211
1 0.824219 0.203613 0.089844 0.116211
1 0.933105 0.322754 0.133789 0.081055
1 0.912109 0.459473 0.175781 0.208008
1 0.841309 0.442871 0.040039 0.016602
1 0.922852 0.549316 0.126953 0.145508
1 0.958008 0.584961 0.083984 0.164062
1 0.930176 0.705566 0.139648 0.159180
1 0.178711 0.991699 0.074219 0.016602
