0 0.500000 0.382812 1.000000 0.765625
0 0.192871 0.018066 0.016602 0.036133
1 0.039062 0.179199 0.052734 0.358398
1 0.062500 0.102051 0.035156 0.204102
1 0.535156 0.336914 0.929688 0.673828
1 0.011230 0.143066 0.022461 0.163086
1 0.415527 0.312012 0.124023 0.190430
1 0.017090 0.283691 0.034180 0.125977
1 0.058105 0.543945 0.116211 0.419922
1 0.025391 0.389648 0.039062 0.099609
1 0.005859 0.410156 0.011719 0.087891
1 0.041992 0.539062 0.083984 0.337891
1 0.500000 0.700195 1.000000 0.599609
1 0.025879 0.553223 0.051758 0.211914
