0 0.500000 0.500000 1.000000 1.000000
0 0.459961 0.123047 0.123047 0.246094
0 0.098145 0.201172 0.196289 0.056641
0 0.076660 0.277344 0.153320 0.046875
0 0.084473 0.712891 0.168945 0.093750
1 0.153809 0.021973 0.307617 0.043945
1 0.404297 0.318359 0.761719 0.636719
1 0.677734 0.029297 0.169922 0.058594
1 0.874023 0.086426 0.251953 0.172852
1 0.147461 0.103516 0.294922 0.111328
1 0.840332 0.177246 0.170898 0.153320
1 0.130371 0.234375 0.260742 0.255859
1 0.626465 0.155762 0.170898 0.088867
1 0.604492 0.457520 0.791016 0.573242
1 0.586914 0.331543 0.171875 0.069336
1 0.482910 0.326660 0.016602 0.020508
1 0.979004 0.434082 0.041992 0.200195
1 0.046875 0.400879 0.093750 0.108398
1 0.810547 0.537109 0.318359 0.375000
1 0.094238 0.367676 0.000977 0.000977
1 0.129883 0.636230 0.259766 0.350586
1 0.805664 0.609863 0.093750 0.184570
1 0.898926 0.608887 0.092773 0.159180
1 0.973633 0.609375 0.052734 0.136719
1 0.766113 0.841797 0.467773 0.316406
1 0.171387 0.844238 0.342773 0.311523
1 0.424316 0.746094 0.170898 0.105469
1 0.506348 0.870117 0.215820 0.259766
1 0.405762 0.821777 0.129883 0.088867
1 0.199219 0.834961 0.257812 0.111328
1 0.388672 0.901855 0.091797 0.079102
1 0.373047 0.965332 0.066406 0.069336
1 0.350098 0.982910 0.049805 0.034180
