0 0.500000 0.500000 1.000000 1.000000
0 0.594238 0.166016 0.811523 0.332031
0 0.971680 0.543457 0.056641 0.032227
0 0.959473 0.964355 0.081055 0.071289
1 0.048828 0.054199 0.097656 0.108398
1 0.551270 0.360352 0.897461 0.720703
1 0.307617 0.025879 0.173828 0.051758
1 0.433105 0.035645 0.065430 0.071289
1 0.583008 0.053223 0.238281 0.106445
1 0.769043 0.039551 0.120117 0.079102
1 0.916992 0.036133 0.166016 0.072266
1 0.848633 0.198730 0.302734 0.252930
1 0.629395 0.131348 0.127930 0.084961
1 0.168457 0.258301 0.336914 0.297852
1 0.385742 0.330078 0.128906 0.271484
1 0.258301 0.419922 0.118164 0.228516
1 0.558105 0.546875 0.252930 0.306641
1 0.096680 0.520020 0.193359 0.229492
1 0.354492 0.589355 0.234375 0.290039
1 0.141113 0.645996 0.282227 0.227539
1 0.984375 0.671387 0.031250 0.067383
1 0.832031 0.797363 0.275391 0.209961
1 0.579102 0.827148 0.250000 0.255859
1 0.969727 0.762695 0.060547 0.109375
1 0.373047 0.858398 0.236328 0.283203
1 0.126953 0.817383 0.253906 0.134766
1 0.859863 0.910156 0.280273 0.179688
1 0.159180 0.935059 0.250000 0.129883
1 0.024414 0.944824 0.048828 0.110352
1 0.562500 0.958008 0.337891 0.083984
1 0.991699 0.958984 0.016602 0.021484
1 0.956543 0.982910 0.055664 0.034180
1 0.993652 0.987305 0.012695 0.025391
