0 0.500000 0.500000 1.000000 1.000000
0 0.399902 0.843262 0.411133 0.313477
1 0.241699 0.114746 0.483398 0.229492
1 0.581543 0.115723 0.178711 0.231445
1 0.840332 0.235840 0.319336 0.471680
1 0.240234 0.349121 0.480469 0.229492
1 0.743652 0.377441 0.512695 0.266602
1 0.952637 0.419434 0.094727 0.217773
1 0.132324 0.474121 0.264648 0.317383
1 0.233887 0.681641 0.467773 0.427734
1 0.432129 0.479004 0.059570 0.016602
1 0.589844 0.499023 0.115234 0.021484
1 0.772949 0.519531 0.168945 0.027344
1 0.436035 0.755371 0.872070 0.489258
1 0.987793 0.546875 0.024414 0.013672
1 0.793945 0.777344 0.412109 0.445312
1 0.030273 0.645020 0.060547 0.131836
1 0.388672 0.755859 0.123047 0.121094
1 0.456055 0.811523 0.058594 0.052734
1 0.522949 0.871094 0.131836 0.121094
1 0.030273 0.900391 0.060547 0.125000
1 0.430664 0.926758 0.220703 0.146484
1 0.321289 0.931641 0.125000 0.126953
