0 0.899902 0.011719 0.116211 0.023438
0 0.611816 0.526855 0.776367 0.946289
0 0.912598 0.880859 0.174805 0.238281
1 0.500000 0.500000 1.000000 1.000000
1 0.903809 0.008301 0.090820 0.016602
1 0.902832 0.240723 0.194336 0.213867
1 0.740234 0.238281 0.160156 0.152344
1 0.567383 0.327148 0.166016 0.083984
1 0.824219 0.401855 0.351562 0.198242
1 0.555176 0.405762 0.166992 0.096680
1 0.745117 0.431641 0.220703 0.105469
1 0.795898 0.709473 0.408203 0.581055
1 0.676758 0.631348 0.148438 0.334961
1 0.440430 0.579590 0.068359 0.108398
1 0.569336 0.666992 0.089844 0.251953
1 0.349121 0.895020 0.073242 0.209961
1 0.490234 0.896973 0.205078 0.206055
1 0.653320 0.841797 0.109375 0.078125
1 0.968750 0.922363 0.062500 0.108398
1 0.270020 0.940918 0.073242 0.118164
