0 0.500000 0.500000 1.000000 1.000000
0 0.997070 0.611328 0.005859 0.007812
1 0.036133 0.016113 0.072266 0.032227
1 0.129883 0.032715 0.125000 0.065430
1 0.175293 0.086426 0.196289 0.172852
1 0.352539 0.095215 0.195312 0.190430
1 0.451660 0.038086 0.147461 0.076172
1 0.703613 0.110840 0.395508 0.221680
1 0.868164 0.075684 0.166016 0.151367
1 0.948730 0.039062 0.083008 0.078125
1 0.984375 0.039551 0.031250 0.079102
1 0.039551 0.103516 0.079102 0.134766
1 0.956055 0.127930 0.087891 0.121094
1 0.540039 0.150879 0.208984 0.143555
1 0.641113 0.190430 0.053711 0.066406
1 0.125000 0.344727 0.250000 0.332031
1 0.304688 0.339355 0.115234 0.313477
1 0.395996 0.339355 0.190430 0.297852
1 0.885254 0.384766 0.229492 0.384766
1 0.984375 0.267090 0.031250 0.147461
1 0.517578 0.265137 0.210938 0.133789
1 0.657715 0.306641 0.254883 0.164062
1 0.091797 0.324219 0.048828 0.128906
1 0.030762 0.332031 0.061523 0.134766
1 0.313477 0.666504 0.626953 0.666992
1 0.698242 0.404785 0.148438 0.127930
1 0.977539 0.382812 0.044922 0.078125
1 0.659668 0.555176 0.221680 0.180664
1 0.888672 0.642578 0.222656 0.171875
1 0.617676 0.660156 0.206055 0.111328
1 0.777832 0.790039 0.280273 0.322266
1 0.582031 0.736816 0.187500 0.108398
1 0.959961 0.748047 0.080078 0.046875
1 0.937012 0.873047 0.125977 0.224609
1 0.531738 0.859375 0.206055 0.193359
1 0.681152 0.879395 0.131836 0.090820
1 0.713379 0.946289 0.299805 0.107422
1 0.929199 0.980469 0.141602 0.039062
