0 0.500000 0.549805 1.000000 0.900391
0 0.935547 0.389648 0.128906 0.013672
0 0.039551 0.516602 0.079102 0.009766
0 0.472656 0.977539 0.140625 0.044922
0 0.976074 0.993164 0.047852 0.013672
1 0.500000 0.366211 1.000000 0.732422
1 0.134277 0.475098 0.268555 0.680664
1 0.492676 0.697754 0.389648 0.278320
1 0.865234 0.766602 0.269531 0.392578
1 0.235352 0.838379 0.318359 0.276367
1 0.706543 0.829590 0.208008 0.159180
1 0.039551 0.888672 0.079102 0.222656
1 0.448242 0.909180 0.503906 0.181641
1 0.857910 0.918457 0.284180 0.163086
1 0.716309 0.960938 0.153320 0.078125
1 0.139648 0.986816 0.138672 0.026367
1 0.989258 0.998047 0.021484 0.003906
