0 0.500000 0.274414 1.000000 0.548828
0 0.852051 0.021973 0.295898 0.043945
0 0.378418 0.834961 0.756836 0.330078
1 0.214355 0.096191 0.428711 0.192383
1 0.709473 0.133301 0.581055 0.266602
1 0.914551 0.012207 0.170898 0.024414
1 0.165039 0.132812 0.269531 0.117188
1 0.221191 0.305176 0.442383 0.297852
1 0.726074 0.217773 0.547852 0.109375
1 0.500000 0.594238 1.000000 0.811523
1 0.430176 0.267090 0.000977 0.000977
1 0.447754 0.274902 0.008789 0.004883
1 0.441895 0.278320 0.002930 0.001953
1 0.436035 0.281738 0.008789 0.004883
1 0.430664 0.284668 0.001953 0.000977
1 0.427734 0.286133 0.003906 0.001953
1 0.424805 0.287598 0.001953 0.000977
1 0.422852 0.288574 0.001953 0.000977
1 0.420898 0.289551 0.001953 0.000977
1 0.418945 0.290527 0.001953 0.000977
1 0.416992 0.291504 0.001953 0.000977
1 0.415039 0.292480 0.001953 0.000977
1 0.413086 0.293457 0.001953 0.000977
1 0.411133 0.294434 0.001953 0.000977
1 0.409180 0.295410 0.001953 0.000977
1 0.407227 0.296387 0.001953 0.000977
1 0.405273 0.297363 0.001953 0.000977
1 0.403320 0.298340 0.001953 0.000977
1 0.401367 0.299316 0.001953 0.000977
1 0.399414 0.300293 0.001953 0.000977
1 0.397461 0.301270 0.001953 0.000977
1 0.395508 0.302246 0.001953 0.000977
1 0.393555 0.303223 0.001953 0.000977
1 0.391602 0.304199 0.001953 0.000977
1 0.389648 0.305176 0.001953 0.000977
1 0.387695 0.306152 0.001953 0.000977
1 0.385742 0.307129 0.001953 0.000977
1 0.383789 0.308105 0.001953 0.000977
1 0.381836 0.309082 0.001953 0.000977
1 0.379883 0.310059 0.001953 0.000977
1 0.377930 0.311035 0.001953 0.000977
1 0.375977 0.312012 0.001953 0.000977
1 0.374023 0.312988 0.001953 0.000977
1 0.372070 0.313965 0.001953 0.000977
1 0.370117 0.314941 0.001953 0.000977
1 0.368164 0.315918 0.001953 0.000977
1 0.342773 0.327637 0.001953 0.000977
1 0.340820 0.328613 0.001953 0.000977
1 0.338867 0.329590 0.001953 0.000977
1 0.336914 0.330566 0.001953 0.000977
1 0.334961 0.331543 0.001953 0.000977
1 0.333008 0.332520 0.001953 0.000977
1 0.323242 0.336426 0.001953 0.000977
1 0.321289 0.337402 0.001953 0.000977
1 0.319336 0.338379 0.001953 0.000977
1 0.317383 0.339355 0.001953 0.000977
1 0.315430 0.340332 0.001953 0.000977
1 0.313477 0.341309 0.001953 0.000977
1 0.311523 0.342285 0.001953 0.000977
1 0.309570 0.343262 0.001953 0.000977
1 0.307617 0.344238 0.001953 0.000977
1 0.302734 0.346191 0.007812 0.002930
1 0.297852 0.348145 0.001953 0.000977
1 0.295898 0.349121 0.001953 0.000977
1 0.293945 0.350098 0.001953 0.000977
1 0.291992 0.351074 0.001953 0.000977
1 0.290039 0.352051 0.001953 0.000977
1 0.288086 0.353027 0.001953 0.000977
1 0.208008 0.401855 0.158203 0.096680
1 0.040527 0.478027 0.081055 0.067383
1 0.044434 0.502930 0.088867 0.056641
1 0.017090 0.847168 0.034180 0.252930
1 0.256836 0.990723 0.070312 0.018555
1 0.055176 0.991211 0.110352 0.017578
1 0.165527 0.992188 0.094727 0.015625
