0 0.972656 0.030273 0.054688 0.044922
0 0.882324 0.340332 0.235352 0.258789
0 0.718262 0.765625 0.563477 0.468750
0 0.896484 0.814941 0.207031 0.370117
0 0.976562 0.699219 0.046875 0.027344
1 0.500000 0.500000 1.000000 1.000000
1 0.993652 0.319336 0.012695 0.035156
1 0.933105 0.401855 0.088867 0.120117
1 0.968750 0.402832 0.062500 0.122070
1 0.881348 0.400391 0.086914 0.111328
1 0.643555 0.585449 0.103516 0.094727
1 0.847168 0.771973 0.305664 0.456055
1 0.712402 0.651367 0.067383 0.093750
1 0.999023 0.613770 0.001953 0.002930
1 0.626953 0.719238 0.107422 0.190430
1 0.708984 0.717773 0.078125 0.048828
1 0.705566 0.764648 0.088867 0.052734
1 0.701172 0.807617 0.099609 0.052734
1 0.604004 0.861328 0.081055 0.097656
1 0.698730 0.852539 0.108398 0.050781
1 0.699219 0.897949 0.123047 0.051758
1 0.830566 0.943359 0.061523 0.113281
1 0.933105 0.917969 0.133789 0.058594
1 0.594727 0.935059 0.070312 0.043945
1 0.695801 0.943848 0.127930 0.053711
1 0.894531 0.974121 0.060547 0.051758
1 0.958496 0.976562 0.059570 0.046875
1 0.996094 0.977051 0.007812 0.045898
1 0.565430 0.977539 0.117188 0.044922
1 0.681641 0.982422 0.107422 0.035156
