0 0.500000 0.493652 1.000000 0.987305
0 0.966309 0.133301 0.057617 0.057617
0 0.035156 0.223145 0.070312 0.227539
0 0.923828 0.416016 0.152344 0.447266
0 0.102539 0.686523 0.205078 0.070312
0 0.125000 0.838867 0.250000 0.183594
0 0.621582 0.951172 0.209961 0.097656
1 0.179199 0.254395 0.358398 0.508789
1 0.436035 0.312988 0.422852 0.625977
1 0.642578 0.316406 0.304688 0.632812
1 0.745605 0.441406 0.508789 0.882812
1 0.948730 0.479980 0.102539 0.305664
1 0.018555 0.491699 0.037109 0.124023
1 0.500000 0.729004 1.000000 0.541992
