0 0.500000 0.500000 1.000000 1.000000
0 0.395508 0.052734 0.027344 0.105469
0 0.460449 0.050781 0.040039 0.101562
0 0.863281 0.128418 0.273438 0.256836
0 0.034668 0.089355 0.069336 0.153320
1 0.138184 0.113281 0.276367 0.226562
1 0.414062 0.259766 0.521484 0.519531
1 0.836914 0.317871 0.326172 0.635742
1 0.921875 0.035156 0.156250 0.070312
1 0.031250 0.088867 0.062500 0.140625
1 0.118164 0.317383 0.236328 0.304688
1 0.644531 0.399414 0.238281 0.421875
1 0.284668 0.739258 0.569336 0.521484
1 0.979492 0.621582 0.041016 0.049805
1 0.737793 0.806152 0.295898 0.387695
1 0.247070 0.660645 0.083984 0.067383
1 0.295410 0.770020 0.184570 0.268555
1 0.506348 0.700684 0.125977 0.114258
1 0.931152 0.826172 0.090820 0.347656
1 0.413574 0.699707 0.049805 0.086914
1 0.976074 0.750488 0.047852 0.180664
1 0.453613 0.778809 0.235352 0.100586
1 0.627930 0.810547 0.070312 0.115234
1 0.687012 0.816406 0.051758 0.115234
1 0.761230 0.801758 0.102539 0.080078
1 0.444824 0.881348 0.254883 0.096680
1 0.757812 0.861328 0.109375 0.046875
1 0.967285 0.903320 0.065430 0.119141
1 0.622070 0.898438 0.064453 0.050781
1 0.677734 0.895508 0.037109 0.041016
1 0.733887 0.932129 0.073242 0.100586
1 0.222656 0.943359 0.187500 0.113281
1 0.794434 0.944336 0.036133 0.111328
1 0.418945 0.958496 0.283203 0.083008
1 0.713867 0.958496 0.123047 0.083008
1 0.644043 0.963379 0.153320 0.073242
1 0.962891 0.982422 0.074219 0.035156
