0 0.011230 0.118164 0.022461 0.236328
0 0.500000 0.500000 1.000000 1.000000
0 0.434082 0.858887 0.014648 0.014648
1 0.001465 0.012695 0.002930 0.025391
1 0.098633 0.142090 0.197266 0.284180
1 0.391602 0.158691 0.408203 0.317383
1 0.607422 0.442871 0.376953 0.885742
1 0.892090 0.180176 0.215820 0.360352
1 0.081543 0.527832 0.163086 0.477539
1 0.372070 0.375488 0.390625 0.135742
1 0.792480 0.655273 0.389648 0.601562
1 0.279785 0.713379 0.559570 0.573242
1 0.986816 0.609375 0.026367 0.292969
1 0.869629 0.878418 0.165039 0.243164
1 0.976562 0.870605 0.046875 0.200195
1 0.417480 0.907715 0.280273 0.184570
1 0.651367 0.958984 0.248047 0.082031
1 0.975098 0.989258 0.049805 0.021484
