0 0.070312 0.020996 0.140625 0.041992
0 0.500000 0.500000 1.000000 1.000000
1 0.063965 0.015137 0.127930 0.030273
1 0.100586 0.039551 0.201172 0.079102
1 0.293945 0.024414 0.199219 0.048828
1 0.436523 0.019043 0.044922 0.038086
1 0.449707 0.013184 0.032227 0.026367
1 0.652344 0.456055 0.367188 0.912109
1 0.743652 0.453125 0.512695 0.906250
1 0.246582 0.159668 0.493164 0.309570
1 0.027832 0.233398 0.055664 0.187500
1 0.338867 0.232422 0.367188 0.134766
1 0.491699 0.338379 0.202148 0.149414
1 0.346680 0.415527 0.142578 0.268555
1 0.219238 0.431152 0.161133 0.264648
1 0.231934 0.592773 0.463867 0.550781
1 0.614746 0.354004 0.000977 0.000977
1 0.562012 0.648926 0.301758 0.489258
1 0.711914 0.790527 0.197266 0.268555
1 0.294922 0.929688 0.589844 0.130859
1 0.951660 0.917480 0.096680 0.038086
1 0.643066 0.951660 0.297852 0.096680
1 0.943359 0.962891 0.113281 0.074219
1 0.787109 0.986816 0.041016 0.026367
1 0.830566 0.986816 0.081055 0.026367
1 0.241211 0.989258 0.482422 0.021484
