0 0.004395 0.000488 0.008789 0.000977
0 0.500000 0.500000 1.000000 1.000000
1 0.031738 0.114746 0.063477 0.229492
1 0.093750 0.045898 0.072266 0.091797
1 0.194824 0.040527 0.131836 0.081055
1 0.313477 0.032715 0.105469 0.065430
1 0.472656 0.026855 0.208984 0.053711
1 0.637695 0.012207 0.109375 0.024414
1 0.722168 0.003418 0.041992 0.006836
1 0.813477 0.066895 0.218750 0.133789
1 0.957520 0.052734 0.084961 0.105469
1 0.505371 0.103027 0.411133 0.168945
1 0.183105 0.146973 0.252930 0.145508
1 0.995117 0.311035 0.009766 0.405273
1 0.854492 0.312988 0.261719 0.401367
1 0.656738 0.328613 0.137695 0.364258
1 0.451660 0.337402 0.262695 0.342773
1 0.249023 0.292480 0.130859 0.182617
1 0.117188 0.299805 0.128906 0.164062
1 0.024414 0.307129 0.048828 0.143555
1 0.387207 0.379883 0.133789 0.255859
1 0.156250 0.447266 0.312500 0.121094
1 0.057129 0.562500 0.114258 0.089844
1 0.176270 0.623535 0.145508 0.209961
1 0.276855 0.623535 0.065430 0.208008
1 0.377441 0.623535 0.133789 0.208008
1 0.512695 0.623047 0.132812 0.207031
1 0.649414 0.624512 0.138672 0.206055
1 0.722168 0.663086 0.555664 0.281250
1 0.884277 0.697266 0.231445 0.261719
1 0.053223 0.673828 0.106445 0.128906
1 0.339844 0.782715 0.207031 0.096680
1 0.123047 0.796875 0.212891 0.123047
1 0.008301 0.805664 0.016602 0.119141
1 0.543945 0.850586 0.191406 0.115234
1 0.757324 0.795410 0.000977 0.000977
1 0.698242 0.833008 0.117188 0.074219
1 0.344727 0.869141 0.208984 0.109375
1 0.799316 0.870117 0.196289 0.078125
1 0.952148 0.872070 0.095703 0.078125
1 0.136719 0.893555 0.216797 0.101562
1 0.661621 0.888672 0.086914 0.039062
1 0.015137 0.911133 0.030273 0.076172
1 0.582520 0.955566 0.647461 0.088867
1 0.953125 0.955078 0.093750 0.074219
1 0.154785 0.973633 0.202148 0.052734
1 0.024414 0.982422 0.048828 0.035156
1 0.820801 0.996582 0.358398 0.006836
