0 0.500000 0.500000 1.000000 1.000000
0 0.063965 0.241699 0.065430 0.159180
1 0.198730 0.411621 0.397461 0.823242
1 0.547852 0.317871 0.904297 0.635742
1 0.996582 0.398926 0.006836 0.018555
1 0.886719 0.624512 0.226562 0.452148
1 0.656250 0.720215 0.464844 0.438477
1 0.317871 0.832520 0.530273 0.334961
1 0.886719 0.799805 0.060547 0.060547
1 0.789551 0.913086 0.420898 0.173828
1 0.037598 0.915039 0.075195 0.169922
1 0.978516 0.898926 0.042969 0.108398
1 0.067871 0.881836 0.047852 0.072266
1 0.147461 0.966797 0.199219 0.066406
