0 0.006836 0.040527 0.013672 0.081055
0 0.500000 0.500000 1.000000 1.000000
0 0.250000 0.015625 0.013672 0.031250
1 0.052246 0.078125 0.104492 0.156250
1 0.219238 0.217773 0.219727 0.435547
1 0.408691 0.030273 0.125977 0.060547
1 0.458496 0.083984 0.229492 0.167969
1 0.677246 0.256836 0.331055 0.513672
1 0.896973 0.277832 0.206055 0.555664
1 0.045898 0.180176 0.091797 0.094727
1 0.424805 0.305664 0.218750 0.312500
1 0.155762 0.300293 0.141602 0.249023
1 0.042480 0.253906 0.084961 0.091797
1 0.038574 0.347168 0.077148 0.116211
1 0.229492 0.545898 0.458984 0.244141
1 0.701660 0.664551 0.596680 0.303711
1 0.408203 0.732422 0.814453 0.398438
1 0.043457 0.715820 0.086914 0.109375
1 0.693359 0.703613 0.142578 0.071289
1 0.807129 0.728516 0.110352 0.074219
1 0.930176 0.752930 0.139648 0.095703
1 0.782227 0.798828 0.117188 0.083984
1 0.920410 0.830566 0.159180 0.092773
1 0.038086 0.917969 0.076172 0.164062
1 0.235352 0.902344 0.281250 0.109375
1 0.909180 0.920410 0.181641 0.116211
1 0.438477 0.942383 0.101562 0.115234
1 0.647461 0.952148 0.296875 0.095703
1 0.230957 0.977539 0.274414 0.044922
1 0.898926 0.977539 0.170898 0.044922
1 0.998535 0.998535 0.002930 0.002930
