0 0.500000 0.500000 1.000000 1.000000
0 0.434570 0.997070 0.007812 0.005859
1 0.226074 0.300293 0.452148 0.600586
1 0.578125 0.145020 0.349609 0.290039
1 0.855469 0.210938 0.289062 0.421875
1 0.565918 0.432617 0.448242 0.396484
1 0.881836 0.632324 0.236328 0.657227
1 0.379395 0.443848 0.088867 0.049805
1 0.431152 0.493652 0.090820 0.108398
1 0.363281 0.479492 0.087891 0.066406
1 0.495605 0.513672 0.088867 0.119141
1 0.150879 0.597168 0.301758 0.223633
1 0.323730 0.551270 0.106445 0.112305
1 0.398438 0.568848 0.074219 0.063477
1 0.464355 0.583984 0.065430 0.058594
1 0.406738 0.614746 0.114258 0.045898
1 0.271973 0.647949 0.129883 0.110352
1 0.619141 0.770020 0.376953 0.348633
1 0.391602 0.675293 0.132812 0.106445
1 0.085449 0.744629 0.170898 0.157227
1 0.247070 0.738281 0.125000 0.103516
1 0.084473 0.785645 0.147461 0.157227
1 0.375488 0.748535 0.124023 0.075195
1 0.205078 0.762207 0.101562 0.065430
1 0.291016 0.812988 0.089844 0.077148
1 0.378418 0.834961 0.090820 0.103516
1 0.184570 0.823242 0.126953 0.070312
1 0.441895 0.867188 0.045898 0.099609
1 0.288086 0.907715 0.187500 0.165039
1 0.004395 0.900879 0.008789 0.131836
1 0.178711 0.909668 0.060547 0.129883
1 0.052734 0.924316 0.091797 0.151367
1 0.127441 0.907227 0.079102 0.099609
1 0.386230 0.903809 0.051758 0.034180
1 0.584961 0.958496 0.425781 0.083008
1 0.116211 0.972656 0.091797 0.054688
1 0.303711 0.974609 0.130859 0.050781
1 0.898438 0.977539 0.203125 0.044922
1 0.192383 0.987305 0.068359 0.025391
1 0.381836 0.997559 0.017578 0.004883
