0 0.500000 0.500000 1.000000 1.000000
0 0.024414 0.100586 0.048828 0.017578
0 0.012207 0.217285 0.024414 0.010742
0 0.040039 0.473145 0.080078 0.014648
1 0.281250 0.370117 0.562500 0.740234
1 0.359375 0.007812 0.160156 0.015625
1 0.510254 0.015625 0.125977 0.031250
1 0.577637 0.062012 0.020508 0.124023
1 0.791992 0.129395 0.416016 0.258789
1 0.199707 0.067383 0.120117 0.132812
1 0.755371 0.505859 0.489258 0.792969
1 0.802246 0.186035 0.127930 0.151367
1 0.521973 0.458008 0.077148 0.566406
1 0.871094 0.291016 0.257812 0.011719
1 0.867188 0.459473 0.265625 0.288086
1 0.991211 0.388672 0.017578 0.146484
1 0.203613 0.693848 0.407227 0.133789
1 0.296875 0.823242 0.593750 0.353516
1 0.764160 0.848633 0.471680 0.136719
1 0.685547 0.909180 0.316406 0.181641
1 0.867676 0.942383 0.264648 0.115234
