0 0.500000 0.500000 1.000000 1.000000
0 0.644531 0.959473 0.240234 0.081055
1 0.011230 0.118652 0.022461 0.237305
1 0.366699 0.085449 0.541992 0.170898
1 0.641113 0.047852 0.059570 0.095703
1 0.763672 0.097168 0.250000 0.194336
1 0.827148 0.097168 0.167969 0.194336
1 0.772461 0.314941 0.455078 0.629883
1 0.091309 0.383789 0.182617 0.759766
1 0.223145 0.415039 0.200195 0.728516
1 0.412598 0.544922 0.565430 0.910156
1 0.608398 0.389160 0.201172 0.295898
1 0.752930 0.762695 0.494141 0.474609
1 0.477051 0.699219 0.208008 0.236328
1 0.343750 0.791992 0.265625 0.416016
1 0.503906 0.799316 0.552734 0.401367
1 0.123535 0.881836 0.247070 0.218750
1 0.057129 0.990234 0.114258 0.019531
