0 0.110352 0.022949 0.007812 0.045898
0 0.500000 0.500000 1.000000 1.000000
0 0.612793 0.013184 0.163086 0.026367
0 0.004395 0.991211 0.008789 0.017578
1 0.098145 0.054199 0.196289 0.108398
1 0.403809 0.221680 0.483398 0.443359
1 0.477051 0.206543 0.399414 0.413086
1 0.653320 0.234863 0.693359 0.469727
1 0.613281 0.008789 0.148438 0.017578
1 0.047363 0.191406 0.094727 0.156250
1 0.140137 0.196289 0.096680 0.160156
1 0.746094 0.270508 0.187500 0.269531
1 0.087402 0.316406 0.174805 0.085938
1 0.425293 0.404785 0.350586 0.151367
1 0.083008 0.416016 0.166016 0.123047
1 0.353516 0.446289 0.216797 0.109375
1 0.621582 0.523926 0.067383 0.184570
1 0.829590 0.715820 0.340820 0.568359
1 0.937500 0.476074 0.125000 0.079102
1 0.137695 0.721191 0.275391 0.557617
1 0.346680 0.505371 0.203125 0.100586
1 0.524414 0.499512 0.126953 0.088867
1 0.511230 0.548828 0.145508 0.072266
1 0.457031 0.745117 0.410156 0.462891
1 0.819824 0.908203 0.135742 0.183594
1 0.484375 0.917969 0.171875 0.152344
1 0.329590 0.925781 0.135742 0.148438
1 0.607910 0.989746 0.290039 0.020508
1 0.195801 0.997559 0.081055 0.004883
