0 0.500000 0.445801 1.000000 0.891602
0 0.999023 0.020996 0.001953 0.041992
1 0.202148 0.125000 0.404297 0.250000
1 0.544434 0.041504 0.383789 0.083008
1 0.783691 0.017578 0.086914 0.035156
1 0.879395 0.050293 0.241211 0.100586
1 0.497070 0.184082 0.496094 0.323242
1 0.750488 0.102051 0.049805 0.051758
1 0.837402 0.134766 0.325195 0.115234
1 0.710938 0.335449 0.578125 0.446289
1 0.196289 0.209961 0.119141 0.082031
1 0.120117 0.346191 0.240234 0.282227
1 0.573242 0.286133 0.080078 0.074219
1 0.273438 0.334961 0.142578 0.138672
1 0.462891 0.354004 0.205078 0.157227
1 0.532715 0.323730 0.000977 0.000977
1 0.531738 0.324707 0.000977 0.000977
1 0.530762 0.325684 0.000977 0.000977
1 0.313477 0.370117 0.076172 0.027344
1 0.208496 0.516113 0.313477 0.303711
1 0.201660 0.404785 0.000977 0.000977
1 0.386230 0.435547 0.034180 0.062500
1 0.755371 0.588379 0.489258 0.360352
1 0.408691 0.464355 0.083008 0.036133
1 0.023438 0.534668 0.046875 0.100586
1 0.305664 0.647949 0.492188 0.321289
1 0.056641 0.723633 0.113281 0.312500
1 0.500000 0.868164 1.000000 0.263672
