0 0.148438 0.017090 0.078125 0.034180
0 0.500000 0.500000 1.000000 1.000000
0 0.982910 0.127441 0.034180 0.254883
0 0.076172 0.046875 0.152344 0.083984
0 0.047363 0.104980 0.094727 0.055664
0 0.972168 0.326172 0.055664 0.173828
0 0.911133 0.620605 0.177734 0.043945
0 0.111816 0.932129 0.223633 0.135742
1 0.228027 0.187988 0.456055 0.375977
1 0.393555 0.107422 0.080078 0.214844
1 0.464844 0.061035 0.078125 0.122070
1 0.534668 0.065918 0.081055 0.131836
1 0.604004 0.071289 0.083008 0.142578
1 0.674805 0.074707 0.087891 0.149414
1 0.742188 0.078125 0.089844 0.156250
1 0.809570 0.082520 0.091797 0.165039
1 0.877930 0.087891 0.091797 0.175781
1 0.944824 0.230957 0.110352 0.461914
1 0.991699 0.097168 0.016602 0.098633
1 0.676270 0.287109 0.524414 0.324219
1 0.648438 0.221191 0.068359 0.129883
1 0.988770 0.193359 0.022461 0.074219
1 0.000488 0.162598 0.000977 0.000977
1 0.716797 0.228027 0.068359 0.131836
1 0.079102 0.256836 0.158203 0.179688
1 0.785156 0.234863 0.068359 0.127930
1 0.331543 0.647949 0.663086 0.704102
1 0.025391 0.355469 0.050781 0.066406
1 0.069336 0.428223 0.138672 0.192383
1 0.545898 0.508301 0.121094 0.229492
1 0.000977 0.399414 0.001953 0.001953
1 0.696289 0.511719 0.207031 0.189453
1 0.870605 0.702637 0.258789 0.518555
1 0.999023 0.461914 0.001953 0.003906
1 0.677734 0.786621 0.179688 0.342773
1 0.875488 0.932129 0.249023 0.135742
1 0.053223 0.930176 0.106445 0.108398
1 0.687500 0.966797 0.091797 0.066406
1 0.055664 0.991211 0.111328 0.017578
