0 0.465820 0.500000 0.931641 1.000000
0 0.933105 0.500000 0.084961 1.000000
0 0.963867 0.500000 0.072266 1.000000
0 0.033203 0.433594 0.066406 0.015625
0 0.001953 0.525879 0.003906 0.104492
0 0.000488 0.584473 0.000977 0.006836
0 0.032715 0.927734 0.065430 0.033203
1 0.006836 0.081055 0.013672 0.162109
1 0.082520 0.080566 0.112305 0.161133
1 0.359375 0.156250 0.435547 0.312500
1 0.559082 0.009277 0.118164 0.018555
1 0.696777 0.045898 0.370117 0.091797
1 0.894043 0.090332 0.016602 0.180664
1 0.909180 0.500000 0.072266 1.000000
1 0.953125 0.500000 0.062500 1.000000
1 0.979980 0.313965 0.040039 0.627930
1 0.702637 0.154785 0.350586 0.192383
1 0.072266 0.248047 0.144531 0.156250
1 0.865723 0.598145 0.049805 0.803711
1 0.275879 0.413086 0.247070 0.382812
1 0.622559 0.583496 0.489258 0.678711
1 0.078613 0.525391 0.157227 0.375000
1 0.312988 0.584961 0.280273 0.261719
1 0.138184 0.626953 0.258789 0.289062
1 0.974121 0.740723 0.051758 0.223633
1 0.452148 0.802246 0.371094 0.202148
1 0.165527 0.865234 0.331055 0.269531
1 0.587891 0.911621 0.486328 0.176758
1 0.972656 0.882812 0.054688 0.058594
1 0.969727 0.957031 0.060547 0.085938
1 0.233887 0.960449 0.260742 0.079102
