0 0.500000 0.500000 1.000000 1.000000
0 0.937500 0.401367 0.125000 0.333984
0 0.024902 0.279785 0.049805 0.012695
0 0.020996 0.352051 0.041992 0.012695
1 0.251465 0.102539 0.502930 0.205078
1 0.571289 0.165527 0.255859 0.331055
1 0.830078 0.181641 0.339844 0.363281
1 0.708008 0.047363 0.015625 0.063477
1 0.694336 0.125000 0.015625 0.064453
1 0.358887 0.392578 0.717773 0.554688
1 0.681152 0.202148 0.014648 0.062500
1 0.868652 0.456055 0.262695 0.544922
1 0.979980 0.292480 0.040039 0.098633
1 0.745605 0.380371 0.163086 0.243164
1 0.672852 0.275391 0.009766 0.009766
1 0.444336 0.448730 0.107422 0.319336
1 0.967773 0.389648 0.064453 0.107422
1 0.531250 0.476562 0.105469 0.242188
1 0.603516 0.546387 0.097656 0.086914
1 0.954102 0.665527 0.091797 0.262695
1 0.693848 0.770996 0.612305 0.458008
1 0.254883 0.832520 0.509766 0.334961
1 0.991699 0.786133 0.016602 0.050781
