0 0.500000 0.500000 1.000000 1.000000
1 0.074219 0.046387 0.148438 0.092773
1 0.217773 0.103516 0.193359 0.207031
1 0.323242 0.228027 0.220703 0.456055
1 0.572754 0.213379 0.356445 0.426758
1 0.818359 0.133301 0.363281 0.266602
1 0.151855 0.263184 0.303711 0.360352
1 0.879395 0.398438 0.241211 0.474609
1 0.090332 0.379883 0.180664 0.210938
1 0.627930 0.554688 0.587891 0.548828
1 0.243652 0.713379 0.487305 0.573242
1 0.206055 0.481934 0.085938 0.024414
1 0.964844 0.701660 0.070312 0.184570
1 0.751465 0.821289 0.497070 0.357422
1 0.348633 0.923340 0.431641 0.153320
