0 0.500000 0.500000 1.000000 1.000000
0 0.997070 0.088379 0.005859 0.038086
1 0.008301 0.048828 0.016602 0.097656
1 0.161621 0.064453 0.307617 0.128906
1 0.597656 0.152832 0.679688 0.305664
1 0.972656 0.024902 0.054688 0.049805
1 0.906738 0.185547 0.100586 0.279297
1 0.947266 0.210449 0.105469 0.307617
1 0.461914 0.155762 0.093750 0.094727
1 0.382812 0.556152 0.765625 0.887695
1 0.645996 0.236816 0.266602 0.219727
1 0.978516 0.278320 0.042969 0.222656
1 0.849609 0.358887 0.183594 0.116211
1 0.992188 0.405273 0.015625 0.013672
1 0.949219 0.469238 0.101562 0.108398
1 0.832520 0.669922 0.334961 0.500000
1 0.735352 0.869141 0.529297 0.261719
