0 0.284180 0.019043 0.046875 0.038086
0 0.327148 0.036621 0.041016 0.073242
0 0.446289 0.081055 0.111328 0.162109
0 0.787109 0.015137 0.148438 0.030273
0 0.018555 0.309082 0.037109 0.139648
0 0.500000 0.681641 1.000000 0.636719
0 0.004395 0.503906 0.008789 0.009766
0 0.643066 0.896484 0.338867 0.207031
0 0.094727 0.989258 0.189453 0.021484
0 0.444336 0.992188 0.025391 0.015625
1 0.500000 0.420410 1.000000 0.840820
1 0.414062 0.001465 0.033203 0.002930
1 0.013672 0.312012 0.027344 0.114258
1 0.031738 0.649902 0.014648 0.014648
1 0.135742 0.656738 0.068359 0.014648
1 0.210938 0.666016 0.060547 0.011719
1 0.488770 0.830566 0.977539 0.338867
1 0.020020 0.712402 0.022461 0.086914
1 0.290527 0.677734 0.059570 0.011719
1 0.588867 0.691406 0.191406 0.019531
1 0.406250 0.689941 0.132812 0.014648
1 0.546387 0.684082 0.010742 0.000977
1 0.716797 0.701172 0.029297 0.029297
1 0.667480 0.770996 0.360352 0.139648
1 0.006348 0.793457 0.012695 0.038086
1 0.973145 0.872070 0.053711 0.082031
1 0.644043 0.926758 0.305664 0.146484
1 0.987793 0.949219 0.024414 0.066406
1 0.561523 0.972656 0.132812 0.054688
