0 0.404297 0.229492 0.808594 0.458984
0 0.248047 0.025879 0.033203 0.051758
0 0.355469 0.082031 0.148438 0.164062
0 0.428223 0.005859 0.051758 0.011719
0 0.592773 0.002930 0.005859 0.005859
0 0.861328 0.000488 0.001953 0.000977
0 0.886230 0.002441 0.000977 0.000977
0 0.932617 0.018066 0.001953 0.000977
0 0.000488 0.318359 0.000977 0.003906
0 0.044434 0.352051 0.088867 0.032227
1 0.064453 0.078613 0.128906 0.157227
1 0.110840 0.016113 0.106445 0.032227
1 0.434082 0.176270 0.729492 0.352539
1 0.500000 0.500000 1.000000 1.000000
1 0.125000 0.199707 0.181641 0.098633
1 0.015137 0.172852 0.030273 0.039062
1 0.259277 0.321777 0.518555 0.258789
1 0.007812 0.226074 0.015625 0.053711
1 0.567383 0.381348 0.119141 0.088867
