0 0.092773 0.051758 0.169922 0.103516
0 0.500000 0.500000 1.000000 1.000000
0 0.002930 0.478027 0.005859 0.006836
0 0.829102 0.948730 0.009766 0.102539
1 0.113281 0.138184 0.226562 0.276367
1 0.228516 0.397461 0.017578 0.794922
1 0.428711 0.000977 0.027344 0.001953
1 0.477051 0.002441 0.038086 0.004883
1 0.548828 0.004883 0.082031 0.009766
1 0.605957 0.005371 0.024414 0.010742
1 0.639160 0.006348 0.028320 0.012695
1 0.683594 0.006836 0.050781 0.013672
1 0.733398 0.006836 0.035156 0.013672
1 0.783691 0.006348 0.055664 0.012695
1 0.848633 0.005859 0.064453 0.011719
1 0.927246 0.005371 0.083008 0.010742
1 0.994141 0.000488 0.011719 0.000977
1 0.291016 0.061523 0.109375 0.119141
1 0.457031 0.206543 0.220703 0.397461
1 0.595703 0.076172 0.039062 0.115234
1 0.882324 0.103027 0.077148 0.165039
1 0.842285 0.169434 0.315430 0.297852
1 0.638672 0.082031 0.052734 0.121094
1 0.777832 0.093750 0.067383 0.144531
1 0.824707 0.098633 0.073242 0.154297
1 0.728027 0.090332 0.071289 0.135742
1 0.685059 0.085449 0.040039 0.124023
1 0.291992 0.263184 0.107422 0.274414
1 0.627441 0.185547 0.110352 0.095703
1 0.783203 0.197754 0.191406 0.079102
1 0.059082 0.227051 0.118164 0.079102
1 0.589355 0.318848 0.045898 0.166992
1 0.645020 0.320312 0.063477 0.162109
1 0.025879 0.415039 0.051758 0.302734
1 0.111816 0.489746 0.223633 0.440430
1 0.707031 0.296387 0.046875 0.032227
1 0.781738 0.440430 0.436523 0.238281
1 0.392578 0.481445 0.318359 0.146484
1 0.390137 0.583496 0.315430 0.051758
1 0.746582 0.598145 0.370117 0.069336
1 0.953125 0.601074 0.033203 0.065430
1 0.987793 0.600586 0.024414 0.064453
1 0.385742 0.753906 0.320312 0.285156
1 0.588867 0.708984 0.080078 0.166016
1 0.656250 0.711426 0.064453 0.165039
1 0.712402 0.713379 0.059570 0.163086
1 0.760254 0.714844 0.045898 0.162109
1 0.860352 0.702148 0.154297 0.132812
1 0.972168 0.681641 0.055664 0.078125
1 0.003418 0.705566 0.006836 0.026367
1 0.029297 0.755371 0.058594 0.124023
1 0.132324 0.768555 0.161133 0.132812
1 0.002441 0.738770 0.004883 0.028320
1 0.973145 0.738770 0.053711 0.026367
1 0.972656 0.791992 0.054688 0.068359
1 0.877930 0.884277 0.193359 0.231445
1 0.658203 0.898926 0.238281 0.196289
1 0.090820 0.839844 0.181641 0.027344
1 0.972168 0.861328 0.055664 0.056641
1 0.111816 0.923340 0.223633 0.153320
1 0.500000 0.932617 0.437500 0.134766
1 0.414551 0.941895 0.366211 0.116211
1 0.782715 0.944824 0.034180 0.110352
1 0.972656 0.913574 0.054688 0.036133
1 0.989746 0.969727 0.020508 0.060547
1 0.633301 0.987305 0.061523 0.025391
