0 0.616211 0.500000 0.767578 1.000000
0 0.344238 0.623535 0.688477 0.752930
0 0.866211 0.706543 0.267578 0.586914
0 0.062988 0.760742 0.125977 0.111328
0 0.225098 0.875488 0.450195 0.249023
1 0.347168 0.500000 0.694336 1.000000
1 0.466797 0.015625 0.345703 0.031250
1 0.650879 0.000488 0.002930 0.000977
1 0.802246 0.510742 0.395508 0.978516
1 0.582031 0.666992 0.195312 0.666016
1 0.329590 0.686523 0.659180 0.626953
1 0.887695 0.640137 0.224609 0.434570
1 0.871094 0.924805 0.257812 0.150391
1 0.018555 0.992188 0.037109 0.015625
