0 0.500000 0.171875 1.000000 0.343750
0 0.924805 0.712402 0.150391 0.329102
0 0.433594 0.791504 0.867188 0.416992
0 0.017578 0.937012 0.035156 0.125977
0 0.960938 0.988281 0.078125 0.023438
0 0.859375 0.993164 0.056641 0.013672
1 0.067871 0.144043 0.135742 0.288086
1 0.518066 0.130859 0.887695 0.261719
1 0.967285 0.017578 0.065430 0.035156
1 0.500000 0.514160 1.000000 0.971680
1 0.423828 0.178223 0.847656 0.282227
1 0.938965 0.714355 0.122070 0.295898
1 0.740234 0.782715 0.230469 0.301758
1 0.580078 0.830078 0.236328 0.298828
1 0.455078 0.863770 0.162109 0.272461
1 0.699707 0.788574 0.098633 0.110352
1 0.302734 0.858398 0.244141 0.208984
1 0.619141 0.812012 0.097656 0.110352
1 0.098633 0.905273 0.197266 0.189453
1 0.222168 0.928223 0.188477 0.116211
1 0.011230 0.953613 0.022461 0.092773
1 0.403809 0.981445 0.075195 0.037109
1 0.310547 0.985840 0.097656 0.028320
1 0.191406 0.993652 0.095703 0.012695
1 0.980469 0.994141 0.039062 0.011719
1 0.251953 0.998535 0.005859 0.002930
