0 0.028320 0.031738 0.056641 0.063477
0 0.041992 0.045410 0.083984 0.090820
0 0.322754 0.320312 0.645508 0.640625
0 0.872559 0.500000 0.254883 1.000000
0 0.152344 0.106934 0.087891 0.137695
0 0.050293 0.184570 0.100586 0.039062
0 0.672852 0.916016 0.058594 0.167969
1 0.023926 0.027344 0.047852 0.054688
1 0.034668 0.037598 0.069336 0.075195
1 0.166992 0.305664 0.333984 0.611328
1 0.422363 0.500000 0.844727 1.000000
1 0.953125 0.011230 0.093750 0.022461
1 0.906250 0.305176 0.187500 0.608398
1 0.842773 0.706543 0.156250 0.586914
1 0.931152 0.769531 0.110352 0.460938
1 0.991699 0.853027 0.016602 0.293945
