0 0.500000 0.500000 1.000000 1.000000
0 0.023438 0.569336 0.046875 0.005859
0 0.625000 0.809082 0.419922 0.381836
0 0.993652 0.939941 0.012695 0.120117
1 0.039062 0.052734 0.078125 0.105469
1 0.209473 0.022461 0.268555 0.044922
1 0.467773 0.054688 0.234375 0.109375
1 0.686523 0.071777 0.185547 0.143555
1 0.892090 0.124023 0.215820 0.248047
1 0.995605 0.087402 0.008789 0.135742
1 0.234863 0.270996 0.278320 0.469727
1 0.440918 0.127441 0.157227 0.133789
1 0.127441 0.193359 0.110352 0.216797
1 0.605469 0.252930 0.400391 0.298828
1 0.031250 0.136230 0.062500 0.049805
1 0.123047 0.409668 0.246094 0.520508
1 0.911621 0.437012 0.176758 0.541992
1 0.627441 0.621094 0.745117 0.757812
1 0.767578 0.443359 0.251953 0.335938
1 0.023438 0.400879 0.046875 0.192383
1 0.534668 0.458984 0.110352 0.177734
1 0.568848 0.479980 0.090820 0.157227
1 0.595215 0.499023 0.067383 0.150391
1 0.085449 0.675781 0.170898 0.353516
1 0.191895 0.728027 0.114258 0.112305
1 0.229492 0.698730 0.039062 0.022461
1 0.234863 0.738281 0.028320 0.025391
1 0.171875 0.892578 0.248047 0.214844
1 0.050781 0.926758 0.101562 0.146484
1 0.689453 0.944824 0.226562 0.110352
1 0.996094 0.970215 0.007812 0.059570
