0 0.076172 0.022461 0.144531 0.044922
0 0.500000 0.500000 1.000000 1.000000
0 0.002441 0.999023 0.004883 0.001953
1 0.231934 0.165039 0.463867 0.330078
1 0.424805 0.014648 0.068359 0.029297
1 0.482910 0.027344 0.061523 0.054688
1 0.538574 0.050781 0.098633 0.101562
1 0.690430 0.141602 0.326172 0.283203
1 0.923340 0.079102 0.153320 0.158203
1 0.502441 0.190430 0.172852 0.197266
1 0.741211 0.423828 0.517578 0.609375
1 0.994141 0.230469 0.011719 0.109375
1 0.566895 0.352051 0.290039 0.336914
1 0.111816 0.395996 0.223633 0.405273
1 0.393066 0.299805 0.081055 0.169922
1 0.244629 0.375977 0.127930 0.193359
1 0.979004 0.355469 0.041992 0.128906
1 0.780762 0.453125 0.338867 0.275391
1 0.327148 0.514160 0.371094 0.350586
1 0.007812 0.519531 0.015625 0.066406
1 0.075195 0.636230 0.150391 0.147461
1 0.746582 0.719727 0.258789 0.150391
1 0.552246 0.695312 0.135742 0.089844
1 0.414551 0.675293 0.131836 0.036133
1 0.204102 0.842773 0.408203 0.314453
1 0.495605 0.839355 0.211914 0.286133
1 0.893066 0.802246 0.213867 0.178711
1 0.031738 0.807617 0.063477 0.173828
1 0.983887 0.768555 0.032227 0.074219
1 0.765625 0.782227 0.101562 0.095703
1 0.604980 0.875488 0.241211 0.249023
1 0.716309 0.909668 0.213867 0.180664
1 0.223633 0.922852 0.292969 0.154297
1 0.887207 0.928711 0.225586 0.142578
1 0.433594 0.986816 0.091797 0.026367
