0 0.926270 0.019531 0.147461 0.039062
0 0.500000 0.542969 1.000000 0.914062
0 0.949707 0.107910 0.100586 0.041992
0 0.972656 0.251465 0.054688 0.030273
0 0.987793 0.344727 0.024414 0.068359
0 0.888672 0.951660 0.009766 0.096680
1 0.500000 0.364258 1.000000 0.728516
1 0.971680 0.006348 0.056641 0.012695
1 0.811035 0.324707 0.116211 0.168945
1 0.740723 0.348633 0.124023 0.167969
1 0.658203 0.375488 0.115234 0.174805
1 0.992188 0.339844 0.015625 0.044922
1 0.589355 0.402344 0.112305 0.167969
1 0.591797 0.636230 0.443359 0.352539
1 0.112305 0.693359 0.224609 0.458984
1 0.475586 0.610840 0.080078 0.155273
1 0.393555 0.620605 0.101562 0.159180
1 0.295410 0.631836 0.102539 0.162109
1 0.905273 0.759766 0.189453 0.224609
1 0.895996 0.716309 0.186523 0.127930
1 0.288086 0.794922 0.158203 0.164062
1 0.715820 0.860352 0.167969 0.279297
1 0.000977 0.792969 0.001953 0.005859
1 0.602051 0.895020 0.176758 0.209961
1 0.047363 0.879883 0.094727 0.146484
1 0.416016 0.914062 0.222656 0.171875
1 0.905762 0.937500 0.188477 0.125000
1 0.164551 0.940430 0.329102 0.119141
1 0.999512 0.908691 0.000977 0.020508
1 0.384277 0.974609 0.084961 0.050781
1 0.310547 0.987305 0.064453 0.025391
1 0.636719 0.988281 0.052734 0.023438
1 0.264648 0.997070 0.015625 0.005859
