0 0.500000 0.500000 1.000000 1.000000
0 0.966309 0.711426 0.067383 0.100586
0 0.972656 0.950684 0.054688 0.063477
1 0.375977 0.108398 0.751953 0.216797
1 0.876953 0.033691 0.246094 0.067383
1 0.832031 0.133301 0.179688 0.166992
1 0.872559 0.157227 0.254883 0.212891
1 0.930664 0.072754 0.029297 0.018555
1 0.190430 0.388184 0.380859 0.622070
1 0.560547 0.222656 0.357422 0.097656
1 0.436035 0.287598 0.127930 0.083008
1 0.548340 0.309570 0.110352 0.093750
1 0.864746 0.400879 0.227539 0.264648
1 0.572266 0.397949 0.189453 0.247070
1 0.994141 0.298340 0.011719 0.045898
1 0.619141 0.450195 0.253906 0.341797
1 0.427246 0.328613 0.141602 0.079102
1 0.994629 0.360352 0.010742 0.062500
1 0.378906 0.483887 0.208984 0.260742
1 0.540527 0.377930 0.120117 0.042969
1 0.994629 0.431641 0.010742 0.064453
1 0.993164 0.502441 0.013672 0.061523
1 0.820801 0.597656 0.139648 0.121094
1 0.867188 0.765625 0.265625 0.449219
1 0.993164 0.573730 0.013672 0.063477
1 0.530273 0.771973 0.431641 0.317383
1 0.816406 0.693359 0.136719 0.068359
1 0.362305 0.848145 0.724609 0.303711
1 0.814941 0.750977 0.145508 0.039062
1 0.605469 0.896973 0.238281 0.059570
1 0.866699 0.994141 0.266602 0.011719
