0 0.500000 0.348145 1.000000 0.696289
0 0.918457 0.047363 0.163086 0.094727
0 0.030273 0.622559 0.060547 0.059570
0 0.009766 0.683594 0.019531 0.027344
0 0.956055 0.721680 0.087891 0.099609
0 0.847168 0.869141 0.305664 0.261719
0 0.213867 0.928223 0.427734 0.143555
0 0.978027 0.978516 0.043945 0.042969
1 0.391113 0.213379 0.782227 0.426758
1 0.738770 0.040527 0.071289 0.081055
1 0.890625 0.112305 0.218750 0.224609
1 0.921875 0.042969 0.156250 0.085938
1 0.996094 0.131836 0.007812 0.017578
1 0.500000 0.567383 1.000000 0.865234
1 0.037109 0.438477 0.074219 0.099609
1 0.854004 0.873047 0.291992 0.253906
1 0.087891 0.931641 0.175781 0.136719
1 0.252930 0.937500 0.320312 0.125000
