0 0.048828 0.037109 0.097656 0.074219
0 0.080566 0.060547 0.161133 0.121094
0 0.112793 0.083496 0.225586 0.166992
0 0.500000 0.500000 1.000000 1.000000
0 0.974121 0.455566 0.051758 0.065430
0 0.996582 0.575684 0.006836 0.016602
0 0.823242 0.918457 0.353516 0.163086
1 0.006836 0.011719 0.013672 0.023438
1 0.033691 0.000488 0.000977 0.000977
1 0.056152 0.041992 0.112305 0.083984
1 0.087891 0.065430 0.175781 0.130859
1 0.123535 0.089844 0.247070 0.179688
1 0.286621 0.169434 0.426758 0.338867
1 0.715332 0.104980 0.389648 0.209961
1 0.968262 0.031250 0.063477 0.062500
1 0.938477 0.098633 0.123047 0.179688
1 0.453613 0.137207 0.229492 0.227539
1 0.918457 0.198730 0.163086 0.243164
1 0.518066 0.201172 0.229492 0.228516
1 0.581055 0.250977 0.238281 0.197266
1 0.861328 0.444824 0.277344 0.555664
1 0.018555 0.188965 0.037109 0.038086
1 0.097168 0.267578 0.110352 0.160156
1 0.277832 0.315430 0.204102 0.203125
1 0.293457 0.613281 0.586914 0.773438
1 0.730469 0.388184 0.238281 0.297852
1 0.454102 0.483887 0.324219 0.416992
1 0.610840 0.454102 0.247070 0.304688
1 0.392090 0.684082 0.458008 0.631836
1 0.353516 0.561523 0.259766 0.357422
1 0.881348 0.670898 0.237305 0.341797
1 0.708984 0.782715 0.582031 0.434570
1 0.615234 0.674805 0.091797 0.093750
1 0.780273 0.923828 0.242188 0.152344
1 0.948730 0.971680 0.081055 0.056641
