0 0.719727 0.014160 0.017578 0.028320
0 0.817871 0.071289 0.051758 0.142578
0 0.500000 0.530273 1.000000 0.939453
0 0.185059 0.400879 0.000977 0.000977
0 0.186035 0.401855 0.000977 0.000977
1 0.500000 0.321289 1.000000 0.642578
1 0.398438 0.388184 0.289062 0.416992
1 0.065430 0.471680 0.130859 0.263672
1 0.421875 0.483887 0.146484 0.243164
1 0.234863 0.621094 0.288086 0.349609
1 0.381836 0.618652 0.195312 0.256836
1 0.129395 0.652344 0.215820 0.232422
1 0.708496 0.674316 0.500977 0.133789
1 0.123047 0.734863 0.246094 0.213867
1 0.899414 0.723633 0.201172 0.167969
1 0.636230 0.791992 0.245117 0.148438
1 0.477539 0.865234 0.410156 0.269531
1 0.078125 0.828613 0.156250 0.192383
1 0.852539 0.875488 0.294922 0.247070
1 0.291992 0.907715 0.189453 0.184570
1 0.173828 0.923828 0.232422 0.152344
1 0.842285 0.932617 0.288086 0.134766
1 0.690430 0.943848 0.109375 0.112305
1 0.055664 0.956055 0.111328 0.087891
1 0.762695 0.977051 0.035156 0.045898
1 0.380371 0.992676 0.036133 0.014648
