0 0.500000 0.500000 1.000000 1.000000
0 0.961914 0.706055 0.076172 0.015625
1 0.349121 0.241699 0.698242 0.483398
1 0.829102 0.257324 0.341797 0.514648
1 0.759277 0.185547 0.151367 0.083984
1 0.951660 0.338379 0.096680 0.088867
1 0.732910 0.387695 0.118164 0.125000
1 0.308105 0.414062 0.266602 0.130859
1 0.949219 0.452148 0.101562 0.140625
1 0.424316 0.720703 0.848633 0.558594
1 0.726074 0.573242 0.227539 0.255859
1 0.566406 0.552246 0.095703 0.147461
1 0.924316 0.739258 0.151367 0.437500
1 0.947754 0.571777 0.104492 0.098633
1 0.964844 0.860352 0.070312 0.154297
1 0.932617 0.960938 0.134766 0.078125
1 0.874512 0.972168 0.014648 0.014648
