0 0.500000 0.500000 1.000000 1.000000
0 0.166504 0.602051 0.333008 0.284180
0 0.132324 0.880859 0.264648 0.238281
0 0.308105 0.765137 0.000977 0.000977
1 0.397949 0.264160 0.795898 0.528320
1 0.165527 0.047852 0.250977 0.095703
1 0.587891 0.003418 0.207031 0.006836
1 0.751465 0.049316 0.088867 0.098633
1 0.842285 0.053223 0.069336 0.106445
1 0.941895 0.054688 0.104492 0.109375
1 0.163574 0.135254 0.256836 0.106445
1 0.850586 0.206055 0.298828 0.173828
1 0.215820 0.324707 0.388672 0.122070
1 0.778809 0.623535 0.442383 0.688477
1 0.489258 0.362305 0.152344 0.093750
1 0.203613 0.401367 0.389648 0.123047
1 0.476562 0.445801 0.144531 0.094727
1 0.376465 0.708496 0.752930 0.583008
1 0.113770 0.514160 0.227539 0.077148
1 0.455078 0.530273 0.158203 0.099609
1 0.158203 0.576172 0.316406 0.126953
1 0.437012 0.610840 0.161133 0.098633
1 0.148438 0.662109 0.296875 0.123047
1 0.786133 0.880859 0.427734 0.238281
1 0.125488 0.838867 0.250977 0.119141
1 0.093262 0.929688 0.186523 0.109375
1 0.112793 0.978027 0.000977 0.000977
1 0.056641 0.989258 0.111328 0.021484
