0 0.500000 0.500000 1.000000 1.000000
0 0.973145 0.456543 0.053711 0.006836
0 0.967773 0.478516 0.064453 0.013672
0 0.092773 0.884277 0.185547 0.040039
1 0.105469 0.062500 0.210938 0.125000
1 0.392578 0.083008 0.365234 0.166016
1 0.638672 0.014648 0.123047 0.029297
1 0.832520 0.053711 0.266602 0.107422
1 0.937012 0.036621 0.125977 0.073242
1 0.678223 0.135742 0.245117 0.214844
1 0.882812 0.111816 0.164062 0.071289
1 0.984863 0.153809 0.030273 0.147461
1 0.180664 0.137695 0.361328 0.064453
1 0.562988 0.138184 0.051758 0.057617
1 0.681152 0.338379 0.436523 0.430664
1 0.622559 0.190430 0.186523 0.123047
1 0.908203 0.194336 0.119141 0.089844
1 0.039551 0.199707 0.079102 0.063477
1 0.294922 0.289062 0.464844 0.234375
1 0.944336 0.308594 0.111328 0.162109
1 0.034180 0.266113 0.068359 0.065430
1 0.743652 0.259766 0.043945 0.027344
1 0.617188 0.290527 0.216797 0.083008
1 0.030273 0.331055 0.060547 0.074219
1 0.456055 0.408691 0.109375 0.147461
1 0.941895 0.458496 0.116211 0.192383
1 0.027344 0.538086 0.054688 0.333984
1 0.222168 0.558594 0.372070 0.365234
1 0.416992 0.481445 0.031250 0.015625
1 0.462891 0.492188 0.052734 0.037109
1 0.374023 0.618164 0.328125 0.248047
1 0.702637 0.625977 0.336914 0.207031
1 0.936035 0.574219 0.127930 0.052734
1 0.932129 0.625000 0.135742 0.066406
1 0.923340 0.692871 0.153320 0.114258
1 0.583984 0.787109 0.511719 0.173828
1 0.117188 0.773926 0.234375 0.120117
1 0.437988 0.813965 0.420898 0.165039
1 0.916016 0.808105 0.167969 0.139648
1 0.116211 0.877441 0.232422 0.143555
1 0.249512 0.890137 0.067383 0.108398
1 0.828125 0.926758 0.343750 0.146484
1 0.349121 0.922852 0.170898 0.123047
1 0.525391 0.907227 0.185547 0.062500
1 0.632812 0.949707 0.171875 0.100586
1 0.834473 0.951172 0.284180 0.097656
1 0.504395 0.960938 0.151367 0.078125
1 0.059570 0.962891 0.119141 0.074219
1 0.214844 0.942871 0.001953 0.000977
1 0.186523 0.974609 0.236328 0.050781
1 0.365234 0.977051 0.134766 0.045898
