0 0.500000 0.500000 1.000000 1.000000
0 0.839355 0.211914 0.321289 0.423828
0 0.408691 0.300293 0.000977 0.000977
0 0.500488 0.363770 0.000977 0.000977
1 0.177246 0.079590 0.354492 0.159180
1 0.532227 0.421875 0.935547 0.843750
1 0.915527 0.079590 0.168945 0.159180
1 0.019043 0.116211 0.038086 0.093750
1 0.095215 0.444824 0.190430 0.514648
1 0.073730 0.713867 0.147461 0.042969
1 0.070801 0.856934 0.141602 0.286133
1 0.451172 0.808594 0.501953 0.128906
1 0.144531 0.760254 0.023438 0.030273
1 0.194336 0.766602 0.025391 0.015625
1 0.133301 0.879883 0.073242 0.240234
1 0.346680 0.886230 0.449219 0.227539
1 0.879395 0.859863 0.241211 0.118164
1 0.678711 0.934570 0.642578 0.130859
1 0.868164 0.913086 0.263672 0.074219
