0 0.300781 0.500000 0.601562 1.000000
0 0.469238 0.500000 0.303711 1.000000
0 0.495605 0.500000 0.305664 1.000000
0 0.522949 0.500000 0.313477 1.000000
0 0.869141 0.500000 0.261719 1.000000
0 0.628418 0.674316 0.000977 0.000977
0 0.565918 0.854004 0.102539 0.291992
0 0.973145 0.938965 0.000977 0.000977
0 0.974121 0.939941 0.000977 0.000977
1 0.086914 0.043457 0.173828 0.086914
1 0.363770 0.055664 0.411133 0.111328
1 0.577637 0.023926 0.016602 0.047852
1 0.457031 0.500000 0.292969 1.000000
1 0.482910 0.500000 0.297852 1.000000
1 0.506348 0.500000 0.293945 1.000000
1 0.617676 0.500000 0.458008 1.000000
1 0.878906 0.190918 0.166016 0.381836
1 0.981445 0.003906 0.037109 0.007812
1 0.966797 0.099121 0.066406 0.166992
1 0.267090 0.300293 0.534180 0.413086
1 0.964844 0.285645 0.070312 0.202148
1 0.989746 0.375977 0.020508 0.029297
1 0.898926 0.440430 0.202148 0.095703
1 0.209473 0.715332 0.418945 0.563477
1 0.899414 0.542480 0.201172 0.116211
1 0.889160 0.787598 0.221680 0.377930
1 0.033691 0.980469 0.067383 0.039062
1 0.162598 0.986816 0.190430 0.026367
1 0.828613 0.995117 0.112305 0.009766
