0 0.500000 0.500000 1.000000 1.000000
1 0.048828 0.057129 0.097656 0.114258
1 0.146973 0.027344 0.131836 0.054688
1 0.386230 0.154297 0.192383 0.308594
1 0.543945 0.085938 0.187500 0.171875
1 0.675781 0.041504 0.136719 0.083008
1 0.787109 0.030273 0.126953 0.060547
1 0.905762 0.020996 0.137695 0.041992
1 0.992676 0.012207 0.014648 0.024414
1 0.300781 0.092773 0.050781 0.142578
1 0.158203 0.167969 0.316406 0.285156
1 0.984375 0.181641 0.031250 0.296875
1 0.811523 0.112793 0.322266 0.141602
1 0.729980 0.257812 0.461914 0.148438
1 0.329590 0.253906 0.008789 0.111328
1 0.553711 0.323730 0.005859 0.000977
1 0.043945 0.326660 0.087891 0.004883
1 0.194336 0.329102 0.082031 0.003906
1 0.406738 0.332031 0.081055 0.003906
1 0.728027 0.341309 0.403320 0.018555
1 0.020020 0.521484 0.040039 0.357422
1 0.072754 0.598633 0.145508 0.509766
1 0.312500 0.416992 0.330078 0.144531
1 0.988281 0.349121 0.023438 0.004883
1 0.744629 0.462891 0.510742 0.212891
1 0.196289 0.558594 0.109375 0.126953
1 0.312012 0.567871 0.100586 0.139648
1 0.423828 0.577637 0.099609 0.153320
1 0.609375 0.585938 0.246094 0.162109
1 0.845703 0.667969 0.195312 0.308594
1 0.955566 0.701172 0.081055 0.296875
1 0.791016 0.626465 0.111328 0.090820
1 0.294434 0.699707 0.354492 0.155273
1 0.998535 0.646973 0.002930 0.022461
1 0.657227 0.739258 0.345703 0.142578
1 0.995605 0.699707 0.008789 0.063477
1 0.211914 0.810547 0.300781 0.162109
1 0.996094 0.752930 0.007812 0.023438
1 0.991211 0.812500 0.017578 0.080078
1 0.565918 0.890625 0.469727 0.218750
1 0.873047 0.868652 0.128906 0.088867
1 0.895508 0.927734 0.208984 0.144531
1 0.022461 0.930176 0.044922 0.139648
1 0.090332 0.934570 0.125977 0.130859
1 0.199707 0.922852 0.098633 0.080078
1 0.293945 0.947754 0.087891 0.104492
1 0.188477 0.979492 0.099609 0.041016
