0 0.731445 0.599609 0.537109 0.800781
0 0.005371 0.429199 0.010742 0.008789
0 0.470703 0.720215 0.941406 0.559570
0 0.022949 0.556641 0.045898 0.013672
0 0.741211 0.800293 0.011719 0.000977
0 0.732422 0.801270 0.005859 0.000977
0 0.726562 0.802246 0.005859 0.000977
0 0.720703 0.803223 0.005859 0.000977
0 0.715332 0.804199 0.004883 0.000977
0 0.710449 0.805176 0.004883 0.000977
0 0.705566 0.806152 0.004883 0.000977
0 0.700684 0.807129 0.004883 0.000977
0 0.695801 0.808105 0.004883 0.000977
0 0.690918 0.809082 0.004883 0.000977
0 0.685547 0.810059 0.005859 0.000977
0 0.679688 0.811035 0.005859 0.000977
0 0.673828 0.812012 0.005859 0.000977
0 0.667480 0.812988 0.006836 0.000977
0 0.660156 0.813965 0.007812 0.000977
0 0.654785 0.814941 0.002930 0.000977
0 0.650879 0.816406 0.004883 0.001953
0 0.646973 0.818359 0.002930 0.001953
0 0.645020 0.819824 0.000977 0.000977
0 0.643555 0.820801 0.001953 0.000977
0 0.642090 0.821777 0.000977 0.000977
0 0.641113 0.822754 0.000977 0.000977
0 0.638672 0.824707 0.003906 0.002930
0 0.634277 0.826660 0.004883 0.000977
0 0.626465 0.828125 0.010742 0.001953
0 0.619629 0.829590 0.002930 0.000977
0 0.615234 0.833008 0.005859 0.005859
0 0.611328 0.836426 0.001953 0.000977
0 0.608398 0.837891 0.003906 0.001953
0 0.605957 0.839844 0.000977 0.001953
0 0.604980 0.841797 0.000977 0.001953
0 0.604004 0.843750 0.000977 0.001953
0 0.603027 0.845703 0.000977 0.001953
0 0.601562 0.848145 0.001953 0.002930
0 0.600098 0.850098 0.000977 0.000977
1 0.500000 0.500000 1.000000 1.000000
1 0.827148 0.439453 0.207031 0.277344
1 0.041504 0.672852 0.083008 0.107422
1 0.458984 0.861816 0.917969 0.276367
1 0.979980 0.811035 0.040039 0.063477
1 0.983398 0.902344 0.033203 0.195312
