0 0.500000 0.500000 1.000000 1.000000
0 0.988281 0.002441 0.023438 0.004883
0 0.979492 0.187012 0.041016 0.012695
1 0.161621 0.064453 0.323242 0.128906
1 0.484863 0.081543 0.436523 0.163086
1 0.685547 0.369141 0.628906 0.738281
1 0.312988 0.541992 0.625977 0.916016
1 0.643555 0.448242 0.169922 0.568359
1 0.447754 0.751465 0.155273 0.057617
1 0.522461 0.777832 0.279297 0.086914
1 0.835449 0.812988 0.329102 0.151367
1 0.530762 0.811523 0.272461 0.101562
1 0.542480 0.850586 0.268555 0.103516
1 0.942383 0.882324 0.115234 0.098633
1 0.555664 0.900391 0.271484 0.117188
1 0.619629 0.931152 0.526367 0.137695
1 0.943848 0.956543 0.112305 0.086914
1 0.861328 0.970703 0.041016 0.058594
