0 0.500000 0.500000 1.000000 1.000000
0 0.959961 0.036133 0.080078 0.072266
0 0.496582 0.732910 0.000977 0.000977
0 0.486816 0.914062 0.268555 0.171875
1 0.133789 0.050781 0.267578 0.101562
1 0.381348 0.050293 0.227539 0.100586
1 0.574707 0.103516 0.127930 0.207031
1 0.692871 0.022949 0.118164 0.045898
1 0.810059 0.019531 0.086914 0.039062
1 0.909668 0.070312 0.180664 0.140625
1 0.963867 0.032715 0.072266 0.065430
1 0.780273 0.130371 0.287109 0.254883
1 0.936035 0.169434 0.127930 0.151367
1 0.270020 0.280762 0.540039 0.344727
1 0.668457 0.219238 0.254883 0.221680
1 0.021484 0.171875 0.042969 0.111328
1 0.732910 0.605469 0.442383 0.789062
1 0.981445 0.266602 0.037109 0.070312
1 0.819336 0.354492 0.169922 0.232422
1 0.960449 0.246582 0.000977 0.000977
1 0.914062 0.386719 0.171875 0.279297
1 0.803223 0.273926 0.008789 0.006836
1 0.870117 0.565430 0.259766 0.384766
1 0.318848 0.582031 0.637695 0.353516
1 0.061523 0.487793 0.123047 0.083008
1 0.249023 0.705078 0.240234 0.230469
1 0.817383 0.702637 0.068359 0.125977
1 0.476074 0.841797 0.547852 0.316406
1 0.102051 0.809082 0.204102 0.225586
1 0.925293 0.847168 0.149414 0.196289
1 0.877930 0.796387 0.097656 0.083008
1 0.195312 0.960938 0.126953 0.078125
1 0.082520 0.964355 0.165039 0.071289
1 0.975098 0.980469 0.049805 0.039062
1 0.492676 0.989258 0.100586 0.021484
