0 0.500000 0.500000 1.000000 1.000000
0 0.964355 0.407715 0.071289 0.016602
0 0.749023 0.988281 0.011719 0.023438
1 0.030273 0.012207 0.060547 0.024414
1 0.120605 0.019531 0.041992 0.039062
1 0.211914 0.092773 0.177734 0.185547
1 0.309082 0.138672 0.221680 0.277344
1 0.470215 0.029297 0.096680 0.058594
1 0.627441 0.397461 0.745117 0.794922
1 0.341309 0.501953 0.682617 0.996094
1 0.396973 0.146973 0.166992 0.211914
1 0.841309 0.561523 0.317383 0.642578
1 0.937500 0.761230 0.125000 0.415039
1 0.832520 0.921387 0.313477 0.157227
