0 0.500000 0.500000 1.000000 1.000000
0 0.970215 0.205566 0.059570 0.174805
0 0.428711 0.754883 0.251953 0.259766
0 0.992188 0.859375 0.015625 0.111328
0 0.000488 0.905762 0.000977 0.002930
1 0.151367 0.083984 0.302734 0.167969
1 0.305176 0.020020 0.098633 0.040039
1 0.379395 0.049316 0.108398 0.098633
1 0.436035 0.008301 0.038086 0.016602
1 0.512695 0.026855 0.136719 0.053711
1 0.664551 0.104980 0.110352 0.209961
1 0.787598 0.018066 0.157227 0.036133
1 0.849609 0.222656 0.300781 0.445312
1 0.481934 0.093750 0.198242 0.136719
1 0.832031 0.081055 0.037109 0.078125
1 0.399414 0.174316 0.300781 0.145508
1 0.976074 0.212891 0.047852 0.140625
1 0.220703 0.410645 0.441406 0.493164
1 0.114746 0.342285 0.229492 0.348633
1 0.081055 0.253906 0.162109 0.160156
1 0.627930 0.238281 0.210938 0.107422
1 0.442383 0.377930 0.146484 0.271484
1 0.572754 0.328613 0.147461 0.127930
1 0.664551 0.441895 0.182617 0.338867
1 0.869141 0.403320 0.261719 0.257812
1 0.823730 0.515137 0.325195 0.389648
1 0.540527 0.449219 0.209961 0.246094
1 0.172852 0.604004 0.339844 0.262695
1 0.389160 0.559570 0.112305 0.117188
1 0.405273 0.766113 0.462891 0.465820
1 0.898926 0.768555 0.202148 0.462891
1 0.739746 0.783691 0.391602 0.327148
1 0.093750 0.851074 0.187500 0.297852
1 0.124023 0.748535 0.150391 0.084961
1 0.701172 0.854492 0.066406 0.095703
1 0.627930 0.916016 0.308594 0.167969
1 0.257812 0.965332 0.253906 0.069336
1 0.841309 0.979980 0.133789 0.040039
1 0.452148 0.982422 0.042969 0.035156
