0 0.219238 0.334473 0.438477 0.668945
0 0.674805 0.152344 0.410156 0.304688
0 0.940430 0.008301 0.029297 0.016602
0 0.500000 0.668457 1.000000 0.663086
0 0.546875 0.535645 0.177734 0.106445
0 0.624512 0.828613 0.161133 0.127930
1 0.070312 0.135742 0.140625 0.271484
1 0.500000 0.408691 1.000000 0.817383
1 0.594727 0.033691 0.167969 0.067383
1 0.717285 0.194824 0.000977 0.000977
1 0.533691 0.224121 0.034180 0.018555
1 0.515137 0.233887 0.000977 0.000977
1 0.513184 0.234863 0.000977 0.000977
1 0.059570 0.442383 0.119141 0.404297
1 0.920410 0.503906 0.159180 0.312500
1 0.659180 0.721680 0.681641 0.556641
1 0.166504 0.872559 0.333008 0.254883
