0 0.500000 0.500000 1.000000 1.000000
0 0.682129 0.087402 0.170898 0.174805
0 0.012695 0.138672 0.025391 0.044922
0 0.203125 0.985840 0.097656 0.028320
1 0.374023 0.247070 0.748047 0.494141
1 0.557129 0.189941 0.885742 0.379883
1 0.881348 0.354004 0.237305 0.374023
1 0.419434 0.453125 0.434570 0.335938
1 0.190430 0.502441 0.380859 0.297852
1 0.778320 0.579590 0.443359 0.350586
1 0.163086 0.602539 0.140625 0.177734
1 0.336426 0.668945 0.319336 0.220703
1 0.568848 0.758789 0.430664 0.302734
1 0.354492 0.811523 0.708984 0.376953
1 0.873047 0.797363 0.253906 0.329102
1 0.590332 0.888184 0.495117 0.223633
1 0.849121 0.922363 0.301758 0.155273
1 0.991699 0.958496 0.016602 0.030273
1 0.195312 0.991211 0.056641 0.017578
