0 0.500000 0.500000 1.000000 1.000000
0 0.963867 0.011230 0.072266 0.022461
0 0.737793 0.690918 0.524414 0.618164
0 0.298828 0.833008 0.074219 0.333984
0 0.147949 0.980469 0.008789 0.039062
1 0.071289 0.098633 0.142578 0.197266
1 0.303711 0.090332 0.300781 0.180664
1 0.655762 0.121582 0.471680 0.243164
1 0.904297 0.153320 0.191406 0.306641
1 0.987793 0.003906 0.024414 0.007812
1 0.514648 0.580566 0.970703 0.838867
1 0.018555 0.363281 0.037109 0.318359
1 0.801758 0.438477 0.111328 0.074219
1 0.946289 0.601562 0.107422 0.343750
1 0.009766 0.583496 0.019531 0.106445
1 0.013184 0.694336 0.026367 0.101562
1 0.744629 0.862305 0.252930 0.275391
1 0.013672 0.847656 0.027344 0.193359
1 0.917480 0.860840 0.165039 0.198242
1 0.885254 0.965820 0.166992 0.068359
1 0.014160 0.975586 0.028320 0.048828
1 0.987305 0.988770 0.025391 0.022461
