0 0.500000 0.500000 1.000000 1.000000
0 0.961914 0.435547 0.076172 0.015625
0 0.965332 0.943848 0.069336 0.112305
1 0.349121 0.106445 0.698242 0.212891
1 0.852051 0.122070 0.295898 0.244141
1 0.951660 0.067871 0.096680 0.088867
1 0.732910 0.117188 0.118164 0.125000
1 0.308105 0.143555 0.266602 0.130859
1 0.949219 0.181641 0.101562 0.140625
1 0.424316 0.585449 0.848633 0.829102
1 0.726074 0.302734 0.227539 0.255859
1 0.566406 0.281738 0.095703 0.147461
1 0.924316 0.468750 0.151367 0.437500
1 0.947754 0.301270 0.104492 0.098633
1 0.964844 0.589844 0.070312 0.154297
1 0.848633 0.825684 0.302734 0.348633
1 0.874512 0.701660 0.014648 0.014648
1 0.968262 0.947266 0.063477 0.105469
