0 0.500000 0.500000 1.000000 1.000000
1 0.389648 0.378906 0.779297 0.757812
1 0.238281 0.065430 0.214844 0.130859
1 0.527832 0.079590 0.377930 0.159180
1 0.747559 0.007324 0.045898 0.014648
1 0.854004 0.361328 0.291992 0.722656
1 0.561035 0.201660 0.303711 0.319336
1 0.189941 0.674805 0.379883 0.171875
1 0.726562 0.664551 0.242188 0.104492
1 0.902344 0.730469 0.111328 0.060547
1 0.716309 0.737793 0.249023 0.065430
1 0.980469 0.732910 0.039062 0.038086
1 0.105469 0.810059 0.210938 0.116211
1 0.409180 0.795410 0.185547 0.083008
1 0.246582 0.879395 0.493164 0.241211
1 0.983887 0.844238 0.032227 0.166992
1 0.912109 0.847656 0.121094 0.171875
1 0.743652 0.881836 0.454102 0.236328
1 0.624512 0.900391 0.321289 0.199219
1 0.405273 0.864258 0.103516 0.089844
1 0.985840 0.949707 0.028320 0.036133
1 0.983887 0.984863 0.032227 0.030273
