0 0.500000 0.395508 1.000000 0.791016
0 0.272949 0.962891 0.545898 0.074219
1 0.108398 0.067383 0.216797 0.134766
1 0.283691 0.078613 0.321289 0.157227
1 0.595703 0.142578 0.304688 0.285156
1 0.691895 0.057617 0.116211 0.115234
1 0.886230 0.032227 0.227539 0.064453
1 0.879883 0.237305 0.240234 0.384766
1 0.284180 0.216797 0.230469 0.275391
1 0.095703 0.178711 0.191406 0.111328
1 0.500000 0.599609 1.000000 0.800781
1 0.085449 0.269043 0.170898 0.106445
1 0.170898 0.426758 0.341797 0.220703
1 0.147461 0.650391 0.294922 0.234375
1 0.212891 0.969727 0.425781 0.060547
1 0.453125 0.999023 0.009766 0.001953
