0 0.489746 0.052734 0.418945 0.105469
0 0.865723 0.033203 0.268555 0.035156
0 0.849609 0.116211 0.300781 0.042969
0 0.865234 0.351562 0.269531 0.291016
0 0.500000 0.679688 1.000000 0.054688
0 0.422852 0.868652 0.845703 0.262695
1 0.500000 0.346191 1.000000 0.692383
1 0.490723 0.018555 0.401367 0.037109
1 0.883789 0.349609 0.232422 0.265625
1 0.974609 0.379395 0.050781 0.161133
1 0.500000 0.833496 1.000000 0.333008
1 0.145508 0.873047 0.291016 0.253906
1 0.204102 0.805664 0.177734 0.054688
1 0.406250 0.921875 0.242188 0.156250
1 0.580078 0.929199 0.218750 0.141602
1 0.659180 0.887695 0.064453 0.048828
