0 0.621582 0.500000 0.756836 1.000000
0 0.086914 0.687988 0.173828 0.053711
0 0.965332 0.767578 0.069336 0.167969
1 0.237793 0.500000 0.475586 1.000000
1 0.737305 0.059082 0.525391 0.118164
1 0.657715 0.254395 0.452148 0.331055
1 0.886230 0.303223 0.227539 0.366211
1 0.975098 0.336426 0.049805 0.131836
1 0.557617 0.483887 0.402344 0.420898
1 0.948730 0.467773 0.102539 0.148438
1 0.852539 0.715332 0.294922 0.524414
1 0.519531 0.727539 0.388672 0.283203
1 0.726562 0.677734 0.169922 0.179688
1 0.973633 0.770020 0.052734 0.124023
1 0.340332 0.858887 0.165039 0.282227
1 0.513184 0.870605 0.280273 0.258789
1 0.712891 0.892578 0.199219 0.214844
1 0.856934 0.933105 0.217773 0.133789
1 0.740723 0.976074 0.108398 0.047852
1 0.560547 0.988281 0.076172 0.023438
