0 0.055664 0.026855 0.007812 0.053711
0 0.187012 0.041992 0.049805 0.083984
0 0.500000 0.500000 1.000000 1.000000
0 0.058594 0.112793 0.117188 0.006836
1 0.163086 0.102539 0.326172 0.205078
1 0.456055 0.092285 0.255859 0.184570
1 0.562012 0.001953 0.045898 0.003906
1 0.695312 0.005859 0.107422 0.011719
1 0.708008 0.125000 0.291016 0.250000
1 0.925781 0.137207 0.148438 0.274414
1 0.050293 0.173340 0.100586 0.053711
1 0.250000 0.182129 0.158203 0.059570
1 0.449707 0.215332 0.223633 0.071289
1 0.165527 0.229004 0.331055 0.043945
1 0.441406 0.466309 0.882812 0.418945
1 0.935059 0.314941 0.129883 0.096680
1 0.938477 0.409668 0.123047 0.096680
1 0.512695 0.573242 0.181641 0.373047
1 0.333008 0.583984 0.189453 0.388672
1 0.152832 0.616699 0.305664 0.399414
1 0.940918 0.526367 0.118164 0.134766
1 0.095703 0.706543 0.191406 0.356445
1 0.948730 0.662109 0.102539 0.119141
1 0.841309 0.835449 0.106445 0.329102
1 0.700195 0.771973 0.179688 0.180664
1 0.950195 0.859375 0.099609 0.281250
1 0.523438 0.880371 0.173828 0.239258
1 0.274414 0.888672 0.322266 0.222656
1 0.045410 0.880859 0.090820 0.181641
1 0.705078 0.931152 0.208984 0.137695
1 0.099121 0.952148 0.198242 0.095703
