0 0.434570 0.500000 0.869141 1.000000
0 0.922852 0.500000 0.154297 1.000000
0 0.251465 0.971191 0.502930 0.057617
1 0.402344 0.372559 0.804688 0.745117
1 0.810547 0.385742 0.046875 0.771484
1 0.857422 0.500000 0.048828 1.000000
1 0.911133 0.394531 0.033203 0.789062
1 0.964355 0.428711 0.071289 0.857422
1 0.663086 0.474609 0.277344 0.654297
1 0.133301 0.723633 0.266602 0.160156
1 0.877930 0.862793 0.015625 0.274414
1 0.381348 0.866211 0.762695 0.267578
1 0.780762 0.918457 0.024414 0.163086
1 0.968262 0.942871 0.063477 0.114258
1 0.907227 0.973145 0.009766 0.053711
1 0.030762 0.968750 0.061523 0.023438
1 0.180176 0.979004 0.360352 0.041992
