0 0.466797 0.204102 0.933594 0.408203
0 0.141602 0.501953 0.283203 0.207031
0 0.329102 0.730469 0.658203 0.539062
0 0.993652 0.705078 0.012695 0.029297
0 0.986328 0.996094 0.027344 0.007812
1 0.251465 0.196777 0.502930 0.393555
1 0.706543 0.189453 0.434570 0.378906
1 0.500000 0.500000 1.000000 1.000000
1 0.435059 0.283691 0.081055 0.227539
1 0.197266 0.510254 0.107422 0.166992
1 0.105469 0.516113 0.095703 0.112305
1 0.032715 0.515137 0.065430 0.067383
1 0.222168 0.801270 0.444336 0.397461
1 0.428223 0.914551 0.438477 0.170898
