0 0.500000 0.500000 1.000000 1.000000
0 0.024902 0.941406 0.028320 0.117188
1 0.070312 0.043457 0.140625 0.086914
1 0.111816 0.283691 0.090820 0.567383
1 0.229980 0.019531 0.124023 0.039062
1 0.333008 0.012207 0.078125 0.024414
1 0.478516 0.014160 0.185547 0.028320
1 0.717773 0.033691 0.283203 0.067383
1 0.929199 0.041992 0.141602 0.083984
1 0.302734 0.090820 0.128906 0.140625
1 0.428223 0.113770 0.135742 0.178711
1 0.200684 0.090820 0.092773 0.113281
1 0.748535 0.091797 0.502930 0.103516
1 0.063477 0.174805 0.126953 0.177734
1 0.610840 0.166992 0.268555 0.150391
1 0.867676 0.190918 0.264648 0.135742
1 0.214355 0.431641 0.270508 0.578125
1 0.402344 0.283691 0.126953 0.168945
1 0.936035 0.269043 0.127930 0.118164
1 0.598633 0.255371 0.253906 0.081055
1 0.798340 0.282227 0.145508 0.062500
1 0.050781 0.339355 0.101562 0.145508
1 0.569336 0.410156 0.271484 0.269531
1 0.812988 0.652832 0.350586 0.694336
1 0.995605 0.392578 0.008789 0.125000
1 0.494629 0.523926 0.381836 0.317383
1 0.038574 0.476562 0.077148 0.113281
1 0.982422 0.553711 0.035156 0.179688
1 0.028809 0.598633 0.057617 0.126953
1 0.033203 0.656738 0.066406 0.176758
1 0.084473 0.673828 0.137695 0.179688
1 0.177246 0.653320 0.071289 0.115234
1 0.431641 0.810059 0.376953 0.379883
1 0.529785 0.806152 0.303711 0.327148
1 0.967773 0.733398 0.064453 0.169922
1 0.004883 0.683105 0.009766 0.026367
1 0.199707 0.744629 0.137695 0.073242
1 0.129395 0.878906 0.258789 0.242188
1 0.953125 0.910156 0.093750 0.179688
1 0.683105 0.990723 0.112305 0.018555
