0 0.500000 0.500000 1.000000 1.000000
0 0.630371 0.778809 0.008789 0.008789
0 0.079590 0.809570 0.159180 0.007812
0 0.078125 0.857910 0.156250 0.012695
0 0.100586 0.922363 0.201172 0.069336
1 0.115234 0.063477 0.230469 0.126953
1 0.443848 0.246094 0.416992 0.492188
1 0.577148 0.236328 0.195312 0.472656
1 0.749512 0.412598 0.500977 0.825195
1 0.183105 0.139160 0.118164 0.208008
1 0.077148 0.083008 0.082031 0.083984
1 0.081055 0.187500 0.083984 0.119141
1 0.017090 0.190430 0.034180 0.117188
1 0.205566 0.335449 0.096680 0.174805
1 0.131836 0.381348 0.263672 0.260742
1 0.723633 0.593750 0.097656 0.242188
1 0.496582 0.681152 0.364258 0.374023
1 0.178223 0.630371 0.356445 0.252930
1 0.158203 0.544922 0.183594 0.074219
1 0.973633 0.570801 0.052734 0.102539
1 0.029785 0.574707 0.059570 0.108398
1 0.607910 0.658203 0.301758 0.224609
1 0.985840 0.715820 0.028320 0.171875
1 0.126465 0.868652 0.252930 0.262695
1 0.291992 0.809570 0.138672 0.097656
1 0.829102 0.814941 0.095703 0.106445
1 0.690918 0.823730 0.143555 0.110352
1 0.561523 0.823242 0.105469 0.101562
1 0.486328 0.823730 0.046875 0.092773
1 0.769531 0.840332 0.015625 0.071289
1 0.988281 0.812500 0.023438 0.005859
1 0.986328 0.839844 0.027344 0.033203
1 0.879395 0.915039 0.241211 0.169922
1 0.982910 0.866211 0.034180 0.035156
1 0.301270 0.894531 0.090820 0.072266
1 0.545898 0.911133 0.392578 0.087891
1 0.749512 0.949219 0.024414 0.101562
1 0.370117 0.967285 0.236328 0.065430
1 0.575195 0.972656 0.164062 0.054688
1 0.695312 0.978516 0.066406 0.042969
1 0.249023 0.991211 0.048828 0.017578
1 0.305176 0.992676 0.051758 0.014648
1 0.510254 0.997559 0.036133 0.004883
