0 0.060059 0.040039 0.090820 0.080078
0 0.500000 0.500000 1.000000 1.000000
1 0.078125 0.125977 0.156250 0.251953
1 0.328613 0.020508 0.143555 0.041016
1 0.615723 0.093262 0.409180 0.186523
1 0.920410 0.026367 0.159180 0.052734
1 0.288574 0.133789 0.221680 0.244141
1 0.857910 0.529785 0.284180 0.940430
1 0.617188 0.544922 0.402344 0.910156
1 0.396973 0.437500 0.237305 0.476562
1 0.077637 0.359375 0.155273 0.189453
1 0.233887 0.475098 0.106445 0.379883
1 0.460449 0.486328 0.165039 0.201172
1 0.078125 0.501465 0.156250 0.104492
1 0.084473 0.649902 0.151367 0.145508
1 0.000488 0.604004 0.000977 0.028320
1 0.299805 0.783203 0.230469 0.246094
1 0.081055 0.808594 0.162109 0.140625
1 0.081543 0.945312 0.163086 0.109375
1 0.302734 0.965332 0.230469 0.069336
