0 0.077148 0.095703 0.154297 0.191406
0 0.672852 0.015137 0.070312 0.030273
0 0.500000 0.500000 1.000000 1.000000
0 0.963379 0.026855 0.073242 0.053711
0 0.996582 0.163574 0.006836 0.008789
0 0.339844 0.625488 0.679688 0.749023
1 0.070801 0.087891 0.141602 0.175781
1 0.400879 0.202148 0.801758 0.404297
1 0.813965 0.098145 0.114258 0.196289
1 0.914062 0.150391 0.171875 0.300781
1 0.972168 0.019531 0.055664 0.039062
1 0.735352 0.368164 0.326172 0.351562
1 0.351562 0.619141 0.703125 0.761719
1 0.326660 0.637695 0.653320 0.724609
1 0.907715 0.464844 0.184570 0.361328
1 0.633789 0.676758 0.722656 0.638672
1 0.977051 0.623047 0.045898 0.158203
1 0.862305 0.863281 0.275391 0.273438
