0 0.069336 0.041016 0.138672 0.082031
0 0.500000 0.500000 1.000000 1.000000
0 0.454590 0.003418 0.079102 0.006836
0 0.511230 0.034180 0.016602 0.068359
0 0.000488 0.999023 0.000977 0.001953
1 0.059082 0.030762 0.118164 0.061523
1 0.116699 0.253418 0.233398 0.506836
1 0.274414 0.096680 0.074219 0.193359
1 0.524414 0.117676 0.515625 0.235352
1 0.842773 0.147461 0.138672 0.294922
1 0.931152 0.164062 0.137695 0.328125
1 0.612305 0.232422 0.326172 0.093750
1 0.482422 0.535645 0.667969 0.647461
1 0.824707 0.655762 0.350586 0.688477
1 0.031738 0.511230 0.063477 0.090820
1 0.134277 0.745605 0.268555 0.403320
1 0.494141 0.851562 0.486328 0.296875
1 0.169434 0.897949 0.338867 0.204102
1 0.333496 0.953613 0.137695 0.092773
1 0.000977 0.953613 0.001953 0.002930
1 0.223145 0.979492 0.112305 0.041016
1 0.775879 0.983887 0.094727 0.032227
1 0.409180 0.996094 0.019531 0.007812
