0 0.500000 0.500000 1.000000 1.000000
0 0.062988 0.178223 0.125977 0.028320
0 0.998047 0.991699 0.003906 0.016602
0 0.435547 0.998535 0.015625 0.002930
1 0.322754 0.350586 0.645508 0.701172
1 0.599121 0.428711 0.801758 0.857422
1 0.773926 0.200195 0.374023 0.134766
1 0.733887 0.514160 0.416992 0.563477
1 0.341797 0.692871 0.683594 0.194336
1 0.330078 0.820801 0.660156 0.358398
1 0.865723 0.848633 0.268555 0.107422
1 0.669434 0.807129 0.000977 0.000977
1 0.676758 0.815430 0.013672 0.015625
1 0.663574 0.907227 0.073242 0.185547
1 0.739746 0.909180 0.186523 0.181641
1 0.850586 0.931152 0.058594 0.137695
1 0.932617 0.939941 0.134766 0.120117
