0 0.617676 0.500000 0.764648 1.000000
0 0.203613 0.931641 0.172852 0.136719
0 0.996582 0.983398 0.006836 0.033203
1 0.363770 0.500000 0.727539 1.000000
1 0.419434 0.014160 0.137695 0.028320
1 0.483398 0.002930 0.027344 0.005859
1 0.758789 0.332520 0.482422 0.665039
1 0.634277 0.387207 0.245117 0.721680
1 0.798828 0.807617 0.402344 0.384766
1 0.626465 0.750000 0.000977 0.003906
1 0.625488 0.754395 0.000977 0.004883
1 0.624512 0.758301 0.000977 0.002930
1 0.589355 0.924805 0.000977 0.001953
1 0.588379 0.930664 0.000977 0.003906
1 0.587402 0.936035 0.000977 0.004883
1 0.586426 0.940918 0.000977 0.004883
1 0.585449 0.945801 0.000977 0.004883
1 0.584473 0.950684 0.000977 0.004883
1 0.579102 0.976562 0.009766 0.046875
