0 0.500000 0.500000 1.000000 1.000000
0 0.816406 0.361816 0.367188 0.288086
0 0.790039 0.640625 0.419922 0.164062
0 0.033203 0.667480 0.066406 0.014648
0 0.979492 0.832520 0.041016 0.010742
0 0.937012 0.900879 0.125977 0.073242
0 0.072754 0.986816 0.092773 0.026367
0 0.557129 0.989746 0.055664 0.020508
1 0.060547 0.108887 0.121094 0.217773
1 0.251465 0.123535 0.364258 0.247070
1 0.374023 0.025391 0.144531 0.050781
1 0.513672 0.291992 0.373047 0.583984
1 0.851074 0.019043 0.270508 0.038086
1 0.996582 0.000977 0.006836 0.001953
1 0.726074 0.504883 0.547852 0.990234
1 0.996582 0.048340 0.006836 0.073242
1 0.020020 0.323242 0.040039 0.218750
1 0.207031 0.364746 0.333984 0.278320
1 0.844727 0.365723 0.310547 0.260742
1 0.708496 0.346680 0.096680 0.125000
1 0.056152 0.379883 0.084961 0.181641
1 0.141602 0.468262 0.126953 0.125977
1 0.004883 0.458008 0.009766 0.044922
1 0.253418 0.520020 0.124023 0.100586
1 0.148926 0.737305 0.297852 0.525391
1 0.422852 0.578613 0.226562 0.159180
1 0.843262 0.639648 0.118164 0.148438
1 0.366699 0.793457 0.301758 0.413086
1 0.935059 0.621094 0.083008 0.052734
1 0.942871 0.666504 0.114258 0.102539
1 0.796875 0.650391 0.087891 0.068359
1 0.215820 0.966309 0.066406 0.067383
