0 0.500000 0.522461 1.000000 0.955078
0 0.971680 0.506348 0.056641 0.020508
0 0.060059 0.791016 0.120117 0.058594
0 0.133789 0.990723 0.068359 0.018555
1 0.500000 0.130371 1.000000 0.260742
1 0.378418 0.283691 0.756836 0.458008
1 0.889648 0.186035 0.220703 0.262695
1 0.740234 0.366211 0.197266 0.197266
1 0.993652 0.302246 0.012695 0.041992
1 0.826172 0.408203 0.341797 0.244141
1 0.904297 0.444824 0.191406 0.198242
1 0.963867 0.385254 0.017578 0.006836
1 0.379883 0.718262 0.759766 0.563477
1 0.158691 0.462402 0.000977 0.000977
1 0.834961 0.660645 0.330078 0.274414
1 0.921875 0.603027 0.156250 0.108398
1 0.859375 0.668945 0.025391 0.025391
1 0.872070 0.833984 0.232422 0.105469
1 0.997070 0.813477 0.005859 0.021484
1 0.969727 0.894043 0.060547 0.127930
1 0.833008 0.931641 0.203125 0.136719
1 0.931641 0.953613 0.136719 0.092773
1 0.137207 0.995605 0.032227 0.008789
