0 0.500000 0.500000 1.000000 1.000000
0 0.860840 0.911621 0.166992 0.176758
0 0.004395 0.970215 0.008789 0.059570
1 0.070801 0.086914 0.141602 0.173828
1 0.570312 0.436035 0.859375 0.872070
1 0.081055 0.297852 0.162109 0.242188
1 0.105469 0.549805 0.210938 0.320312
1 0.151855 0.751953 0.303711 0.146484
1 0.842773 0.874512 0.314453 0.250977
1 0.587402 0.900391 0.299805 0.199219
1 0.187500 0.902344 0.375000 0.195312
1 0.380859 0.946289 0.208984 0.107422
1 0.493652 0.948242 0.141602 0.103516
1 0.174316 0.973145 0.190430 0.053711
