0 0.500000 0.416992 1.000000 0.833984
0 0.004395 0.145996 0.000977 0.000977
0 0.010254 0.167480 0.000977 0.000977
0 0.012207 0.171387 0.000977 0.000977
0 0.102051 0.343262 0.000977 0.000977
0 0.090332 0.346191 0.000977 0.000977
0 0.092285 0.347168 0.000977 0.000977
0 0.093262 0.348145 0.000977 0.000977
0 0.094238 0.349121 0.000977 0.000977
0 0.099121 0.352051 0.000977 0.000977
0 0.180176 0.401855 0.000977 0.000977
0 0.193848 0.411621 0.000977 0.000977
0 0.195801 0.413574 0.000977 0.000977
0 0.594238 0.466309 0.000977 0.000977
0 0.141113 0.925293 0.282227 0.149414
1 0.157227 0.196777 0.314453 0.393555
1 0.593262 0.244629 0.813477 0.489258
1 0.009277 0.167480 0.000977 0.000977
1 0.029297 0.248535 0.058594 0.147461
1 0.056152 0.291504 0.000977 0.000977
1 0.051270 0.468262 0.102539 0.280273
1 0.102051 0.344238 0.000977 0.000977
1 0.093262 0.347168 0.000977 0.000977
1 0.094238 0.348145 0.000977 0.000977
1 0.158691 0.588379 0.215820 0.461914
1 0.164551 0.380371 0.000977 0.000977
1 0.196777 0.413574 0.000977 0.000977
1 0.607422 0.632324 0.785156 0.377930
1 0.623535 0.469238 0.000977 0.000977
1 0.266602 0.650879 0.074219 0.151367
1 0.026367 0.715820 0.052734 0.222656
1 0.500000 0.825684 1.000000 0.348633
1 0.214355 0.807129 0.000977 0.000977
1 0.133789 0.928711 0.267578 0.142578
