0 0.500000 0.338867 1.000000 0.677734
0 0.000977 0.554688 0.001953 0.017578
0 0.557129 0.869141 0.885742 0.261719
1 0.012695 0.004883 0.025391 0.009766
1 0.064453 0.004883 0.058594 0.009766
1 0.130371 0.004883 0.053711 0.009766
1 0.184082 0.004883 0.034180 0.009766
1 0.346680 0.031738 0.271484 0.063477
1 0.424316 0.062012 0.405273 0.124023
1 0.668945 0.246094 0.115234 0.492188
1 0.730957 0.002441 0.045898 0.004883
1 0.904297 0.038574 0.191406 0.077148
1 0.764160 0.186035 0.110352 0.348633
1 0.117676 0.130371 0.235352 0.221680
1 0.867676 0.280273 0.264648 0.386719
1 0.876953 0.209473 0.117188 0.243164
1 0.572266 0.160645 0.058594 0.125977
1 0.351562 0.142090 0.236328 0.081055
1 0.461426 0.321289 0.430664 0.439453
1 0.418457 0.188965 0.067383 0.053711
1 0.186035 0.435547 0.372070 0.433594
1 0.365234 0.375977 0.126953 0.099609
1 0.396484 0.457031 0.130859 0.101562
1 0.974121 0.479004 0.051758 0.120117
1 0.500000 0.723145 1.000000 0.553711
1 0.425781 0.529297 0.126953 0.083984
1 0.581055 0.876953 0.837891 0.246094
