0 0.500000 0.500000 1.000000 1.000000
0 0.997559 0.115723 0.004883 0.231445
1 0.281738 0.079102 0.563477 0.158203
1 0.747070 0.393066 0.505859 0.786133
1 0.062988 0.264648 0.125977 0.289062
1 0.330078 0.438965 0.398438 0.608398
1 0.107422 0.347168 0.189453 0.170898
1 0.089355 0.509766 0.178711 0.177734
1 0.937500 0.587402 0.125000 0.243164
1 0.077148 0.649902 0.154297 0.114258
1 0.235840 0.850586 0.471680 0.298828
1 0.986816 0.751465 0.026367 0.077148
1 0.631348 0.881348 0.327148 0.237305
1 0.790039 0.805176 0.214844 0.045898
1 0.950195 0.820801 0.099609 0.038086
1 0.818359 0.910156 0.363281 0.179688
