0 0.500000 0.500000 1.000000 1.000000
0 0.889648 0.836426 0.220703 0.327148
0 0.906250 0.854004 0.187500 0.291992
1 0.445801 0.397949 0.891602 0.795898
1 0.783203 0.204102 0.265625 0.408203
1 0.817871 0.265137 0.364258 0.530273
1 0.809082 0.520508 0.381836 0.093750
1 0.639160 0.751465 0.721680 0.497070
1 0.474609 0.678711 0.138672 0.216797
1 0.171387 0.814453 0.342773 0.371094
1 0.088379 0.663086 0.112305 0.068359
1 0.905273 0.850098 0.189453 0.299805
1 0.208984 0.734375 0.056641 0.037109
1 0.914551 0.867676 0.170898 0.264648
1 0.262207 0.764648 0.010742 0.007812
1 0.294922 0.785645 0.025391 0.016602
1 0.328125 0.895996 0.134766 0.208008
