0 0.500000 0.437012 1.000000 0.874023
0 0.704102 0.229004 0.591797 0.458008
0 0.881348 0.703613 0.237305 0.276367
0 0.500000 0.875000 1.000000 0.250000
0 0.077637 0.976562 0.155273 0.046875
0 0.053711 0.986328 0.107422 0.027344
1 0.075195 0.180664 0.150391 0.361328
1 0.544434 0.279297 0.911133 0.558594
1 0.801270 0.034180 0.397461 0.068359
1 0.956543 0.056641 0.086914 0.082031
1 0.923340 0.111328 0.153320 0.111328
1 0.978516 0.262207 0.042969 0.198242
1 0.508789 0.383301 0.300781 0.204102
1 0.025391 0.450195 0.050781 0.191406
1 0.327148 0.555176 0.638672 0.374023
1 0.681152 0.484863 0.045898 0.026367
1 0.783691 0.678711 0.432617 0.373047
1 0.500000 0.803223 1.000000 0.293945
1 0.424805 0.878906 0.849609 0.242188
1 0.920898 0.962891 0.158203 0.074219
1 0.719238 0.966797 0.327148 0.066406
1 0.063477 0.982910 0.126953 0.034180
1 0.039062 0.989258 0.078125 0.021484
