0 0.500000 0.500000 1.000000 1.000000
0 0.744629 0.315918 0.510742 0.631836
0 0.284180 0.965332 0.568359 0.069336
1 0.037109 0.052246 0.074219 0.104492
1 0.144043 0.142090 0.274414 0.284180
1 0.264648 0.181641 0.345703 0.363281
1 0.632324 0.423340 0.735352 0.846680
1 0.701172 0.164551 0.406250 0.329102
1 0.909668 0.139160 0.180664 0.278320
1 0.312988 0.343750 0.389648 0.613281
1 0.015625 0.151855 0.031250 0.047852
1 0.502441 0.242676 0.204102 0.180664
1 0.024414 0.210449 0.048828 0.047852
1 0.059082 0.369629 0.118164 0.256836
1 0.054199 0.591797 0.108398 0.169922
1 0.542480 0.825195 0.915039 0.349609
1 0.045410 0.800293 0.090820 0.231445
1 0.309570 0.963379 0.619141 0.073242
1 0.181641 0.972656 0.363281 0.054688
1 0.432129 0.996582 0.055664 0.006836
