0 0.500000 0.500000 1.000000 1.000000
0 0.279297 0.950684 0.009766 0.098633
1 0.146484 0.057129 0.292969 0.114258
1 0.363281 0.034668 0.128906 0.069336
1 0.560059 0.025879 0.258789 0.051758
1 0.752930 0.006836 0.101562 0.013672
1 0.962402 0.076172 0.075195 0.142578
1 0.809570 0.181152 0.212891 0.329102
1 0.556641 0.124023 0.267578 0.148438
1 0.279297 0.302246 0.271484 0.430664
1 0.071289 0.169922 0.142578 0.085938
1 0.961426 0.211914 0.077148 0.113281
1 0.555664 0.221680 0.265625 0.060547
1 0.072266 0.277344 0.144531 0.146484
1 0.229004 0.266113 0.147461 0.079102
1 0.500488 0.323242 0.155273 0.126953
1 0.636230 0.323730 0.102539 0.127930
1 0.959961 0.310059 0.080078 0.075195
1 0.788574 0.454590 0.170898 0.200195
1 0.341797 0.677734 0.683594 0.644531
1 0.940430 0.456543 0.119141 0.198242
1 0.454590 0.456543 0.069336 0.125977
1 0.591309 0.459473 0.188477 0.129883
1 0.245605 0.541016 0.163086 0.035156
1 0.421387 0.586426 0.211914 0.118164
1 0.185059 0.595215 0.088867 0.094727
1 0.761230 0.651855 0.124023 0.172852
1 0.282715 0.604492 0.090820 0.076172
1 0.915039 0.652344 0.169922 0.171875
1 0.800293 0.873047 0.243164 0.253906
1 0.962402 0.874512 0.075195 0.250977
