0 0.257812 0.198730 0.361328 0.397461
0 0.579590 0.022461 0.014648 0.044922
0 0.500000 0.500000 1.000000 1.000000
0 0.005859 0.105957 0.011719 0.008789
0 0.011719 0.312988 0.023438 0.010742
0 0.018066 0.473633 0.036133 0.007812
0 0.932129 0.696289 0.135742 0.031250
1 0.351074 0.414551 0.702148 0.829102
1 0.151855 0.004883 0.118164 0.009766
1 0.712402 0.048340 0.014648 0.096680
1 0.781250 0.086914 0.142578 0.173828
1 0.898438 0.095215 0.132812 0.190430
1 0.986816 0.009766 0.026367 0.019531
1 0.966309 0.113281 0.067383 0.175781
1 0.680176 0.229980 0.026367 0.127930
1 0.841797 0.241211 0.316406 0.146484
1 0.889648 0.305664 0.220703 0.093750
1 0.653809 0.379883 0.022461 0.125000
1 0.828613 0.483887 0.342773 0.329102
1 0.019043 0.674805 0.038086 0.285156
1 0.875488 0.590332 0.249023 0.116211
1 0.647949 0.594238 0.000977 0.004883
1 0.825195 0.814941 0.349609 0.370117
1 0.034180 0.867188 0.068359 0.082031
1 0.145020 0.916992 0.139648 0.166016
1 0.182129 0.870117 0.067383 0.070312
1 0.311035 0.870605 0.174805 0.071289
1 0.515137 0.873047 0.221680 0.070312
1 0.296387 0.956055 0.147461 0.087891
1 0.034668 0.924316 0.065430 0.020508
1 0.442871 0.957031 0.125977 0.085938
1 0.569824 0.956055 0.114258 0.078125
1 0.002441 0.941895 0.000977 0.000977
1 0.036133 0.957520 0.066406 0.032227
1 0.035645 0.989746 0.065430 0.020508
1 0.493652 0.994141 0.131836 0.011719
