0 0.242676 0.097656 0.055664 0.195312
0 0.536621 0.500000 0.926758 1.000000
0 0.479980 0.009766 0.012695 0.019531
1 0.159668 0.500000 0.319336 1.000000
1 0.327148 0.382324 0.027344 0.764648
1 0.501953 0.175293 0.328125 0.350586
1 0.770508 0.429199 0.458984 0.858398
1 0.485352 0.393066 0.275391 0.108398
1 0.415527 0.513184 0.129883 0.166992
1 0.533691 0.527344 0.124023 0.164062
1 0.465820 0.687988 0.218750 0.176758
1 0.424316 0.801270 0.131836 0.178711
1 0.682617 0.886719 0.634766 0.226562
1 0.324707 0.873047 0.047852 0.179688
1 0.372070 0.907227 0.021484 0.021484
1 0.362793 0.931152 0.000977 0.000977
1 0.361816 0.932129 0.000977 0.000977
1 0.340820 0.953613 0.017578 0.026367
1 0.304688 0.982422 0.093750 0.035156
