0 0.500000 0.500000 1.000000 1.000000
0 0.056641 0.029297 0.113281 0.013672
0 0.021973 0.565918 0.043945 0.067383
1 0.441406 0.063965 0.882812 0.127930
1 0.912598 0.276367 0.174805 0.523438
1 0.717773 0.107910 0.197266 0.127930
1 0.509277 0.132812 0.200195 0.115234
1 0.370117 0.148926 0.064453 0.086914
1 0.240234 0.192383 0.175781 0.156250
1 0.071777 0.304199 0.143555 0.329102
1 0.716797 0.197754 0.197266 0.045898
1 0.369629 0.221680 0.065430 0.052734
1 0.507324 0.220215 0.198242 0.049805
1 0.715332 0.264160 0.198242 0.077148
1 0.470703 0.272461 0.269531 0.041016
1 0.237305 0.334473 0.173828 0.116211
1 0.490723 0.315918 0.229492 0.041992
1 0.469727 0.360352 0.269531 0.126953
1 0.715332 0.321777 0.198242 0.036133
1 0.714844 0.384766 0.199219 0.082031
1 0.235840 0.434082 0.176758 0.077148
1 0.469238 0.453613 0.266602 0.045898
1 0.713867 0.455078 0.199219 0.046875
1 0.050781 0.578125 0.101562 0.199219
1 0.221680 0.580078 0.226562 0.199219
1 0.443359 0.583984 0.314453 0.201172
1 0.501953 0.525879 0.199219 0.081055
1 0.712891 0.529785 0.201172 0.083008
1 0.908691 0.771484 0.182617 0.457031
1 0.501953 0.599609 0.195312 0.052734
1 0.710938 0.604492 0.201172 0.052734
1 0.709961 0.662109 0.199219 0.048828
1 0.025391 0.775391 0.050781 0.171875
1 0.156738 0.775879 0.198242 0.172852
1 0.310547 0.777832 0.095703 0.172852
1 0.431152 0.778320 0.133789 0.171875
1 0.511230 0.778809 0.083008 0.170898
1 0.580566 0.779785 0.040039 0.168945
1 0.709961 0.781738 0.199219 0.168945
1 0.731934 0.822754 0.043945 0.088867
1 0.784668 0.823242 0.045898 0.089844
1 0.022949 0.935547 0.045898 0.128906
1 0.102051 0.936035 0.094727 0.127930
1 0.207031 0.936035 0.095703 0.127930
1 0.310059 0.937012 0.092773 0.125977
1 0.419922 0.937988 0.113281 0.124023
1 0.451660 0.895996 0.051758 0.040039
1 0.541504 0.937988 0.114258 0.124023
1 0.653809 0.937988 0.092773 0.124023
1 0.730469 0.938965 0.042969 0.122070
1 0.783691 0.939453 0.045898 0.121094
