0 0.007812 0.029297 0.015625 0.058594
0 0.583984 0.050781 0.011719 0.101562
0 0.820312 0.038574 0.087891 0.077148
0 0.500000 0.600586 1.000000 0.798828
0 0.965332 0.951172 0.069336 0.097656
0 0.868652 0.987305 0.075195 0.025391
1 0.001953 0.008789 0.003906 0.017578
1 0.500000 0.348633 1.000000 0.697266
1 0.055176 0.434570 0.110352 0.101562
1 0.624512 0.710449 0.750977 0.579102
1 0.047852 0.517090 0.095703 0.086914
1 0.120117 0.737793 0.240234 0.360352
1 0.396973 0.870117 0.793945 0.259766
1 0.969238 0.955566 0.061523 0.088867
