0 0.500000 0.647461 1.000000 0.705078
1 0.500000 0.398926 1.000000 0.797852
1 0.045410 0.471191 0.090820 0.206055
1 0.087891 0.575195 0.166016 0.320312
1 0.013672 0.543457 0.027344 0.127930
1 0.191406 0.581543 0.134766 0.198242
1 0.826660 0.746582 0.346680 0.506836
1 0.276367 0.604004 0.134766 0.206055
1 0.357910 0.626953 0.131836 0.199219
1 0.438477 0.653320 0.128906 0.203125
1 0.583984 0.804199 0.367188 0.391602
1 0.011719 0.641113 0.023438 0.063477
1 0.212891 0.735840 0.230469 0.131836
1 0.033691 0.771484 0.067383 0.105469
1 0.448730 0.800781 0.262695 0.134766
1 0.084473 0.746582 0.006836 0.006836
1 0.180176 0.774414 0.159180 0.050781
1 0.089844 0.880859 0.148438 0.238281
1 0.040527 0.881348 0.081055 0.237305
1 0.182129 0.892578 0.147461 0.214844
1 0.306641 0.813477 0.041016 0.013672
1 0.274902 0.906738 0.133789 0.186523
1 0.021484 0.861816 0.042969 0.086914
1 0.366211 0.917969 0.132812 0.164062
1 0.008789 0.940918 0.017578 0.065430
