0 0.500000 0.500000 1.000000 1.000000
0 0.492676 0.460938 0.000977 0.001953
0 0.992676 0.998047 0.014648 0.003906
1 0.062500 0.080078 0.125000 0.160156
1 0.140137 0.019531 0.061523 0.039062
1 0.201172 0.013184 0.041016 0.026367
1 0.249023 0.009277 0.029297 0.018555
1 0.339844 0.082520 0.119141 0.165039
1 0.417480 0.075195 0.088867 0.150391
1 0.642090 0.231934 0.342773 0.463867
1 0.803223 0.077637 0.393555 0.155273
1 0.206543 0.115234 0.155273 0.173828
1 0.808105 0.152832 0.383789 0.104492
1 0.079102 0.231934 0.158203 0.249023
1 0.917969 0.229004 0.164062 0.157227
1 0.389648 0.199707 0.160156 0.096680
1 0.810059 0.307129 0.379883 0.252930
1 0.321289 0.298828 0.310547 0.185547
1 0.004883 0.322266 0.009766 0.052734
1 0.118164 0.450195 0.166016 0.226562
1 0.344727 0.441406 0.298828 0.173828
1 0.006836 0.361328 0.013672 0.005859
1 0.020996 0.437988 0.041992 0.122070
1 0.941895 0.500488 0.116211 0.225586
1 0.575195 0.614746 0.669922 0.360352
1 0.045410 0.623535 0.090820 0.219727
1 0.244629 0.586914 0.022461 0.033203
1 0.179199 0.629883 0.094727 0.103516
1 0.118652 0.667480 0.041992 0.096680
1 0.971191 0.758789 0.057617 0.255859
1 0.213379 0.681641 0.051758 0.093750
1 0.847168 0.664062 0.139648 0.041016
1 0.868164 0.744141 0.179688 0.166016
1 0.660645 0.809570 0.282227 0.242188
1 0.059570 0.809082 0.119141 0.145508
1 0.128906 0.770996 0.027344 0.065430
1 0.299316 0.875000 0.331055 0.250000
1 0.516602 0.794434 0.093750 0.043945
1 0.900879 0.908691 0.198242 0.182617
1 0.597168 0.865234 0.180664 0.062500
1 0.460938 0.914551 0.400391 0.145508
1 0.096191 0.935059 0.090820 0.129883
1 0.098633 0.877441 0.005859 0.008789
1 0.048340 0.938477 0.096680 0.123047
1 0.687988 0.896973 0.000977 0.000977
1 0.531250 0.954102 0.572266 0.091797
1 0.772461 0.951660 0.083984 0.057617
