0 0.023926 0.028320 0.026367 0.056641
0 0.083984 0.043457 0.039062 0.086914
0 0.151855 0.048340 0.041992 0.096680
0 0.212402 0.065918 0.053711 0.131836
0 0.500000 0.269531 1.000000 0.539062
0 0.666504 0.001465 0.030273 0.002930
0 0.289062 0.915039 0.324219 0.169922
1 0.279785 0.134766 0.559570 0.269531
1 0.611816 0.082520 0.561523 0.165039
1 0.394043 0.002441 0.014648 0.004883
1 0.453125 0.014160 0.078125 0.028320
1 0.720215 0.074219 0.459961 0.148438
1 0.939453 0.076660 0.056641 0.153320
1 0.975586 0.048828 0.048828 0.097656
1 0.500000 0.537109 1.000000 0.925781
1 0.548340 0.219238 0.188477 0.278320
1 0.963867 0.136230 0.072266 0.088867
1 0.660645 0.241211 0.137695 0.273438
1 0.805664 0.182617 0.175781 0.107422
1 0.907715 0.165039 0.010742 0.009766
1 0.960449 0.181152 0.079102 0.030273
1 0.871094 0.293945 0.078125 0.234375
1 0.903809 0.339844 0.168945 0.316406
1 0.720703 0.308594 0.117188 0.197266
1 0.949707 0.372070 0.100586 0.314453
1 0.791992 0.349609 0.150391 0.226562
1 0.287598 0.917969 0.311523 0.164062
