0 0.500000 0.500000 1.000000 1.000000
1 0.026367 0.066895 0.052734 0.133789
1 0.504395 0.209961 0.991211 0.419922
1 0.826172 0.179199 0.347656 0.096680
1 0.012207 0.206543 0.024414 0.127930
1 0.921387 0.481445 0.157227 0.613281
1 0.463379 0.597168 0.926758 0.805664
1 0.297363 0.362305 0.594727 0.257812
1 0.003906 0.281738 0.007812 0.008789
1 0.002441 0.317383 0.004883 0.050781
1 0.002930 0.421875 0.005859 0.031250
1 0.984375 0.707031 0.031250 0.181641
1 0.717773 0.849121 0.302734 0.301758
1 0.916992 0.891602 0.166016 0.216797
