0 0.500000 0.500000 1.000000 1.000000
0 0.016113 0.974121 0.032227 0.051758
1 0.006348 0.027344 0.012695 0.054688
1 0.305176 0.054688 0.553711 0.109375
1 0.645508 0.037109 0.169922 0.074219
1 0.855469 0.031738 0.289062 0.063477
1 0.023926 0.078125 0.047852 0.070312
1 0.736328 0.184570 0.527344 0.244141
1 0.338867 0.397461 0.382812 0.603516
1 0.222168 0.337402 0.307617 0.461914
1 0.104492 0.344238 0.208984 0.448242
1 0.800293 0.259766 0.399414 0.144531
1 0.706055 0.357422 0.587891 0.199219
1 0.673340 0.484863 0.653320 0.215820
1 0.130859 0.616699 0.173828 0.252930
1 0.577637 0.751465 0.688477 0.497070
1 0.098145 0.704590 0.196289 0.381836
1 0.921387 0.798340 0.157227 0.403320
1 0.059082 0.852539 0.118164 0.294922
1 0.239258 0.865723 0.298828 0.268555
1 0.010742 0.982910 0.021484 0.034180
