0 0.254395 0.095703 0.508789 0.191406
0 0.500000 0.500000 1.000000 1.000000
0 0.986328 0.984863 0.027344 0.030273
1 0.202148 0.085938 0.404297 0.171875
1 0.274414 0.099121 0.548828 0.198242
1 0.482910 0.186035 0.342773 0.372070
1 0.759277 0.011230 0.045898 0.022461
1 0.894531 0.032715 0.210938 0.065430
1 0.668457 0.512695 0.663086 0.974609
1 0.994141 0.125977 0.011719 0.093750
1 0.242188 0.543945 0.484375 0.912109
1 0.981445 0.352051 0.037109 0.346680
1 0.438965 0.660645 0.247070 0.678711
1 0.401367 0.398926 0.216797 0.129883
1 0.995605 0.995117 0.008789 0.009766
