0 0.500000 0.500000 1.000000 1.000000
1 0.052734 0.067383 0.105469 0.134766
1 0.268555 0.040527 0.277344 0.081055
1 0.472656 0.101562 0.291016 0.203125
1 0.726562 0.068848 0.261719 0.137695
1 0.817871 0.017578 0.106445 0.035156
1 0.839355 0.375977 0.321289 0.751953
1 0.189453 0.127441 0.162109 0.233398
1 0.841797 0.152344 0.107422 0.167969
1 0.317383 0.548340 0.634766 0.903320
1 0.052734 0.217773 0.105469 0.218750
1 0.713867 0.166992 0.175781 0.107422
1 0.693359 0.299805 0.140625 0.203125
1 0.739746 0.698242 0.520508 0.603516
