0 0.500000 0.500000 1.000000 1.000000
0 0.064453 0.122559 0.128906 0.075195
0 0.102539 0.186523 0.205078 0.058594
1 0.375000 0.027344 0.750000 0.054688
1 0.848633 0.097656 0.302734 0.195312
1 0.358398 0.233887 0.716797 0.383789
1 0.538574 0.541992 0.922852 0.802734
1 0.146484 0.344727 0.117188 0.068359
1 0.216797 0.461914 0.433594 0.208984
1 0.910156 0.494629 0.179688 0.270508
1 0.999023 0.481934 0.001953 0.002930
1 0.980957 0.522461 0.038086 0.066406
1 0.961914 0.577148 0.076172 0.097656
1 0.162109 0.569824 0.324219 0.077148
1 0.687500 0.783203 0.625000 0.433594
1 0.145508 0.784180 0.291016 0.337891
1 0.813477 0.643555 0.046875 0.054688
1 0.464355 0.772949 0.319336 0.165039
1 0.233398 0.930176 0.419922 0.139648
1 0.000977 0.894043 0.001953 0.018555
1 0.004883 0.955078 0.009766 0.082031
