0 0.500000 0.566895 1.000000 0.866211
0 0.661621 0.865723 0.252930 0.241211
0 0.800293 0.852051 0.002930 0.002930
0 0.595215 0.950195 0.022461 0.099609
1 0.500000 0.308594 1.000000 0.617188
1 0.525879 0.561035 0.352539 0.143555
1 0.809082 0.597168 0.334961 0.215820
1 0.075684 0.715820 0.151367 0.375000
1 0.361816 0.654785 0.250977 0.124023
1 0.190918 0.637207 0.096680 0.081055
1 0.517578 0.664062 0.089844 0.107422
1 0.608398 0.810059 0.419922 0.379883
1 0.960449 0.810547 0.079102 0.378906
1 0.847168 0.825684 0.227539 0.348633
1 0.340332 0.737305 0.258789 0.148438
1 0.664062 0.666016 0.001953 0.001953
1 0.156250 0.834473 0.138672 0.331055
1 0.728516 0.708984 0.001953 0.003906
1 0.625000 0.770020 0.001953 0.002930
1 0.236328 0.798340 0.001953 0.000977
1 0.292969 0.901367 0.220703 0.197266
1 0.581543 0.814453 0.000977 0.001953
1 0.060547 0.940918 0.121094 0.118164
1 0.732422 0.890625 0.007812 0.013672
1 0.746582 0.891113 0.002930 0.000977
