0 0.964355 0.056152 0.071289 0.112305
0 0.500000 0.697266 1.000000 0.605469
1 0.500000 0.453125 1.000000 0.906250
1 0.973145 0.034180 0.053711 0.068359
1 0.999023 0.079590 0.001953 0.008789
1 0.958984 0.461426 0.082031 0.100586
1 0.885742 0.511230 0.228516 0.168945
1 0.792969 0.645020 0.289062 0.233398
1 0.971191 0.612305 0.057617 0.035156
1 0.665039 0.694824 0.193359 0.149414
1 0.942383 0.756348 0.115234 0.252930
1 0.473633 0.841309 0.205078 0.290039
1 0.641113 0.848145 0.217773 0.272461
1 0.073730 0.840332 0.147461 0.188477
1 0.816895 0.832520 0.190430 0.149414
1 0.232422 0.939453 0.326172 0.121094
1 0.950195 0.939453 0.099609 0.121094
1 0.857422 0.944336 0.152344 0.111328
1 0.751465 0.957031 0.235352 0.085938
1 0.038574 0.969727 0.077148 0.060547
1 0.016113 0.956055 0.032227 0.021484
1 0.475098 0.982910 0.254883 0.034180
