0 0.009766 0.027832 0.019531 0.055664
0 0.500000 0.500000 1.000000 1.000000
1 0.003418 0.009766 0.006836 0.019531
1 0.056641 0.075195 0.113281 0.150391
1 0.135254 0.000977 0.002930 0.001953
1 0.186035 0.030273 0.073242 0.060547
1 0.240723 0.036621 0.112305 0.073242
1 0.635254 0.321777 0.729492 0.643555
1 0.152832 0.060059 0.139648 0.108398
1 0.239746 0.082520 0.008789 0.006836
1 0.135742 0.142090 0.152344 0.104492
1 0.309082 0.167480 0.125977 0.153320
1 0.282227 0.175781 0.162109 0.146484
1 0.092285 0.211914 0.184570 0.125000
1 0.299316 0.317871 0.252930 0.209961
1 0.076660 0.262695 0.153320 0.048828
1 0.034180 0.377930 0.068359 0.244141
1 0.223145 0.358398 0.317383 0.156250
1 0.228516 0.306641 0.134766 0.048828
1 0.347656 0.347168 0.044922 0.024414
1 0.247070 0.680664 0.494141 0.638672
1 0.465332 0.715820 0.247070 0.568359
1 0.759277 0.785156 0.481445 0.429688
1 0.293945 0.885254 0.171875 0.229492
1 0.375488 0.902344 0.163086 0.195312
