0 0.036621 0.065430 0.073242 0.130859
0 0.092773 0.048340 0.009766 0.096680
0 0.150879 0.210938 0.286133 0.421875
0 0.935059 0.004883 0.129883 0.009766
1 0.032715 0.017090 0.065430 0.034180
1 0.500000 0.500000 1.000000 1.000000
1 0.964355 0.000488 0.000977 0.000977
1 0.983398 0.000488 0.033203 0.000977
1 0.023438 0.064453 0.046875 0.058594
1 0.214355 0.296387 0.000977 0.000977
1 0.205566 0.302734 0.000977 0.001953
1 0.213379 0.302246 0.000977 0.000977
1 0.202637 0.321289 0.000977 0.001953
1 0.208496 0.330566 0.000977 0.000977
1 0.200684 0.332520 0.000977 0.000977
1 0.204590 0.355957 0.000977 0.000977
