0 0.336914 0.046875 0.283203 0.093750
0 0.204102 0.574707 0.408203 0.850586
1 0.500000 0.500000 1.000000 1.000000
1 0.336426 0.039551 0.249023 0.079102
1 0.084961 0.525879 0.169922 0.108398
1 0.077637 0.614746 0.155273 0.092773
1 0.245605 0.641113 0.165039 0.092773
1 0.070801 0.696777 0.141602 0.090820
1 0.232422 0.722168 0.166016 0.092773
1 0.063477 0.779785 0.126953 0.090820
1 0.219727 0.804688 0.166016 0.093750
1 0.046387 0.861328 0.092773 0.082031
1 0.195801 0.885254 0.188477 0.094727
1 0.039551 0.944336 0.079102 0.080078
1 0.171387 0.959473 0.166992 0.081055
1 0.032715 0.993164 0.065430 0.013672
