0 0.500000 0.500000 1.000000 1.000000
0 0.459961 0.001465 0.031250 0.002930
0 0.064453 0.062988 0.128906 0.028320
0 0.973145 0.140137 0.053711 0.055664
0 0.962891 0.236328 0.074219 0.062500
0 0.948730 0.316895 0.102539 0.081055
0 0.968262 0.888184 0.063477 0.223633
1 0.118164 0.069336 0.236328 0.138672
1 0.222656 0.001465 0.029297 0.002930
1 0.370605 0.107422 0.250977 0.214844
1 0.622070 0.164551 0.296875 0.329102
1 0.716797 0.016113 0.130859 0.032227
1 0.862305 0.246582 0.275391 0.493164
1 0.306152 0.096680 0.133789 0.080078
1 0.991699 0.141602 0.016602 0.033203
1 0.180664 0.168945 0.361328 0.085938
1 0.017578 0.291992 0.035156 0.195312
1 0.089844 0.235840 0.105469 0.075195
1 0.206055 0.352051 0.197266 0.284180
1 0.376953 0.474121 0.175781 0.508789
1 0.068359 0.424316 0.136719 0.309570
1 0.979004 0.316895 0.041992 0.065430
1 0.542480 0.365234 0.153320 0.095703
1 0.672363 0.374023 0.106445 0.095703
1 0.005371 0.434570 0.010742 0.076172
1 0.720703 0.706543 0.558594 0.586914
1 0.324707 0.467773 0.079102 0.062500
1 0.197266 0.590332 0.222656 0.211914
1 0.076172 0.688965 0.152344 0.233398
1 0.183594 0.750488 0.078125 0.131836
1 0.245117 0.797363 0.091797 0.200195
1 0.350098 0.814941 0.190430 0.211914
1 0.026367 0.762695 0.052734 0.062500
1 0.048828 0.833984 0.097656 0.078125
1 0.987793 0.847168 0.024414 0.090820
1 0.121094 0.844727 0.052734 0.074219
1 0.175293 0.850586 0.053711 0.076172
1 0.470703 0.893555 0.097656 0.082031
1 0.629395 0.907715 0.217773 0.090820
1 0.041992 0.916016 0.083984 0.093750
1 0.165039 0.913086 0.158203 0.058594
1 0.973633 0.948730 0.052734 0.102539
1 0.329102 0.940430 0.162109 0.066406
1 0.113281 0.959961 0.093750 0.080078
1 0.475098 0.965820 0.141602 0.068359
1 0.201660 0.967773 0.094727 0.064453
1 0.281738 0.975586 0.073242 0.048828
1 0.634277 0.975586 0.166992 0.048828
1 0.032715 0.979980 0.065430 0.040039
1 0.333496 0.980469 0.030273 0.039062
1 0.374023 0.984863 0.048828 0.030273
