0 0.150391 0.201660 0.300781 0.403320
0 0.500000 0.500000 1.000000 1.000000
0 0.782715 0.004883 0.041992 0.009766
0 0.856934 0.017090 0.024414 0.034180
0 0.047852 0.478516 0.095703 0.054688
0 0.997070 0.997559 0.005859 0.004883
1 0.082031 0.040039 0.164062 0.080078
1 0.232910 0.008301 0.106445 0.016602
1 0.307617 0.395020 0.615234 0.790039
1 0.809082 0.130371 0.381836 0.260742
1 0.120605 0.198242 0.241211 0.367188
1 0.630859 0.210938 0.263672 0.345703
1 0.788086 0.231445 0.144531 0.158203
1 0.457031 0.354492 0.294922 0.296875
1 0.935547 0.318359 0.128906 0.175781
1 0.772949 0.388184 0.274414 0.213867
1 0.964844 0.430176 0.070312 0.083008
1 0.578125 0.667969 0.843750 0.539062
1 0.897461 0.460938 0.097656 0.085938
1 0.813477 0.499023 0.109375 0.103516
1 0.877930 0.688477 0.072266 0.041016
1 0.898926 0.740723 0.086914 0.079102
1 0.150879 0.860840 0.301758 0.278320
1 0.810059 0.882324 0.379883 0.235352
1 0.594238 0.936523 0.147461 0.126953
1 0.496582 0.948730 0.122070 0.102539
1 0.409668 0.960449 0.102539 0.079102
1 0.351074 0.971680 0.045898 0.056641
1 0.240723 0.976074 0.186523 0.047852
