0 0.094727 0.066895 0.189453 0.133789
0 0.313477 0.333008 0.626953 0.666016
0 0.458496 0.008789 0.047852 0.017578
0 0.351562 0.352051 0.703125 0.704102
0 0.370117 0.368164 0.740234 0.736328
0 0.500000 0.500000 1.000000 1.000000
0 0.034180 0.299805 0.068359 0.076172
0 0.204590 0.949219 0.293945 0.101562
0 0.915039 0.986816 0.103516 0.026367
1 0.031738 0.022461 0.063477 0.044922
1 0.209473 0.163574 0.418945 0.327148
1 0.458008 0.076172 0.298828 0.152344
1 0.458496 0.003906 0.016602 0.007812
1 0.338867 0.339355 0.677734 0.678711
1 0.355469 0.355469 0.710938 0.710938
1 0.379395 0.377930 0.758789 0.755859
1 0.828613 0.110352 0.342773 0.220703
1 0.008301 0.050781 0.016602 0.031250
1 0.110840 0.330566 0.221680 0.358398
1 0.646973 0.451172 0.706055 0.599609
1 0.356934 0.270508 0.209961 0.208984
1 0.145020 0.500000 0.290039 0.292969
1 0.383301 0.771973 0.766602 0.456055
1 0.856934 0.850098 0.286133 0.299805
1 0.202637 0.960938 0.252930 0.078125
1 0.909180 0.991699 0.074219 0.016602
