0 0.378418 0.550781 0.756836 0.898438
0 0.999023 0.676758 0.001953 0.021484
0 0.977051 0.777832 0.045898 0.143555
0 0.892090 0.961914 0.215820 0.076172
0 0.026367 0.987793 0.052734 0.024414
1 0.500000 0.500000 1.000000 1.000000
1 0.033203 0.245605 0.066406 0.108398
1 0.070312 0.332520 0.140625 0.061523
1 0.067383 0.385742 0.134766 0.068359
1 0.068848 0.563477 0.137695 0.283203
1 0.152832 0.446289 0.020508 0.013672
1 0.371094 0.730957 0.742188 0.538086
1 0.980957 0.783203 0.038086 0.115234
1 0.898926 0.965332 0.202148 0.069336
1 0.012207 0.994629 0.024414 0.010742
