0 0.028809 0.015625 0.057617 0.031250
0 0.500000 0.304199 1.000000 0.608398
0 0.204590 0.579102 0.409180 0.169922
0 0.428223 0.875977 0.856445 0.248047
0 0.433105 0.996582 0.012695 0.006836
1 0.017578 0.011230 0.035156 0.022461
1 0.182129 0.155273 0.364258 0.310547
1 0.373047 0.179688 0.500000 0.359375
1 0.624512 0.298828 0.750977 0.597656
1 0.359375 0.360840 0.718750 0.381836
1 0.500000 0.664551 1.000000 0.670898
1 0.031738 0.581055 0.063477 0.150391
1 0.391113 0.880859 0.782227 0.238281
1 0.819336 0.984863 0.054688 0.030273
