0 0.500000 0.500000 1.000000 1.000000
0 0.868164 0.943848 0.263672 0.112305
0 0.885254 0.950684 0.229492 0.098633
0 0.655273 0.961426 0.011719 0.077148
0 0.285645 0.963379 0.020508 0.073242
1 0.003906 0.044922 0.007812 0.089844
1 0.123535 0.055176 0.229492 0.110352
1 0.221191 0.037109 0.047852 0.074219
1 0.298340 0.060547 0.161133 0.121094
1 0.447266 0.055664 0.179688 0.111328
1 0.767090 0.087891 0.465820 0.175781
1 0.247559 0.078125 0.004883 0.007812
1 0.250488 0.083008 0.000977 0.001953
1 0.252441 0.085938 0.002930 0.003906
1 0.615234 0.270508 0.314453 0.371094
1 0.254395 0.088867 0.000977 0.001953
1 0.255371 0.090820 0.000977 0.001953
1 0.256348 0.092773 0.000977 0.001953
1 0.214355 0.274414 0.428711 0.349609
1 0.389160 0.259277 0.174805 0.295898
1 0.288574 0.147461 0.000977 0.001953
1 0.289551 0.149414 0.000977 0.001953
1 0.290527 0.151367 0.000977 0.001953
1 0.291504 0.153320 0.000977 0.001953
1 0.851562 0.227051 0.296875 0.147461
1 0.321777 0.209473 0.059570 0.110352
1 0.866699 0.366699 0.266602 0.157227
1 0.375488 0.311523 0.026367 0.044922
1 0.420410 0.394531 0.028320 0.046875
1 0.230957 0.483887 0.461914 0.110352
1 0.854492 0.508789 0.291016 0.144531
1 0.452637 0.455566 0.008789 0.008789
1 0.653320 0.578125 0.359375 0.253906
1 0.553223 0.564453 0.155273 0.123047
1 0.312988 0.752930 0.625977 0.494141
1 0.043945 0.558594 0.087891 0.078125
1 0.104004 0.584473 0.208008 0.114258
1 0.917969 0.622070 0.164062 0.082031
1 0.905273 0.712891 0.189453 0.167969
1 0.759277 0.823730 0.481445 0.352539
1 0.880859 0.948730 0.238281 0.102539
1 0.898926 0.956543 0.202148 0.086914
