0 0.500000 0.500000 1.000000 1.000000
0 0.933105 0.946289 0.133789 0.107422
1 0.303711 0.354492 0.607422 0.708984
1 0.412109 0.013184 0.191406 0.026367
1 0.682617 0.010742 0.277344 0.021484
1 0.908691 0.026855 0.182617 0.053711
1 0.752441 0.380859 0.495117 0.757812
1 0.015137 0.157715 0.030273 0.108398
1 0.028809 0.390625 0.057617 0.349609
1 0.033203 0.640625 0.066406 0.144531
1 0.812012 0.845215 0.375977 0.309570
1 0.331543 0.846191 0.663086 0.307617
1 0.939941 0.949219 0.120117 0.101562
1 0.667969 0.968750 0.103516 0.062500
