0 0.868164 0.878906 0.263672 0.242188
0 0.979004 0.799316 0.000977 0.000977
0 0.991699 0.859863 0.016602 0.059570
0 0.889160 0.880371 0.000977 0.000977
0 0.888184 0.881348 0.000977 0.000977
0 0.602539 0.948242 0.205078 0.103516
1 0.500000 0.500000 1.000000 1.000000
1 0.998535 0.785156 0.002930 0.005859
1 0.962891 0.895508 0.074219 0.208984
1 0.979004 0.798340 0.000977 0.000977
1 0.933105 0.925781 0.100586 0.148438
1 0.883301 0.866699 0.000977 0.000977
1 0.882324 0.867676 0.000977 0.000977
1 0.888184 0.880371 0.000977 0.000977
1 0.887207 0.881348 0.000977 0.000977
1 0.841309 0.946777 0.157227 0.106445
1 0.869629 0.896973 0.000977 0.000977
1 0.868652 0.897949 0.000977 0.000977
1 0.867676 0.898926 0.000977 0.000977
1 0.866699 0.899902 0.000977 0.000977
1 0.865723 0.900879 0.000977 0.000977
1 0.864746 0.901855 0.000977 0.000977
1 0.598145 0.953125 0.180664 0.093750
