0 0.500000 0.500000 1.000000 1.000000
0 0.975098 0.364746 0.000977 0.000977
0 0.710938 0.659668 0.013672 0.083008
0 0.013184 0.904785 0.026367 0.190430
0 0.488281 0.937500 0.039062 0.125000
1 0.016113 0.075195 0.032227 0.150391
1 0.189453 0.062012 0.273438 0.124023
1 0.432129 0.158203 0.194336 0.316406
1 0.537109 0.015625 0.283203 0.031250
1 0.813477 0.121582 0.296875 0.243164
1 0.906738 0.060059 0.159180 0.120117
1 0.953613 0.031738 0.092773 0.063477
1 0.179199 0.102539 0.293945 0.171875
1 0.538574 0.060547 0.268555 0.060547
1 0.540527 0.194824 0.250977 0.258789
1 0.991699 0.112793 0.016602 0.051758
1 0.152344 0.291992 0.304688 0.302734
1 0.969727 0.222656 0.060547 0.140625
1 0.836914 0.236328 0.189453 0.029297
1 0.332520 0.272949 0.110352 0.084961
1 0.780762 0.378418 0.286133 0.264648
1 0.062012 0.361328 0.124023 0.203125
1 0.230957 0.302246 0.053711 0.041992
1 0.854492 0.293945 0.119141 0.021484
1 0.952148 0.330078 0.070312 0.080078
1 0.998047 0.302734 0.003906 0.021484
1 0.993652 0.327148 0.012695 0.019531
1 0.468750 0.399414 0.044922 0.148438
1 0.417969 0.403809 0.041016 0.147461
1 0.375000 0.406250 0.041016 0.148438
1 0.565430 0.553711 0.119141 0.439453
1 0.327148 0.410156 0.044922 0.148438
1 0.284180 0.413086 0.044922 0.150391
1 0.983398 0.359375 0.033203 0.033203
1 0.234375 0.416992 0.042969 0.146484
1 0.181152 0.418945 0.065430 0.144531
1 0.953613 0.394531 0.092773 0.048828
1 0.692871 0.408203 0.118164 0.058594
1 0.028320 0.416992 0.056641 0.048828
1 0.945801 0.437988 0.108398 0.049805
1 0.693359 0.455566 0.130859 0.043945
1 0.926270 0.704102 0.147461 0.511719
1 0.040039 0.529297 0.080078 0.160156
1 0.086426 0.580078 0.172852 0.218750
1 0.693359 0.489258 0.146484 0.035156
1 0.428711 0.509277 0.132812 0.038086
1 0.340820 0.626953 0.048828 0.251953
1 0.296875 0.627930 0.046875 0.250000
1 0.716797 0.524414 0.208984 0.039062
1 0.215332 0.548828 0.081055 0.078125
1 0.056641 0.552734 0.050781 0.062500
1 0.466797 0.547363 0.060547 0.030273
1 0.705078 0.652832 0.199219 0.237305
1 0.396973 0.551270 0.059570 0.030273
1 0.816406 0.666992 0.091797 0.208984
1 0.387207 0.600586 0.032227 0.042969
1 0.436523 0.664551 0.042969 0.170898
1 0.485840 0.663086 0.040039 0.167969
1 0.207031 0.684082 0.044922 0.155273
1 0.251953 0.685547 0.044922 0.152344
1 0.396484 0.692383 0.037109 0.119141
1 0.148926 0.846191 0.297852 0.307617
1 0.398438 0.804688 0.210938 0.089844
1 0.842285 0.851562 0.141602 0.121094
1 0.805176 0.891602 0.286133 0.195312
1 0.783203 0.898438 0.357422 0.203125
1 0.498047 0.899414 0.207031 0.201172
1 0.364258 0.931152 0.052734 0.137695
1 0.321777 0.933594 0.051758 0.132812
1 0.981445 0.979004 0.037109 0.041992
1 0.003418 0.985352 0.006836 0.029297
