0 0.400391 0.033203 0.193359 0.066406
0 0.500000 0.500000 1.000000 1.000000
1 0.403320 0.458496 0.806641 0.916992
1 0.766113 0.018066 0.125977 0.036133
1 0.853027 0.356934 0.293945 0.713867
1 0.027344 0.275391 0.054688 0.125000
1 0.317871 0.457520 0.583008 0.479492
1 0.086914 0.470703 0.173828 0.250000
1 0.108887 0.667480 0.217773 0.131836
1 0.697754 0.794434 0.200195 0.356445
1 0.847168 0.826660 0.305664 0.346680
1 0.317871 0.833984 0.393555 0.332031
1 0.110352 0.855957 0.220703 0.288086
1 0.511719 0.936523 0.138672 0.126953
1 0.644531 0.970215 0.183594 0.059570
