0 0.500000 0.477539 1.000000 0.955078
1 0.086426 0.096680 0.172852 0.193359
1 0.587891 0.097168 0.824219 0.194336
1 0.781738 0.102539 0.239258 0.160156
1 0.086426 0.378418 0.172852 0.528320
1 0.941895 0.313965 0.116211 0.250977
1 0.477539 0.420410 0.791016 0.448242
1 0.293457 0.317871 0.249023 0.229492
1 0.819336 0.332031 0.140625 0.218750
1 0.711914 0.395020 0.246094 0.159180
1 0.544434 0.569336 0.645508 0.251953
1 0.937012 0.491211 0.125977 0.089844
1 0.934570 0.578613 0.130859 0.079102
1 0.931152 0.719238 0.137695 0.211914
1 0.113770 0.722656 0.227539 0.148438
1 0.545410 0.732422 0.631836 0.166016
1 0.531250 0.828125 0.937500 0.197266
1 0.028809 0.784180 0.057617 0.068359
1 0.063965 0.881836 0.127930 0.130859
1 0.500000 0.940430 1.000000 0.119141
