0 0.543457 0.500000 0.913086 1.000000
0 0.939941 0.773926 0.120117 0.020508
0 0.002930 0.999023 0.005859 0.001953
1 0.285156 0.500000 0.570312 1.000000
1 0.773438 0.042480 0.382812 0.084961
1 0.903320 0.017578 0.193359 0.035156
1 0.759277 0.087402 0.381836 0.110352
1 0.981445 0.068848 0.037109 0.055664
1 0.750488 0.145508 0.377930 0.113281
1 0.977051 0.126953 0.045898 0.056641
1 0.251953 0.173340 0.115234 0.083008
1 0.775879 0.213379 0.448242 0.125977
1 0.972168 0.187012 0.055664 0.055664
1 0.356934 0.216309 0.112305 0.083008
1 0.733887 0.260254 0.364258 0.110352
1 0.477539 0.267578 0.142578 0.095703
1 0.324707 0.292480 0.129883 0.125977
1 0.780273 0.422852 0.439453 0.306641
1 0.956543 0.303711 0.086914 0.064453
1 0.471191 0.325195 0.174805 0.105469
1 0.466797 0.383789 0.208984 0.119141
1 0.291504 0.370117 0.110352 0.080078
1 0.446777 0.472656 0.274414 0.203125
1 0.270508 0.421387 0.109375 0.077148
1 0.250977 0.606445 0.134766 0.210938
1 0.432129 0.653320 0.305664 0.259766
1 0.752930 0.780762 0.494141 0.438477
1 0.395508 0.828613 0.318359 0.204102
1 0.400879 0.945312 0.215820 0.109375
