0 0.089355 0.164062 0.178711 0.328125
0 0.814453 0.032715 0.371094 0.065430
0 0.500000 0.656250 1.000000 0.181641
0 0.500000 0.804688 1.000000 0.390625
1 0.085449 0.153320 0.170898 0.306641
1 0.500000 0.350098 1.000000 0.700195
1 0.837891 0.026367 0.324219 0.052734
1 0.450195 0.640625 0.613281 0.091797
1 0.500000 0.677734 1.000000 0.160156
1 0.333496 0.824707 0.666992 0.350586
1 0.122559 0.653809 0.000977 0.000977
1 0.125977 0.654785 0.001953 0.000977
1 0.563965 0.723145 0.872070 0.135742
1 0.807129 0.685059 0.002930 0.000977
1 0.904297 0.704590 0.191406 0.038086
1 0.758301 0.687012 0.000977 0.000977
1 0.830078 0.880859 0.339844 0.238281
