0 0.500000 0.500000 1.000000 1.000000
1 0.257812 0.198730 0.515625 0.397461
1 0.727539 0.133789 0.544922 0.267578
1 0.590820 0.560059 0.818359 0.879883
1 0.098145 0.374023 0.196289 0.136719
1 0.020508 0.403809 0.041016 0.059570
1 0.046387 0.453125 0.092773 0.126953
1 0.078125 0.536621 0.156250 0.233398
1 0.170898 0.649414 0.306641 0.363281
1 0.184082 0.834473 0.368164 0.331055
1 0.320801 0.725098 0.051758 0.073242
1 0.403809 0.761230 0.219727 0.100586
1 0.273438 0.785645 0.044922 0.034180
1 0.471680 0.828613 0.099609 0.061523
1 0.296387 0.803223 0.000977 0.000977
