0 0.500000 0.500000 1.000000 1.000000
0 0.375488 0.110840 0.168945 0.221680
0 0.988770 0.012207 0.022461 0.024414
0 0.872070 0.678223 0.255859 0.040039
1 0.095703 0.144531 0.183594 0.289062
1 0.469238 0.223145 0.598633 0.446289
1 0.383789 0.021973 0.109375 0.043945
1 0.792969 0.048340 0.263672 0.096680
1 0.958496 0.059082 0.083008 0.118164
1 0.994629 0.005371 0.010742 0.010742
1 0.800293 0.515625 0.399414 0.968750
1 0.009277 0.222656 0.018555 0.308594
1 0.171875 0.436523 0.343750 0.367188
1 0.536133 0.454102 0.177734 0.201172
1 0.504395 0.605469 0.426758 0.410156
1 0.126953 0.641602 0.253906 0.375000
1 0.556641 0.814453 0.640625 0.371094
1 0.097656 0.871582 0.195312 0.256836
1 0.718750 0.810547 0.015625 0.013672
1 0.388672 0.922363 0.464844 0.155273
