0 0.500000 0.500000 1.000000 1.000000
0 0.338379 0.255371 0.149414 0.032227
1 0.146973 0.230469 0.293945 0.460938
1 0.315430 0.023438 0.042969 0.046875
1 0.471191 0.049805 0.264648 0.099609
1 0.707031 0.239258 0.585938 0.478516
1 0.344727 0.083008 0.119141 0.054688
1 0.315918 0.112793 0.079102 0.045898
1 0.379395 0.131348 0.043945 0.032227
1 0.420410 0.162598 0.282227 0.069336
1 0.340820 0.443359 0.583984 0.546875
1 0.935059 0.426758 0.063477 0.121094
1 0.975098 0.438965 0.049805 0.122070
1 0.046387 0.396484 0.020508 0.011719
1 0.552246 0.470703 0.161133 0.134766
1 0.368164 0.553223 0.218750 0.290039
1 0.682617 0.516602 0.191406 0.177734
1 0.500488 0.530762 0.155273 0.157227
1 0.080566 0.608887 0.161133 0.286133
1 0.800781 0.612793 0.398438 0.278320
1 0.115234 0.523438 0.089844 0.091797
1 0.819336 0.785156 0.361328 0.429688
1 0.462891 0.659180 0.271484 0.105469
1 0.547363 0.849121 0.614258 0.301758
1 0.496094 0.764648 0.093750 0.111328
1 0.222656 0.727051 0.033203 0.012695
1 0.175293 0.837891 0.118164 0.199219
1 0.064453 0.846191 0.128906 0.172852
1 0.266113 0.807129 0.065430 0.069336
1 0.434082 0.795898 0.024414 0.021484
1 0.387207 0.916016 0.344727 0.167969
1 0.056641 0.958496 0.113281 0.083008
1 0.163086 0.968750 0.111328 0.062500
