0 0.022949 0.072754 0.045898 0.145508
0 0.500000 0.500000 1.000000 1.000000
0 0.008789 0.560547 0.017578 0.076172
0 0.821777 0.897949 0.356445 0.204102
0 0.504883 0.992676 0.097656 0.014648
1 0.019531 0.067383 0.039062 0.134766
1 0.243164 0.233887 0.486328 0.467773
1 0.724609 0.332520 0.550781 0.665039
1 0.337402 0.493652 0.479492 0.760742
1 0.077637 0.555176 0.155273 0.352539
1 0.685059 0.722656 0.629883 0.554688
1 0.131836 0.518555 0.076172 0.115234
1 0.040527 0.778809 0.081055 0.102539
1 0.076660 0.872070 0.151367 0.255859
1 0.238281 0.874512 0.191406 0.250977
1 0.977539 0.850586 0.044922 0.093750
1 0.310547 0.934570 0.095703 0.130859
1 0.019043 0.915527 0.038086 0.075195
1 0.961426 0.946777 0.077148 0.106445
1 0.925781 0.963379 0.078125 0.073242
1 0.788086 0.969238 0.244141 0.061523
1 0.030762 0.976562 0.061523 0.046875
1 0.502930 0.996582 0.054688 0.006836
