0 0.500000 0.500000 1.000000 1.000000
0 0.510254 0.036621 0.180664 0.073242
0 0.517578 0.980469 0.171875 0.039062
1 0.135742 0.331055 0.271484 0.662109
1 0.200195 0.044922 0.210938 0.089844
1 0.582031 0.379883 0.835938 0.759766
1 0.603027 0.490234 0.297852 0.417969
1 0.735352 0.497070 0.257812 0.330078
1 0.860840 0.511719 0.223633 0.265625
1 0.945312 0.542969 0.109375 0.216797
1 0.133789 0.770996 0.267578 0.458008
1 0.826660 0.651367 0.026367 0.025391
1 0.910645 0.830078 0.178711 0.339844
1 0.549805 0.832520 0.638672 0.334961
1 0.596191 0.683105 0.024414 0.024414
1 0.529785 0.813477 0.186523 0.230469
1 0.419922 0.724609 0.019531 0.019531
1 0.342285 0.743652 0.096680 0.028320
1 0.259766 0.764160 0.031250 0.012695
1 0.550781 0.994141 0.048828 0.011719
