0 0.447266 0.012695 0.142578 0.025391
0 0.644043 0.038086 0.155273 0.076172
0 0.101562 0.084961 0.203125 0.058594
0 0.500000 0.533203 1.000000 0.933594
0 0.100098 0.914062 0.200195 0.171875
1 0.500000 0.151855 1.000000 0.303711
1 0.638184 0.003418 0.036133 0.006836
1 0.147461 0.084961 0.082031 0.029297
1 0.607910 0.401367 0.784180 0.654297
1 0.002930 0.188965 0.005859 0.020508
1 0.141113 0.558594 0.282227 0.712891
1 0.020996 0.324707 0.041992 0.137695
1 0.139648 0.364258 0.212891 0.109375
1 0.033203 0.449707 0.066406 0.090820
1 0.455566 0.516113 0.303711 0.110352
1 0.288574 0.477051 0.000977 0.004883
1 0.289551 0.482910 0.000977 0.004883
1 0.290527 0.488770 0.000977 0.004883
1 0.291504 0.493164 0.000977 0.001953
1 0.292480 0.499023 0.000977 0.001953
1 0.035156 0.541016 0.070312 0.082031
1 0.293457 0.504883 0.000977 0.001953
1 0.171387 0.557617 0.190430 0.095703
1 0.294434 0.510742 0.000977 0.001953
1 0.414062 0.711426 0.400391 0.391602
1 0.550781 0.572266 0.113281 0.048828
1 0.030762 0.630371 0.061523 0.081055
1 0.637207 0.757812 0.059570 0.283203
1 0.435059 0.709961 0.331055 0.095703
1 0.142578 0.732910 0.175781 0.094727
1 0.834473 0.756836 0.331055 0.103516
1 0.839844 0.834473 0.320312 0.122070
1 0.436035 0.883301 0.409180 0.098633
1 0.092773 0.914062 0.185547 0.140625
1 0.835449 0.924805 0.329102 0.125000
1 0.191895 0.957520 0.012695 0.084961
1 0.432617 0.957520 0.458984 0.084961
1 0.269531 0.947266 0.128906 0.056641
1 0.086426 0.966797 0.172852 0.066406
1 0.855469 0.977051 0.289062 0.045898
1 0.675781 0.993164 0.021484 0.013672
