0 0.018066 0.084961 0.036133 0.169922
0 0.351074 0.500000 0.702148 1.000000
0 0.793457 0.016113 0.030273 0.032227
0 0.937500 0.039062 0.125000 0.078125
1 0.015137 0.081543 0.030273 0.163086
1 0.060547 0.203125 0.121094 0.406250
1 0.187500 0.042480 0.224609 0.084961
1 0.340332 0.122070 0.274414 0.244141
1 0.523438 0.017090 0.103516 0.034180
1 0.639160 0.017578 0.110352 0.035156
1 0.547852 0.500000 0.904297 1.000000
1 0.946777 0.033691 0.106445 0.067383
1 0.161133 0.189941 0.197266 0.299805
1 0.508789 0.077148 0.179688 0.074219
1 0.250488 0.116699 0.102539 0.106445
1 0.506348 0.160645 0.178711 0.083008
1 0.502930 0.296387 0.179688 0.176758
1 0.283691 0.292969 0.247070 0.126953
1 0.140137 0.351562 0.024414 0.025391
1 0.057129 0.482422 0.114258 0.281250
1 0.266602 0.376465 0.275391 0.067383
1 0.045410 0.683105 0.090820 0.112305
1 0.044434 0.870117 0.088867 0.259766
