0 0.500000 0.500000 1.000000 1.000000
0 0.973633 0.008789 0.052734 0.017578
0 0.037109 0.449707 0.074219 0.155273
0 0.979004 0.955566 0.041992 0.075195
0 0.792480 0.960449 0.045898 0.079102
1 0.085938 0.112305 0.171875 0.224609
1 0.313965 0.069336 0.243164 0.138672
1 0.530273 0.031738 0.171875 0.063477
1 0.664551 0.045898 0.252930 0.091797
1 0.807129 0.040039 0.008789 0.080078
1 0.849121 0.026855 0.045898 0.053711
1 0.913574 0.090820 0.172852 0.181641
1 0.989258 0.003418 0.021484 0.006836
1 0.309570 0.360352 0.619141 0.671875
1 0.135254 0.172852 0.254883 0.273438
1 0.708008 0.093750 0.113281 0.046875
1 0.263184 0.274902 0.377930 0.372070
1 0.475586 0.471680 0.617188 0.748047
1 0.918457 0.167969 0.163086 0.072266
1 0.847168 0.355957 0.305664 0.383789
1 0.032715 0.448242 0.065430 0.132812
1 0.818848 0.573730 0.362305 0.276367
1 0.772949 0.708984 0.454102 0.263672
1 0.032715 0.626465 0.065430 0.055664
1 0.066895 0.761230 0.133789 0.278320
1 0.118652 0.690430 0.055664 0.042969
1 0.249512 0.858398 0.499023 0.283203
1 0.699219 0.905762 0.476562 0.188477
1 0.931641 0.921875 0.136719 0.156250
