0 0.500000 0.500000 1.000000 1.000000
1 0.242676 0.280762 0.485352 0.561523
1 0.583496 0.341797 0.512695 0.683594
1 0.779297 0.048340 0.177734 0.096680
1 0.894043 0.364746 0.211914 0.729492
1 0.790527 0.147949 0.149414 0.086914
1 0.643066 0.239746 0.118164 0.083008
1 0.783203 0.243164 0.144531 0.087891
1 0.193359 0.742188 0.386719 0.515625
1 0.971680 0.627441 0.056641 0.243164
1 0.398438 0.784668 0.230469 0.430664
1 0.753906 0.793457 0.492188 0.309570
1 0.888672 0.826172 0.222656 0.181641
1 0.604004 0.905273 0.239258 0.189453
1 0.796875 0.956543 0.144531 0.086914
1 0.920410 0.969238 0.139648 0.061523
1 0.688965 0.994629 0.051758 0.010742
1 0.998047 0.994629 0.003906 0.010742
1 0.364258 0.998535 0.062500 0.002930
