0 0.500000 0.500000 1.000000 1.000000
0 0.903809 0.018066 0.192383 0.036133
0 0.167480 0.924805 0.334961 0.150391
0 0.687500 0.968750 0.017578 0.062500
1 0.183105 0.179688 0.366211 0.359375
1 0.612793 0.207031 0.774414 0.414062
1 0.918457 0.011719 0.163086 0.023438
1 0.494629 0.565918 0.989258 0.434570
1 0.999512 0.361816 0.000977 0.000977
1 0.850098 0.403809 0.268555 0.079102
1 0.990723 0.409668 0.018555 0.071289
1 0.366211 0.516113 0.140625 0.088867
1 0.994629 0.563477 0.010742 0.089844
1 0.352051 0.631836 0.145508 0.144531
1 0.986328 0.703125 0.027344 0.177734
1 0.476562 0.838867 0.953125 0.322266
1 0.976074 0.904785 0.047852 0.190430
1 0.161133 0.929199 0.322266 0.141602
