0 0.500000 0.500000 1.000000 1.000000
0 0.248047 0.045898 0.251953 0.080078
0 0.980957 0.765625 0.038086 0.011719
1 0.335449 0.368164 0.670898 0.736328
1 0.686523 0.422363 0.626953 0.844727
1 0.495117 0.496582 0.150391 0.102539
1 0.374023 0.658691 0.048828 0.165039
1 0.054688 0.795898 0.109375 0.197266
1 0.220215 0.856445 0.231445 0.287109
1 0.358887 0.835938 0.038086 0.175781
1 0.614746 0.875488 0.469727 0.249023
1 0.923340 0.881836 0.153320 0.111328
1 0.078613 0.947266 0.157227 0.105469
1 0.364746 0.962891 0.041992 0.074219
1 0.995117 0.963379 0.009766 0.073242
1 0.917480 0.963867 0.141602 0.072266
