0 0.146973 0.108887 0.293945 0.217773
0 0.753906 0.146484 0.492188 0.292969
0 0.987305 0.023926 0.025391 0.010742
0 0.650879 0.664062 0.698242 0.671875
0 0.943848 0.678711 0.112305 0.097656
0 0.960449 0.876465 0.079102 0.247070
0 0.582031 0.929688 0.042969 0.140625
0 0.097168 0.950195 0.194336 0.099609
0 0.742676 0.968262 0.022461 0.063477
0 0.229492 0.987793 0.013672 0.024414
0 0.005371 0.997559 0.010742 0.004883
1 0.049805 0.096680 0.099609 0.193359
1 0.142578 0.101562 0.099609 0.203125
1 0.232910 0.104492 0.104492 0.208984
1 0.500000 0.500000 1.000000 1.000000
1 0.655273 0.045898 0.222656 0.091797
1 0.758789 0.141113 0.482422 0.282227
1 0.741699 0.681152 0.516602 0.637695
1 0.851074 0.426758 0.155273 0.080078
1 0.881348 0.474121 0.237305 0.131836
1 0.372559 0.899902 0.124023 0.200195
1 0.968262 0.904297 0.063477 0.191406
1 0.457031 0.906738 0.121094 0.186523
1 0.041504 0.954102 0.083008 0.091797
1 0.110352 0.994629 0.089844 0.010742
