0 0.098145 0.014648 0.196289 0.029297
0 0.500000 0.500000 1.000000 1.000000
0 0.481445 0.058105 0.453125 0.116211
0 0.953125 0.878906 0.093750 0.242188
1 0.031738 0.007812 0.063477 0.015625
1 0.079590 0.000488 0.010742 0.000977
1 0.125000 0.072266 0.250000 0.144531
1 0.337402 0.014648 0.161133 0.029297
1 0.612305 0.229004 0.775391 0.458008
1 0.246094 0.554688 0.492188 0.890625
1 0.650879 0.618164 0.698242 0.763672
1 0.293457 0.271973 0.012695 0.036133
1 0.278320 0.331055 0.109375 0.064453
1 0.333984 0.409180 0.021484 0.068359
1 0.348633 0.494141 0.056641 0.078125
1 0.961426 0.898926 0.077148 0.202148
