0 0.500000 0.263184 1.000000 0.526367
0 0.884766 0.738281 0.230469 0.523438
0 0.575684 0.636719 0.026367 0.109375
0 0.130371 0.868164 0.260742 0.263672
1 0.159180 0.149414 0.318359 0.298828
1 0.267090 0.031250 0.186523 0.062500
1 0.380371 0.014648 0.102539 0.029297
1 0.637695 0.069824 0.509766 0.139648
1 0.952637 0.050293 0.094727 0.100586
1 0.500000 0.556152 1.000000 0.887695
1 0.957031 0.625977 0.085938 0.279297
1 0.964844 0.785645 0.070312 0.204102
1 0.874512 0.739746 0.116211 0.084961
1 0.960449 0.943848 0.079102 0.112305
